131
68 0.05241001638549888
210 0.04008034173564462
344 0.01999440056167274
763 0.09192340960467454
862 0.07626972055014322
958 0.0476700707697372
975 0.2879288938189313
1029 0.05340031454431344
1109 0.13503466326445157
1524 0.026041239019653824
1632 0.04496036497251227
1742 0.048812155944897524
1901 0.06947896782115044
1971 0.03468808251508359
1999 0.08500153475939612
2078 0.0963102210141189
2080 0.06827409325504767
2186 0.08024167946207518
2902 0.09513628825152731
3009 0.10489212290793404
3089 0.059331891230777305
3175 0.0752457001029894
3301 0.06515798640842452
3361 0.030208550957019745
3363 0.07845857874984218
3456 0.07241174029186108
3520 0.06038968129581341
3589 0.06870274409343544
4048 0.052735428322746844
4105 0.033421429603872524
4187 0.07963251151243377
4320 0.07509055659962113
4355 0.09513628825152731
4356 0.03247096729652747
4381 0.045103159746471874
4570 0.06295480201074861
4624 0.009009450436908215
4676 0.04553670028282006
4790 0.06149612215218346
4795 0.07789241500966745
4972 0.03818128490119346
4991 0.08655438635771219
5001 0.032218136436427874
5005 0.03172030801282445
5051 0.05319896735434189
5247 0.05831865314938378
5522 0.10667522362016706
5598 0.14757404048884845
5648 0.08150833237328625
5752 0.051088696645709857
5971 0.0728614888778565
6008 0.018526820814420388
6057 0.031072165151464798
6068 0.041517237211742525
6150 0.05054389943636956
6199 0.0882144134062489
6348 0.22138937338248915
6410 0.06649160438115856
6436 0.03973413649950951
6484 0.0702810703884578
6584 0.03386618993468442
6794 0.3032633966182174
6807 0.07575226299824334
6952 0.03359834840679889
7179 0.0963102210141189
7201 0.1351668660629351
7262 0.02417028270350735
7272 0.02730613918281885
7537 0.014235111697926088
7542 0.02758112330491472
7561 0.21198421997436523
7589 0.05319896735434189
7625 0.0728614888778565
7952 0.03938727207106766
7986 0.0548589944028786
8156 0.04226919993534356
8196 0.12527882860804485
8252 0.028858990781134904
8324 0.016480757388681055
8326 0.038505705754861314
8329 0.1296612457432022
8447 0.051273071868149264
8510 0.0963102210141189
8556 0.03928014475173758
8603 0.1309797308931653
8633 0.052025034591750285
8719 0.0648306228716011
8836 0.13664765051542196
8966 0.097544381214394
9085 0.11835695376276642
9140 0.10022056440251612
9445 0.0295137706588196
9620 0.07153670390456375
9636 0.07426348826547141
9637 0.12242941101596463
9834 0.11835695376276642
9842 0.08908944979354623
9866 0.08354285490083097
9987 0.10405006918350057
10237 0.0728614888778565
10325 0.0529992911146673
10364 0.050187435897460664
10410 0.09094119776715655
10423 0.12527882860804485
10476 0.24485882203192927
10501 0.06548986544658265
10646 0.0573463653577031
10803 0.1296656400174892
10951 0.026907693346999287
10981 0.046886260458704886
10988 0.056994333375444114
10997 0.06616768065760138
11036 0.05760170580321341
11094 0.1580767725892611
11101 0.056642095115111625
11217 0.029300486632084056
11319 0.015083693053650654
11736 0.03324580219057928
11768 0.056642095115111625
11908 0.057827598375060824
11960 0.057827598375060824
11987 0.11835695376276642
12006 0.025464519960691077
12021 0.035732306883813736
12064 0.045103159746471874
12175 0.059592011048458085
12177 0.11809724038132337
12180 0.04931871884015147
12193 0.07331980461679677
12265 0.015373337035525214
12304 0.051458870851575585
