72
6 0.11817147577611285
88 0.12518128824185282
117 0.10062011806705717
234 0.1220059460619565
1315 0.20905860541494908
1347 0.07661697955756444
1464 0.1436530685679466
1587 0.08516238302064766
1729 0.09098434308365079
1905 0.07578319336121508
1999 0.12518128824185282
2080 0.05027343901144391
2091 0.09183822243529309
2222 0.14556890153927143
2356 0.036490293689779976
3191 0.13537509489056213
3361 0.08897593050345183
4048 0.07766317246051381
4191 0.11727435751927653
5051 0.07834582381839456
5181 0.07339346024120566
5395 0.19886479876623978
5609 0.0837588617938232
5882 0.0837588617938232
6008 0.027284346137276656
6055 0.06417586625362309
6057 0.045759805080390084
6180 0.06859773724045695
6409 0.12120242569170403
6794 0.37217860019356847
6807 0.11155993707875385
7179 0.14183552769407218
7484 0.028061599757891697
7496 0.11081392471576648
7561 0.24975038691665025
7589 0.07834582381839456
7698 0.13392859697149592
8252 0.04250047547456644
8291 0.10599017935024407
8324 0.02427111989161436
8326 0.05670713904989154
8814 0.19886479876623978
8828 0.08047556299739042
8957 0.09406752844070465
9097 0.13688316411688328
9278 0.25036257648370563
9445 0.02173238308227861
9473 0.09271318734448088
9805 0.14974245841664846
9987 0.07661697955756444
10364 0.0739107581643408
10476 0.09015055688730142
10597 0.060068356512627354
10752 0.15202933434278149
10809 0.1844974352401534
10845 0.06600382744176453
10981 0.06904913542652157
11067 0.0440365670656613
11257 0.099529746546734
11319 0.02221367100306331
11597 0.16639669786886782
11770 0.0728836057123652
11861 0.08552212497762143
11875 0.1267855128101051
11945 0.08175261214060059
12006 0.03750145714618777
12177 0.04348028753418371
12180 0.07263140337787188
12204 0.02827657076147633
12303 0.09500006327061396
12304 0.07578319336121508
12305 0.15202933434278149
