245
23 0.08206447711211055
76 0.024292303617849398
84 0.025512297151333907
138 0.15152201522716446
188 0.03393276086087266
189 0.03732789613355784
273 0.04448883344869316
337 0.026768051663897202
429 0.03808701145418339
435 0.015085323743357195
456 0.01713813264359575
504 0.05077583230790061
552 0.03835109526052699
587 0.020981603503876508
636 0.04871099484573737
646 0.041370720925200936
673 0.051551283905010195
682 0.035301838681938216
840 0.07088921073765957
854 0.07232088336026524
884 0.05423242720053848
945 0.05423242720053848
1055 0.0370851539482835
1242 0.037828607312092595
1454 0.05910422407646115
1464 0.04871099484573737
1481 0.03862111402846476
1524 0.039012846579289856
1530 0.04038260307717683
1542 0.03732789613355784
1553 0.07312636505680262
1554 0.051551283905010195
1564 0.034500519842323184
1575 0.023184845172905876
1745 0.042828911610883716
1814 0.020609965749440403
1901 0.034695895358489375
1902 0.07322780831280187
1971 0.017322279228846164
2002 0.22445313639062833
2018 0.05238025598928976
2025 0.04494229592496147
2094 0.04038260307717683
2243 0.028170532280717735
2258 0.045413545716844035
2266 0.018749084621534032
2337 0.03174210728047827
2356 0.012373411341377533
2363 0.0469495057970253
2373 0.03523445968185981
2377 0.07724222805692953
2382 0.10428221344904876
2521 0.05642308078093286
2653 0.0647514725494934
2670 0.03158904368821419
2677 0.08840660014982006
2710 0.06256081896909903
2756 0.03099557345786418
2783 0.04171901573221583
2822 0.08092034074013305
2895 0.041837720252592664
3133 0.03661390415640094
3169 0.051551283905010195
3301 0.03253811547713256
3330 0.03205421130861629
3361 0.04525597123007158
3377 0.05642308078093286
3407 0.027502842208655422
3637 0.04809468901237232
3638 0.04809468901237232
3677 0.03889734066505164
3681 0.0469495057970253
3721 0.02130033119783998
3783 0.05910422407646115
3854 0.05004740750077637
3876 0.03189714594129338
3878 0.029628722966400522
3890 0.03430827046888389
3918 0.010900304043595078
3933 0.018906837384349177
4017 0.07576100761358223
4048 0.013167314945445638
4081 0.03382369712771823
4101 0.018439659895336663
4169 0.058510974429034614
4306 0.04038260307717683
4317 0.03189714594129338
4577 0.20191301538588416
4624 0.022495365101070666
4685 0.06743261584502169
4699 0.048584607235698796
4738 0.05077583230790061
4839 0.041370720925200936
4861 0.01792278538683505
5039 0.07576100761358223
5051 0.026566108599328585
5119 0.0469495057970253
5146 0.026172128073762645
5210 0.07576100761358223
5224 0.015840253850417464
5310 0.029628722966400522
5340 0.029889936069229555
5351 0.03270384678749474
5357 0.051551283905010195
5389 0.01933792683264936
5496 0.2947777508503453
5497 0.04448883344869316
5667 0.03430827046888389
5692 0.2784924193364635
5769 0.03430827046888389
5842 0.01789228315711662
5845 0.023413715511917732
5862 0.05423242720053848
5863 0.07088921073765957
6001 0.03099557345786418
6008 0.009251787360418061
6010 0.02310951370669071
6028 0.04363023045049876
6057 0.13964930136683265
6257 0.04494229592496147
6280 0.023884965303800302
6295 0.03551080620125417
6398 0.026367503589928842
6409 0.020549128508058893
6433 0.07576100761358223
6452 0.013877287745611368
6463 0.047508459113367096
6638 0.022310617556770964
6666 0.01944815998659126
6778 0.06520010759619542
6794 0.025240240332419655
7002 0.034119048770779536
7176 0.05735515968297242
7230 0.03099557345786418
7262 0.01206997780428614
7282 0.018338264107923365
7301 0.0647514725494934
7320 0.06256081896909903
7356 0.03835109526052699
7376 0.03321521457826073
7470 0.027395080683608145
7484 0.009515344536641568
7507 0.01746226523365846
7537 0.028434501051254883
7542 0.027546516537788963
7561 0.10585911887485759
7580 0.02542092538398156
7619 0.4754518135009463
7625 0.036385033817389084
7818 0.034894500367889124
7835 0.020918860126296332
7837 0.034894500367889124
7911 0.05479016136721629
7952 0.029503388861904796
8171 0.03760287816257517
8176 0.039180067344806564
8201 0.029500215543532052
8252 0.02882278063978547
8291 0.03593997073293648
8322 0.05238025598928976
8324 0.016460078545158224
8326 0.038457391624311235
8341 0.042828911610883716
8397 0.042828911610883716
8412 0.056803206862148695
8447 0.025604369092312115
8473 0.022739782088453276
8533 0.06743261584502169
8558 0.04103223855605528
8633 0.025979878700323356
8714 0.03808701145418339
8811 0.03509644343245774
8836 0.034119048770779536
8858 0.04871099484573737
8863 0.034695895358489375
8890 0.02889571137560027
8932 0.04405186422072922
8948 0.06256081896909903
8957 0.03189714594129338
8996 0.03551080620125417
9151 0.029889936069229555
9267 0.06182989724832122
9273 0.0700371680945752
9337 0.07088921073765957
9338 0.02444133757621772
9391 0.07576100761358223
9433 0.042089352489054946
9445 0.007369184736946653
9575 0.014631861267088871
9595 0.04207770892110263
9637 0.030568948896491106
9675 0.03568747261040422
9784 0.047508459113367096
9795 0.03808701145418339
9865 0.02533024322144491
9898 0.028034819588653594
9987 0.025979878700323356
10004 0.01995712061927986
10270 0.047508459113367096
10298 0.02569715202056844
10318 0.007491375581577433
10321 0.0282855123878404
10364 0.02506223219509475
10392 0.013004282193096618
10426 0.03356863210098019
10460 0.04379250957594908
10525 0.045413545716844035
10536 0.045413545716844035
10556 0.07088921073765957
10579 0.04103223855605528
10619 0.0503342875015552
10624 0.07565721462418519
10643 0.034695895358489375
10816 0.026666655876483907
10848 0.027832049911572076
10963 0.024628418667609394
10985 0.08451159684215322
10987 0.03808701145418339
11014 0.15152201522716446
11021 0.02851882708773262
11110 0.04494229592496147
11154 0.03270384678749474
11314 0.06070864775785031
11487 0.04590403543197795
11540 0.10009481500155273
11597 0.05642308078093286
11607 0.03862111402846476
11624 0.029758619685622857
11629 0.01527943668089531
11634 0.030480724808344604
11643 0.0400704990490388
11711 0.057689022093176355
11812 0.05611328409765708
11893 0.004900405551374409
11908 0.02887752027661943
11945 0.05544261752714029
11993 0.03976629724381178
12006 0.012716284475966936
12021 0.01784373630520211
12029 0.026075618884194678
12064 0.022523283807685483
12116 0.06743261584502169
12265 0.0076770238508494315
12291 0.030568948896491106
12304 0.02569715202056844
