54
120 0.17597176691632216
628 0.05991785918589905
1064 0.09678698693405012
1463 0.37538082154019503
1543 0.06809161875123118
1632 0.0650799191592016
1726 0.10417659405002838
1759 0.06045506212482293
1958 0.09726690606421835
2100 0.09112678306877468
2194 0.07940813921499928
2202 0.09678698693405012
2586 0.14307808945065542
2677 0.06406445461230408
2757 0.061369234468592965
2771 0.1518308599909914
2781 0.06288373249933844
3085 0.11194823022535323
3616 0.10965104831925437
3673 0.11991831689033587
3890 0.09944690249622447
3962 0.094796275599994
4081 0.049021152397826596
4134 0.09678698693405012
4195 0.1886317644720702
4382 0.07848752261795827
4451 0.03952550944936111
4624 0.02608227519777882
4861 0.017317160619156145
5005 0.04591499829776046
5253 0.10965104831925437
5389 0.05605345002598626
5425 0.04762020435711977
5700 0.08266546164933199
6198 0.0844159791575495
6507 0.0890153507587253
6791 0.060635987034050716
6934 0.07848752261795827
7817 0.17327959219576208
7835 0.060635987034050716
8324 0.023855819657903576
8360 0.1494279785600487
8819 0.10891780088471213
9076 0.6046394692969042
9338 0.01416926753579078
9445 0.0213605228709053
9923 0.0650799191592016
10113 0.20548142858603496
10560 0.09577740996500515
10695 0.13163696074411127
10808 0.11440769650497969
11929 0.04663560262521802
12089 0.07395065074948806
12274 0.09730296624848801
