26
198 0.20284515186632426
422 0.20148870621901716
581 0.2683649940177832
705 0.24888940367213702
769 0.06818746020497381
1536 0.09887743370973243
1937 0.24614733927833862
2620 0.22761233189218633
3887 0.10986428044815487
4105 0.08949402559425054
4157 0.31692959801082926
4170 0.16857683017180372
4431 0.10763689063503735
4544 0.2683649940177832
4562 0.3472113624090895
4624 0.024124999964016233
4861 0.0320352803692205
5001 0.08627191478687202
7356 0.2056468449441083
7552 0.08902374037884801
7640 0.3615882310701507
9433 0.11284609326429525
9556 0.27227096495150777
9664 0.09887743370973243
11319 0.04039026541350639
12105 0.12680047655280197
