285
103 0.053120381279419336
141 0.050036258764576874
151 0.08407066733231838
165 0.07087341920820038
170 0.04362051122718818
194 0.03888867575688572
195 0.0532588209281106
201 0.02686432467987458
226 0.2404198763529942
230 0.023255470295169375
236 0.044055771979975185
241 0.06741759431877607
452 0.0493496345773112
485 0.033207815440450504
547 0.021295586261281918
576 0.025056649244263395
587 0.0629307887046556
641 0.03204707079997043
656 0.0532588209281106
679 0.03411144829169144
711 0.01750539159228163
740 0.04447892295996435
769 0.0254269035035864
788 0.04006157280399259
938 0.02712968118922847
952 0.012370654996827005
956 0.04681699958090055
958 0.02379982601954275
962 0.07087341920820038
992 0.04281937089217109
1036 0.16814133466463677
1046 0.1682733421717539
1119 0.04136150503816482
1184 0.021167107465178137
1217 0.07087341920820038
1232 0.036376928559516665
1254 0.04404205107279973
1363 0.037319580840365706
1379 0.06069512408634205
1413 0.08950441283851394
1423 0.045403429235963924
1450 0.030702639716399645
1509 0.06473704828414116
1575 0.023179680435398645
1645 0.04693904716028534
1684 0.03098866877510257
1698 0.02428689217901095
1704 0.04404205107279973
1725 0.050036258764576874
1818 0.033207815440450504
1820 0.05153980016002314
1824 0.055265583667056487
1894 0.04037360730674158
1895 0.11633158176441509
1971 0.01731842045711072
2002 0.028050392052745503
2049 0.0916864177503437
2094 0.04037360730674158
2105 0.027282198219055687
2129 0.028279211407797135
2152 0.04808397527059884
2169 0.05153980016002314
2181 0.05372864935974916
2187 0.04693904716028534
2243 0.028164256914046802
2246 0.04321326365325199
2261 0.038612510653514176
2356 0.02474130999365401
2416 0.0493496345773112
2578 0.023408499790450274
2630 0.02001528501011643
2644 0.090938865979045
2645 0.036376928559516665
2656 0.01978065306514684
2675 0.028395276590182723
2733 0.10007251752915375
2851 0.035293974720417016
3049 0.04037360730674158
3082 0.03660574791456829
3152 0.08152907754787071
3195 0.03660574791456829
3276 0.04362051122718818
3278 0.21997372463175235
3285 0.02578491178492028
3332 0.02136034465490983
3407 0.027496715578969044
3442 0.016511296980181327
3513 0.04281937089217109
3520 0.030150236511258227
3599 0.029751990551026206
3661 0.042462350198629956
3688 0.04447892295996435
3723 0.03834255203590513
3805 0.05521085622421621
3826 0.033741799036167315
3830 0.031281674835846325
3876 0.03189004042108015
3891 0.019555056708708496
4033 0.027937596360856697
4048 0.013164381748141059
4156 0.033034968531393656
4169 0.15599450751720692
4174 0.04749787596222403
4198 0.03098866877510257
4289 0.030016015529133966
4317 0.03189004042108015
4320 0.018744908009620132
4356 0.01621150042080956
4382 0.02707144451639129
4410 0.01313160504860834
4592 0.24036943682395553
4624 0.004498070790912968
4655 0.026263566854822895
4717 0.04693904716028534
4795 0.03888867575688572
4797 0.07574413082554723
4803 0.03392520187993338
4827 0.015043522761512997
4872 0.019952674901025973
4873 0.03888867575688572
4907 0.08028626615619675
4934 0.044932284421339445
4941 0.05911131697405683
4988 0.06057194829348603
5005 0.015836725219858357
5028 0.06069512408634205
5146 0.05233259575725756
5155 0.04206833554293848
5184 0.04069396370308706
5224 0.015836725219858357
5249 0.23368230025724185
5250 0.18659790420182853
5312 0.023179680435398645
5371 0.04362051122718818
5401 0.026560190639709668
5462 0.06741759431877607
5720 0.07087341920820038
5734 0.07574413082554723
5742 0.08407066733231838
5769 0.034300627838106015
5842 0.017888297409304962
5896 0.08407066733231838
5957 0.08407066733231838
5966 0.07574413082554723
6001 0.03098866877510257
6008 0.009249726399784814
6010 0.023104365750285367
6150 0.025234617727870685
6168 0.054220346194658056
6186 0.030844802948681718
6279 0.034492834385399934
6366 0.06741759431877607
6377 0.07087341920820038
6384 0.07017725045100681
6410 0.016598345570702038
6452 0.05549678556909311
6460 0.08407066733231838
6630 0.029751990551026206
6638 0.022305647565276712
6696 0.07722502130702835
6747 0.022165963980629845
6778 0.03259279169566256
6791 0.02091420016757342
6817 0.044611295130553424
6982 0.07438363380220041
7025 0.03944771109194869
7042 0.017647554824563698
7072 0.1213902481726841
7098 0.06741759431877607
7132 0.08407066733231838
7176 0.02867119152312051
7205 0.021622926758362557
7245 0.05909105781200491
7262 0.024134578107311233
7272 0.0136329011332007
7312 0.041089101824098605
7382 0.03488672714648083
7425 0.0485737843580219
7463 0.04870014381351274
7483 0.013230204668591952
7484 0.03805289946034584
7566 0.08012314560798518
7660 0.022027885989987592
7766 0.21606631826625994
7790 0.050764521305233755
7802 0.04749787596222403
7826 0.035293974720417016
7833 0.01823365413293851
7888 0.08407066733231838
7911 0.02738897805925741
7952 0.07865817755579332
7956 0.05823250422067895
7999 0.06741759431877607
8247 0.04006157280399259
8312 0.02578491178492028
8327 0.052921000003589194
8352 0.02686432467987458
8427 0.054220346194658056
8515 0.02136034465490983
8633 0.025974091331334857
8776 0.02559866537316222
8837 0.023563503914308993
8873 0.023641762516340842
8931 0.04447892295996435
8942 0.048269156214622466
8944 0.033034968531393656
8949 0.033741799036167315
8961 0.05435271836524714
8988 0.029883277682134272
9115 0.06822289658338287
9139 0.03468816637903023
9199 0.044932284421339445
9247 0.034492834385399934
9268 0.04006157280399259
9269 0.05909105781200491
9324 0.05767617108408235
9338 0.029323071525661777
9470 0.029493643971949292
9593 0.06069512408634205
9616 0.033034968531393656
9664 0.018435552211961092
9675 0.03567952274371524
9691 0.07574413082554723
9758 0.04693904716028534
9795 0.07615705411559472
9813 0.03782018047872045
9821 0.021103379713988003
9892 0.04870014381351274
9898 0.014014287226909198
9943 0.07087341920820038
10140 0.02962212276805308
10141 0.02616629787862878
10276 0.033034968531393656
10318 0.04493824065871459
10392 0.013001385313540321
10460 0.021891377101385393
10492 0.05641051177736999
10499 0.07668510407181026
10527 0.07087341920820038
10618 0.035931964618879264
10645 0.044932284421339445
10672 0.050036258764576874
10760 0.02333174136362189
10769 0.08407066733231838
10816 0.026660715518600532
10844 0.03269656156376888
10845 0.022376103209628486
10855 0.05641051177736999
10876 0.04006157280399259
10897 0.028279211407797135
10951 0.013433972509483678
10981 0.023408499790450274
11036 0.019172205318893326
11067 0.014928933788398217
11080 0.016511296980181327
11084 0.03143090225705652
11103 0.019499313439650865
11106 0.021425454044255044
11110 0.044932284421339445
11145 0.02707144451639129
11160 0.05153980016002314
11202 0.04006157280399259
11212 0.09281012712913703
11217 0.014628601822304008
11235 0.10844069238931611
11244 0.03356115423464184
11266 0.08986456884267889
11281 0.06069512408634205
11332 0.011397319039203187
11516 0.06741759431877607
11629 0.01527603297993778
11643 0.04006157280399259
11667 0.1065176418562212
11768 0.05655842281559427
11893 0.009798627839659237
11930 0.02060537460111334
11960 0.02887108741882046
12021 0.01783976137185762
12030 0.052921000003589194
12032 0.08407066733231838
12157 0.028050392052745503
12200 0.03488672714648083
12204 0.009586102659446663
12229 0.03946081497894091
12265 0.0076753136900642
