315
86 0.03580600634103535
152 0.019118147818236505
198 0.06089129555853127
207 0.01847250260733455
210 0.008054359824104093
220 0.029283814624779473
347 0.024946208154822104
352 0.011923062037973933
422 0.030242054713177244
456 0.0068966529187350495
496 0.008318379369936166
548 0.03778643250368581
581 0.04027972080661103
587 0.008443325772649135
706 0.02632108002561444
769 0.005117231980312312
782 0.028526928359572323
819 0.017393568564799768
865 0.028526928359572323
889 0.02043298995111595
931 0.012711925790455455
938 0.005459920519917647
952 0.01991701784945844
965 0.01890628017694925
992 0.03447004926500251
1023 0.023048119910849353
1029 0.0643864791718182
1057 0.012899116524338942
1059 0.01612499622734522
1122 0.011155488697123258
1244 0.03383889095409964
1272 0.020139860403305516
1308 0.05533787167375917
1383 0.024430110412763835
1524 0.00523312677105392
1536 0.014840815727398093
1571 0.01960206702583079
1584 0.025175453108826396
1596 0.01492364661530046
1684 0.024946208154822104
1734 0.014462806958562198
1736 0.046483065254136716
1770 0.018893216251842905
1937 0.6280650886493746
1971 0.013941512775886686
2068 0.02043298995111595
2078 0.019354055908581167
2081 0.020139860403305516
2099 0.012135630629787768
2154 0.011336263274209874
2177 0.013962171548582852
2285 0.05211401282014603
2318 0.03357677030511918
2356 0.00497925446236461
2363 0.018893216251842905
2381 0.013883549381755332
2382 0.008392959101343944
2392 0.013436909901813662
2405 0.03416302940074004
2448 0.03383889095409964
2504 0.03383889095409964
2607 0.02074504381554569
2630 0.004028129360477848
2656 0.007961818114593075
2704 0.010650492051078013
2708 0.025175453108826396
2713 0.02224469150258883
2716 0.03383889095409964
2783 0.01678838515255959
2819 0.01612499622734522
2900 0.011245031195455488
2901 0.012415197316744656
2904 0.015021329871428016
2924 0.023784465201861872
2929 0.02270553115932709
3045 0.023784465201861872
3119 0.023214965765044997
3132 0.015326809762412817
3167 0.023784465201861872
3195 0.044202024961142096
3267 0.024430110412763835
3269 0.008703343079131667
3273 0.01867828501315874
3378 0.01708151470037002
3442 0.03987530936191294
3448 0.019863490514299073
3450 0.028526928359572323
3524 0.02224469150258883
3539 0.030445647779265634
3587 0.028526928359572323
3591 0.006039674799865729
3599 0.03592600353500068
3605 0.012835910961253014
3654 0.018275121866046386
3721 0.01714317357445601
3737 0.010896400469132112
3744 0.02043298995111595
3759 0.007916203090206336
3762 0.02270553115932709
3765 0.008703343079131667
3795 0.01755748788033553
3798 0.021078635162017904
3819 0.010771883114444972
3827 0.01612499622734522
3874 0.06551814771711664
3876 0.025671821922506027
3887 0.024734797617331848
3897 0.02824671673038179
3918 0.017545812081329968
3927 0.019118147818236505
3928 0.03580600634103535
3935 0.03383889095409964
3941 0.030487415703353726
3979 0.03383889095409964
3982 0.024430110412763835
3989 0.0271359404526078
4033 0.022490062390910975
4042 0.03383889095409964
4048 0.005298733703309602
4057 0.12447026289327413
4101 0.007420407863699047
4105 0.013432431372018818
4106 0.028580208862606937
4156 0.013296750617991274
4157 0.047568930403723744
4169 0.023545732254839684
4170 0.037953316221267935
4172 0.05035090621765279
4259 0.05716041772521387
4388 0.026057006410073014
4402 0.030487415703353726
4410 0.021142163629351465
4413 0.03383889095409964
4431 0.008077774672399585
4544 0.58405595169586
4550 0.021823977858080473
4562 0.026057006410073014
4645 0.01960206702583079
4656 0.0271359404526078
4676 0.009150844364034875
4772 0.024233324017198753
4827 0.006055097960387705
4861 0.06971995819487893
4905 0.011820182481804161
4907 0.021543766228889944
5001 0.0064744074647021055
5181 0.010014847167885492
5217 0.019354055908581167
5351 0.01316054001280722
5556 0.014375684660526055
5657 0.03383889095409964
5705 0.03511497576067106
5752 0.020533095672839525
5769 0.01380618522370918
5842 0.01440026978720739
6008 0.0074461281902362545
6031 0.04448938300517766
6079 0.007161141482883726
6114 0.011820182481804161
6120 0.03383889095409964
6150 0.010157067912717112
6162 0.01662772435294906
6180 0.028081351619128593
6239 0.030487415703353726
6251 0.007420407863699047
6258 0.007737928271078417
6277 0.02542385158091091
6360 0.025300444708165535
6409 0.016538582125576507
6410 0.013361844829071138
6437 0.012190265750351054
6452 0.011168875749209575
6560 0.19945125926986912
6616 0.011620766313534179
6705 0.02074504381554569
6830 0.02270553115932709
6877 0.01708151470037002
7042 0.01420646944443466
7185 0.015021329871428016
7248 0.026057006410073014
7254 0.05036416230396138
7282 0.007379604611223773
7312 0.05788503743951778
7331 0.019354055908581167
7356 0.015433081221018365
7425 0.009775603336308898
7507 0.014054177896264492
7536 0.010050012099056895
7542 0.01662772435294906
7552 0.026723689658142275
7559 0.017393568564799768
7729 0.030487415703353726
7790 0.02043298995111595
7798 0.01847250260733455
7844 0.015883188006037923
7854 0.012531712755291996
7874 0.026057006410073014
8112 0.06159928701851857
8113 0.029103055839543493
8134 0.028526928359572323
8156 0.11042489417936413
8159 0.025175453108826396
8222 0.01102420940978013
8338 0.019118147818236505
8348 0.021436958821872548
8352 0.010813033632817898
8388 0.030487415703353726
8409 0.023784465201861872
8483 0.02090941994592651
8491 0.043647955716160945
8514 0.013508543163463038
8543 0.017235024632501254
8560 0.012899116524338942
8621 0.01772715991127198
8633 0.03136412991888977
8708 0.00906372206599873
8723 0.011336263274209874
8727 0.011572171364554535
9005 0.030487415703353726
9020 0.02074504381554569
9034 0.01678838515255959
9053 0.016250591775084866
9099 0.008196580568935713
9112 0.015222823889632817
9139 0.013962171548582852
9165 0.03655024373209277
9199 0.01808548357112662
9230 0.010981229955907123
9273 0.014092026529503116
9338 0.013769807708549863
9403 0.03383889095409964
9438 0.026593501235982548
9452 0.03383889095409964
9513 0.0408659799022319
9549 0.012835910961253014
9556 0.0408659799022319
9563 0.017788100070124557
9579 0.04188651464574855
9608 0.017393568564799768
9656 0.06815898710512773
9664 0.04452244718219428
9702 0.01755748788033553
9784 0.019118147818236505
9792 0.020139860403305516
9795 0.015326809762412817
9804 0.023438892812858585
9814 0.025671821922506027
9865 0.010193286484494976
9898 0.00564082518099044
9922 0.012531712755291996
9964 0.021823977858080473
9998 0.03617096714225324
10003 0.0271359404526078
10004 0.008031057818888849
10016 0.016512015263553146
10035 0.04642993153008999
10066 0.028526928359572323
10116 0.01187134863888689
10184 0.014462806958562198
10198 0.026057006410073014
10312 0.04649815078171695
10392 0.01046625354210784
10468 0.02074504381554569
10483 0.01847250260733455
10568 0.04027972080661103
10597 0.008196580568935713
10735 0.02074504381554569
10749 0.0168376479902766
10763 0.023784465201861872
10914 0.044270297339007336
10951 0.00540724541928356
10960 0.030433629600724748
10963 0.02973258388531648
10988 0.0057266586194364075
11022 0.02270553115932709
11025 0.018893216251842905
11036 0.0038584573295413955
11039 0.030487415703353726
11052 0.01755748788033553
11056 0.01492364661530046
11071 0.011524059955424677
11125 0.01296315927151906
11132 0.016932728908061506
11228 0.021436958821872548
11237 0.012473104077411052
11319 0.02728034179912141
11332 0.00458748156015196
11466 0.030487415703353726
11473 0.043647955716160945
11611 0.03200516131567048
11634 0.006132960459761165
11643 0.01612499622734522
11770 0.019890550734490697
11826 0.03275907385855832
11868 0.0408659799022319
11893 0.0157759993818234
11917 0.013366322418631418
11960 0.023241532627068358
11977 0.012392332045694182
11994 0.02074504381554569
12006 0.005117231980312312
12021 0.007180598880263483
12024 0.00932994471786241
12056 0.026057006410073014
12083 0.02618769427710791
12088 0.024430110412763835
12091 0.019354055908581167
12106 0.01847250260733455
12113 0.04920569469589893
12137 0.011476422558032261
12227 0.01492364661530046
12263 0.01808548357112662
12265 0.012357418407061825
12275 0.009150844364034875
12277 0.017903003170517674
