246
141 0.048324270362149035
170 0.0842560746915837
194 0.07511620283777579
226 0.1393163524872675
316 0.07315254870635979
450 0.022027376072855646
456 0.01654806505928695
493 0.020138353326681277
587 0.02025920484166964
594 0.02094737444744454
628 0.019959404166562254
656 0.05143657270238083
744 0.021817068673022143
799 0.07315254870635979
845 0.12504414602416522
952 0.011947393577849833
979 0.015334536126936102
1021 0.06511090428152973
1041 0.16238838626237967
1046 0.08125793856921085
1061 0.054480428587252556
1126 0.08119419313118983
1129 0.07315254870635979
1207 0.12504414602416522
1232 0.07026458708376333
1308 0.026555916659578654
1347 0.025085388933898074
1363 0.03604269301622236
1413 0.15127354072748234
1492 0.08197194201407915
1514 0.06844848827370086
1530 0.03899222610079399
1536 0.01780478060036382
1575 0.06715976605317804
1664 0.02454568043494532
1684 0.029928392830027087
1698 0.023455917226684622
1704 0.04253515422404599
1814 0.01990036261149271
1818 0.0641432229788033
1895 0.07490086785918103
1952 0.045333029717264356
1971 0.0167258714595839
2002 0.027090649117051613
2049 0.11806582797623139
2055 0.03994632295459887
2088 0.0586184430737061
2094 0.03899222610079399
2105 0.026348739001740527
2154 0.02720061809710989
2243 0.02720061809710989
2327 0.05143657270238083
2356 0.011947393577849833
2373 0.022680889190967186
2480 0.08127194735115484
2578 0.06782273698569523
2630 0.02899569436501558
2644 0.04391369833099641
2656 0.038207717773525725
2662 0.0365261646598732
2733 0.1449728110864471
2809 0.03994632295459887
2853 0.028120040819451454
2879 0.1368969765474017
2895 0.040397243449441074
2904 0.03604269301622236
2908 0.06252207301208261
3019 0.04212803734579185
3031 0.05570278341621186
3121 0.07315254870635979
3239 0.015780029063994387
3278 0.05311183331915731
3285 0.024902682157379466
3390 0.034702554022987185
3407 0.05311183331915731
3456 0.034915434133892836
3513 0.1240629239767608
3591 0.01449180242978581
3654 0.043849952892975386
3661 0.02050475137305361
3721 0.020566958709934566
3730 0.092877568324845
3759 0.018994408636021348
3805 0.05332181919631427
3830 0.0604227474024678
3867 0.03604269301622236
3890 0.03312703335872813
3903 0.04944561631688711
3962 0.06315570028344342
3985 0.03899222610079399
4169 0.018832145284232726
4289 0.028989018872274588
4410 0.012682307756933213
4547 0.027311639427890673
4592 0.1934543392244592
4610 0.07315254870635979
4624 0.004344169495782684
4655 0.025364960065026764
4660 0.06844848827370086
4723 0.05143657270238083
4820 0.0441966686802517
4827 0.014528809289018084
4861 0.011537134754519238
4872 0.057809985009181865
4891 0.05706925985669968
4907 0.05169285005038774
4941 0.028544412926204594
4988 0.0584994817352085
5001 0.015534914865032012
5005 0.045884617079961915
5051 0.10260573952041388
5249 0.3224098151248893
5271 0.04253515422404599
5313 0.06625406671745626
5687 0.038110664922515754
5802 0.06490432583856853
6001 0.029928392830027087
6066 0.03842870307305722
6168 0.05236519942404075
6287 0.05570278341621186
6366 0.06511090428152973
6384 0.03388806945002392
6387 0.2194576461190794
6436 0.01915897367227984
6452 0.04019847411088328
6638 0.02154246081064607
6640 0.07315254870635979
6657 0.01943854480340853
6772 0.07208990119371479
6778 0.01573881537755416
6791 0.040397243449441074
6817 0.08616984324258428
6992 0.07315254870635979
7072 0.0586184430737061
7121 0.030355495312762396
7150 0.022169729276403847
7163 0.04212803734579185
7205 0.02088309926624258
7245 0.05706925985669968
7262 0.0349632218614169
7329 0.08119419313118983
7379 0.030649223420061794
7418 0.03535328385272072
7484 0.009187730292933393
7537 0.006863874599260394
7542 0.026598087277285513
7547 0.07161661693629068
7552 0.016030433903879968
7677 0.0604068438488708
7689 0.06511090428152973
7766 0.12520417118929072
7786 0.10115359729775208
7790 0.04902761543186963
7791 0.05706925985669968
7802 0.13761821464865134
7875 0.047033870525624036
7952 0.104454475751097
7956 0.028120040819451454
7990 0.04295707855872289
8061 0.044323554999210694
8103 0.047033870525624036
8166 0.07619601876888624
8188 0.07315254870635979
8225 0.028608603134764623
8252 0.0278304094813363
8261 0.06511090428152973
8267 0.08119419313118983
8327 0.025555155152998985
8352 0.025945162987402865
8457 0.04173472372976358
8471 0.08119419313118983
8514 0.03241286081222324
8532 0.11647458995749325
8560 0.030950581675963932
8632 0.06844848827370086
8774 0.02978944936655701
8824 0.0586184430737061
8867 0.03110424803548641
8882 0.04295707855872289
8942 0.04661762914855586
8949 0.09776197457932612
8969 0.02788326442711644
8988 0.028860822644897095
9111 0.08119419313118983
9115 0.09883297974662857
9160 0.03110424803548641
9287 0.034493509799215935
9338 0.05191960384881527
9431 0.06844848827370086
9485 0.034915434133892836
9520 0.049776368154593624
9664 0.01780478060036382
9795 0.03677567192206058
9923 0.021678952273571826
9945 0.06511090428152973
10141 0.025271019142593498
10143 0.054480428587252556
10144 0.03241286081222324
10266 0.03312703335872813
10284 0.06511090428152973
10296 0.06511090428152973
10318 0.04340068072252496
10325 0.025555155152998985
10392 0.012556543484397926
10428 0.027536921079829996
10460 0.04228472918506989
10476 0.029516456994057846
10499 0.037030663297104645
10508 0.034915434133892836
10527 0.06844848827370086
10618 0.034702554022987185
10627 0.06844848827370086
10646 0.027651223881579427
10672 0.19329708144859614
10749 0.013466942958738619
10815 0.04902761543186963
10852 0.05143657270238083
10912 0.06511090428152973
10951 0.006487164864188031
10988 0.04122222207934806
10997 0.03190467852976882
11084 0.06071099062552479
11110 0.04339492827755077
11145 0.07843558868335022
11189 0.06283564995319241
11202 0.03869086784489184
11217 0.028256169703147586
11266 0.04339492827755077
11319 0.01454608573659128
11634 0.014715635234950567
11648 0.06511090428152973
11667 0.10287314540476165
11731 0.07315254870635979
11806 0.07315254870635979
11893 0.01656089438015182
11904 0.05570278341621186
11908 0.02788326442711644
11960 0.02788326442711644
11977 0.014867292826303826
12029 0.025177832773868165
12030 0.05111031030599797
12072 0.03224098151248893
12089 0.049267812526809486
12180 0.02378045980238422
12186 0.017418023435785718
12205 0.027766664043315285
