90
193 0.09551272829503266
194 0.10888905946059642
226 0.13463607953827067
432 0.12454186193453204
594 0.060730969233819855
711 0.09803088374051781
744 0.06325240090006037
769 0.035597915763570735
979 0.04445813694104592
1075 0.19844697223898286
1347 0.07272796824180619
1413 0.1253070610129101
1895 0.05428845406085317
2049 0.08557459294456715
2080 0.04772160292593636
2373 0.03287840170872451
2416 0.41453985171218455
2644 0.06365765478089161
2656 0.05538621888915384
2806 0.08800714650621212
2904 0.10449556273336433
3152 0.07609434194825364
3278 0.07699134617921072
3332 0.05980938651055709
3472 0.07015911229527555
3520 0.08442125714821085
3591 0.0420148696780128
3784 0.12850357269089505
3805 0.07729574341708774
3918 0.03051426742414881
4105 0.0467212120068756
4214 0.17513250572295358
4356 0.09078504211882071
4431 0.056192868224753785
4554 0.09712755031923376
4655 0.07353850541942904
4676 0.06365765478089161
4717 0.1314302582379668
4803 0.1899824693342879
4861 0.016724324510956033
4907 0.14986875295016006
5001 0.04503907824273249
5249 0.28042073643391446
5337 0.07326615036679918
6066 0.055706560979296105
6155 0.16809087149969823
6162 0.03855680396051598
6230 0.08050156471739164
6281 0.0711632365697121
6384 0.0982488429911093
6437 0.08480132520590825
6452 0.03884802366042872
6791 0.05856017314280723
7208 0.07580057881265413
7220 0.05554600857315257
7386 0.19844697223898286
7502 0.16545612784312047
7537 0.01989985705169527
7952 0.05506111230477157
8051 0.11581303024140725
8252 0.040343188264862336
8483 0.07272796824180619
8532 0.08442125714821085
8961 0.07609434194825364
8969 0.16167922889909045
9099 0.05701933892480801
9427 0.19844697223898286
9445 0.041258532397226974
9470 0.08258278508243123
9821 0.05908987960561005
9921 0.08800714650621212
9946 0.1443124574181038
10004 0.055867883423905904
10081 0.0815260804233249
10428 0.07983549017510866
10499 0.1073599022658784
10500 0.1363613636165083
10951 0.018807694051116885
10988 0.07967475851230876
11036 0.026841276596955028
11080 0.04623195734115966
11084 0.08800714650621212
11106 0.059991694085445364
11189 0.09108706997310445
11217 0.040960373750248066
11300 0.06035930064307174
11319 0.02108612436269311
11893 0.020577263471281693
12030 0.07408992211678385
12265 0.02149102977948919
