22
744 0.1280575999478193
1046 0.23847604703072747
2733 0.283644433381578
3513 0.24273349955300583
3765 0.12257556739572062
3830 0.17732886417003546
4336 0.31328831435019444
4592 0.22710015494619498
5080 0.40176566612843645
6772 0.1410464419044211
7205 0.12257556739572062
7262 0.06840678041458705
7766 0.24496639009655286
8515 0.12108704779435667
8532 0.17091499170219238
8978 0.26016180997645655
10142 0.2344691819498139
10318 0.04245748357798869
10645 0.25471113688166863
11145 0.1534620039599911
11212 0.2630599946078813
11332 0.06460886926327329
