53
120 0.17498193009700944
628 0.059580822715811214
1064 0.09624256253588392
1463 0.37326931374019084
1543 0.06770860508655267
1632 0.06471384622994411
1726 0.10359060329532768
1759 0.060115003901543035
1958 0.09671978213286193
2100 0.09061419717680097
2194 0.07896147040371497
2202 0.09624256253588392
2586 0.14227327875029733
2677 0.06370409364590769
2757 0.061024034048579374
2771 0.1509768151736858
2781 0.06253001306550873
3085 0.11131852421014544
3616 0.1090342638952266
3673 0.11924377933554443
3890 0.09888751613906996
3962 0.0942630489036501
4081 0.048745409632843274
4134 0.09624256253588392
4195 0.18757071548086943
4382 0.07804603225217228
4451 0.03930317944017461
4624 0.025935563047445723
4861 0.017219752020679414
5005 0.04565672757246045
5253 0.1090342638952266
5389 0.05573815076146498
5425 0.047352341890078184
5700 0.08220047048023779
6198 0.08394114137093904
6481 0.13378418301363726
6791 0.06029491111264901
6934 0.07804603225217228
7817 0.17230489879240257
7835 0.06029491111264901
8324 0.023721631264696695
8360 0.14858744989112568
8819 0.10830514095929623
9076 0.6012383872960377
9445 0.0424807409203281
9923 0.06471384622994411
10113 0.20432560065259067
10560 0.09523866441222081
10695 0.13089650610863043
10808 0.11376415605302052
11929 0.046373278518469535
12089 0.0735346801753062
12274 0.0967556394794905
