72
289 0.08195252568779943
480 0.1601794178027239
711 0.041591567631469796
769 0.03020625877328435
1109 0.1601794178027239
1215 0.08642899968460994
1413 0.05316403263908425
1521 0.10082963900486434
1661 0.5398880322060313
1736 0.06859565401001338
1782 0.09446085193140391
1944 0.1799626774020104
2049 0.07261347310528006
2074 0.09827199951886312
2396 0.14420730579089658
2460 0.0858955035813075
2812 0.0959248246446043
2904 0.08866867458049625
2986 0.13703448778749497
3278 0.0653302440917816
3452 0.10363923784628792
3804 0.1997459370012969
3813 0.12245490612236248
3818 0.12442404619161006
3891 0.046461426432533114
4030 0.082416620637109
4431 0.04768190166197868
4779 0.1799626774020104
4787 0.07729103087893441
5249 0.07931607931183118
5425 0.03902433607328401
5752 0.06060190389028859
5802 0.026611868985743675
6036 0.09375609487725951
6230 0.06830880525865698
6295 0.08435235963698987
6357 0.1601794178027239
6360 0.03733618990082303
6384 0.08336808242583318
6554 0.08060387115376763
6584 0.04017240059547202
6615 0.14860695279510944
6616 0.06859565401001338
6786 0.1601794178027239
6828 0.06456910003770334
7484 0.0226027468899399
7952 0.023360780693863447
8252 0.0684656254911888
8532 0.07163482144071034
8540 0.1997459370012969
8961 0.06456910003770334
8966 0.11570808424389081
9247 0.08195252568779943
9267 0.048956907177777335
9445 0.03500951894132928
9546 0.058100343648319494
10094 0.12442404619161006
10218 0.05090535771330521
10280 0.1773373491609925
10318 0.017795011570609334
10428 0.20323084291265017
10501 0.07768470898963543
10618 0.08537179695178188
10647 0.07068861731259173
10909 0.06888541498120973
10988 0.06760722704402318
11106 0.10181071542661042
11811 0.10173578528708593
11908 0.06859565401001338
12030 0.06286826944633374
12051 0.048383195187144075
12180 0.05850233917435449
