249
25 0.0958093268155608
84 0.028792266206515694
90 0.040560565701273435
106 0.06776509900715
313 0.03481809775259261
326 0.1379960901302261
344 0.02253665258300267
404 0.04557436168970552
435 0.034049513805345655
496 0.06998603533790554
593 0.031285277714476464
634 0.053616347980719285
642 0.030095034182099387
712 0.05020850644196655
714 0.1004170128839331
769 0.014351143905937136
788 0.04522213224486284
826 0.03690839194515337
949 0.0706039030186569
975 0.03245385341056032
1143 0.0699609915115603
1280 0.08550116386403377
1413 0.025258496550331952
1564 0.03893605290307654
1698 0.027415425133446074
1729 0.03481809775259261
1746 0.046307517059216714
1819 0.06670291363590708
1974 0.0479046634077804
1982 0.07610203874997042
2000 0.09337903231278218
2049 0.034499022532556524
2107 0.038295300420534646
2150 0.04212692867409519
2151 0.06510576728734338
2192 0.04923951780315112
2233 0.060119393090239684
2274 0.04269201340399757
2278 0.09733435129670161
2289 0.05020850644196655
2337 0.03582300713079951
2356 0.027928379095806782
2358 0.04389814764661986
2373 0.026509567439449752
2428 0.041852978524623656
2455 0.03498049575578015
2456 0.06358451062202848
2469 0.05570664217328005
2701 0.08281128744936327
2756 0.0699609915115603
2757 0.04778752635174179
2763 0.03418728302878847
2783 0.094165178440074
2791 0.06851360882609614
2809 0.04668951615639109
2822 0.030441267575024446
2895 0.023608277448340213
2936 0.036354842793310145
2989 0.06120477790459356
3070 0.05648171433410034
3102 0.044217222866655956
3197 0.05298553325691515
3239 0.01844379826321076
3291 0.07307619630839204
3332 0.0241118923489672
3361 0.034049513805345655
3362 0.035479695852138685
3442 0.018638211216149496
3472 0.028284338991910324
3548 0.03653685990460891
3580 0.041852978524623656
3591 0.050814332356676845
3688 0.05020850644196655
3697 0.1424621925768049
3721 0.024038792057699692
3759 0.02220078553664511
3790 0.04748739752560163
3814 0.14043189116229976
3878 0.03343791717176304
3927 0.053616347980719285
4048 0.029720321528512884
4078 0.03314939413406381
4169 0.022011131099776524
4226 0.03418728302878847
4244 0.0367213535150819
4451 0.030778065601323592
4482 0.060119393090239684
4557 0.08550116386403377
4624 0.0203099716677273
4638 0.09497479505120326
4772 0.022653908833788216
4827 0.016981364637834322
4861 0.05393870571084169
4869 0.040560565701273435
4941 0.016681445624012015
5013 0.029536927789013206
5224 0.01787674402405426
5253 0.08538402680799514
5264 0.06510576728734338
5310 0.06687583434352608
5370 0.04212692867409519
5389 0.021824092669705048
5444 0.0479046634077804
5700 0.03218532837466014
5866 0.07610203874997042
5882 0.1923182036871093
6008 0.010441236357005442
6010 0.02608057073807535
6057 0.05253440248385675
6068 0.02339803957515779
6074 0.029536927789013206
6080 0.054277946080265364
6083 0.06120477790459356
6089 0.05497348680376885
6125 0.0316637228681917
6162 0.015544006729647597
6209 0.025912120482526352
6230 0.03245385341056032
6280 0.02695571767924681
6299 0.057303788521843736
6409 0.02319101156616145
6437 0.03418728302878847
6510 0.06238465837097849
6554 0.07659060084106929
6584 0.019086107495790625
6628 0.03768346410597366
6657 0.022719894711885832
6766 0.0636770711943287
6794 0.4272784891478094
6799 0.13021153457468676
6948 0.05238276419190014
6952 0.018935158947904984
7024 0.08000302813272024
7042 0.01992083690721576
7244 0.06851360882609614
7255 0.05817893546301519
7262 0.027243490618372026
7269 0.047082589220037
7466 0.057303788521843736
7507 0.019707288065590387
7537 0.01604508051275923
7561 0.07168128952761268
7577 0.07610203874997042
7681 0.060119393090239684
7826 0.07968078537817556
7835 0.1652579421383815
8098 0.019974753762308676
8112 0.028792266206515694
8124 0.03768346410597366
8166 0.06679379326238508
8171 0.0848745271165386
8176 0.044217222866655956
8222 0.030917108369842784
8224 0.020810340727643397
8225 0.06687583434352608
8252 0.08132089870916626
8295 0.05648171433410034
8312 0.029106413179653724
8321 0.039156546723696624
8324 0.03715251201733312
8326 0.043401636892485884
8327 0.02986902776385988
8374 0.08656334923527668
8421 0.05497348680376885
8437 0.04748739752560163
8440 0.04877981034895185
8447 0.028896175306471306
8464 0.07610203874997042
8560 0.03617523657564218
8601 0.05180565279053023
8633 0.029319962021279098
8682 0.03871908713534244
8819 0.08481305535293378
8836 0.07701107658743413
8861 0.07307619630839204
8890 0.04891599975598986
8942 0.013621745309186013
8949 0.07617654482307659
8971 0.06670291363590708
8988 0.03373271293823874
9008 0.11296342866820068
9117 0.04007622595839201
9182 0.03960859095577007
9267 0.04651934060230501
9273 0.01976036081901844
9312 0.0706039030186569
9338 0.016550171717507965
9549 0.03599797821897754
9618 0.029319962021279098
9637 0.10349706759766958
9638 0.03690839194515337
9703 0.12476931674195697
9850 0.06238465837097849
9870 0.044543987381590884
9898 0.01581954741002128
9987 0.029319962021279098
10005 0.05125210363868699
10064 0.0918719700373445
10165 0.08000302813272024
10181 0.04358640814285181
10188 0.06510576728734338
10191 0.04007622595839201
10267 0.06510576728734338
10318 0.025363495735211513
10329 0.07610203874997042
10334 0.0814132043716367
10392 0.029352335660508166
10429 0.042983639077836804
10490 0.06601480512480709
10515 0.04487882096620202
10547 0.05648171433410034
10646 0.0323189262158198
10654 0.05125210363868699
10679 0.053616347980719285
10845 0.025258496550331952
10879 0.06510576728734338
10951 0.007582239523770984
10960 0.021337580534766625
10979 0.02838441377226149
11011 0.021824092669705048
11036 0.010820943159154368
11071 0.0323189262158198
11080 0.018638211216149496
11225 0.04877981034895185
11249 0.03850553829371706
11251 0.08550116386403377
11310 0.03850553829371706
11339 0.04833517801713988
11344 0.08000302813272024
11436 0.08000302813272024
11511 0.08550116386403377
11573 0.08550116386403377
11634 0.01719972799085086
11735 0.06851360882609614
11736 0.01873647303156839
11770 0.08367379778479324
11813 0.04748739752560163
11826 0.04593598501867225
11861 0.03272780356003185
11875 0.02425928587831978
11886 0.04668951615639109
11893 0.002765211229669341
11930 0.04651934060230501
12138 0.027794752558620725
12186 0.020358296495569955
12265 0.00866401457604025
12304 0.14500443400621507
12317 0.0706039030186569
12341 0.054277946080265364
