63
198 0.1154714206117684
337 0.08170919238814654
352 0.09044136104765153
422 0.11469925177048193
435 0.04604778993481629
478 0.10775848630059941
581 0.1527691779497086
706 0.09982814373434401
931 0.096425219156278
965 0.07170598064933355
1937 0.14012157887316704
1995 0.11394300507628244
2313 0.20583734111467517
2625 0.11789053891630638
3132 0.1162601965012168
3175 0.11469925177048193
3389 0.1273468508470235
3827 0.12231477124287161
3876 0.09736569799979512
4157 0.18041501401199006
4356 0.049496458243831594
4410 0.04009301570437075
4544 0.1527691779497086
4722 0.2566819953200454
4778 0.13862436424576338
4893 0.12138619847484904
5139 0.13446784599279368
5576 0.21638856018122238
5693 0.21638856018122238
5842 0.05461600362643601
6068 0.06328595570573062
6162 0.042042724059091284
6178 0.12048055578899813
6280 0.07290860200425527
6534 0.12138619847484904
6570 0.09736569799979512
6584 0.05162323748079536
6649 0.13446784599279368
6666 0.05936530106459306
6972 0.20583734111467517
7259 0.1493228083666517
7552 0.05067756204739461
7566 0.12231477124287161
8112 0.23362804537023296
8633 0.07930330281783275
8723 0.2579707485665997
9556 0.15499268690930493
9641 0.13073479618647454
9664 0.05628686528546144
9898 0.04278799398810577
9919 0.1154714206117684
10226 0.10713151949083166
10749 0.04257350995440096
10951 0.020508097403214798
11056 0.22640407428615655
11071 0.0874147650866752
11319 0.02299252056690761
11977 0.0470004841540463
12021 0.05446781487841922
12098 0.07466140418332586
12138 0.07517798547294541
12157 0.08564260080329383
12264 0.16260820638169463
