154
8 0.1217207029538306
224 0.12352267417136098
236 0.035922828002237714
313 0.05030135672538189
485 0.10830986168528188
547 0.06945720372972365
677 0.04466563647673576
744 0.11051847322050844
845 0.1055724481205684
921 0.0711358376784863
937 0.046117418979876756
938 0.022121389032955203
942 0.04414780635674578
979 0.025893327615689975
1057 0.052262001575917934
1413 0.1094720901486184
1450 0.05006951852974967
1838 0.06435225195740259
1895 0.06323741044799325
1933 0.0582444582902793
2049 0.04984039195414967
2102 0.0653319610420664
2333 0.07327506260696381
2373 0.019149053143031607
2428 0.06046457844268878
2656 0.0322580658967541
2809 0.06745187586657381
2819 0.0653319610420664
2957 0.052262001575917934
3089 0.04830742367840537
3183 0.08159856639408578
3276 0.0711358376784863
3278 0.1793653344344936
3331 0.10994385235781745
3452 0.0711358376784863
3513 0.0698293470568463
3544 0.05006951852974967
3591 0.024470318824784076
3737 0.04414780635674578
3750 0.14507145169916336
3765 0.07052485011032864
3795 0.0711358376784863
3830 0.10202760494228146
3882 0.056250525243302776
3891 0.0318901659033571
3918 0.01777213301614508
4105 0.02721138878807181
4200 0.06636325698706434
4356 0.02643753202371074
4431 0.03272787495657514
4547 0.046117418979876756
4624 0.029341612433857873
4699 0.11882036944245063
4729 0.09636503054427391
4934 0.07327506260696381
5001 0.02623167970340798
5005 0.025826352853390286
5224 0.025826352853390286
5236 0.07047170292858393
5249 0.16332276830099607
5250 0.0608603514769153
5337 0.04267170342975924
5371 0.0711358376784863
5436 0.1371014959849045
5802 0.018265838613158135
5845 0.03817431741497934
6162 0.04491254134591658
6180 0.037924758640217944
6251 0.030064490597852614
6281 0.04144692345376214
6436 0.03235113067458933
6452 0.02262588297830484
6584 0.0275735081355288
6757 0.07654766864574662
6772 0.040576109029097404
6791 0.03410664172520236
6828 0.044318900011020526
6998 0.06252860136368651
7025 0.032165441143152465
7219 0.274202991969809
7245 0.09636503054427391
7259 0.07975775778978601
7262 0.019679198872047585
7266 0.1371014959849045
7272 0.022232381391572485
7385 0.08159856639408578
7488 0.11125713020728661
7507 0.02847092147655623
7509 0.09405764922802261
7537 0.034770250415231754
7542 0.02245627067295829
7552 0.027068394730617965
7766 0.07047170292858393
7854 0.050773430143859044
7952 0.09620615153187799
8092 0.031708774802851704
8242 0.274202991969809
8252 0.023496697402969578
8416 0.10994385235781745
8532 0.1475059968414146
8586 0.046497821202101275
8708 0.036722534911838356
8723 0.04592995248813286
8837 0.07685419278350403
8942 0.019679198872047585
8949 0.05502574526730567
8961 0.08863780002204105
8962 0.0608603514769153
9082 0.09898092373090991
9160 0.05252147687779137
9247 0.16875157572990834
9338 0.007969955714258833
9448 0.07484310716583296
9590 0.11557957260646357
9702 0.0711358376784863
9795 0.06209803240753835
9898 0.02285434153123196
9916 0.1371014959849045
9946 0.08405052474212746
9966 0.06690000560093555
10211 0.07567685422108188
10392 0.04240502503248987
10428 0.046497821202101275
10460 0.03570021084649874
10571 0.047685463538745886
10647 0.04851921059399482
10816 0.04347799414009116
10890 0.07182328010382284
10893 0.09405764922802261
10895 0.1371014959849045
10951 0.05476992708972656
10981 0.03817431741497934
10988 0.023202103898279768
11060 0.1371014959849045
11067 0.07303781048002322
11101 0.18446967591950703
11189 0.053050971242777044
11194 0.05359517565079781
11217 0.047712317688107304
11249 0.05562856510364331
11319 0.024561979598578733
11588 0.0711358376784863
11736 0.027068394730617965
11761 0.1371014959849045
11768 0.046117418979876756
11893 0.023969237631473808
12030 0.04315148493367581
12072 0.10888184553399738
12172 0.1371014959849045
12180 0.04015480034203753
12244 0.1371014959849045
12265 0.03755044496917047
12286 0.04873331216651276
12340 0.07182328010382284
