187
194 0.1313122738667208
313 0.10415117340284273
322 0.15849531761602753
343 0.038506536941048074
374 0.022959027158239758
390 0.036394459901248934
485 0.05606508412490569
547 0.03595354946997258
576 0.042303389402022766
587 0.035415558215004306
744 0.03813889398467054
766 0.08841440574180996
952 0.02088549950902407
979 0.02680663733586272
1413 0.11333339084755895
1450 0.10367114221309733
1510 0.14193734137301767
1524 0.021950367757586606
1622 0.03628333041189592
1684 0.052318476802862945
1698 0.0820076018303895
1818 0.05606508412490569
1896 0.0549221856505874
2049 0.10319672555199613
2356 0.02088549950902407
2373 0.059473436232201166
2578 0.03952080233470569
2596 0.047940027058791745
2630 0.03379200417107949
2644 0.0383832473147887
2656 0.06679174546315692
2819 0.06763635064943037
2829 0.07509420672393889
2895 0.07061930309163471
2957 0.05410538743745728
3269 0.036506201677379134
3270 0.035736637444406125
3278 0.04642297759266848
3442 0.027876186431630232
3513 0.14458473702072236
3520 0.050902943297210866
3591 0.02533343616412748
3604 0.05993989086915571
3661 0.03584480346646822
3759 0.03320454035910498
3765 0.036506201677379134
3805 0.04660651804045261
3830 0.05281316184091262
3878 0.05001132362733493
3977 0.06300701842532695
4025 0.032920884251851856
4030 0.05856437529492218
4101 0.031124925621986887
4105 0.05634237835117003
4198 0.052318476802862945
4200 0.06870402247569475
4356 0.02737003692740656
4431 0.0338822529014294
4530 0.08331747744960281
4547 0.09548814612073922
4554 0.05856437529492218
4592 0.06763635064943037
4803 0.0572762547648955
4805 0.07164847058620596
4827 0.050796257325123086
4904 0.07295738156506794
4907 0.04518269977934923
4934 0.07585962137509429
4941 0.04989911132256495
4988 0.051132110493289064
5001 0.0271569237819274
5005 0.026737300239052672
5051 0.044841833250343244
5224 0.053474600478105344
5249 0.3381669813563106
5271 0.07435663158444764
5312 0.07826896869681141
5337 0.044176820195636506
5423 0.07041893771674745
5803 0.08019113501614605
5839 0.07435663158444764
5842 0.030200989911620922
6001 0.052318476802862945
6008 0.015616404808869336
6057 0.0523819509190301
6066 0.03358902734454038
6180 0.039262441120253
6209 0.03875538768355028
6249 0.14204877616469966
6384 0.05924047393671157
6409 0.034685569041961226
6410 0.02802315143025382
6452 0.07027183007203365
6554 0.114552509529791
6584 0.02854608120042066
6621 0.05606508412490569
6772 0.042007309967543344
6791 0.035309651545817354
6867 0.03978249733416839
6982 0.0418608755330998
7025 0.03329998091670728
7176 0.02420292848813826
7201 0.11393322784997498
7220 0.03349222009122257
7230 0.052318476802862945
7245 0.09976401890093066
7272 0.023016562178564383
7379 0.053578576492068035
7482 0.04353292227148128
7554 0.03826070264550061
7660 0.03718989836405004
7726 0.07509420672393889
7766 0.07295738156506794
7790 0.0857062447435683
7833 0.030784059092980896
7952 0.03319984530212065
7968 0.06029885742708528
8036 0.058234594352998846
8079 0.10559852233262908
8200 0.06342519986054204
8208 0.037540588618635726
8252 0.02432547315742635
8430 0.11965629648999142
8483 0.04385231597575744
8532 0.20361177318884346
8586 0.048137892833721184
8880 0.057590696428843624
8942 0.04074664755746893
8961 0.09176423342358672
8969 0.04874334319932357
9082 0.20494435979834466
9193 0.1623613045814637
9247 0.11646918870599769
9433 0.03552202082725848
9438 0.05577326497424882
9448 0.1549659480358088
9485 0.06103643256657655
9498 0.09154074817526672
9546 0.041285487124815064
9563 0.07461224528473458
9658 0.03417978020891053
9673 0.07229236851036118
9675 0.030119046038274165
9702 0.1472898833655118
9795 0.0642883548505696
9922 0.05256431109841042
9995 0.0671228781333695
10170 0.11965629648999142
10237 0.061415529231431974
10312 0.07801465963728964
10318 0.025289892449907276
10325 0.04467352455773452
10392 0.06585110327275982
10428 0.048137892833721184
10476 0.051598362775998066
10490 0.049367425703179695
10508 0.06103643256657655
10638 0.06180184721773195
10672 0.08447671187410981
10815 0.0857062447435683
10816 0.04501155040026444
10876 0.06763635064943037
10912 0.113821793058293
10981 0.07904160466941137
10997 0.05577326497424882
11067 0.025204666962890653
11071 0.04833770805653628
11080 0.027876186431630232
11084 0.1061302079520143
11095 0.0638521857591308
11101 0.14323221918110884
11217 0.04939522705237587
11319 0.012714164998842968
11332 0.019242206759344942
11768 0.04774407306036961
11893 0.008271560276590198
11908 0.04874334319932357
11945 0.046791734679903704
11965 0.04588211671179336
11977 0.025989839122732585
12021 0.030119046038274165
12030 0.04467352455773452
12083 0.0549221856505874
12186 0.0304488269801975
12204 0.032368624367696025
12291 0.051598362775998066
12340 0.07435663158444764
