28
194 0.1484952267885012
1664 0.09704740775401019
1698 0.1854775197106851
1973 0.16656359676029237
2578 0.26815393562579865
3278 0.314986118943504
3527 0.2706279978364849
4506 0.25743203549761445
4872 0.07618868286972907
4941 0.056428691958451044
5313 0.2619518104267496
5540 0.2605070577268017
5953 0.2388333711779315
6066 0.07596868268681745
6209 0.08765349824322254
6409 0.07844874343432726
6621 0.2536060685536333
6712 0.15926730713790338
6825 0.1529738985257063
7493 0.22023470685824856
8532 0.23025552407366312
9082 0.23176248716984743
9448 0.17524411786082472
9795 0.1454016985964996
10144 0.12815224772662995
10959 0.08625916747835059
11067 0.1710170402158412
11893 0.0187078813426642
