220
25 0.04789903695299714
272 0.09488914283601257
336 0.04521682085628022
337 0.030205917707109942
373 0.029102994599790964
423 0.05910754065167121
456 0.019339211937646827
503 0.05570009936761107
513 0.04212198082053603
668 0.0760931004828064
943 0.04668403242197321
952 0.027925098877327536
971 0.09488914283601257
1023 0.03231513032280936
1057 0.18085493877394343
1059 0.04521682085628022
1205 0.019547008779567204
1226 0.06850556182827432
1232 0.04105802510612965
1347 0.029316518359872788
1413 0.07576658973737843
1521 0.09579807390599428
1524 0.014674444098391371
1616 0.07306761342971148
1664 0.02868577772594357
1704 0.04970951947506813
1764 0.0854911216594095
1771 0.0854911216594095
2080 0.057709487099485646
2102 0.04521682085628022
2152 0.10854314215301061
2246 0.04877408110720918
2278 0.048661459635676134
2333 0.050714310825576335
2356 0.013962549438663768
2373 0.013253226930970802
2381 0.038931479821344754
2405 0.04789903695299714
2496 0.09488914283601257
2596 0.03204926928417698
2627 0.03960393888371303
2656 0.022326089153889533
2666 0.03497638725853447
2694 0.04080458822171185
2797 0.12022466400435886
2812 0.04556900893139178
2851 0.03983571339166522
2895 0.023605504630494836
3131 0.07999363169011336
3276 0.14770120370480494
3278 0.31035078641406266
3280 0.04707705931876058
3308 0.04212198082053603
3452 0.09846746913653663
3518 0.05427157107650531
3527 0.07999363169011336
3540 0.05570009936761107
3561 0.03871453953647588
3591 0.016936121386037704
3597 0.03128160322460595
3605 0.03599375021731069
3653 0.05361005068237509
3670 0.030205917707109942
3725 0.062315561284289556
3759 0.02219817803025452
3795 0.24616867284134156
3819 0.030205917707109942
3820 0.038931479821344754
3830 0.03530709825241573
3973 0.0854911216594095
4054 0.13339015861240663
4078 0.03314550070169377
4105 0.018833239848541947
4124 0.09186117957461096
4336 0.06237733122504896
4410 0.014821420914836682
4430 0.14613522685942296
4487 0.0854911216594095
4504 0.056475080495363664
4634 0.170982243318819
4699 0.05482441032393444
4790 0.03465355108906257
4905 0.03314550070169377
4907 0.030205917707109942
5035 0.03599375021731069
5041 0.0393760599306061
5065 0.07059561051351028
5135 0.06509812054421416
5139 0.04970951947506813
5224 0.017874644381038984
5249 0.15071615256862994
5365 0.07059561051351028
5634 0.05910754065167121
5684 0.05570009936761107
5802 0.012641946440718288
5842 0.08076087709664687
5845 0.026420778503074043
5953 0.07059561051351028
5998 0.03055508237301159
6008 0.010440010022447073
6162 0.0621687242766517
6180 0.10499222678151288
6258 0.021698269661530517
6281 0.05737155545188714
6297 0.050714310825576335
6306 0.09488914283601257
6368 0.05910754065167121
6384 0.03960393888371303
6410 0.01873427241244677
6584 0.019083865811721175
6585 0.09043364171256044
6711 0.0760931004828064
6790 0.0854911216594095
6825 0.09043364171256044
6828 0.030673497785492564
6872 0.037879908164927346
6998 0.04327659113791306
7016 0.04521682085628022
7025 0.04452396550584694
7026 0.09186117957461096
7165 0.09488914283601257
7201 0.11425139670763998
7208 0.03055508237301159
7231 0.04080458822171185
7262 0.027240290840788838
7272 0.03077445068406704
7282 0.0206934783110223
7356 0.04327659113791306
7418 0.041316289648973256
7467 0.037879908164927346
7488 0.03850101577639405
7493 0.06509812054421416
7537 0.06417278400245653
7542 0.015542181069162926
7552 0.01873427241244677
7586 0.06237733122504896
7634 0.06237733122504896
7654 0.0854911216594095
7660 0.024862503015672114
7861 0.027887990068767028
7898 0.0760931004828064
7952 0.022195039251350395
8108 0.06237733122504896
8156 0.023819028390576667
8291 0.08111160363749573
8337 0.08842405901154402
8376 0.03871453953647588
8532 0.20418037750652282
8692 0.06669507930620332
8754 0.027600520391215817
8890 0.01630341817288444
8942 0.013620145420394419
8944 0.037286011245370114
9117 0.08014303792419131
9151 0.06745750198888233
9269 0.06669507930620332
9273 0.019758039943163355
9385 0.11015112165660092
9423 0.049233734568268316
9445 0.008315621567367133
9493 0.0854911216594095
9498 0.12239517867381439
9578 0.07124243857527203
9584 0.028583449100256588
9702 0.09846746913653663
9803 0.09488914283601257
9814 0.03599375021731069
9849 0.026334142562640793
9865 0.028583449100256588
9866 0.04707705931876058
9923 0.025335521168346288
10023 0.050714310825576335
10086 0.05817210228381227
10116 0.03328897800401962
10127 0.04105802510612965
10141 0.029533458644741665
10211 0.05237661177931268
10312 0.026077507546696042
10392 0.014674444098391371
10476 0.06898994116972842
10499 0.08655318227582612
10500 0.05496703010799486
10628 0.031788521276074
10645 0.050714310825576335
10672 0.056475080495363664
10726 0.05570009936761107
10749 0.015738399812797753
10951 0.04548809388898817
10959 0.025496933533566312
10981 0.026420778503074043
11036 0.03245901668285819
11045 0.05237661177931268
11067 0.03370007103755026
11084 0.03547552872329913
11101 0.12767307388948068
11125 0.03635057287751118
11212 0.05237661177931268
11319 0.016999560608159818
11332 0.012863961576320384
11507 0.07306761342971148
11510 0.04832950099794783
11605 0.04877408110720918
11634 0.017197707864104513
11780 0.039151947744725954
11866 0.09488914283601257
11893 0.0027648864526049984
11936 0.09488914283601257
11945 0.03128160322460595
11957 0.02226198275292347
11977 0.01737494540158251
12006 0.014349458348487594
12021 0.020135437468138576
12029 0.02942455461710929
12150 0.07306761342971148
12159 0.0445387556418595
12186 0.020355905391519782
12191 0.052979310048445874
12265 0.017325993956223317
12268 0.06850556182827432
12286 0.03372875099444116
