171
26 0.07675137187458202
41 0.04987778267171305
76 0.0330925168556366
230 0.09506140642322261
274 0.11455191365174748
362 0.0515325283593466
374 0.07411722584396017
547 0.05803332448695657
626 0.07022642884731435
628 0.02815950075314041
641 0.04366627985190771
642 0.10898103032446736
665 0.08522431584940905
956 0.06379129681730962
1465 0.039338789829748484
1520 0.08270117074172414
1524 0.017715258068580125
1548 0.07135570720244394
1592 0.0647190364786659
1687 0.11455191365174748
1698 0.0330925168556366
1705 0.11455191365174748
1726 0.048959707814490064
1896 0.04432548480443313
2080 0.02322265043722857
2105 0.11152146570690041
2110 0.04366627985190771
2169 0.07022642884731435
2299 0.12121102172514556
2325 0.0691700594946267
2435 0.0655176360318122
2473 0.1030650567186932
2512 0.14775770462025772
2644 0.03097757355143183
2781 0.029553367505695725
2814 0.0691700594946267
2851 0.0480904038577313
2853 0.039672843138286305
3111 0.1990716207914043
3112 0.03776372516786312
3156 0.0805155230339069
3269 0.02946268558962445
3278 0.0374661161693655
3332 0.1455244994552442
3407 0.074932232338731
3456 0.04926004732329258
3560 0.06724218158635081
3759 0.08039414300566641
3801 0.11455191365174748
3805 0.03761424427520987
3878 0.04036212578275849
3890 0.04673690221560767
3918 0.014849085577424889
3975 0.0505197490297175
4102 0.0805155230339069
4124 0.05544825043242373
4155 0.1032064501124673
4169 0.10627648097892874
4205 0.04455125450779042
4355 0.0647190364786659
4356 0.022089254853053318
4381 0.03068264586082532
4410 0.017892691177185067
4429 0.044102786893143536
4448 0.04345231544584162
4451 0.018575740659463984
4552 0.028496998153008074
4592 0.1091731509744304
4594 0.22910382730349496
4604 0.11455191365174748
4624 0.024515690582226787
4772 0.02734500217593228
4782 0.04926004732329258
4790 0.041834402476804235
4827 0.020497807083927816
4861 0.01627703673405413
4915 0.06122324621099324
4972 0.025973853045323167
4995 0.04524787214856941
5017 0.07387885231012886
5018 0.0961808077154626
5249 0.22743412969809365
5250 0.0508504278317008
5262 0.22910382730349496
5298 0.09656977938868926
5310 0.04036212578275849
5312 0.03158386671554523
5401 0.03619003822947377
5509 0.11455191365174748
5561 0.11455191365174748
5802 0.01526158961694792
5883 0.22910382730349496
6013 0.028411969161871144
6023 0.05019561875512089
6063 0.04781060142061265
6162 0.03752561211078574
6409 0.02799332629046829
6452 0.018904521607194514
6456 0.11455191365174748
6644 0.09656977938868926
6657 0.08227395654654181
6923 0.03761424427520987
6925 0.07387885231012886
6982 0.03378422727287869
7016 0.0545865754872152
7075 0.11455191365174748
7121 0.0428267089532518
7208 0.03688665587025275
7220 0.027030222398010815
7254 0.04262337659951453
7312 0.05598665258093658
7364 0.09656977938868926
7482 0.035133668876786116
7483 0.01802703976168971
7501 0.0691700594946267
7536 0.03402144945387777
7588 0.07256870975027344
7589 0.1085701146884213
7733 0.0655176360318122
7766 0.05888096530803416
7952 0.026794258477092135
8006 0.06122324621099324
8224 0.02511967434205226
8312 0.035133668876786116
8324 0.022422963061457645
8455 0.07900992858484121
8456 0.11455191365174748
8532 0.12324514836186114
8719 0.044102786893143536
8723 0.03837568593729101
8786 0.08444827244385479
8787 0.11455191365174748
8867 0.04388307830593946
8880 0.18591652966426528
8980 0.07387885231012886
9077 0.0508504278317008
9330 0.048959707814490064
9338 0.0665910807339806
9385 0.04432548480443313
9616 0.0900247133221381
9658 0.027585124486988154
9675 0.02430786942797614
9700 0.11455191365174748
9873 0.11455191365174748
9922 0.0424225391842753
10004 0.02718685559315266
10105 0.03731931658460336
10116 0.0401870648200664
10192 0.044102786893143536
10312 0.03148124541397161
10318 0.05102613498604111
10468 0.07022642884731435
10490 0.03984246169228827
10619 0.02285618638403875
10951 0.018304687089295245
10959 0.09234109744996935
10981 0.06379129681730962
11194 0.04478018193161371
11217 0.039864899041908285
11237 0.042224136221927396
11332 0.046588831082288645
11497 0.03499227548301203
11634 0.020761388367281232
11768 0.07706463826486572
11828 0.03200090950444182
11893 0.01335128655226889
11929 0.021917259813532153
12051 0.027747185652328876
12204 0.013061706763443136
12232 0.047264949427380056
12346 0.11455191365174748
