195
26 0.03070329272713869
76 0.026476379699288993
105 0.03201394622270934
106 0.032721989225772956
210 0.02181453989091564
374 0.014824770070098185
435 0.04932485188712424
452 0.05379855328790206
642 0.029064205577328837
682 0.03847576169512696
738 0.12299195120070601
743 0.06287573535419319
894 0.056186164479354116
1139 0.09164972172877324
1181 0.05003118234260982
1193 0.07349535759619098
1463 0.14114631533328828
1465 0.03147384470593821
1468 0.032721989225772956
1632 0.02447059163496977
1698 0.026476379699288993
1726 0.07834253403677832
1752 0.06024783108051826
1759 0.022731606870997515
1764 0.16514507932496425
1936 0.04667957982724379
1958 0.14629266714803044
1995 0.040683978224342394
2043 0.09164972172877324
2096 0.0321525253524132
2100 0.034264429401479606
2110 0.034936146152256174
2113 0.04667957982724379
2161 0.04122970741870433
2172 0.040160084142254235
2177 0.03781533912836419
2194 0.059716243422786565
2195 0.13101949048374442
2196 0.04270267472297666
2202 0.036392713196961995
2227 0.027806060594577946
2269 0.04898297461558037
2274 0.04122970741870433
2298 0.03564418915531979
2464 0.05769188086452656
2586 0.05379855328790206
2757 0.0692260298583662
2771 0.057089667910266685
2781 0.023644807159481824
2949 0.06441817552989985
3111 0.053090510284838445
3195 0.03990579254928924
3239 0.017812053015297282
3361 0.04932485188712424
3442 0.017999806848601377
3472 0.02731553113067086
3583 0.06616684997655782
3616 0.04122970741870433
3725 0.06018816990419606
3814 0.05424870202382906
3880 0.04334161146777074
3890 0.07478572720395553
3918 0.011880330216351393
4081 0.03686472316809038
4134 0.036392713196961995
4169 0.0637715879040893
4195 0.10639067174825738
4200 0.08872513012621232
4297 0.03070329272713869
4339 0.029286170307291456
4356 0.017672983330797525
4364 0.05379855328790206
4431 0.021877956990888393
4451 0.029723841498125195
4453 0.10378794428487105
4485 0.04095400027631869
4504 0.054547077329544266
4509 0.05379855328790206
4690 0.05058852626549568
4790 0.06694102653483033
4861 0.019534189866704917
4905 0.03201394622270934
4941 0.01611006526889734
5001 0.01753537500101644
5005 0.03452884354439055
5193 0.07726272854148322
5242 0.06441817552989985
5253 0.04122970741870433
5329 0.04710898241306299
5401 0.05790923656096143
5425 0.017905593452663748
5527 0.04270267472297666
5700 0.031082902075963096
5845 0.025518799361999214
5930 0.05058852626549568
5958 0.07349535759619098
6008 0.030250795343039233
6041 0.10693256746595937
6100 0.06287573535419319
6136 0.047552943761418096
6150 0.02750954365033632
6214 0.042272996576528464
6251 0.02009753560613149
6258 0.10478756141321263
6481 0.05058852626549568
6507 0.03347051326741517
6570 0.03476495932830284
6657 0.021941682691102766
6696 0.084186933895872
6747 0.024164247711327337
6791 0.02279963614373642
6826 0.09164972172877324
7006 0.053090510284838445
7025 0.02150198076888775
7121 0.034264429401479606
7215 0.04710898241306299
7220 0.043252221321695115
7229 0.037392863601977765
7262 0.013155167181158499
7312 0.02239666263964708
7328 0.04122970741870433
7408 0.04472137122161093
7459 0.03781533912836419
7483 0.014422920797073815
7537 0.007747748610383802
7620 0.058060156681871505
7817 0.16288642464828043
7835 0.02279963614373642
7844 0.04301824675323187
7952 0.010718661325990237
7986 0.029858121711393282
8070 0.07726272854148322
8098 0.019290569540192613
8171 0.0409836833789163
8324 0.03587994751732905
8326 0.020957512282642525
8327 0.05769188086452656
8402 0.040160084142254235
8415 0.07349535759619098
8473 0.024784273831099136
8569 0.12049566216103652
8582 0.03965634490147002
8657 0.053090510284838445
8723 0.03070329272713869
8753 0.027906410553451274
8774 0.1008764779700566
8819 0.04095400027631869
8828 0.029741715562242033
8923 0.04334161146777074
8942 0.0394655015434755
8985 0.04041941153822391
9076 0.5001688478957844
9338 0.037294338235231615
9433 0.02293676415641821
9445 0.00803173450484305
9616 0.07202620769627516
9849 0.025435121086538972
10113 0.07726272854148322
10392 0.05669389259701837
10526 0.08257253966248213
10538 0.18329944345754648
10619 0.018286583393503805
10695 0.04949659360451504
10749 0.015201106472126967
10808 0.08603649350646374
10848 0.030334378034320902
10879 0.06287573535419319
10881 0.028315681535686633
10890 0.04801248584397556
10951 0.029290117023559395
10987 0.041511344199204554
11080 0.017999806848601377
11103 0.021257195968029767
11125 0.035109600417225016
11142 0.03147384470593821
11262 0.05534099346360871
11300 0.023500102863364947
11332 0.037274396107789855
11656 0.08734632698916296
11677 0.15533957036780338
11818 0.07563067825672838
11892 0.06885831234317749
11893 0.013352479873847677
11929 0.01753537500101644
12029 0.056840059084771875
12051 0.022199732529337428
12072 0.036392713196961995
12089 0.027806060594577946
12122 0.3409277323759604
12152 0.07349535759619098
12204 0.010450299362189112
12224 0.06024783108051826
12263 0.04898297461558037
12265 0.016734501728048294
12286 0.032577284929656086
