336
103 0.024986349830849224
186 0.08286462324768401
194 0.07316860560987551
226 0.045234729059995135
230 0.04375490553951658
236 0.020722609745014574
344 0.0281727510102492
455 0.032268122552528894
456 0.01611901028256742
485 0.062480130882256554
493 0.019616210305178645
495 0.027626392862027716
556 0.06090101375348449
576 0.023571901726865494
587 0.09866964203656083
633 0.058840627810496975
638 0.03534120077026294
641 0.030148101454696753
656 0.05010293598189595
668 0.06342272234615352
679 0.03209015295917481
694 0.03957554984962635
711 0.016468098598539906
731 0.049265453970586674
744 0.04250280054084786
769 0.011960108168538364
845 0.12180202750696897
898 0.06667377015724166
965 0.022094088840506815
979 0.014936945475070268
983 0.0402820821266652
1034 0.07125586469289821
1046 0.1583021993985054
1059 0.037687699099494716
1061 0.053067871406739804
1119 0.03891060303117296
1184 0.01991283719332153
1215 0.03422139076821886
1232 0.03422139076821886
1242 0.03557912188681089
1356 0.0330094266589034
1363 0.03510818559501983
1373 0.061206460337119246
1382 0.06342272234615352
1413 0.1473513519393752
1450 0.057766670961882274
1465 0.054320625934450244
1471 0.03401015404569451
1509 0.06090101375348449
1514 0.06667377015724166
1536 0.017343141965414043
1542 0.03510818559501983
1545 0.06667377015724166
1575 0.0654184616574529
1592 0.044683359434930126
1684 0.029152415707792173
1698 0.022847757100869854
1805 0.05558957999940885
1820 0.048485776871083255
1895 0.03647942689582905
1979 0.03632450203853823
2003 0.053067871406739804
2049 0.11500464183277231
2094 0.03798124380144143
2105 0.025665574396771296
2163 0.07596248760288286
2167 0.023406923094383598
2169 0.048485776871083255
2181 0.02527246221709349
2278 0.02027938291283975
2356 0.011637624050986154
2392 0.031405044073610174
2405 0.03992329530591949
2414 0.06667377015724166
2445 0.058840627810496975
2479 0.058840627810496975
2541 0.025467309037371114
2558 0.05199078673202758
2575 0.038282617277943166
2578 0.022021414406005364
2622 0.033802793445869186
2630 0.009414633351298649
2644 0.042775113126935924
2656 0.018608538021164654
2662 0.07115824377362177
2675 0.026712696608633398
2726 0.0402820821266652
2733 0.14121398630129858
2781 0.020404255295192672
2819 0.037687699099494716
2828 0.017782538654993917
2851 0.06640521608056713
3039 0.04775643765266417
3046 0.05010293598189595
3082 0.034436651288406596
3196 0.07125586469289821
3226 0.044157644385282906
3243 0.05010293598189595
3278 0.10346952158216775
3372 0.06342272234615352
3407 0.05173476079108388
3484 0.03157246692273796
3513 0.0402820821266652
3520 0.02836366527530979
3521 0.05100748546375229
3627 0.06090101375348449
3670 0.025176284312158723
3709 0.03157246692273796
3736 0.07908900703964288
3765 0.020341646627472523
3791 0.030148101454696753
3826 0.031742407502881674
3830 0.05885611902007592
3918 0.010252115362607922
3933 0.017782538654993917
3955 0.0436553023235295
3975 0.03487987812058142
3985 0.03798124380144143
3988 0.03798124380144143
4030 0.06526539450671849
4033 0.026282136509282832
4048 0.012384318024213343
4105 0.0156972883771832
4106 0.03339914926578488
4131 0.045234729059995135
4169 0.03668773870441031
4230 0.034436651288406596
4289 0.028237397641937348
4317 0.03000037600971606
4336 0.05199078673202758
4451 0.012825074998304193
4468 0.06667377015724166
4547 0.02660350894166192
4592 0.1884384954974736
4624 0.004231534775870292
4645 0.04581438614818611
4723 0.05010293598189595
4789 0.05199078673202758
4790 0.028883335480941137
4856 0.07125586469289821
4861 0.011238002332792062
4872 0.056311099784751725
4907 0.050352568624317445
4941 0.013902159673016421
4945 0.0436553023235295
4988 0.08547407907538065
5001 0.015132128835070608
5005 0.044694930305975274
5011 0.058840627810496975
5035 0.03000037600971606
5051 0.024986349830849224
5128 0.0402820821266652
5249 0.21983530851527117
5312 0.021806153885817633
5337 0.024615797433175855
5341 0.05010293598189595
5365 0.058840627810496975
5389 0.01818799328615839
5511 0.05558957999940885
5522 0.05010293598189595
5589 0.06667377015724166
5802 0.02107383334198052
5839 0.041432311623842005
6013 0.019616210305178645
6066 0.03743233168114162
6079 0.01673717882539094
6150 0.023739324575993283
6162 0.03886268643341298
6180 0.02187745276975829
6209 0.04318983432658657
6214 0.018239713447914526
6258 0.0361705154187052
6294 0.03487987812058142
6297 0.04226979363515127
6360 0.014783190237709135
6384 0.1320377066356136
6398 0.024799554906614573
6436 0.018662223802027058
6452 0.013052072154969886
6585 0.037687699099494716
6621 0.062480130882256554
6630 0.027989017630040153
6638 0.02098391238338365
6640 0.07125586469289821
6657 0.01893454627122374
6699 0.03992329530591949
6772 0.0702207692831508
6817 0.0419678247667673
6952 0.015780383131111967
6998 0.036070539988682024
7017 0.1148478518338295
7025 0.018555106074729506
7072 0.057098596317331364
7098 0.06342272234615352
7176 0.04045839304290846
7208 0.025467309037371114
7220 0.05598667140608118
7230 0.029152415707792173
7245 0.05558957999940885
7256 0.032632697253359245
7262 0.034056702742994244
7282 0.017247775698043328
7312 0.019327170620480446
7381 0.058840627810496975
7418 0.034436651288406596
7484 0.026848538219059487
7507 0.016423868265685457
7537 0.02005772847411666
7552 0.0156148001597108
7660 0.020722609745014574
7745 0.03923818642035485
7766 0.08130526904867716
7786 0.14779636191176002
7791 0.05558957999940885
7869 0.053067871406739804
7952 0.09249654718816754
7959 0.058840627810496975
7999 0.06342272234615352
8036 0.03244893977992053
8046 0.07908900703964288
8061 0.08634868623401525
8079 0.058840627810496975
8103 0.04581438614818611
8252 0.040663242650169844
8312 0.024257010612430137
8324 0.007740638400894242
8352 0.02527246221709349
8361 0.03740158671325045
8416 0.06342272234615352
8455 0.027275043248275156
8514 0.03157246692273796
8532 0.2552729874777881
8633 0.024434980205784218
8641 0.06667377015724166
8662 0.03712253955738213
8776 0.024081800348992884
8786 0.029152415707792173
8838 0.0402820821266652
8890 0.013588711164499364
8905 0.029568444366505773
8942 0.011352234247664746
8949 0.031742407502881674
8961 0.07669802075712061
8969 0.08148093890167536
9115 0.06418030591834963
9160 0.03029778358492487
9202 0.03320260804028356
9207 0.058840627810496975
9247 0.0973468193397616
9268 0.037687699099494716
9273 0.016468098598539906
9330 0.033802793445869186
9338 0.07815895766900346
9373 0.05010293598189595
9431 0.06667377015724166
9433 0.01979325051528304
9513 0.04775643765266417
9546 0.04600943134856131
9563 0.020787371157882335
9578 0.01979325051528304
9591 0.06090101375348449
9592 0.13334754031448331
9616 0.031077460684428286
9625 0.02316388500440966
9658 0.01904533966471672
9675 0.03356531017286235
9695 0.06667377015724166
9696 0.12684544469230705
9795 0.035822159976784826
9861 0.05199078673202758
9865 0.023823975425874586
9898 0.013183861819049911
9966 0.03859224858135107
9972 0.1111791599988177
10005 0.04271302046732609
10135 0.03359916927709732
10273 0.05558957999940885
10283 0.06667377015724166
10284 0.06342272234615352
10306 0.037687699099494716
10318 0.03522949744327741
10325 0.024892566424412284
10392 0.012230980045907338
10415 0.09285078185619149
10428 0.026822949537953614
10460 0.04118837955300434
10476 0.02875116045819308
10499 0.07214107997736405
10571 0.02750805842351826
10581 0.06090101375348449
10597 0.01915723004033673
10618 0.033802793445869186
10630 0.041432311623842005
10632 0.05425853327484042
10645 0.04226979363515127
10647 0.11195607052016061
10749 0.01311777487270831
10760 0.021949204348057503
10816 0.025080918044788007
10845 0.06315057940258938
10852 0.1002058719637919
10855 0.053067871406739804
10876 0.11306309729848416
10951 0.006318967007678825
10981 0.022021414406005364
11036 0.009018072114484892
11084 0.029568444366505773
11095 0.03557912188681089
11106 0.020155875283295474
11144 0.044683359434930126
11145 0.025467309037371114
11212 0.0436553023235295
11300 0.02027938291283975
11318 0.044683359434930126
11319 0.007084468930935098
11332 0.010721963727984828
11497 0.036239084539730564
11629 0.014370842033552808
11634 0.014334091316226706
11667 0.1002058719637919
11678 0.05558957999940885
11893 0.018436007962832932
11908 0.054320625934450244
11930 0.01938439016357682
11957 0.018555106074729506
11960 0.027160312967225122
11965 0.025566006919040204
12002 0.053067871406739804
12030 0.024892566424412284
12180 0.06949165501322897
12186 0.016966412559869897
12200 0.032819492177593904
12201 0.04226979363515127
12204 0.009018072114484892
12209 0.04707132876709953
12265 0.014441016295622998
