309
26 0.0257205439296409
57 0.03983571370891462
104 0.04592706960890756
236 0.020116604212626083
344 0.009116291957232698
352 0.027051915918468002
374 0.012418900904975357
433 0.0615680080464667
478 0.03223164133243543
499 0.19417194968980786
566 0.04022067803267558
607 0.0615680080464667
650 0.05542882278563396
705 0.04237866028607977
836 0.04191176610049839
852 0.07677615279942507
947 0.057119910853456766
965 0.02144797620145318
996 0.04569478951838823
1064 0.24389315812343879
1082 0.0615680080464667
1094 0.06917208042294588
1219 0.07677615279942507
1224 0.04103366898140277
1225 0.07677615279942507
1305 0.06472398322993596
1413 0.0204346078554051
1418 0.07677615279942507
1463 0.059120043512921126
1465 0.052732090501696555
1483 0.057119910853456766
1543 0.02144797620145318
1595 0.028038680231884293
1628 0.05151597113644194
1710 0.032616605656196396
1725 0.04569478951838823
1736 0.026366045250848277
1739 0.06917208042294588
1746 0.03746366890748846
1753 0.11085764557126793
1805 0.05396393566998751
1823 0.039104085487957116
1933 0.032616605656196396
1958 0.19914578490921847
1960 0.07677615279942507
1971 0.015815762351498328
1992 0.07677615279942507
2025 0.04103366898140277
2089 0.07677615279942507
2101 0.05047038438982651
2146 0.04286631201334733
2183 0.06954917581920117
2275 0.059120043512921126
2356 0.0338918910151288
2373 0.010723374092399256
2428 0.03385986184993801
2440 0.059120043512921126
2441 0.07677615279942507
2456 0.0257205439296409
2470 0.05542882278563396
2519 0.07677615279942507
2586 0.04506774128396765
2627 0.0320441092870854
2629 0.04191176610049839
2630 0.018278629503277483
2650 0.02647742039536366
2658 0.030981632071378024
2714 0.05542882278563396
2737 0.07677615279942507
2757 0.019330512396725518
2771 0.047824750409154765
2810 0.04706787394343201
2822 0.024627568955956247
2858 0.04706787394343201
2885 0.03746366890748846
2900 0.025513549911185714
2929 0.05151597113644194
2951 0.04146393422641719
2972 0.06917208042294588
3041 0.05542882278563396
3058 0.05396393566998751
3097 0.03453865714968389
3133 0.03342959660492358
3246 0.04061964409095772
3295 0.04022067803267558
3342 0.0498300366973585
3361 0.013773354658955276
3421 0.07677615279942507
3433 0.06472398322993596
3455 0.06917208042294588
3466 0.044474604537162774
3472 0.04576514477790133
3493 0.1713597325603703
3516 0.06472398322993596
3527 0.12944796645987192
3544 0.028038680231884293
3591 0.027406512578814272
3654 0.04146393422641719
3661 0.01938902110878967
3673 0.03777271349913002
3759 0.01796086103617794
3784 0.04191176610049839
3797 0.03408149277184285
3819 0.04888007382121242
3867 0.03408149277184285
3882 0.03150001311147793
3887 0.0374134129456165
3903 0.023377559694898832
3918 0.01990461140073186
4048 0.012022154892741095
4070 0.07677615279942507
4098 0.0615680080464667
4107 0.05542882278563396
4172 0.057119910853456766
4231 0.07677615279942507
4305 0.07677615279942507
4356 0.014804885852708685
4364 0.0901354825679353
4381 0.020564436086707275
4414 0.03716309236528944
4415 0.07677615279942507
4416 0.038418214820337394
4431 0.09163723234439221
4447 0.05047038438982651
4456 0.07677615279942507
4458 0.07677615279942507
4624 0.008215578186876309
4655 0.023984770026068882
4712 0.055567088278851
4767 0.06472398322993596
4787 0.029708278855993055
4790 0.028038680231884293
4795 0.03551444287073223
4836 0.07677615279942507
4861 0.021818723399328055
4882 0.03875579091702913
4883 0.1922646557225124
4972 0.01740846090323802
4995 0.03032649071659066
4999 0.06917208042294588
5005 0.043387885712248116
5224 0.014462628570749371
5292 0.04569478951838823
5293 0.0343076937240192
5601 0.05151597113644194
5667 0.03132448364665572
5702 0.049515838476977575
5744 0.059120043512921126
5778 0.06472398322993596
5961 0.07677615279942507
6008 0.03378864138739892
6022 0.06917208042294588
6055 0.019868675976870816
6079 0.01624772199106521
6125 0.025616558719731748
6136 0.03983571370891462
6139 0.07677615279942507
6150 0.06913529752958081
6156 0.034774587909600585
6162 0.01257539938646713
6174 0.05542882278563396
6214 0.035412633919980424
6251 0.016835964534127022
6252 0.030981632071378024
6266 0.05047038438982651
6281 0.02321007006737902
6294 0.03385986184993801
6452 0.012670381430086721
6463 0.04337665321614484
6475 0.07677615279942507
6481 0.04237866028607977
6585 0.07317114357678567
6691 0.06917208042294588
6695 0.04569478951838823
6706 0.06917208042294588
6831 0.05542882278563396
6891 0.07677615279942507
6982 0.02264320963854513
6988 0.06917208042294588
7042 0.03223267778739469
7060 0.07677615279942507
7102 0.023984770026068882
7262 0.02204050610413405
7312 0.01876197287436909
7314 0.07677615279942507
7376 0.06065298143318132
7391 0.15355230559885014
7467 0.030649171553006123
7483 0.012082266591132472
7507 0.015943573787591567
7522 0.07677615279942507
7533 0.07677615279942507
7537 0.032451944203536545
7542 0.03772619815940138
7556 0.07677615279942507
7576 0.07677615279942507
7618 0.059120043512921126
7635 0.057119910853456766
7817 0.027290411344090854
7822 0.06472398322993596
7833 0.01665158443751526
7854 0.02843286721907881
7911 0.025012533279717204
7952 0.044895803513997745
7966 0.04022067803267558
7986 0.025012533279717204
7990 0.04061964409095772
8045 0.0316783968387094
8092 0.017756755474166008
8119 0.04061964409095772
8169 0.026934584773204703
8171 0.01716627982076609
8187 0.06917208042294588
8192 0.052671813660446834
8193 0.04061964409095772
8200 0.0343076937240192
8239 0.03385986184993801
8252 0.013158033157354268
8324 0.0075142735871530945
8326 0.017556378076845118
8337 0.035772580839665655
8343 0.04706787394343201
8347 0.07677615279942507
8438 0.0316783968387094
8461 0.046359863293508316
8515 0.039013966157571
8682 0.03132448364665572
8722 0.03875579091702913
8817 0.03746366890748846
8833 0.03875579091702913
8881 0.052671813660446834
8939 0.04391189875996276
8975 0.04706787394343201
9027 0.016882547863179956
9076 0.07618143428381809
9099 0.018597001983517006
9176 0.06472398322993596
9230 0.02491501834867925
9357 0.047824750409154765
9433 0.01921442287417965
9444 0.02614663078667561
9549 0.029123054376035403
9563 0.020179471762946315
9582 0.022882572388950664
9602 0.036036939595558
9614 0.09419058465628302
9615 0.057119910853456766
9620 0.032616605656196396
9628 0.032616605656196396
9897 0.06472398322993596
9898 0.012798317078358563
9920 0.036585571788392834
10004 0.03644290370393041
10058 0.06917208042294588
10103 0.03408149277184285
10138 0.0615680080464667
10196 0.07677615279942507
10212 0.07677615279942507
10238 0.06917208042294588
10242 0.059120043512921126
10318 0.013679702805707319
10378 0.05151597113644194
10380 0.06472398322993596
10392 0.011873301082419824
10413 0.05542882278563396
10416 0.07677615279942507
10475 0.06917208042294588
10484 0.06472398322993596
10711 0.07677615279942507
10736 0.06917208042294588
10760 0.021307328665886322
10806 0.07677615279942507
10848 0.050822998675998675
10944 0.09271972658701663
10951 0.01226835421698742
10959 0.04125986190586464
10960 0.069050046576165
10979 0.02296353480445378
10990 0.046359863293508316
11026 0.05047038438982651
11071 0.02614663078667561
11103 0.01780742696152015
11142 0.026366045250848277
11154 0.05971919306201853
11195 0.07677615279942507
11250 0.07677615279942507
11294 0.07677615279942507
11319 0.0068772929323997825
11452 0.07677615279942507
11502 0.05542882278563396
11680 0.06472398322993596
11686 0.07677615279942507
11836 0.07677615279942507
11892 0.028841747744830254
11893 0.013422653324529616
11921 0.029708278855993055
11923 0.057119910853456766
11929 0.044068828745300666
11977 0.014058315031246023
11988 0.04706787394343201
12046 0.09903167695395515
12051 0.018597001983517006
12052 0.027051915918468002
12064 0.04112887217341455
12159 0.036036939595558
12177 0.053845521366786366
12180 0.022486487580194777
12223 0.03983571370891462
12265 0.021028061582616598
