189
103 0.06608687161686713
192 0.06515156783086996
194 0.048381258947984965
212 0.08817336102358529
226 0.23928438945658226
313 0.1151217188254739
344 0.02483821488816244
435 0.01876341523258172
479 0.036692934345389665
547 0.026493760800631087
576 0.031172885470158784
587 0.026097321176947623
641 0.039869643301578495
678 0.08306379802832486
697 0.18846599098258
769 0.06326703487375088
862 0.047373355921355755
1043 0.31377602710588093
1075 0.17634672204717058
1113 0.04443354074286266
1298 0.07781434747958164
1308 0.034208563052179605
1413 0.02783802797502531
1450 0.03819704151902896
1816 0.09410389577878663
1895 0.07236384720783784
1905 0.031962610936276614
1964 0.067455333935578
1995 0.04642915371445358
2041 0.04770182842873616
2049 0.03802224540398132
2080 0.06361055665307143
2356 0.030780573064470997
2389 0.08387398194728635
2416 0.12279139893574659
2442 0.08387398194728635
2630 0.012450471353742406
2656 0.024609037964880325
2662 0.04705194788939331
2675 0.035326459512215136
2679 0.03591841401985871
2705 0.029218537773202314
2777 0.08387398194728635
2851 0.04390910456625114
2895 0.026019279759563394
2957 0.039869643301578495
3022 0.067455333935578
3082 0.04554107678829372
3133 0.09108215357658744
3278 0.06841712610435921
3389 0.05189091255816609
3390 0.04470282546013463
3442 0.02054164404463659
3520 0.037509798716555506
3548 0.0402681975198843
3591 0.03733584071030317
3605 0.07934856476571076
3641 0.10459200903529364
3732 0.05709632039157435
3759 0.07340414196131657
3765 0.026901003913058653
3784 0.05709632039157435
3805 0.034343811916130985
3819 0.033294616468411746
3891 0.04865674872968838
3918 0.013558007399173467
3955 0.057732369465359396
3983 0.06412047644044451
4030 0.04315542062955156
4033 0.0347570612167107
4067 0.07175471301187694
4092 0.10459200903529364
4209 0.06058767038958579
4356 0.02016866824413991
4414 0.10125442212777591
4451 0.016960642323257162
4624 0.016788100144782773
4655 0.032674407245042655
4676 0.028284177448426286
4712 0.03784947009854644
4760 0.0735149684032827
4803 0.0844124385863205
4829 0.08387398194728635
4861 0.022292704489402817
4872 0.049646099400572845
4878 0.10459200903529364
4907 0.06658923293682349
4921 0.08387398194728635
4941 0.018385043188130966
4972 0.04743102730971073
5001 0.020011627596330978
5051 0.033043435808433566
5249 0.20765949507081216
5250 0.18571661485781432
5312 0.02883775545578957
5627 0.03342180785288432
5802 0.013934645596244999
5803 0.05909193336316526
6063 0.043653630012415394
6066 0.024751371397567563
6146 0.04770182842873616
6155 0.037342814884732504
6214 0.024121282402612614
6280 0.029708578313300087
6294 0.04612722632500844
6452 0.0690433474820411
6657 0.025040170673610234
6791 0.026019279759563394
6817 0.055500748732338186
7272 0.016960642323257162
7312 0.02555940047585506
7318 0.07781434747958164
7396 0.03873404171274736
7484 0.023670736360656988
7536 0.062126797104266225
7537 0.035367378203660725
7542 0.03426288602107829
7655 0.05909193336316526
7660 0.027404812208592057
7681 0.06625910387630102
7818 0.08680489870487443
7869 0.14036022181629842
7952 0.06116146896615512
7974 0.07175471301187694
8112 0.03173268490166039
8200 0.046737306847570693
8252 0.017925163904422635
8272 0.057732369465359396
8352 0.03342180785288432
8412 0.035326459512215136
8524 0.07175471301187694
8532 0.07501959743311101
8716 0.04390910456625114
8880 0.12731378331381524
8942 0.030025740148877267
8961 0.0676200176677476
8969 0.03591841401985871
9115 0.04243792777127175
9247 0.2145620440616972
9287 0.04443354074286266
9427 0.17634672204717058
9438 0.04109868324772918
9445 0.027497800278728734
9470 0.036692934345389665
9485 0.04497705145616494
9563 0.027490456554542794
9582 0.031172885470158784
9627 0.05839669649927177
9720 0.04984045586459267
9772 0.05909193336316526
9972 0.0735149684032827
10023 0.05590009033229736
10126 0.08817336102358529
10191 0.04416902237787745
10298 0.031962610936276614
10392 0.01617497580707789
10428 0.03547226454645773
10460 0.02723498200070705
10499 0.04770182842873616
10508 0.04497705145616494
10647 0.07402868475470421
10876 0.04984045586459267
10925 0.03342180785288432
10951 0.008356577975869481
10981 0.14561214388292684
11084 0.03910307027613826
11106 0.026655328833348455
11189 0.040471532594849126
11212 0.057732369465359396
11244 0.04175330895220744
11319 0.00936892326974354
11365 0.10459200903529364
11417 0.07551058137487361
11629 0.019004856630261215
11634 0.018956255294848085
11893 0.0060952184873709426
11908 0.07183682803971742
11929 0.06003488278899293
11930 0.02563507100444738
12002 0.14036022181629842
12030 0.16459705525628593
12078 0.06392522187255323
12124 0.05022865684558215
12177 0.01833841320500234
12180 0.09189989963305491
12200 0.043402449352437214
12265 0.009548829625042181
12274 0.12525992685662232
12340 0.054792554286866316
