53
110 0.11641116553262446
706 0.11280503557227906
965 0.08102720731158326
979 0.05477931162254579
1462 0.1946195405069129
1580 0.2902763997451197
1735 0.2094017017132029
1736 0.09960692768683331
1995 0.12875472046286743
2080 0.058800407252192884
2961 0.2233465748468483
3782 0.20386757994373217
3887 0.0706711052479848
3918 0.03759830436389448
4081 0.05833386180027617
4473 0.11641116553262446
4624 0.01551860536117728
4778 0.15664446673015825
4893 0.13716547182704208
5571 0.13321540337841561
5703 0.2094017017132029
6534 0.13716547182704208
6616 0.09960692768683331
6923 0.09524032960166096
7507 0.06023240824405514
7552 0.05726525582490632
7861 0.08524552491664203
8400 0.29004868296353836
8515 0.07369442912013341
8562 0.18067466737326748
8571 0.11833915734174981
8723 0.0971683214107863
9470 0.1017547839372371
9579 0.2393523756124645
9906 0.1262919554277675
9949 0.12176626175381963
10177 0.23259461428366757
10226 0.12105779407493843
10318 0.02583992318873876
10392 0.04485553411854746
10760 0.08049586221332329
10831 0.17514054560379674
10960 0.06521515580596277
11056 0.12791743239022288
11106 0.07391906029325698
11249 0.11768647692392595
11611 0.13716547182704208
11893 0.008451458724922221
11922 0.24451741077781183
12105 0.08156545318827683
12157 0.09677548102894754
12265 0.05296055563197218
12275 0.07843609175586982
