221
141 0.05551067971091104
193 0.0756871008084211
204 0.19666846792530399
210 0.022199905040001664
338 0.044444672554378624
347 0.03437911045939438
368 0.06131214023040421
390 0.071745733066902
450 0.025303115988892868
587 0.023271996095041488
590 0.04479084646442954
628 0.02292761139707745
769 0.028208837576543022
875 0.09326876154599209
952 0.013724116956345988
1042 0.09326876154599209
1044 0.09326876154599209
1184 0.14089788708237053
1233 0.0786276146702794
1347 0.02881589272010938
1374 0.029917920769113628
1413 0.04964850406950601
1450 0.03406178722504993
1524 0.01442385489558259
1536 0.02045256898496263
1595 0.03406178722504993
1622 0.0476844396202687
1728 0.08403122635569518
1818 0.07368210383142872
1895 0.021509885481152284
1918 0.08391610312197786
1971 0.019213212874623523
2049 0.03390591473226663
2080 0.03781600458776376
2088 0.0673357216618317
2163 0.08958169292885908
2190 0.07181986906013099
2194 0.030385580900643996
2232 0.06555615597510132
2243 0.0312456823002579
2266 0.041591542230538035
2294 0.05334479867953714
2307 0.06258233386983406
2356 0.013724116956345988
2419 0.03406178722504993
2454 0.04479084646442954
2630 0.022205138892313576
2644 0.05044420173766083
2662 0.08391610312197786
3185 0.13111231195020265
3191 0.05091500909938863
3198 0.06939007947998248
3243 0.05908581943009132
3270 0.023482981180395088
3278 0.03050510588307123
3287 0.057178722184418294
3332 0.023697360272922817
3622 0.07479369116539825
3695 0.10538914957223801
3709 0.03723304918165864
3732 0.05091500909938863
3749 0.03703560933031718
3791 0.03555331127413262
3908 0.06939007947998248
3955 0.05148219879142704
4025 0.02163271534796324
4030 0.038483366685847044
4101 0.02045256898496263
4105 0.018511632670218235
4114 0.06398646779456671
4131 0.05334479867953714
4169 0.06489814604388972
4261 0.1346714433236634
4381 0.02498196921522823
4514 0.04708108559450747
4530 0.05474893260426979
4592 0.044444672554378624
4772 0.022264442435901255
4789 0.06131214023040421
4790 0.06812357445009987
4934 0.09969656847958878
4972 0.06344413713104123
4988 0.03359953465951344
5001 0.03569029297065264
5028 0.1346714433236634
5249 0.03703560933031718
5250 0.0414026817776713
5312 0.051431495808060584
5313 0.03805342791040631
5342 0.05908581943009132
5631 0.06555615597510132
5769 0.03805342791040631
5802 0.012426065330722566
5842 0.019845439538825692
5852 0.09326876154599209
5930 0.05148219879142704
5931 0.06015254428968555
5979 0.07479369116539825
6013 0.06939951745023201
6055 0.0241367499458142
6057 0.01721041003840316
6063 0.03892763936555648
6066 0.022071760339138578
6114 0.032579489168865355
6251 0.02045256898496263
6281 0.02819592297409767
6384 0.03892763936555648
6391 0.09326876154599209
6412 0.056318620784804395
6545 0.06131214023040421
6644 0.1572552293405588
6791 0.023202403528497853
6867 0.05228313031189378
6982 0.02750729286905856
7002 0.1513742016168422
7026 0.04514625275878392
7042 0.01957835752981246
7140 0.09326876154599209
7158 0.08403122635569518
7176 0.031808080157601074
7230 0.03437911045939438
7272 0.030248928557839182
7325 0.09326876154599209
7396 0.034540651179189794
7484 0.010554058027966452
7507 0.038736960047233406
7537 0.007884616603623712
7542 0.015276773893400935
7554 0.025141575269097462
7561 0.023482981180395088
7785 0.09326876154599209
7818 0.03870365180382444
7835 0.023202403528497853
7869 0.1877470016095022
8043 0.09588237398824274
8166 0.06564547319744742
8252 0.01598456567853349
8258 0.044444672554378624
8269 0.18653752309198418
8312 0.028606015213913625
8483 0.02881589272010938
8495 0.08335494781818341
8610 0.09326876154599209
8641 0.0786276146702794
8722 0.04708108559450747
8786 0.03437911045939438
8890 0.01602501167682854
8905 0.03486972829894329
8942 0.0133875600249851
8949 0.03743345816439459
8961 0.030149699588716845
8962 0.0414026817776713
9232 0.03784355040421055
9247 0.03826666359885723
9338 0.05421880291715928
9433 0.0700258619357053
9441 0.18653752309198418
9485 0.2807545000998996
9486 0.09326876154599209
9546 0.02712919811450344
9575 0.016229103662547466
9625 0.027316904685276245
9818 0.04839299114970748
9875 0.05402838165472646
9898 0.031095154947132535
9913 0.06939007947998248
9919 0.04195805156098893
9921 0.03486972829894329
9923 0.024902877314190556
9939 0.06555615597510132
9946 0.057178722184418294
10031 0.08403122635569518
10105 0.030385580900643996
10108 0.05809818647153477
10110 0.17950752461468175
10114 0.0786276146702794
10116 0.03272051637069201
10135 0.03962311609094092
10199 0.08403122635569518
10318 0.008309148690601682
10392 0.02884770979116518
10428 0.03163199764490141
10508 0.04010778572855709
10631 0.05809818647153477
10643 0.038483366685847044
10665 0.0786276146702794
10697 0.08403122635569518
10749 0.015469641893510903
10815 0.11263724156960879
10831 0.1689558623544132
10876 0.08888934510875725
10899 0.04345703959582208
10951 0.007451885528930377
10979 0.02789642843299291
10987 0.04224466360113013
10988 0.015784156695797535
11033 0.07181986906013099
11067 0.016562294672195985
11189 0.036090039361573796
11244 0.03723304918165864
11348 0.09326876154599209
11583 0.0786276146702794
11783 0.05148219879142704
11828 0.05211061260658609
11893 0.02717671669723306
11904 0.12797293558913342
11908 0.1281193859159153
11929 0.01784514648532632
11965 0.030149699588716845
12010 0.05809818647153477
12027 0.07479369116539825
12030 0.02935551891481633
12052 0.03286305191344146
12060 0.0786276146702794
12078 0.028502303046850863
12137 0.03163199764490141
12157 0.031119359589446064
12180 0.027316904685276245
12204 0.010634909314626415
12265 0.02554518805659915
12291 0.03390591473226663
