340
83 0.058869116841197305
110 0.04725429148886371
140 0.0530385951378068
193 0.02388598662085423
210 0.07006037080372823
220 0.025472352315572124
330 0.017733139477457742
336 0.028052464492972592
343 0.015970750194447193
344 0.013980071593085027
352 0.062227228413343876
430 0.03796691517490148
456 0.023996050404660817
479 0.10326222142344668
548 0.03286830400394666
587 0.029377507206875868
593 0.019407071243037973
663 0.04962795858168251
677 0.019178686225458208
679 0.02388598662085423
706 0.06868570563598848
742 0.03455627861877719
744 0.015818268712509652
769 0.02670716316570242
777 0.03667025133562975
861 0.058869116841197305
862 0.026663868976384737
879 0.0530385951378068
932 0.029983567730629424
938 0.009498558905688426
978 0.03503707603348495
979 0.011118167003686731
992 0.029983567730629424
1029 0.018668732231307907
1095 0.026663868976384737
1122 0.019407071243037973
1184 0.014821922581298828
1351 0.04962795858168251
1391 0.0530385951378068
1572 0.0317930125392914
1580 0.7069840187477369
1596 0.025962490835900888
1698 0.0170065010634944
1734 0.025160773556384217
1742 0.0341294270172113
1759 0.014601131303345729
1770 0.03286830400394666
1883 0.03410148327963478
1885 0.04137755173102577
1924 0.043797436878292
1926 0.03213639347151097
1942 0.047208073434416284
1978 0.04250077303902027
2080 0.04773720065847667
2081 0.03503707603348495
2084 0.0317930125392914
2110 0.022440439872853758
2129 0.019802057642315858
2238 0.03950054298685384
2240 0.03950054298685384
2295 0.04137755173102577
2318 0.029206554330094437
2326 0.0721798128614591
2356 0.017324699744125788
2381 0.024153046027238913
2382 0.029202262606691457
2464 0.018528534573477036
2522 0.0530385951378068
2566 0.030544553214447354
2609 0.030544553214447354
2625 0.05407556460111229
2630 0.028030755298107522
2644 0.015919615296869416
2701 0.034246663237254525
2781 0.015187704764433721
2821 0.04962795858168251
2859 0.0530385951378068
2900 0.019562847264294785
2901 0.06479571411817331
2961 0.04533106469024435
3112 0.019407071243037973
3132 0.053327737952769474
3133 0.02563257934570637
3195 0.02563257934570637
3201 0.02763179360122822
3233 0.03796691517490148
3239 0.022882335273036337
3269 0.015141102624474602
3279 0.0311456420626529
3280 0.029206554330094437
3342 0.019103915379828165
3389 0.058413108660188874
3442 0.02312353409266552
3472 0.01754551092331341
3544 0.021499023882532
3597 0.038814142486075946
3599 0.04166669454598845
3604 0.024860325020119985
3669 0.04137755173102577
3673 0.02896272088806731
3721 0.029823775535448217
3757 0.043797436878292
3759 0.013771724531047162
3765 0.015141102624474602
3791 0.022440439872853758
3793 0.04250077303902027
3874 0.02849528593009696
3887 0.02868722250094244
3897 0.02457023886859374
3918 0.007631060241384526
3930 0.058869116841197305
3949 0.058869116841197305
3985 0.028270961576244275
4033 0.019562847264294785
4048 0.009218144114523113
4057 0.03608990643072955
4101 0.012909195461812715
4191 0.027839499580072813
4223 0.058869116841197305
4272 0.0372936227524874
4356 0.03405551815134282
4366 0.0530385951378068
4381 0.01576804966933392
4388 0.04533106469024435
4399 0.04962795858168251
4410 0.07356154211201862
4414 0.02849528593009696
4421 0.03608990643072955
4431 0.02810561738866586
4502 0.020388181774339494
4547 0.019802057642315858
4599 0.058869116841197305
4624 0.012598803523399132
4645 0.03410148327963478
4683 0.028270961576244275
4699 0.0170065010634944
4701 0.047208073434416284
4800 0.030544553214447354
4803 0.023755570601534444
4827 0.021067964065280557
4893 0.2505554962206553
4907 0.01873971716520323
4909 0.058869116841197305
5001 0.011263449799051176
5043 0.04250077303902027
5086 0.04962795858168251
5155 0.02945766744782237
5191 0.04962795858168251
5224 0.011089409147480217
5283 0.058869116841197305
5323 0.03025938472733904
5570 0.058869116841197305
5571 0.05407556460111229
5654 0.03796691517490148
5684 0.03455627861877719
5769 0.02401845651999066
5793 0.03667025133562975
5833 0.025315120359262387
5842 0.0501039567636995
6008 0.006476970404262681
6010 0.016178456173291788
6031 0.038698825707337174
6068 0.014514412342019637
6079 0.012458152817243943
6119 0.03776701961533266
6122 0.02233048190516013
6150 0.07068052183256066
6162 0.028927054644454577
6178 0.05526358720245644
6180 0.016284264672144905
6202 0.04250077303902027
6209 0.016073962099747582
6251 0.012909195461812715
6252 0.023755570601534444
6263 0.03213639347151097
6360 0.01100372081992542
6409 0.014385987484917054
6410 0.023245442810862535
6452 0.01943036053861499
6500 0.04533106469024435
6534 0.027839499580072813
6560 0.06939659755403038
6570 0.02233048190516013
6574 0.0530385951378068
6616 0.08086603675323026
6626 0.03950054298685384
6729 0.02896272088806731
6847 0.04137755173102577
6877 0.02971650832424474
6923 0.057990755558981116
6937 0.05943301664848948
7042 0.01235741311320963
7150 0.016073962099747582
7259 0.034246663237254525
7262 0.008449922806584716
7282 0.025676421055834786
7396 0.06540381569351311
7492 0.03667025133562975
7507 0.024449886428146404
7536 0.03496777346026757
7537 0.01990636128937489
7542 0.038569406192606105
7552 0.0348681642162938
7616 0.03286830400394666
7660 0.015424668737114358
7872 0.03503707603348495
7911 0.019178686225458208
7952 0.006884888618083404
7971 0.027231162420563722
7986 0.038357372450916416
8039 0.03213639347151097
8112 0.03572118276321431
8113 0.050630240718524774
8119 0.0311456420626529
8128 0.0317930125392914
8139 0.0372936227524874
8156 0.044331894781427565
8159 0.043797436878292
8166 0.013811308908791092
8223 0.03410148327963478
8224 0.012909195461812715
8337 0.02742909307611495
8374 0.026848748171214746
8398 0.03667025133562975
8473 0.015919615296869416
8483 0.018187934816600144
8492 0.043797436878292
8534 0.03455627861877719
8556 0.01373232556090427
8708 0.01576804966933392
8711 0.03503707603348495
8716 0.02471403151105684
8723 0.03944312525710501
8736 0.058869116841197305
8753 0.01792504889814393
8777 0.02630587176812045
8847 0.047208073434416284
8870 0.03796691517490148
8890 0.01011462218590281
8905 0.0220089778766823
8942 0.008449922806584716
8966 0.03410148327963478
8988 0.020925278950310357
9027 0.012944913837126901
9099 0.014259493902015873
9139 0.02428982407742843
9165 0.0317930125392914
9232 0.02388598662085423
9312 0.043797436878292
9338 0.03422167284108488
9416 0.0530385951378068
9433 0.044198728275873955
9444 0.020048270285249036
9470 0.020652444284689337
9549 0.02233048190516013
9563 0.015472873251542037
9579 0.07286947223228528
9582 0.052636532769940236
9599 0.06051876945467808
9604 0.03667025133562975
9616 0.023132199184676794
9641 0.029983567730629424
9642 0.058869116841197305
9656 0.014821922581298828
9663 0.028052464492972592
9720 0.028052464492972592
9754 0.043797436878292
9789 0.027231162420563722
9814 0.02233048190516013
9894 0.026663868976384737
9919 0.026482965988079855
9923 0.015718128663777486
9997 0.0530385951378068
10004 0.013971535938925342
10016 0.028725756915386674
10020 0.058869116841197305
10100 0.03286830400394666
10105 0.019178686225458208
10116 0.020652444284689337
10127 0.025472352315572124
10155 0.03367002128346333
10156 0.04250077303902027
10184 0.025160773556384217
10298 0.01799000416104892
10385 0.03455627861877719
10392 0.009104008513395077
10428 0.039930792141159265
10465 0.03025938472733904
10487 0.03950054298685384
10491 0.03503707603348495
10506 0.0403868003221677
10516 0.04962795858168251
10658 0.0372936227524874
10744 0.0530385951378068
10749 0.009764085434666177
10873 0.028052464492972592
10881 0.018187934816600144
10951 0.028220761975498585
10960 0.013236256023409438
10980 0.03928366122436321
10988 0.019925200021155446
10997 0.023132199184676794
11021 0.019965396070579632
11036 0.04027507444040999
11052 0.030544553214447354
11056 0.025962490835900888
11084 0.0220089778766823
11106 0.03000565113920742
11136 0.07999160692915422
11139 0.025795917773970146
11142 0.020216509188307565
11194 0.02301288279056197
11211 0.04137755173102577
11300 0.015094757246919839
11318 0.03325961477950546
11386 0.058869116841197305
11410 0.04533106469024435
11424 0.025160773556384217
11532 0.04137755173102577
11571 0.043797436878292
11605 0.03025938472733904
11730 0.028725756915386674
11770 0.017301677481286283
11893 0.03602198095686398
11917 0.02325323242026045
11929 0.05631724899525588
11960 0.020216509188307565
11977 0.010779396466072731
12006 0.008902387721900808
12039 0.0311456420626529
12061 0.04533106469024435
12098 0.017123331618627263
12105 0.016554759514455345
12113 0.04280128143434642
12186 0.012628780670647405
12204 0.02685004962693999
12206 0.058869116841197305
12264 0.0372936227524874
12265 0.03762159465667457
12275 0.015919615296869416
