376
79 0.021953241867070896
103 0.08946475405060277
105 0.04945877367920119
111 0.02245083995292021
170 0.03673258939891974
193 0.0861751814903216
214 0.026854425309265243
226 0.04049124759413262
230 0.019583301928355147
238 0.0637837104315899
313 0.05194847331813582
324 0.0637837104315899
368 0.046538840000305295
433 0.05677198044462668
456 0.014428711078564317
479 0.02483643321503028
496 0.017403151062546574
525 0.03251538002637889
547 0.05379868351868712
571 0.021325704999054607
587 0.01766455548093538
628 0.017403151062546574
763 0.03864692136314476
769 0.01070592686567419
862 0.032065715416419
909 0.05968211132403437
928 0.0390774454033822
938 0.011422876665260078
956 0.019712167213468395
965 0.07910888294886761
979 0.02674120394217275
988 0.054514707568059026
1020 0.03745545313499693
1046 0.03542551090578658
1101 0.04750297758109582
1113 0.060151671533246846
1119 0.03483029287701897
1184 0.053474109684201236
1224 0.037837226294950316
1274 0.03483029287701897
1306 0.07079544041855308
1374 0.022709129424993334
1413 0.09421395903251498
1423 0.03823397471756496
1446 0.05111102572751304
1450 0.05170904358693241
1509 0.054514707568059026
1622 0.018097382489442364
1692 0.10222205145502608
1795 0.05968211132403437
1816 0.03184816320199349
1818 0.05592823261772697
1895 0.0489810883327716
1901 0.02921071158396108
1903 0.05968211132403437
1918 0.03184816320199349
1922 0.0637837104315899
1933 0.030075835766623423
1955 0.049760250457663475
1971 0.01458374534804614
1979 0.06503076005275778
2049 0.02573620713384365
2080 0.014352075953858333
2102 0.033735627187394805
2127 0.039997696632994316
2138 0.10902941513611805
2146 0.039527110013342096
2163 0.03399838970313146
2202 0.028111794670033854
2246 0.10916894545973131
2266 0.03156996513184987
2284 0.04155705224255245
2337 0.026723897200431602
2356 0.020834519257578756
2373 0.009888044190330831
2392 0.05622358934006771
2416 0.04155705224255245
2454 0.06799677940626292
2487 0.05968211132403437
2492 0.07999539326598863
2495 0.039527110013342096
2541 0.022796712552888142
2578 0.019712167213468395
2622 0.030258107149811232
2630 0.008427379978993803
2644 0.05743433416587754
2656 0.01665717770477765
2733 0.042135254643960264
2819 0.033735627187394805
2832 0.02538934613306588
2851 0.059441718823913074
3082 0.09247648892396135
3120 0.030258107149811232
3133 0.030825496307987116
3152 0.022885060608612735
3159 0.0868027569470806
3178 0.04049124759413262
3185 0.049760250457663475
3186 0.04484895628191352
3244 0.09307768000061059
3278 0.1620838166119723
3287 0.0868027569470806
3332 0.053962281565776385
3342 0.022974187071330924
3407 0.023154830944567474
3442 0.01390407116637821
3456 0.06088744629606745
3513 0.07211590717542193
3544 0.025854521793466204
3548 0.027256430052122985
3561 0.028884367538475595
3648 0.037837226294950316
3661 0.03575730845142494
3695 0.039997696632994316
3709 0.028261660938226976
3721 0.05379868351868712
3732 0.03864692136314476
3759 0.0165617450339628
3770 0.042748520470700276
3784 0.03864692136314476
3790 0.07085102181157316
3791 0.08095997914850475
3820 0.029046223600747764
3933 0.015917795695793876
3955 0.0390774454033822
3958 0.0434013784735403
3962 0.027533592268626034
3988 0.03399838970313146
4001 0.03251538002637889
4030 0.02921071158396108
4048 0.022171305004958317
4078 0.024729386839600596
4090 0.054514707568059026
4101 0.015524475772815592
4105 0.04215363748906426
4169 0.08210131587053657
4170 0.05293557524041241
4178 0.026095385269705
4245 0.21238632125565926
4336 0.046538840000305295
4378 0.03673258939891974
4446 0.021249930951263773
4451 0.022960380130978546
4496 0.07079544041855308
4502 0.024518633631646056
4554 0.02921071158396108
4592 0.033735627187394805
4624 0.0037878003444145065
4676 0.03828955611058503
4791 0.05219077053941
4822 0.037837226294950316
4827 0.012668066677025521
4861 0.04526794676776993
4872 0.016802036334060706
4934 0.037837226294950316
4941 0.012444327646279799
4972 0.016052375792697016
4993 0.0434013784735403
5001 0.013545317680017592
5035 0.026854425309265243
5051 0.02236618851265069
5178 0.07079544041855308
5185 0.07079544041855308
5249 0.14055897335016926
5250 0.031426611036472984
5261 0.03483029287701897
5312 0.019519479709833677
5342 0.04484895628191352
5358 0.046538840000305295
5425 0.013831295398673529
5469 0.03512352465699706
5512 0.07079544041855308
5550 0.07079544041855308
5704 0.042748520470700276
5769 0.028884367538475595
5802 0.009431976507208378
5817 0.07079544041855308
5833 0.030443723148033727
5842 0.015063635553455095
5844 0.042748520470700276
5928 0.09952050091532695
5938 0.032065715416419
6008 0.007789143050755241
6079 0.014982056175186281
6114 0.024729386839600596
6151 0.07079544041855308
6155 0.025276319392058377
6162 0.08117060231332231
6180 0.05874990578506545
6214 0.0163270294442572
6258 0.0161887705073207
6279 0.029046223600747764
6360 0.013232970078196578
6384 0.029547935746742
6410 0.01397737429931717
6436 0.0334104675910741
6437 0.025503650039415682
6452 0.08178368420858595
6630 0.025053985429455798
6637 0.07079544041855308
6657 0.01694899952056358
6732 0.042651409998109215
6772 0.020952386321900277
6828 0.022885060608612735
6856 0.07079544041855308
6867 0.019842695322302036
6893 0.05968211132403437
6982 0.04175869564702735
6998 0.032288049379021584
7121 0.026467787620206205
7176 0.012071925295778593
7185 0.031426611036472984
7205 0.018208546114489126
7230 0.026095385269705
7231 0.030443723148033727
7262 0.010161796858761478
7282 0.030878219931914013
7356 0.032288049379021584
7396 0.026218002384094437
7397 0.04101011969009466
7425 0.02045185654842568
7484 0.00801103363985815
7507 0.02940320104569491
7537 0.02992400111958833
7542 0.02319160066094923
7676 0.07079544041855308
7766 0.0363896484865771
7791 0.049760250457663475
7802 0.039997696632994316
7811 0.04750297758109582
7818 0.029377918499613898
7830 0.07079544041855308
7833 0.015354458525687486
7839 0.03322973237105765
7854 0.026218002384094437
7927 0.07079544041855308
7952 0.04967820970694058
7959 0.052670381337071165
7974 0.04856878222951565
7986 0.023064105779660216
8043 0.0363896484865771
8064 0.042748520470700276
8092 0.016373538896670915
8119 0.03745545313499693
8154 0.07079544041855308
8166 0.016609348830425988
8171 0.0158290601436382
8193 0.03745545313499693
8252 0.012133048068329308
8263 0.07079544041855308
8302 0.03864692136314476
8332 0.03483029287701897
8341 0.03605795358771097
8369 0.029720859411956537
8372 0.07079544041855308
8483 0.02187263755151239
8515 0.01798742718859213
8532 0.05077869226613176
8586 0.024010195562478336
8620 0.052670381337071165
8667 0.0971375644590313
8694 0.04565865135010796
8708 0.018962506672104702
8880 0.028725060496773865
8890 0.012163748510953436
8903 0.042748520470700276
8942 0.010161796858761478
8949 0.028413780918823368
8961 0.04577012121722547
8962 0.031426611036472984
8969 0.024312181811267854
9139 0.02921071158396108
9144 0.0434013784735403
9199 0.037837226294950316
9200 0.07079544041855308
9247 0.05809244720149553
9265 0.03454532225558924
9338 0.03292372681152614
9390 0.09500595516219164
9433 0.10630594111582435
9438 0.0834556886701673
9485 0.3044372314803373
9487 0.07079544041855308
9496 0.0434013784735403
9498 0.04565865135010796
9534 0.024210514743638552
9578 0.053152970557912176
9582 0.02110006468307065
9702 0.03673258939891974
9726 0.04484895628191352
9749 0.039527110013342096
9790 0.07079544041855308
9795 0.032065715416419
9821 0.035542076887913755
9894 0.032065715416419
9898 0.011801353169463175
9906 0.030825496307987116
9920 0.033735627187394805
9966 0.03454532225558924
9970 0.07079544041855308
9973 0.046538840000305295
10042 0.0637837104315899
10081 0.024518633631646056
10110 0.18167303539994667
10126 0.05968211132403437
10216 0.02698665971616825
10273 0.049760250457663475
10283 0.05968211132403437
10298 0.02163460802628813
10312 0.019456057633243002
10318 0.006307040334874778
10334 0.02024470006515978
10364 0.02110006468307065
10392 0.043793576453249376
10418 0.028413780918823368
10428 0.04802039112495667
10437 0.03823397471756496
10460 0.01843460665222328
10466 0.04484895628191352
10485 0.05111102572751304
10499 0.032288049379021584
10508 0.21310606203623608
10572 0.042748520470700276
10599 0.14159088083710616
10615 0.04565865135010796
10618 0.030258107149811232
10619 0.01412559362618623
10628 0.023716963782500253
10643 0.02921071158396108
10645 0.037837226294950316
10646 0.02410985930539959
10666 0.07079544041855308
10760 0.03929505874005136
10818 0.027533592268626034
10832 0.05677198044462668
10951 0.01696901007018695
10952 0.0434013784735403
10981 0.019712167213468395
10993 0.052670381337071165
11008 0.05968211132403437
11084 0.026467787620206205
11106 0.01804225544249259
11161 0.032288049379021584
11189 0.05478812389002557
11202 0.033735627187394805
11300 0.018152811603910267
11332 0.009597618843462784
11351 0.03864692136314476
11497 0.010812973241103875
11629 0.012863862236136883
11634 0.012830965335338836
11736 0.01397737429931717
11768 0.047627532642047825
11795 0.03512352465699706
11813 0.03542551090578658
11857 0.03483029287701897
11871 0.07417513150717325
11893 0.020628424735350596
11908 0.04862436362253571
11960 0.04862436362253571
11977 0.01296319974224184
12021 0.030045527253642713
12027 0.05677198044462668
12029 0.021953241867070896
12030 0.0222822395820575
12089 0.042957954895352396
12140 0.05968211132403437
12159 0.03322973237105765
12180 0.02073483410747477
12193 0.030825496307987116
12200 0.029377918499613898
12204 0.008072403624326917
12216 0.03864692136314476
12265 0.01292667776480847
12294 0.052670381337071165
12296 0.0434013784735403
