155
2 0.1262799909436405
5 0.14016192401497898
8 0.062218897743986264
18 0.14016192401497898
110 0.05625404939325294
192 0.08730847780814412
194 0.1296697597256829
222 0.08592673024969973
307 0.14016192401497898
376 0.14016192401497898
390 0.03593922130638679
456 0.02856618863971113
587 0.03497256417135582
594 0.03616052075143036
1046 0.21040794739377433
1184 0.03528962719451007
1376 0.08227530423245573
1413 0.07461050988026664
1450 0.05118718801147182
1524 0.043351604982571026
1684 0.05166405330187714
1818 0.0553637963413501
1895 0.03232450913260486
1971 0.028873127919562466
1974 0.0707522586582865
2049 0.05095294679150296
2181 0.044787980802036886
2246 0.07204479717836124
2266 0.06250271243183422
2356 0.020624254103122176
2373 0.019576505072474975
2578 0.03902645801495227
2644 0.11370939616471372
2656 0.03297814184017988
2662 0.06305349333718706
2689 0.09615723730379422
2819 0.06679032415762927
2957 0.053428612438780776
3278 0.13752689309839933
3332 0.07122358129074392
3513 0.21416430723574875
3520 0.050266225938474234
3630 0.07415489394820184
3661 0.03539644022636352
3759 0.032789202740765896
3765 0.07209913073027327
3805 0.09204708467831692
3867 0.062218897743986264
3988 0.06731054551011928
4000 0.0985161248009635
4106 0.059190135225865394
4187 0.06628327439127663
4209 0.16238495716291554
4383 0.23631916131877323
4410 0.0218929037608604
4526 0.09404714053395362
4527 0.0985161248009635
4540 0.14016192401497898
4552 0.03486798223135562
4554 0.05783182523124272
4592 0.06679032415762927
4624 0.0074991465681821644
4676 0.03790313205490457
4717 0.07825639274884533
4803 0.05655981710353479
4827 0.02508043722172564
4861 0.009958021272535564
4873 0.06483487986284145
4907 0.0892350676996496
4941 0.04927495035452227
4965 0.05884182390744514
4988 0.05049252660616833
5001 0.026817232525158986
5035 0.05316681268468746
5186 0.0834200384211587
5249 0.22262468911392674
5802 0.018673575115834087
5842 0.029823222079700434
6066 0.0331688803866626
6125 0.04676538255544338
6162 0.022957547480514266
6199 0.07342654473680563
6214 0.09697352739781458
6452 0.0693928377949897
6732 0.042220965445961406
6791 0.03486798223135562
7002 0.05687032558694801
7042 0.08826557407686257
7208 0.045133289287255615
7272 0.045457320926982674
7312 0.034251706037660555
7396 0.05190681258931685
7425 0.04049090656909678
7537 0.04739520563868095
7660 0.03672471006010889
7818 0.05816286410702274
7952 0.016392283205853734
8098 0.02950148992377455
8312 0.04298839251560951
8524 0.09615723730379422
8532 0.20106490375389693
8708 0.03754226830987475
8776 0.04267788403219629
8880 0.05687032558694801
8961 0.13592460646358068
8988 0.049821154377725295
9077 0.12443779548797253
9115 0.05687032558694801
9247 0.05750616934057776
9317 0.10792907360529212
9445 0.02456621449888967
9485 0.06027296087686334
9664 0.030735600778486305
9789 0.06483487986284145
9791 0.14016192401497898
9894 0.06348420662560399
9919 0.06305349333718706
9966 0.06839337116111723
10106 0.12362858024853352
10110 0.044959890836106645
10135 0.05954461166546713
10141 0.04362423626923927
10245 0.1262799909436405
10318 0.012486777438628067
10428 0.04753576199422779
10499 0.06392438689410734
10508 0.06027296087686334
10646 0.047733077836601114
10647 0.04960227355426549
10815 0.084634191729625
10816 0.08889705057132465
10848 0.04639102780552484
10951 0.06719102490232284
10997 0.055075627398457255
11067 0.02488939542971533
11084 0.05240134131993812
11101 0.09429373659841234
11104 0.07918806752389024
11145 0.09026657857451123
11189 0.05423519376527925
11202 0.06679032415762927
11629 0.02546807634249937
11893 0.0163361916146634
11908 0.04813363910899905
12002 0.09404714053395362
12021 0.029742303197900773
12030 0.04411472762538866
12039 0.07415489394820184
12078 0.042832536507249074
12140 0.11815958065938661
12177 0.049149974303055684
12186 0.030067959088565736
12200 0.05816286410702274
12265 0.012796219755999882
12274 0.1678586396048228
