138
104 0.04415329371512254
140 0.13300109106930919
149 0.09905268609456143
210 0.03513707606095368
335 0.046992248245385074
374 0.04775705342803134
478 0.06197360897571783
479 0.15536597166506608
593 0.04866572432918702
704 0.0866543080119459
706 0.057412743598733884
769 0.04464776176889477
819 0.07587929456587982
952 0.021721955138800764
979 0.027880232090217352
1474 0.10657614838386757
1571 0.0855138502724071
1580 0.14773777098498225
1735 0.10657614838386757
1816 0.13281887885658938
1854 0.07323918708979299
1997 0.09050007677248581
2080 0.0598535816764705
2174 0.058618404883186974
2177 0.06090985433882185
2278 0.037852042989646145
2356 0.021721955138800764
2381 0.06056686580637163
2382 0.03661421252100548
2666 0.05441381019166639
2701 0.04293895383355735
2731 0.07323918708979299
2826 0.14762187327591517
2901 0.05416119244197393
3133 0.06427698567508774
3178 0.08443190388795543
3195 0.06427698567508774
3389 0.07323918708979299
3472 0.04399762267658097
3597 0.04866572432918702
3601 0.09704227702117277
3661 0.037280373041656586
3757 0.10982769954062753
3791 0.0562722858591951
3887 0.07193689581068254
3918 0.038271727804355136
3928 0.07810169868987027
4025 0.03423935207005225
4097 0.06234045874372548
4198 0.05441381019166639
4226 0.053179930401354755
4356 0.02846619560272258
4409 0.14762187327591517
4410 0.023058127143589676
4554 0.06090985433882185
4555 0.17571993859279797
4624 0.015796559188890606
4682 0.14762187327591517
4699 0.08529197241515223
4893 0.06981112168134943
4941 0.025948775061531423
5034 0.09195536617726156
5399 0.08785996929639898
5568 0.35514092658810953
5571 0.13560142521592153
5752 0.04478772740350302
5842 0.09423158125437507
6008 0.032483670744005405
6162 0.024179435240430196
6214 0.03404494212258101
6252 0.059570145113552034
6258 0.06751329221756715
6280 0.04193088959113209
6360 0.02759324358176565
6452 0.024362062614887593
6500 0.11367346830116744
6534 0.06981112168134943
6556 0.09905268609456143
6649 0.07733458397065557
6848 0.11838030886270318
6923 0.04847308983981904
7042 0.03098780091329229
7050 0.13300109106930919
7282 0.09658038659323614
7312 0.072149423514407
7425 0.04264598620757611
7537 0.012479439565790318
7552 0.029145467071677325
7558 0.056551671797738096
7964 0.09195536617726156
7968 0.06271380176404956
8113 0.06348091648326426
8210 0.12444848174723354
8224 0.03237146603877907
8246 0.15945012665283945
8327 0.04646268076643036
8558 0.07203352580533989
8723 0.04945435188043821
8735 0.10982769954062753
8896 0.06348091648326426
8957 0.05599655212912517
9067 0.14762187327591517
9139 0.06090985433882185
9503 0.07145559020158367
9664 0.03237146603877907
9800 0.13300109106930919
9814 0.05599655212912517
9821 0.03705597379782266
9949 0.06197360897571783
10428 0.05006579556111134
10490 0.051344570714203515
10512 0.10982769954062753
10628 0.04945435188043821
10682 0.13300109106930919
10760 0.04096881202658151
10818 0.057412743598733884
10832 0.11838030886270318
10862 0.05572437635301212
10873 0.21103547567885433
10951 0.058972655098241594
10980 0.04925441360637697
11036 0.033664974405615306
11080 0.02899261618555434
11101 0.04965620346848175
11103 0.0684787041401045
11132 0.07386888549249113
11152 0.14762187327591517
11260 0.07203352580533989
11319 0.026446724112377515
11590 0.12444848174723354
11629 0.02682358397143567
11893 0.04301416424786637
12012 0.09195536617726156
12124 0.0708930680658011
12157 0.04925441360637697
12186 0.06333657985121971
12204 0.033664974405615306
12265 0.026954566220553602
