257
88 0.030695547941865166
112 0.04274077590200826
114 0.035694769232686566
188 0.049076442516689654
198 0.10942189348223841
330 0.018317375212820206
337 0.019357115593294016
344 0.028881317625472087
390 0.015592068882656004
413 0.04274077590200826
422 0.02717254460720432
428 0.07704459572666869
435 0.010908838608387312
479 0.021332859390488054
583 0.0608086178422229
674 0.011077558381949308
705 0.03356495036595414
706 0.02364954127254347
763 0.03319515858727587
769 0.009195685648294387
774 0.07575677772308911
819 0.18753785965457664
830 0.20505200210996205
899 0.0608086178422229
919 0.04390100284161611
928 0.03356495036595414
938 0.019622996557123247
952 0.01789547903043377
1023 0.04141756056785808
1029 0.0771351679635154
1057 0.023179762253283907
1064 0.024146179031342547
1177 0.05126300052749051
1216 0.1216172356844458
1366 0.0608086178422229
1392 0.0608086178422229
1409 0.05126300052749051
1454 0.04274077590200826
1486 0.09048077309483792
1524 0.009403949035226015
1536 0.01333450161322247
1567 0.0608086178422229
1596 0.05363570130434463
1654 0.0608086178422229
1734 0.0519794400154537
1735 0.04390100284161611
1811 0.04524038654741896
1838 0.02854215024024969
1918 0.0820664201116788
1937 0.13278063434910348
1997 0.037278923922500984
2055 0.029916926236626586
2374 0.04390100284161611
2516 0.08343476642551623
2577 0.0608086178422229
2624 0.07138953846537313
2626 0.04876338988207981
2675 0.02053840628945348
2701 0.05306242990148346
2704 0.01913897538320985
2705 0.13589863422622808
2780 0.03435538552688371
2900 0.020207364523732556
2901 0.02231015756674062
2912 0.1824258535266687
3098 0.1216172356844458
3229 0.0608086178422229
3261 0.036718161921936714
3270 0.01531024541041651
3390 0.02598972000772685
3442 0.023885361684558133
3484 0.02427490427941103
3661 0.015356585761979116
3668 0.027542336385882597
3757 0.09048077309483792
3783 0.04274077590200826
3887 0.05926470256791261
3918 0.00788247303252554
3933 0.013672337506956822
3993 0.028332771546812168
4035 0.1632077090286473
4081 0.06114838159633969
4105 0.024138131095990317
4120 0.029672155252615018
4157 0.04274077590200826
4235 0.0608086178422229
4259 0.051358745797389214
4340 0.0608086178422229
4356 0.023451673812492368
4363 0.07994759322543275
4410 0.028494412322175002
4447 0.03997379661271638
4494 0.03395118263264483
4544 0.036191406991485646
4552 0.06050926658824491
4624 0.0032534708767173667
4658 0.1018535478979345
4683 0.029202376233355455
4772 0.029031584618763873
4820 0.03310012984961088
4827 0.01088103443962991
4861 0.0043202425643188835
4972 0.013787932941258374
4990 0.06790236526528966
5010 0.03921777256734741
5261 0.029916926236626586
5268 0.0608086178422229
5269 0.0608086178422229
5282 0.05478600386215136
5346 0.0324996838832628
5502 0.03477931327709029
5505 0.04876338988207981
5523 0.04524038654741896
5598 0.053291579353506494
5681 0.02523369596235789
5826 0.0608086178422229
5842 0.051754680938153774
6008 0.02007108170914019
6055 0.015736484317791184
6057 0.011220704870377752
6059 0.09752677976415962
6068 0.014992603943612428
6074 0.03785235584624987
6124 0.0608086178422229
6154 0.04876338988207981
6162 0.009960028311170214
6180 0.03364153160174812
6181 0.0608086178422229
6221 0.07343632384387343
6258 0.013905087012597087
6280 0.017272233337439918
6281 0.01838295133784089
6289 0.049076442516689654
6342 0.10957200772430271
6343 0.0608086178422229
6360 0.011366249233640578
6410 0.012005643402737335
6533 0.03477931327709029
6538 0.0608086178422229
6541 0.05126300052749051
6560 0.1194715612827752
6649 0.031855774881473016
6657 0.02911614727052034
6698 0.022626148583293326
6715 0.07575677772308911
6747 0.016032721941823418
6757 0.03395118263264483
6823 0.03921777256734741
7042 0.012764540252008225
7076 0.0608086178422229
7150 0.09962120761933067
7176 0.031106964838027367
7262 0.034913255323871996
7283 0.0608086178422229
7300 0.04876338988207981
7310 0.04390100284161611
7396 0.045039072520356285
7403 0.05478600386215136
7481 0.07343632384387343
7484 0.0068809499629818435
7493 0.04171738321275811
7497 0.05478600386215136
7552 0.036016930208212006
7558 0.04658969463502294
7878 0.02598972000772685
7986 0.019810546921329917
8087 0.15378900158247152
8092 0.014063790882661235
8112 0.03689805229081334
8113 0.07844745575386253
8114 0.0608086178422229
8156 0.04579245269225678
8312 0.03730063996344415
8374 0.02773330660776859
8376 0.02480976821215132
8534 0.035694769232686566
8612 0.03217176589802572
8635 0.08343476642551623
8695 0.2739300193107568
8700 0.03997379661271638
8753 0.03703121455654656
8774 0.02231015756674062
8844 0.03787838886154456
8988 0.021614682862727556
9000 0.017507079939650366
9017 0.04266571878097611
9045 0.035694769232686566
9193 0.03477931327709029
9201 0.0608086178422229
9230 0.019733312676591334
9232 0.02467293396179362
9273 0.012661713071763727
9334 0.046824541237233376
9376 0.04876338988207981
9433 0.030436599256731867
9445 0.010657941233265406
9503 0.08830227352156565
9548 0.06955862655418057
9555 0.05478600386215136
9563 0.031965284582483516
9635 0.1216172356844458
9664 0.02666900322644494
9713 0.0608086178422229
9726 0.038522297863334345
9731 0.03042817929798398
9923 0.016235977884445793
9955 0.05478600386215136
10031 0.05478600386215136
10141 0.03785235584624987
10172 0.019888473859122825
10226 0.15227837744019337
10306 0.02897668054860195
10341 0.1216172356844458
10381 0.09752677976415962
10565 0.03997379661271638
10597 0.02945857392935727
10606 0.30757800316494305
10668 0.10252600105498103
10733 0.14629016964623942
10749 0.01008577284040252
10757 0.04274077590200826
10771 0.09752677976415962
10816 0.09641895995439426
10817 0.05478600386215136
10873 0.02897668054860195
10951 0.004858420459558363
10988 0.010290827674421509
11021 0.020623175696681696
11036 0.0346683136765422
11056 0.05363570130434463
11067 0.010798151820802513
11068 0.03435538552688371
11099 0.030168793011414095
11101 0.020454455923119706
11125 0.02329484731751147
11132 0.03042817929798398
11139 0.026645789676753247
11216 0.04390100284161611
11217 0.01058092062315023
11319 0.032681919773280214
11404 0.0608086178422229
11499 0.049076442516689654
11629 0.03314762976545818
11788 0.0608086178422229
11818 0.025090076240884357
11852 0.07658477881792246
11893 0.003543691483527406
11977 0.011134534293140812
12071 0.04524038654741896
12083 0.023529693919721914
12105 0.05130051708606256
12113 0.022105705890913
12186 0.013044848280741267
12265 0.011103164321353672
12272 0.0608086178422229
12286 0.021614682862727556
12292 0.0608086178422229
