23
1184 0.18355782954402813
2624 0.4279522757988668
3278 0.23844719641397383
3765 0.18751062282288633
4624 0.03900656303057258
4772 0.17403296021690337
4827 0.13045506531027912
5249 0.28949374069204975
5250 0.32362954030539176
5389 0.16765810612303353
5802 0.09712998381074185
6452 0.1203148507949353
7042 0.15303682213950026
7484 0.08249719103435632
7952 0.1705278386735481
8776 0.22198760330628775
8961 0.23566911608861715
9445 0.06389017640615267
9546 0.2120589666581852
10816 0.23119753526719847
10925 0.23296320191675027
11736 0.14393824437240643
11768 0.24523287727297782
