273
132 0.026132035237705766
200 0.037812050344718046
210 0.019316178341361387
220 0.03511460861947063
247 0.07204909963237142
268 0.12498120120054433
279 0.032570921025763186
285 0.05055133925896068
319 0.031561954457911656
352 0.028594202112920627
373 0.049780293250084214
380 0.07112131187501304
388 0.07311572511707437
390 0.020808698245252857
429 0.036757159754507954
452 0.04763714728858908
495 0.02834747364559933
517 0.032396544800064785
518 0.06507812870173565
520 0.07311572511707437
594 0.020936829941109472
606 0.06507812870173565
634 0.04584964676005675
640 0.044301243372154304
674 0.01478377060792518
682 0.03406923448485341
684 0.052338839787493006
769 0.012272280814921916
942 0.026132035237705766
952 0.011941379489182766
965 0.04534154019004472
978 0.04829994485174917
979 0.015326817015706123
1205 0.016717451976845973
1226 0.058588935674299396
1328 0.03837781135425604
1472 0.062490600600272166
1536 0.017795818015467747
1543 0.02267077009502236
1553 0.023524358042572954
1587 0.02786922852685926
1632 0.021668039504997422
1759 0.040256432132107986
1787 0.08052469687282092
1814 0.019890345150824617
1926 0.044301243372154304
2049 0.029501598976002002
2063 0.05445300418493345
2068 0.04900293587105823
2080 0.032903775374659466
2099 0.029103989720988512
2181 0.025932102690219963
2227 0.024621506027694834
2308 0.05445300418493345
2337 0.15316897594561948
2373 0.02266947206657486
2382 0.040256432132107986
2423 0.058588935674299396
2470 0.058588935674299396
2480 0.027077012204131924
2551 0.05567474370392778
2609 0.04210683090019212
2644 0.021945796508961002
2663 0.05055133925896068
2666 0.029913327451376103
2672 0.06841403261817043
2677 0.021329945570610773
2756 0.029913327451376103
2768 0.02834747364559933
2786 0.07311572511707437
2957 0.030935001747062815
2997 0.07311572511707437
3040 0.058588935674299396
3097 0.03650777808948853
3148 0.04210683090019212
3170 0.0406085174411019
3171 0.04763714728858908
3189 0.032747959586564346
3213 0.06841403261817043
3269 0.02087258711480034
3273 0.04479475616984666
3300 0.059826654902752206
3301 0.03140200984638354
3302 0.052338839787493006
3361 0.01455860235844648
3484 0.032396544800064785
3523 0.03511460861947063
3591 0.014484507534527654
3605 0.030783420497230863
3652 0.07507839078268141
3681 0.045310209940005834
3719 0.062490600600272166
3721 0.02055660569758191
3798 0.05055133925896068
3826 0.032570921025763186
3927 0.04584964676005675
3939 0.037812050344718046
3962 0.031561954457911656
4030 0.033484448367702174
4048 0.01270756303812083
4059 0.020249006746708743
4081 0.048964055908162114
4182 0.058588935674299396
4196 0.16647947305912275
4271 0.5375370740381599
4356 0.01564894329876527
4451 0.026319648557301997
4491 0.04829994485174917
4579 0.04763714728858908
4643 0.053347806355344536
4645 0.04701019457774023
4800 0.04210683090019212
4861 0.04612530872908531
4907 0.025833414430806455
4944 0.043827879668131266
4972 0.05520286079281755
5001 0.031054189773980737
5050 0.07311572511707437
5146 0.025258298196485847
5176 0.05055133925896068
5190 0.052338839787493006
5236 0.04171371527069082
5291 0.09402038915548046
5304 0.07311572511707437
5310 0.057188404225841254
5362 0.04829994485174917
5389 0.0186627209321409
5444 0.04096533945571952
5540 0.03292774304038082
5667 0.033110357845814106
5761 0.045310209940005834
5794 0.06037643620283172
5802 0.010811942374399763
5971 0.03511460861947063
6008 0.008928750590754783
6013 0.020128216066053993
6017 0.09527429457717816
6019 0.06507812870173565
6023 0.03556065593750652
6057 0.014974809533227032
6061 0.05141068051870524
6079 0.03434807707426693
6097 0.07311572511707437
6167 0.0812170348822038
6170 0.03897259816240152
6251 0.03559163603093549
6452 0.04017823897038938
6470 0.07311572511707437
6507 0.02963722391960827
6554 0.032747959586564346
6657 0.01942875981296315
6698 0.030196165875442507
6778 0.01573089275990719
6791 0.020188454126138178
6860 0.06841403261817043
6949 0.07618296149020809
7068 0.06507812870173565
7073 0.07311572511707437
7208 0.026132035237705766
7238 0.06507812870173565
7259 0.02360516534163672
7328 0.03650777808948853
7408 0.03959955087325037
7483 0.03831330548974245
7661 0.06507812870173565
7666 0.07311572511707437
7758 0.04133349102716326
7820 0.062490600600272166
7835 0.020188454126138178
7872 0.04829994485174917
7895 0.058588935674299396
7904 0.05055133925896068
7952 0.009491081397490348
7956 0.11242354292200762
7982 0.05445300418493345
7987 0.07311572511707437
7993 0.23307126228277186
7996 0.10737084975837767
8090 0.06841403261817043
8092 0.018769105169049585
8116 0.07311572511707437
8152 0.06841403261817043
8169 0.028470181674149823
8171 0.018144965266095447
8176 0.037812050344718046
8203 0.058588935674299396
8252 0.013908200093622293
8324 0.047656068057527395
8399 0.06841403261817043
8432 0.04293545478968515
8455 0.027986953400847
8586 0.02752305952216781
8633 0.050145522860950795
8648 0.05445300418493345
8733 0.15165401777688203
8750 0.06037643620283172
8754 0.02360516534163672
8774 0.029774453929379333
8786 0.029913327451376103
8873 0.022821367023263886
8966 0.04701019457774023
9027 0.05353517147204291
9043 0.07311572511707437
9057 0.06507812870173565
9160 0.03108859075388863
9230 0.02633547555213628
9267 0.039780690301649234
9273 0.016897935005365627
9277 0.05055133925896068
9338 0.004717588046957228
9433 0.020309877230260624
9453 0.06479308960012957
9563 0.04265989114122155
9569 0.062490600600272166
9675 0.017220701781147138
9774 0.05445300418493345
9805 0.04900293587105823
9813 0.03650777808948853
9883 0.05445300418493345
10132 0.03579028325279256
10172 0.026542548920717012
10191 0.034270905663497594
10195 0.030935001747062815
10247 0.062490600600272166
10318 0.007229805608778384
10327 0.049751311686029524
10330 0.062490600600272166
10392 0.012550222761356955
10410 0.043827879668131266
10418 0.032570921025763186
10461 0.04763714728858908
10604 0.06507812870173565
10619 0.03238453873878802
10624 0.03650777808948853
10631 0.10110267851792136
10643 0.033484448367702174
10686 0.0386713916044626
10763 0.057040532286396946
10768 0.058588935674299396
10862 0.030633795189123895
10951 0.006483899349878413
10956 0.06037643620283172
10981 0.022596198773785187
11080 0.03187667316718717
11081 0.09950262337205905
11082 0.052338839787493006
11098 0.05567474370392778
11103 0.018822665543669022
11106 0.04136393384766108
11125 0.03108859075388863
11161 0.03701202277178688
11163 0.034270905663497594
11300 0.020808698245252857
11319 0.007269381758079064
11332 0.011001819373454508
11376 0.052338839787493006
11605 0.04171371527069082
11771 0.03837781135425604
11812 0.027077012204131924
11847 0.037812050344718046
11875 0.020745159453459536
11893 0.0047293022696314035
11974 0.033676118855352107
11977 0.014859808916385395
11997 0.04763714728858908
12016 0.03602454981618571
12064 0.021736857514040624
12105 0.022821367023263886
12177 0.014228841734148321
12265 0.014817943511493117
12291 0.029501598976002002
12294 0.06037643620283172
12296 0.049751311686029524
