84
193 0.08485857672951132
313 0.07673218842381718
344 0.02483315838689524
356 0.17631082182537472
390 0.05362640599207054
456 0.08524959495251984
547 0.05297673453498833
576 0.06233307874519872
1046 0.1046528147684303
1184 0.05265711961614762
1203 0.13488320309697147
1373 0.16185317400845392
1413 0.05566472155872129
1582 0.10750103654629244
1974 0.10557238609371292
2049 0.07602900986193388
2167 0.061896812456253156
2325 0.12628619545791453
2356 0.030774306832883642
2454 0.10043686284410196
2644 0.056556838853549646
2788 0.116769616493575
2851 0.0878003313225324
2904 0.1856788071368248
2957 0.07972305347990034
3278 0.06840319791803814
3456 0.08993579028248051
3513 0.10652115498853625
3591 0.0373282399738286
3750 0.22129919929336425
3805 0.06867364057869432
3918 0.027110494588307416
4101 0.04586186750419091
4169 0.04850817155407726
4378 0.10851414068673401
4424 0.17631082182537472
4592 0.09966061894008016
4790 0.15275706184584584
4827 0.037423562893720244
4861 0.04457633239347069
4941 0.03676260081463063
5001 0.0400151073591115
5005 0.03939680164623406
5146 0.06509353626013302
5249 0.08304688810940034
5250 0.0928394035684124
5845 0.11646600042335385
6074 0.06509353626013302
6214 0.04823274370531249
6384 0.08728948623259414
6545 0.1374834258577766
6666 0.04837014031538194
7017 0.10123380900738443
7062 0.35262164365074944
7507 0.04343095800110807
7952 0.04891921429460095
8252 0.03584302948934802
8483 0.06461538669867249
8532 0.07500432513229577
8639 0.17631082182537472
8776 0.06368144475034418
8868 0.07034980193682161
8961 0.06760625175475567
8969 0.07182220367908401
9247 0.17161469124866927
9338 0.0486310655145729
9433 0.05234088692922129
9438 0.08218063296248442
9795 0.09472742354559945
9905 0.33542762837263557
10081 0.28972838592524314
10312 0.05747641017883225
10318 0.018632039652386582
10560 0.08218063296248442
10597 0.10131801349597659
10988 0.10618092576736178
11145 0.0673452569949204
11189 0.08092658700422696
11212 0.11544123290980106
11319 0.018734031935853195
11497 0.031943310251946
11857 0.10289444232668604
11893 0.01218795527626685
12265 0.019093771396684535
