274
132 0.02612698096641455
200 0.03780473700847076
210 0.01931244234434628
220 0.035107817003102705
247 0.07203516441100358
268 0.12495702823079959
279 0.03256462139125055
285 0.05054156198059621
319 0.031555849970493814
352 0.02858867162692824
373 0.049770665101922254
380 0.07110755609971527
388 0.07310158359663654
390 0.02080467357571633
429 0.0367500504476513
452 0.04762793365238562
495 0.02834199088006185
517 0.03239027889215413
518 0.06506554175569064
520 0.07310158359663654
594 0.020932780489257067
606 0.06506554175569064
634 0.045840778849416654
640 0.04429267494261928
674 0.014780911236786274
682 0.03406264505727136
684 0.052328716783565175
769 0.01226990719817005
942 0.02612698096641455
952 0.011939069872997853
965 0.045332770553742095
978 0.0482906030219831
979 0.015323852612416308
1205 0.016714218606891422
1226 0.05857760382154212
1328 0.03837038859256208
1472 0.06247851411539979
1536 0.017792376075669292
1543 0.022666385276871048
1553 0.023519808129547914
1587 0.02786383826007099
1632 0.02166384862782269
1759 0.04024864602102397
1787 0.08050912236207439
1814 0.01988649810257316
1926 0.04429267494261928
2049 0.02949589298780043
2063 0.05444247227445388
2068 0.04899345807379883
2080 0.0328974113618401
2099 0.029098360635524307
2181 0.025927087088451643
2227 0.024616743912156173
2308 0.05444247227445388
2337 0.15313935109815602
2373 0.02266508749947892
2382 0.04024864602102397
2423 0.05857760382154212
2470 0.05857760382154212
2480 0.0270717751621568
2551 0.05566397549333152
2609 0.04209868689821726
2644 0.021941551910013804
2663 0.05054156198059621
2666 0.02990754182959858
2672 0.06840080046545699
2677 0.021325820085145896
2756 0.02990754182959858
2768 0.02834199088006185
2786 0.07310158359663654
2957 0.030929018520352698
2997 0.07310158359663654
3040 0.05857760382154212
3097 0.036500717016249296
3148 0.04209868689821726
3170 0.04060066323219645
3171 0.04762793365238562
3189 0.03274162571051992
3213 0.06840080046545699
3269 0.02086855008833577
3273 0.044786092288597194
3300 0.05981508365919716
3301 0.03139593629430811
3302 0.052328716783565175
3361 0.014555786537739396
3442 0.01593525390456413
3484 0.03239027889215413
3523 0.035107817003102705
3591 0.014481706044711294
3605 0.030777466588281586
3652 0.07506386965749266
3681 0.04530144636337601
3719 0.06247851411539979
3721 0.020552629785982334
3798 0.05054156198059621
3927 0.045840778849416654
3939 0.03780473700847076
3962 0.031555849970493814
4030 0.033477972045266986
4048 0.012705105232195623
4059 0.020245090328697497
4081 0.04895458563078697
4182 0.05857760382154212
4196 0.16644727379053897
4271 0.5374331074631663
4356 0.01564591659211447
4451 0.026314557999184803
4491 0.0482906030219831
4579 0.04762793365238562
4643 0.053337488204321916
4645 0.0470011022022445
4800 0.04209868689821726
4861 0.05188093593961435
4907 0.025828417916615193
4944 0.04381940279321714
4972 0.055192183850437816
5001 0.0310481834947752
5050 0.07310158359663654
5146 0.025253412917161898
5176 0.05054156198059621
5190 0.052328716783565175
5236 0.04170564730232843
5291 0.094002204404489
5304 0.07310158359663654
5310 0.05717734325385648
5362 0.0482906030219831
5389 0.01865911132218265
5444 0.04095741623285293
5540 0.03292137439190703
5667 0.03310395387729119
5761 0.04530144636337601
5794 0.06036475862451108
5802 0.010809851205860912
5971 0.035107817003102705
6008 0.008927023655697227
6013 0.020124323010511987
6017 0.09525586730477124
6019 0.06506554175569064
6023 0.03555377804985763
6057 0.014971913212706004
6061 0.051400737032702565
6079 0.03434143371494624
6097 0.07310158359663654
6167 0.0812013264643929
6170 0.038965060361298605
6251 0.035584752151338585
6452 0.04017046798286727
6470 0.07310158359663654
6507 0.02963149169980045
6554 0.03274162571051992
6657 0.01942500204124528
6698 0.030190325549080597
6778 0.015727850203177934
6791 0.020184549419781567
6860 0.06840080046545699
6949 0.07616822672685586
7068 0.06506554175569064
7073 0.07310158359663654
7208 0.02612698096641455
7238 0.06506554175569064
7259 0.023600599799442037
7328 0.036500717016249296
7408 0.03959189181143972
7483 0.03830589520431129
7661 0.06506554175569064
7666 0.07310158359663654
7758 0.0413254965990537
7820 0.06247851411539979
7835 0.020184549419781567
7872 0.0482906030219831
7895 0.05857760382154212
7904 0.05054156198059621
7952 0.00948924570043141
7956 0.11240179876468198
7982 0.05444247227445388
7987 0.07310158359663654
7993 0.23302618330675456
7996 0.10735008285681372
8090 0.06840080046545699
8092 0.01876547498301337
8116 0.07310158359663654
8152 0.06840080046545699
8169 0.02846467517530339
8171 0.018141455796733787
8176 0.03780473700847076
8203 0.05857760382154212
8252 0.0139055100690679
8324 0.04764685076180418
8399 0.06840080046545699
8432 0.04292715052120607
8455 0.02798154036455588
8586 0.02751773620891173
8633 0.05013582407269058
8648 0.05444247227445388
8733 0.15162468594178863
8750 0.06036475862451108
8754 0.023600599799442037
8774 0.02976869516752485
8786 0.02990754182959858
8873 0.022816953077732176
8966 0.0470011022022445
9027 0.05352481708219994
9043 0.07310158359663654
9057 0.06506554175569064
9160 0.031082577821091684
9230 0.026330381932874982
9267 0.03977299620514632
9273 0.016894666727674985
9277 0.05054156198059621
9338 0.004716675604829678
9433 0.02030594903911595
9453 0.06478055778430826
9563 0.04265164017029179
9569 0.06247851411539979
9675 0.017217371076215994
9774 0.05444247227445388
9805 0.04899345807379883
9813 0.036500717016249296
9883 0.05444247227445388
10132 0.03578336095227124
10172 0.02653741525080629
10191 0.034264277230119045
10195 0.030929018520352698
10247 0.06247851411539979
10318 0.0072284072715039565
10327 0.04974168914327433
10330 0.06247851411539979
10392 0.012547795387062374
10410 0.04381940279321714
10418 0.03256462139125055
10461 0.04762793365238562
10604 0.06506554175569064
10619 0.03237827515300383
10624 0.036500717016249296
10631 0.10108312396119241
10643 0.033477972045266986
10686 0.0386639120605771
10763 0.05702949991474474
10768 0.05857760382154212
10862 0.030627870219631204
10881 0.02506791203634529
10951 0.006482645280455916
10956 0.06036475862451108
10981 0.0225918283786853
11080 0.03187050780912826
11081 0.09948337828654866
11082 0.052328716783565175
11098 0.05566397549333152
11103 0.018819024998368353
11106 0.041355933531518986
11125 0.031082577821091684
11161 0.03700486417114887
11163 0.034264277230119045
11300 0.02080467357571633
11319 0.007267975766268991
11332 0.010999691480264997
11376 0.052328716783565175
11605 0.04170564730232843
11771 0.03837038859256208
11812 0.0270717751621568
11847 0.03780473700847076
11875 0.020741147073141526
11893 0.004728387561822714
11974 0.03366960546138253
11977 0.014856934838460891
11997 0.04762793365238562
12016 0.03601758220550179
12064 0.021732653326578946
12105 0.022816953077732176
12177 0.014226089693381882
12265 0.014815077530875697
12291 0.02949589298780043
12294 0.06036475862451108
12296 0.04974168914327433
