121
193 0.05571398398665362
194 0.06351659536276645
226 0.07853521214733375
313 0.10075719112594309
344 0.03260847028145724
356 0.11575704757768492
390 0.035208470844703146
456 0.05597070739464369
478 0.057645395926435104
547 0.06956385679094425
576 0.040924845606573494
587 0.0342614687027977
1046 0.13741982179955262
1096 0.12371234594942153
1184 0.06914416979744335
1203 0.08855770279257776
1373 0.10626486434764877
1413 0.03654672898214647
1512 0.09213488453988732
1575 0.07571841181003763
1582 0.07057991377559714
1698 0.0396676069094545
1974 0.0693136563792072
2041 0.06262461540386052
2049 0.04991692297021287
2094 0.06594192341927402
2167 0.0406384145353371
2325 0.08291332877176077
2356 0.020204902134440008
2454 0.06594192341927402
2644 0.03713244949024212
2656 0.03230759886514615
2733 0.08172386278423424
2788 0.07666520927151292
2851 0.057645395926435104
2895 0.03415901322236342
2904 0.12190760776552538
2957 0.05234225102672043
3278 0.044910188460845546
3456 0.05904743365655095
3513 0.2098097146569477
3591 0.024507893536571537
3618 0.09651300116431437
3750 0.14529421209820906
3765 0.03531657128300311
3805 0.04508774786197873
3918 0.03559884503313699
4101 0.030110655283214497
4169 0.12739235548577513
4378 0.07124506831898869
4424 0.11575704757768492
4451 0.022266519701298598
4592 0.19629683910771822
4624 0.01469333356196428
4790 0.10029280274940011
4827 0.0245704778955967
4861 0.029266635912005325
4907 0.08742065535153615
4941 0.048273045154238844
4945 0.07579305769218087
5001 0.026271959023494246
5005 0.025866009785199633
5146 0.042737226767208744
5249 0.16357355399738124
5250 0.06095380388276269
5704 0.08291332877176077
5845 0.07646586983493116
6074 0.042737226767208744
6214 0.03166725644003886
6384 0.22924000027328661
6545 0.0902648816640665
6666 0.03175746432270969
6702 0.10215737518513134
6772 0.0406384145353371
7017 0.06646515922513574
7062 0.34727114273305476
7262 0.01970941671396129
7484 0.015537881982101579
7507 0.028514639201546458
7537 0.011607880299368507
7552 0.02710995884499812
7952 0.09635387818970681
8252 0.023532777097688536
8483 0.08484659438246984
8532 0.14773249553797532
8639 0.11575704757768492
8659 0.06219338529962729
8708 0.036778923170417956
8776 0.08362023332955033
8868 0.0461882332892022
8942 0.01970941671396129
8961 0.08877390530996765
8969 0.047154940135486115
9247 0.169010697479287
9287 0.05833389393470815
9338 0.06385755004987156
9433 0.03436446200973982
9438 0.05395577731028112
9593 0.09913291111236891
9795 0.06219338529962729
9837 0.12371234594942153
9905 0.2202253471137359
9966 0.06700273202828756
10081 0.19022146347529195
10312 0.037736194969673
10318 0.024465768784706778
10560 0.05395577731028112
10597 0.09978066565034592
10852 0.08698725046686294
10988 0.09295092495281856
11084 0.051335867362226575
11145 0.04421559628264668
11189 0.053132432173824386
11212 0.15158611538436173
11319 0.012299847528748357
11497 0.020972412506168096
11655 0.08417958616815072
11857 0.0675554497028347
11893 0.012003021461043994
12151 0.23151409515536983
12265 0.0125360348339398
