237
141 0.05628009826000822
165 0.07971745081556961
193 0.038368089642359535
194 0.04374144963748942
210 0.022507611931989437
226 0.05408419653623143
313 0.06938762344043842
336 0.04506070816500307
343 0.025653835650284167
344 0.022456206168255305
356 0.07971745081556961
390 0.048493454205808674
456 0.03854488523345233
478 0.03969817916637583
547 0.047905967267797285
576 0.028183375742953185
587 0.023594562951784956
642 0.029987607509361167
711 0.019689824603573415
887 0.023808472444461604
952 0.013914343237328028
983 0.0481626416671503
1046 0.18927154958817352
1072 0.08519596050411793
1095 0.042830205481437726
1096 0.08519596050411793
1184 0.07142541733338481
1203 0.060986302470866255
1232 0.04091627080592763
1332 0.054777254470540264
1347 0.029215302031670894
1373 0.07318054731286959
1413 0.05033666858424345
1450 0.06906781692894681
1464 0.054777254470540264
1512 0.0634497707085831
1575 0.05214437389005527
1582 0.04860568684768312
1587 0.032473803536143396
1592 0.053424960064922554
1622 0.024172690383888897
1698 0.0546351270863854
1818 0.037351695792889425
1895 0.021808028198271667
1924 0.07035187664321793
1974 0.04773366381471121
2041 0.043127177159134805
2049 0.03437587546513775
2088 0.06826904392582255
2091 0.03501940982263584
2094 0.045411680298188595
2163 0.045411680298188595
2167 0.027986121620537745
2202 0.03754894991530486
2243 0.03167877026938774
2325 0.05709923798706289
2356 0.013914343237328028
2405 0.04773366381471121
2450 0.02848476371989322
2454 0.045411680298188595
2630 0.033769377493973435
2644 0.025571697601508573
2656 0.0667470225976443
2662 0.042539620789164956
2733 0.05628009826000822
2788 0.052796397085591695
2828 0.02126141430523972
2851 0.03969817916637583
2895 0.02352400578145955
2904 0.08395310635035098
2957 0.03604610612583692
3048 0.05053921785355138
3049 0.13623504089456578
3183 0.05628009826000822
3185 0.06646481215941456
3186 0.059904792025903056
3270 0.023808472444461604
3276 0.049063753338727506
3278 0.030927928922364605
3287 0.05797126102003479
3407 0.06185585784472921
3456 0.04066370892141796
3513 0.1926505666686012
3561 0.03858087620402257
3591 0.016877648821197855
3618 0.06646481215941456
3730 0.05408419653623143
3750 0.10005856618753929
3765 0.02432117173978518
3805 0.031050207290056878
3891 0.02199525984195461
3918 0.02451556287418002
3962 0.036776644437614595
3965 0.04614221860996627
4030 0.07803354848957775
4033 0.03142382558486952
4048 0.014807116211537219
4101 0.020736056523498875
4169 0.10966280288357304
4378 0.049063753338727506
4382 0.030449589858254595
4424 0.07971745081556961
4451 0.015334100396184987
4592 0.22530354082501539
4624 0.010118736785823538
4717 0.052796397085591695
4723 0.059904792025903056
4726 0.07971745081556961
4790 0.06906781692894681
4827 0.01692074827532884
4861 0.026873083556451773
4873 0.04374144963748942
4907 0.09030489208755164
4934 0.05053921785355138
4941 0.04986569954047417
4945 0.0521957796537894
4972 0.02144117306406416
5001 0.01809249324434047
5005 0.07125172612796289
5146 0.029431493322446954
5249 0.15019579966121943
5250 0.04197655317517549
5252 0.035523008513174394
5312 0.026072186945027637
5560 0.062161971257943364
5704 0.05709923798706289
5752 0.028689489870046242
5845 0.05265911964059945
5919 0.15943490163113921
6074 0.029431493322446954
6162 0.015488521133124173
6214 0.04361605639654333
6294 0.041703580913048294
6384 0.1578688194728089
6452 0.03121101199470922
6484 0.039467204868202224
6545 0.062161971257943364
6632 0.05550779278231795
6666 0.021870150916503253
6702 0.07035187664321793
6772 0.05597224324107549
6817 0.050178173497480605
6982 0.027888564031276777
7017 0.045772012783264586
7042 0.019849727859319218
7062 0.23915235244670882
7072 0.06826904392582255
7176 0.016124481685819966
7205 0.02432117173978518
7262 0.013573121381178523
7425 0.0273175635431927
7484 0.0214006899554872
7507 0.019636941297656186
7537 0.015987806292604736
7547 0.041703580913048294
7552 0.018669591666873746
7766 0.04860568684768312
7786 0.05890346975347086
7802 0.053424960064922554
7833 0.02050896433062809
7952 0.08847364033793897
8252 0.016206123429156893
8327 0.029762407839417145
8483 0.05843060406334179
8486 0.09456153467646959
8532 0.20347543745025837
8639 0.07971745081556961
8659 0.042830205481437726
8708 0.02532823754786753
8776 0.08637908417404973
8811 0.039467204868202224
8828 0.030686642735257657
8837 0.02650390633494464
8868 0.031808069508848034
8942 0.013573121381178523
8949 0.07590462644938341
8961 0.06113519287457722
8962 0.04197655317517549
8969 0.032473803536143396
8988 0.06722460255051203
9129 0.059904792025903056
9247 0.15518826997919452
9287 0.04017232140876751
9338 0.060467346621766505
9433 0.023665490502653784
9438 0.03715727995793605
9546 0.02750522860737684
9593 0.06826904392582255
9675 0.020065919150095278
9696 0.15166077266353248
9795 0.08566041096287545
9837 0.08519596050411793
9898 0.031526156497248166
9905 0.15166077266353248
9966 0.04614221860996627
10059 0.06826904392582255
10081 0.13099824568763876
10116 0.03317404661681327
10312 0.025987474019176397
10318 0.05054591734773839
10420 0.024699674568536664
10460 0.024623121007302243
10499 0.08625435431826961
10515 0.044718622363879745
10560 0.03715727995793605
10576 0.03317404661681327
10597 0.06871512769870981
10645 0.05053921785355138
10647 0.06692926261817211
10749 0.015684062424528442
10818 0.036776644437614595
10852 0.11980958405180611
10893 0.06487336695466962
10981 0.05265911964059945
10988 0.0640117465264071
11080 0.01857168060499857
11084 0.1060591445745842
11110 0.05053921785355138
11145 0.09134876957476379
11187 0.040415781462408554
11189 0.036590273656434795
11212 0.1043915593075788
11257 0.037952313224691704
11319 0.00847043450856828
11497 0.014442898272109927
11655 0.05797126102003479
11783 0.0521957796537894
11857 0.04652285413028773
11889 0.07971745081556961
11893 0.01653204349941382
11908 0.032473803536143396
11917 0.07470339158577885
11965 0.06113519287457722
12151 0.15943490163113921
12180 0.05539107385652995
12204 0.021564633844532263
12265 0.017266175342390323
