317
36 0.039478091509067885
68 0.02656288706161796
170 0.044281644987470344
194 0.07895618301813577
216 0.052320962528949
230 0.023607941554465217
236 0.044723502764686854
247 0.037885214624083646
251 0.07194761134458154
255 0.14389522268916308
335 0.027167707998512543
344 0.03040119278409999
390 0.04376693133386487
450 0.02315342723558247
456 0.01739401093315124
482 0.05009760172759789
485 0.03371112930072496
547 0.04323670512299604
633 0.06349487378614968
641 0.03253279184788899
656 0.05406603761488912
694 0.04270594377089935
698 0.06571823458750078
789 0.06571823458750078
844 0.07194761134458154
886 0.06571823458750078
929 0.04881275947063708
943 0.04198840019797595
956 0.02376329043947363
983 0.04346836217848166
1038 0.07194761134458154
1040 0.06571823458750078
1046 0.3416475501671948
1061 0.05726549702906893
1119 0.04198840019797595
1184 0.06446377943414157
1203 0.05504213622771782
1374 0.05475233974121326
1413 0.11357623176068808
1446 0.06161504901360849
1450 0.031167983910569474
1507 0.06571823458750078
1542 0.037885214624083646
1587 0.029308671712347554
1599 0.05504213622771782
1622 0.021816645102169588
1623 0.09762551894127416
1634 0.04658939866928597
1684 0.03145834816530312
1698 0.024654996171837813
1759 0.04233567328687436
1818 0.03371112930072496
1823 0.04346836217848166
1835 0.06843940828626961
1895 0.05904738000080942
1979 0.07839548142517486
2049 0.06205070790127207
2100 0.03190728435377337
2105 0.027695700532299673
2129 0.02870782493959357
2130 0.04005890235244618
2181 0.027271493497785546
2190 0.06571823458750078
2252 0.04098552940632084
2349 0.06843940828626961
2396 0.06161504901360849
2450 0.02570843257522785
2456 0.028591128139424164
2473 0.03839340159491089
2495 0.047650478271019286
2541 0.027481752543644218
2578 0.04752658087894726
2622 0.03647656701381861
2630 0.010159323219813452
2644 0.06923788486580046
2656 0.020080458298370386
2662 0.03839340159491089
2731 0.04234189516777014
2788 0.047650478271019286
2825 0.05726549702906893
2828 0.019189123051721397
2829 0.04515306722747795
2851 0.035828907429038485
2853 0.029557552239601464
2904 0.07577042924816729
2998 0.06571823458750078
3091 0.0861623912219481
3186 0.05406603761488912
3239 0.016586712529905283
3243 0.05406603761488912
3276 0.044281644987470344
3278 0.05582693844406096
3347 0.03541548741208529
3363 0.03976503939662484
3472 0.025436420050906437
3513 0.04346836217848166
3520 0.03060720821281088
3544 0.031167983910569474
3599 0.030202926242413042
3606 0.05009760172759789
3709 0.03406982347015343
3730 0.04881275947063708
3739 0.06349487378614968
3750 0.04515306722747795
3759 0.019965412892686198
3918 0.011063049379525954
3933 0.019189123051721397
3955 0.04710840135927674
3962 0.033192126610734174
3965 0.04164486416916603
3988 0.04098552940632084
4030 0.07042783432144274
4033 0.056722064416503896
4043 0.06843940828626961
4048 0.013363907543737733
4059 0.021294866152051287
4143 0.02706479833667716
4169 0.05938456365654716
4350 0.0348205048965049
4378 0.044281644987470344
4381 0.02285956427976113
4451 0.01383952803729187
4592 0.08133753111267467
4655 0.026661630293894387
4723 0.05406603761488912
4726 0.07194761134458154
4790 0.031167983910569474
4791 0.03145834816530312
4820 0.0232280129271587
4861 0.018190378815140507
4872 0.020255087381161715
4897 0.07194761134458154
4934 0.04561330005645727
4941 0.04500542771072901
5005 0.04823026307262453
5052 0.05504213622771782
5057 0.04609158577186826
5249 0.13555663043735316
5250 0.15154085849633459
5337 0.02656288706161796
5350 0.052320962528949
5365 0.06349487378614968
5389 0.019626648815632527
5502 0.04881275947063708
5515 0.03647656701381861
5529 0.07194761134458154
5540 0.0692569161050844
5560 0.05610321582945114
5585 0.04943826696475269
5690 0.058550339286029734
5802 0.03411113472179923
5839 0.04470957389674478
5842 0.0181594211765085
5956 0.07194761134458154
5971 0.03692827504513691
6001 0.03145834816530312
6023 0.037397360667650204
6044 0.07194761134458154
6066 0.02019659939107051
6162 0.013978897812054844
6169 0.06843940828626961
6173 0.08534488340313331
6180 0.023607941554465217
6214 0.019682460000269804
6360 0.03190505721057342
6384 0.1068613366708332
6412 0.05153393316940591
6436 0.02013839058099231
6452 0.07042240242546213
6545 0.05610321582945114
6563 0.03976503939662484
6584 0.017164348353289723
6666 0.019738527788956826
6772 0.0505167834845862
6791 0.021231185993990407
6817 0.06793116854294734
6818 0.04198840019797595
6828 0.02758825734776905
6892 0.04561330005645727
6933 0.05406603761488912
6952 0.01702859864843745
6982 0.025170342821460183
6985 0.08534488340313331
7015 0.05610321582945114
7025 0.020022799928273202
7101 0.035620445556944394
7139 0.06571823458750078
7150 0.023303057610494303
7152 0.06571823458750078
7163 0.08856328997494069
7208 0.027481752543644218
7262 0.024500373553719597
7269 0.04234189516777014
7381 0.06349487378614968
7388 0.05316231145517662
7482 0.07852716148233105
7483 0.013430728108500583
7484 0.009657411944754252
7507 0.07089193174271397
7537 0.021644278541734025
7547 0.03763884821343641
7552 0.01684991819818608
7554 0.02300561060687127
7739 0.032373381439926296
7786 0.10632462291035324
7802 0.04821777695505669
7833 0.018510012295221586
7835 0.021231185993990407
7952 0.06986906437840082
8058 0.06571823458750078
8061 0.04658939866928597
8092 0.05921558336687048
8100 0.05292987391247147
8124 0.03388915760933829
8144 0.07689214584470147
8165 0.06161504901360849
8166 0.020022799928273202
8212 0.05406603761488912
8223 0.04943826696475269
8252 0.014626557396834964
8276 0.07689214584470147
8312 0.026175720494110346
8324 0.008352916625429394
8352 0.027271493497785546
8369 0.035828907429038485
8512 0.04164486416916603
8532 0.12242883285124352
8582 0.03692827504513691
8708 0.02285956427976113
8786 0.03145834816530312
8800 0.04515306722747795
8828 0.027695700532299673
8880 0.10388537415762661
8942 0.0367505603305794
8949 0.03425320621246749
8961 0.1103530293910762
8962 0.07577042924816729
8969 0.029308671712347554
8988 0.030336203225364292
9160 0.03269431371331648
9247 0.10504687386014945
9265 0.04164486416916603
9280 0.06161504901360849
9291 0.026080819450516098
9315 0.15378429168940294
9338 0.04465125946640319
9433 0.02135888059068831
9616 0.0670713252790882
9625 0.024996129536359105
9628 0.03625683633831292
9664 0.018714970440080688
9731 0.04270594377089935
9749 0.047650478271019286
9795 0.03865566380084489
9841 0.07194761134458154
9849 0.02368536862446077
9898 0.02845338920959897
9920 0.04066876555633733
9921 0.06381456870754675
10015 0.05998667072783776
10046 0.05406603761488912
10081 0.05911510447920293
10135 0.07251367267662584
10142 0.04198840019797595
10318 0.030412897712982292
10428 0.0578892462184367
10460 0.044446346996785215
10467 0.07194761134458154
10476 0.031025353950636034
10480 0.05316231145517662
10499 0.03892369047039721
10597 0.1033627570580082
10618 0.07295313402763721
10646 0.02906476913089498
10647 0.030202926242413042
10693 0.050794632726202
10746 0.058550339286029734
10760 0.02368536862446077
10815 0.05153393316940591
10834 0.07689214584470147
10852 0.16219811284466737
10876 0.04066876555633733
10883 0.052320962528949
10893 0.058550339286029734
10951 0.013637584354252393
10981 0.07128987131842089
10988 0.0288863493090418
11079 0.04609158577186826
11125 0.03269431371331648
11145 0.054963505087288436
11187 0.03647656701381861
11212 0.04710840135927674
11244 0.03406982347015343
11297 0.050794632726202
11319 0.015289689364306035
11351 0.04658939866928597
11474 0.050794632726202
11497 0.013035188919615333
11606 0.05998667072783776
11634 0.030935812646125185
11664 0.07194761134458154
11667 0.05406603761488912
11857 0.04198840019797595
11889 0.07194761134458154
11893 0.02238106640877241
11909 0.06161504901360849
11917 0.03371112930072496
11949 0.05153393316940591
11955 0.058550339286029734
11965 0.02758825734776905
12030 0.026861548255768954
12156 0.03521391716072137
12180 0.04999225907271821
12186 0.018308442043857672
12200 0.03541548741208529
12204 0.009731394310539019
12275 0.02307929495526682
