239
6 0.03495737998967494
73 0.0367084637016819
84 0.022256849480143275
90 0.03135391980497917
111 0.02326390847758876
141 0.043661204203163384
169 0.03278087583314519
201 0.02344157606080772
210 0.017461046996544532
214 0.027826971904974504
262 0.024280594645445585
335 0.02335236585032128
344 0.0087105836117315
374 0.011866214378179397
450 0.01990183726664457
457 0.03214540027429615
479 0.025735897206333954
496 0.018033414980898017
590 0.0352296585828259
637 0.043661204203163384
674 0.06681966505205755
938 0.02367312384290811
1401 0.05032772524434765
1446 0.05296203737650748
1465 0.1763486184097027
1487 0.03256474165093286
1524 0.02268979148778266
1543 0.04098692557931128
1664 0.02217713703164706
1742 0.042530143808555944
1755 0.1394195517556265
1756 0.05296203737650748
1797 0.0373638106152256
1918 0.06600312108270275
1922 0.06609366976706468
1929 0.018526138731630403
1958 0.014637159144171083
2091 0.02716750060166199
2129 0.02467619391348991
2145 0.0733593331020821
2154 0.024575885622070297
2174 0.029129877533128536
2266 0.0163566436936916
2272 0.05296203737650748
2356 0.010794525955360259
2367 0.05648898527651214
2434 0.034180570112622835
2480 0.02447652813444853
2578 0.020426053319640102
2622 0.03135391980497917
2630 0.017465163615107835
2658 0.11841134437188887
2677 0.019281411439687614
2696 0.06184352917321488
2757 0.018470233871316535
2770 0.0733593331020821
2798 0.03322699151926156
2806 0.05485266387288491
2812 0.0352296585828259
2816 0.10915573167639492
2885 0.03579639857431281
2933 0.028976850925411756
2938 0.02487973693927873
3025 0.0367084637016819
3042 0.0733593331020821
3089 0.025848006686358376
3323 0.03469199527145988
3403 0.2200779993062463
3407 0.023993394859081515
3424 0.05032772524434765
3438 0.0733593331020821
3454 0.039618637450942185
3490 0.033692940960514284
3591 0.013093411248985472
3619 0.03550919878794874
3620 0.23531202572818907
3642 0.05296203737650748
3725 0.09635302587984698
3731 0.0733593331020821
3791 0.02796399524780848
3814 0.021711187590394334
3861 0.06184352917321488
3903 0.022337172757954795
3937 0.08732240840632677
3958 0.044973181347644914
3985 0.0352296585828259
4014 0.10037213225633307
4078 0.025624974092273364
4161 0.03843071070647264
4169 0.017014931310428163
4178 0.027040442846454443
4339 0.02344157606080772
4378 0.11418863611071679
4410 0.011458524352113966
4440 0.5005276062332961
4448 0.027826971904974504
4453 0.027691716654657528
4624 0.011774932349340876
4676 0.019838115876111943
4689 0.05882800643204727
4699 0.021192530878002304
4841 0.051562343097029846
4861 0.05733120354716558
4877 0.04822426763054912
5005 0.013818988685523687
5135 0.05032772524434765
5220 0.0733593331020821
5293 0.03278087583314519
5341 0.04647318391854217
5353 0.05648898527651214
5370 0.03256474165093286
5372 0.044973181347644914
5431 0.07841504116704949
5433 0.021787421646138477
5473 0.08038143651481744
5525 0.03116504737145522
5752 0.022256849480143275
5807 0.023622307028709023
6013 0.018195096383708417
6057 0.013536624502171152
6068 0.03617406432820997
6075 0.04647318391854217
6122 0.027826971904974504
6162 0.024031496209340388
6360 0.06856104391448241
6410 0.028967143958818418
6437 0.02642727762549686
6562 0.043062061909330235
6570 0.027826971904974504
6629 0.08732240840632677
6747 0.019341827379056403
6794 0.04403901589802028
6828 0.02371385465395868
6875 0.12368705834642976
6877 0.185155082134975
7121 0.027426331936442457
7225 0.04731220250318004
7229 0.02993042951877303
7262 0.021059622943802304
7282 0.015998245142571338
7331 0.0419576586064773
7464 0.04569637404149006
7483 0.01154456152293271
7484 0.008301157275155917
7488 0.029765353091977583
7507 0.01523402642194274
7537 0.01240308558235154
7542 0.012015748104670194
7561 0.018470233871316535
7631 0.03322699151926156
7663 0.0733593331020821
7753 0.03495737998967494
7833 0.015910528007575236
7885 0.04731220250318004
7986 0.09559753614575119
7990 0.038811921315480426
8051 0.03609168955093752
8098 0.030881562757295034
8156 0.0368292511798116
8171 0.016402317563176467
8216 0.04822426763054912
8252 0.01257245254109452
8312 0.02249968975696016
8324 0.02153958276107848
8327 0.023089202159016147
8380 0.050385319545629345
8556 0.03422488051947897
8682 0.02993042951877303
8740 0.0733593331020821
8753 0.022337172757954795
8942 0.010529811471901152
8950 0.11588095671296329
8985 0.03235297411592477
8986 0.019221341725367568
9000 0.021120488419419763
9001 0.03806287870357226
9099 0.035538734710320666
9126 0.03443316393667941
9273 0.015275052448726196
9291 0.0448362325977571
9292 0.02049346278965564
9338 0.07676117151981743
9359 0.05648898527651214
9419 0.19828100930119408
9433 0.055077932271767834
9485 0.09463877394138902
9578 0.018359310757255946
9582 0.021864214198111118
9595 0.0367084637016819
9637 0.026668256892728354
9675 0.01556682061017334
9889 0.05648898527651214
9894 0.03322699151926156
9987 0.022664766183755607
10085 0.0733593331020821
10127 0.031742191469465955
10167 0.04435427406329412
10298 0.06725434889663565
10392 0.01134489574389133
10418 0.05888560073332895
10452 0.0839153172129546
10453 0.05296203737650748
10508 0.031546257980463004
10576 0.025735897206333954
10597 0.017769367355160333
10619 0.014637159144171083
10628 0.024575885622070297
10726 0.043062061909330235
10868 0.05882800643204727
10909 0.05059815663183087
10951 0.005861183784302964
11018 0.04822426763054912
11217 0.03829437214973507
11225 0.0377075180126275
11237 0.027040442846454443
11276 0.01990183726664457
11300 0.018810224857950128
11319 0.006571228235237761
11629 0.013329733513639567
11634 0.013295645234939663
11764 0.026075888192967554
11828 0.02049346278965564
11892 0.027558184448063044
11893 0.010687746785562993
11899 0.04569637404149006
11929 0.014035868211104788
12004 0.019102225256471476
12006 0.022187294844477054
12021 0.01556682061017334
12024 0.020226387540598724
12064 0.01964924344258799
12115 0.05648898527651214
12138 0.021485756612484152
12142 0.2934373324083284
12204 0.008364749804653538
12227 0.03235297411592477
12229 0.03443316393667941
12265 0.006697411969227239
12304 0.0448362325977571
