181
84 0.033555836917332736
123 0.08869283102115277
141 0.06582639870763424
226 0.12651605079040248
335 0.035207506830936555
432 0.058515312478189425
435 0.019841438047486632
456 0.04508291673186688
485 0.08737467402099894
590 0.053114466138313825
594 0.028534113643558238
621 0.11060118010565391
678 0.04391804962313308
711 0.06908891161758364
744 0.059437589035056686
846 0.04368733701049947
862 0.050095118344070384
938 0.017845550955115058
1046 0.05534400646229903
1072 0.09964700556340335
1113 0.046986400660636925
1119 0.05441411866143713
1143 0.08153577092189968
1413 0.14718709269716068
1414 0.08228504968758184
1423 0.05973156885375086
1524 0.01710428386397611
1536 0.04850666457737196
1539 0.09323922422983243
1575 0.03049458380641987
1668 0.09323922422983243
1779 0.07270596233812053
1896 0.04279676150177303
1924 0.08228504968758184
1933 0.046986400660636925
1971 0.02278366285057443
2049 0.0804135086558681
2080 0.022421734056289843
2088 0.07984892428738867
2126 0.052303850852950654
2163 0.053114466138313825
2172 0.04846444283181273
2181 0.03534200579841686
2243 0.03705216278561563
2246 0.05685024406163031
2326 0.06780441860388088
2356 0.016274511488301287
2416 0.3246154690588017
2419 0.04039159308168271
2541 0.03561448726036944
2630 0.013165793804867825
2644 0.029909200836347506
2656 0.05204582386905218
2662 0.04975524431393787
2704 0.034810744570587145
2867 0.11060118010565391
3278 0.18086981396509094
3332 0.056202226085776325
3453 0.050095118344070384
3456 0.047561137935938844
3496 0.07984892428738867
3513 0.05633204900510227
3520 0.11899459744128246
3548 0.04258174412658911
3591 0.019740456660521846
3599 0.039140943801819816
3732 0.06037670060308069
3887 0.02694826109857071
3933 0.024867801912482015
3955 0.06104929288632096
4033 0.03675397406579576
4077 0.09964700556340335
4131 0.06325802539520124
4230 0.04815756846555871
4356 0.02132742768339576
4451 0.053805268880602934
4592 0.10540792334847672
4624 0.011835089537406368
4676 0.029909200836347506
4698 0.11060118010565391
4723 0.07006591755005986
4789 0.07270596233812053
4827 0.03958173339561429
4941 0.01944132722619893
4972 0.025078051576135775
5001 0.0423227290192354
5249 0.08783609924626616
5297 0.029909200836347506
5444 0.05583030739440103
5802 0.01473523896819584
6066 0.05234684582606202
6079 0.023405929585128337
6155 0.07897657637161762
6162 0.018115703401767692
6199 0.057940575202887507
6230 0.03782321976924971
6251 0.02425333228868598
6258 0.025291136152040188
6280 0.03141543843567879
6384 0.04616168137318713
6437 0.0398434387113688
6452 0.03650506276909588
6459 0.06780441860388088
6545 0.07270596233812053
6630 0.039140943801819816
6638 0.0293447289289214
6699 0.05583030739440103
6778 0.021439113895865797
6817 0.0586894578578428
7028 0.0742121999374518
7042 0.023216663451244502
7079 0.06582639870763424
7220 0.07829396473009517
7231 0.09512227587187769
7483 0.03481062529458691
7484 0.025030701672199927
7554 0.029813710918699266
7589 0.03494189497712916
7786 0.06889474974513808
7802 0.12497393682313432
7833 0.02398772043487858
7869 0.1484243998749036
7952 0.11641573073010786
8166 0.025948190597740214
8193 0.058515312478189425
8281 0.08869283102115277
8369 0.046431833819839764
8483 0.03417083799349508
8532 0.07932973162752163
8708 0.029624444784815424
8722 0.05583030739440103
8754 0.03217069978252648
8961 0.1787625513124616
8969 0.11394615175943258
9165 0.05973156885375086
9247 0.1361336233885551
9287 0.046986400660636925
9338 0.0450061139550744
9433 0.027679660512362297
9625 0.032393288438116376
9675 0.023469525378350543
9696 0.08869283102115277
9906 0.04815756846555871
9923 0.05906130998893163
9946 0.13560883720776176
10000 0.08869283102115277
10116 0.0388010697716873
10172 0.03617396279301819
10173 0.06248696841156716
10299 0.12813728136112879
10318 0.04926631573212875
10385 0.06492309381176034
10428 0.0750205365791243
10499 0.10088492545611878
10501 0.043014744727259184
10646 0.03766596938437374
10647 0.039140943801819816
10749 0.01834441265085814
10801 0.05116092887018462
10825 0.05116092887018462
10934 0.04216029159606324
10951 0.017673384311113143
10981 0.06159122517947442
11084 0.04134967631070008
11111 0.07270596233812053
11145 0.03561448726036944
11159 0.04942252606083011
11187 0.047271156712169
11189 0.21398380750886514
11319 0.019814400344930674
11550 0.09964700556340335
11624 0.039140943801819816
11626 0.07133087514533126
11629 0.020096751084840183
11665 0.33180354031696174
11710 0.04975524431393787
11768 0.03720339392330814
11893 0.016113524444241793
11908 0.03798205058647753
12180 0.032393288438116376
12265 0.010097442767363983
