391
36 0.0322941245933838
68 0.021729145243275894
111 0.0221397219614504
170 0.0362235585805075
194 0.0645882491867676
216 0.04279993328369329
230 0.05793576463376688
236 0.054877514920025704
247 0.030991109107597548
251 0.05885505190707051
255 0.11771010381414101
313 0.05122858467643895
335 0.022223904790815683
336 0.03326812750392966
344 0.016579320665010645
390 0.03580250917755871
392 0.03588537005551717
440 0.05194048867889437
450 0.018940116792069327
456 0.014228761694947726
482 0.04098116525336979
485 0.027576596745342203
495 0.024386693328803204
522 0.028805917022311556
547 0.0530531551377823
594 0.01801148340181645
628 0.01716198265124529
633 0.05194048867889437
641 0.026612685495828157
656 0.0884549018589085
694 0.03493459324645122
698 0.05375925670921788
711 0.014536913025047376
744 0.018759285144127766
766 0.04348817899192019
789 0.05375925670921788
844 0.05885505190707051
886 0.10751851341843575
887 0.017577693054795573
929 0.039930130252865625
943 0.034347623596719105
952 0.01027289991222087
1038 0.05885505190707051
1040 0.05375925670921788
1046 0.41921511895741465
1061 0.0936893869620835
1119 0.06869524719343821
1184 0.052733079164386715
1339 0.05885505190707051
1374 0.022394432124155244
1413 0.09290836611197917
1423 0.03770413808584067
1446 0.050402742220096323
1450 0.05099247290114393
1542 0.030991109107597548
1599 0.04502592545071824
1623 0.07986026050573125
1634 0.03811136222254212
1684 0.025733762102430783
1698 0.020168439957130295
1729 0.025614292338219474
1745 0.03555827169962815
1759 0.05194755327358243
1818 0.055153193490684406
1823 0.03555827169962815
1829 0.04907068564806671
1835 0.05598524887624284
1895 0.048302320952395034
1952 0.03897935344379968
2049 0.025379561365207675
2086 0.021490673184122663
2100 0.02610100379651336
2105 0.022655816669498608
2129 0.02348376124492587
2130 0.032769243248421585
2174 0.027722228617596913
2181 0.022308804078405083
2190 0.05375925670921788
2252 0.03352724872400429
2274 0.03140681951114783
2349 0.05598524887624284
2356 0.01027289991222087
2396 0.050402742220096323
2416 0.04098116525336979
2454 0.03352724872400429
2473 0.03140681951114783
2495 0.03897935344379968
2544 0.04907068564806671
2578 0.038878002095154816
2630 0.016621191010196285
2644 0.09439737311537008
2656 0.032852693602519696
2662 0.03140681951114783
2681 0.031196798994365987
2731 0.03463679184577304
2788 0.03897935344379968
2825 0.04684469348104175
2828 0.015697210958835823
2829 0.03693640505602133
2851 0.029308995352331373
2853 0.024178860684840577
2895 0.017367672538013728
2904 0.061982218215195097
2957 0.026612685495828157
2998 0.05375925670921788
3091 0.07048311838342888
3186 0.04422745092945425
3239 0.013568370216487416
3278 0.06850187167858258
3332 0.01773816202834157
3347 0.028970806827341034
3407 0.022833957226194194
3472 0.04161533077884157
3513 0.03555827169962815
3520 0.025037507075363997
3561 0.028484095369047144
3591 0.02492139142128461
3599 0.024706793714514532
3661 0.01763089641332989
3670 0.022223904790815683
3709 0.027870018077419074
3730 0.039930130252865625
3739 0.05194048867889437
3750 0.03693640505602133
3759 0.016332236611961357
3814 0.02066203351716607
3891 0.016239005970006593
3903 0.021257769077900918
3933 0.031394421917671646
3955 0.03853592017086678
3965 0.034066602025193654
4025 0.01619271537149294
4030 0.05761183404462311
4033 0.02320007560446238
4043 0.05598524887624284
4048 0.021864060737221688
4059 0.05225929378241209
4101 0.015309341562639554
4143 0.0221397219614504
4144 0.07795870688759936
4169 0.04857814611447882
4205 0.027152038797017528
4230 0.030398324473101996
4350 0.028484095369047144
4378 0.072447117161015
4381 0.03739945822008669
4382 0.02248080154748958
4410 0.010904811781249146
4451 0.04528440212438066
4592 0.099804382511789
4655 0.021809919822896994
4717 0.03897935344379968
4723 0.04422745092945425
4726 0.05885505190707051
4790 0.025496236450571964
4791 0.025733762102430783
4820 0.019001129863486246
4827 0.04997006341083094
4861 0.029760423434960867
4872 0.01656919801674974
4873 0.0322941245933838
4897 0.05885505190707051
4907 0.022223904790815683
4934 0.07462577540255624
4941 0.036815632020483324
4988 0.02515022698744742
5001 0.026715220271845624
5005 0.026302421846325464
5224 0.013151210923162732
5249 0.13861114308798456
5250 0.21693776375318286
5312 0.01924898375802991
5337 0.021729145243275894
5350 0.04279993328369329
5389 0.032110237246754415
5529 0.05885505190707051
5540 0.05665399192707664
5585 0.04044181195218041
5690 0.04789572848154591
5704 0.04215612241989058
5802 0.027903811775563062
5839 0.03657361576374406
5842 0.014854887549039582
5845 0.019439001047577408
5956 0.05885505190707051
5971 0.030208307183554498
6001 0.025733762102430783
6013 0.017315851091194143
6023 0.03059203164842458
6044 0.05885505190707051
6066 0.03304270658312227
6082 0.03326812750392966
6162 0.011435108698630658
6169 0.05598524887624284
6214 0.016100773650798345
6311 0.039930130252865625
6360 0.026099181934380787
6372 0.05598524887624284
6384 0.08741540405697543
6394 0.1765651557212115
6412 0.04215612241989058
6436 0.03294747388603679
6452 0.03456443436589498
6484 0.02913846801899181
6545 0.04589391667197581
6563 0.032528855566395606
6570 0.026482283559477036
6584 0.02808178324213364
6630 0.024706793714514532
6638 0.018523165101131243
6666 0.016146638587129378
6772 0.06198610055149822
6791 0.017367672538013728
6817 0.07409266040452497
6818 0.034347623596719105
6828 0.022567925298479702
6867 0.019567720331300907
6892 0.03731288770127812
6933 0.04422745092945425
6934 0.02248080154748958
6952 0.013929844766610659
6982 0.020590007167588402
7002 0.05665399192707664
7015 0.04589391667197581
7025 0.016379180727202236
7042 0.014654968912694886
7101 0.02913846801899181
7121 0.02610100379651336
7139 0.05375925670921788
7150 0.03812503680464122
7152 0.05375925670921788
7163 0.072447117161015
7176 0.023809271292157055
7185 0.030991109107597548
7205 0.01795621674478158
7208 0.02248080154748958
7220 0.03294747388603679
7262 0.010020977279848088
7269 0.03463679184577304
7272 0.011321100531095165
7381 0.05194048867889437
7388 0.04348817899192019
7394 0.02743306036854298
7425 0.04033687991426059
7482 0.08564973094144876
7483 0.010986691360603226
7484 0.01580003757384727
7507 0.10148508655030243
7537 0.005901864394838757
7542 0.011435108698630658
7547 0.030789574857664544
7552 0.013783679425221393
7554 0.018819198874254657
7583 0.04215612241989058
7739 0.026482283559477036
7786 0.08697635798384037
7802 0.07888683758914346
7833 0.015141680370988777
7835 0.017367672538013728
7837 0.028970806827341034
7952 0.04898978179706057
8058 0.05375925670921788
8061 0.03811136222254212
8092 0.032293277174258755
8100 0.021649019462463462
8124 0.027722228617596913
8166 0.016379180727202236
8169 0.0244922562829717
8212 0.04422745092945425
8223 0.04044181195218041
8224 0.015309341562639554
8246 0.03770413808584067
8252 0.011964911394897885
8312 0.02141243273536219
8324 0.006832907060813814
8341 0.03555827169962815
8352 0.044617608156810165
8369 0.029308995352331373
8483 0.02156953214087101
8485 0.05194048867889437
8512 0.034066602025193654
8515 0.01773816202834157
8532 0.10015002830145599
8539 0.05375925670921788
8582 0.030208307183554498
8708 0.018699729110043344
8776 0.021257769077900918
8786 0.025733762102430783
8800 0.03693640505602133
8828 0.022655816669498608
8862 0.04907068564806671
8880 0.08498098789061496
8942 0.04008390911939235
8949 0.02802003001827509
8961 0.1354075517908782
8962 0.09297332732279265
8969 0.023975269820926633
8988 0.024815817816955486
9247 0.1145748338858081
9265 0.034066602025193654
9280 0.050402742220096323
9287 0.029659052535567932
9291 0.021334801167859213
9315 0.06289981210441897
9338 0.07305182603005617
9433 0.01747213010062708
9546 0.04061398453766995
9602 0.032769243248421585
9616 0.05486612073708596
9625 0.020447496085623244
9628 0.029659052535567932
9664 0.015309341562639554
9675 0.029629164030199533
9749 0.03897935344379968
9789 0.0322941245933838
9795 0.03162135694269066
9841 0.05885505190707051
9849 0.019375258938818432
9898 0.023275626078017742
9913 0.05194048867889437
9920 0.03326812750392966
9921 0.05220200759302672
10004 0.01656919801674974
10015 0.04907068564806671
10046 0.04422745092945425
10081 0.07253658205452174
10135 0.08897715760670379
10142 0.06869524719343821
10192 0.02687871742354265
10318 0.024878555939394677
10415 0.04098116525336979
10428 0.02367746842024845
10460 0.03635828918693445
10464 0.03493459324645122
10476 0.025379561365207675
10480 0.04348817899192019
10572 0.04215612241989058
10597 0.08455347325947243
10618 0.0596775960971972
10646 0.02377575104853947
10647 0.024706793714514532
10693 0.04155135507394917
10746 0.04789572848154591
10760 0.019375258938818432
10815 0.04215612241989058
10852 0.0884549018589085
10876 0.03326812750392966
10883 0.04279993328369329
10925 0.022308804078405083
10951 0.011155905249063213
10979 0.02088128643264412
10981 0.058317003142732235
10988 0.02362979890808373
11036 0.007960538321861584
11069 0.05885505190707051
11079 0.03770413808584067
11084 0.07830301138954007
11110 0.03731288770127812
11125 0.02674481466031609
11145 0.04496160309497916
11187 0.0298387980485986
11189 0.027014442048901795
11212 0.03853592017086678
11244 0.05574003615483815
11297 0.04155135507394917
11319 0.012507370910055743
11450 0.05598524887624284
11474 0.04155135507394917
11497 0.010663129826619443
11546 0.05375925670921788
11626 0.04502592545071824
11634 0.012653157103124781
11664 0.05885505190707051
11667 0.0884549018589085
11710 0.03140681951114783
11744 0.05375925670921788
11768 0.02348376124492587
11857 0.034347623596719105
11889 0.05885505190707051
11893 0.038650866483929965
11909 0.050402742220096323
11949 0.04215612241989058
11965 0.045135850596959404
11984 0.03657361576374406
12030 0.021973458011356528
12180 0.061342488256869734
12186 0.014976790565959304
12200 0.028970806827341034
12204 0.015921076643723168
12265 0.019121314761381375
12275 0.018879474623074016
