399
36 0.031035813893243575
68 0.020882489193335567
79 0.020805485439474563
111 0.04255413633875096
170 0.03481214111888208
186 0.03514855864769625
194 0.06207162778648715
216 0.04113227346339296
230 0.03711890076138351
236 0.052739263300252116
247 0.02978356920087122
251 0.05656181923690401
255 0.05656181923690401
313 0.04923251024918511
335 0.021357970892644306
336 0.031971865681108796
344 0.01593332276735861
390 0.03440749751654529
392 0.03448712979702136
440 0.0499166755705324
450 0.01820213265652013
456 0.013674351153837527
479 0.023537938166612107
482 0.03938437204742871
485 0.0265021001551722
495 0.023436488375331327
522 0.027683521104388084
547 0.05098598800981043
628 0.03298656373625601
633 0.0499166755705324
641 0.02557574681609916
656 0.08500833840842498
694 0.0335733991270707
698 0.05166457698649665
744 0.01802834694651291
766 0.04179370231406785
789 0.05166457698649665
844 0.05656181923690401
886 0.1033291539729933
887 0.016892794500240504
929 0.03837428965375344
943 0.03300930020692841
952 0.01974525173442382
1038 0.05656181923690401
1040 0.05166457698649665
1046 0.36930739039777766
1061 0.09003886664025008
1119 0.03300930020692841
1184 0.03378558900048101
1339 0.05656181923690401
1413 0.07143062203624427
1446 0.04843884598043946
1450 0.07350839752629802
1542 0.02978356920087122
1599 0.04327153190416079
1623 0.07674857930750688
1634 0.036626388237789194
1684 0.024731069859923436
1698 0.01938259534537104
1729 0.024616255124592555
1745 0.03417277652607877
1759 0.04992346489982156
1814 0.03288898677438198
1818 0.0795063004655166
1823 0.03417277652607877
1829 0.04715869176089288
1835 0.05380383542726449
1895 0.046420265685027357
1952 0.03746055898380279
2049 0.024390670226871972
2086 0.02065330897743541
2100 0.025084002321010226
2105 0.021773053724393546
2129 0.022568738205097676
2130 0.03149241998926334
2174 0.05328411523240101
2181 0.021439562158005108
2187 0.03746055898380279
2190 0.05166457698649665
2252 0.03222089048247077
2274 0.030183081832983714
2349 0.05380383542726449
2356 0.01974525173442382
2362 0.025084002321010226
2396 0.04843884598043946
2454 0.03222089048247077
2473 0.030183081832983714
2480 0.02238612476351508
2495 0.03746055898380279
2578 0.037363156696731174
2630 0.015973561673264535
2644 0.07257541341423862
2656 0.03157261877748641
2662 0.030183081832983714
2681 0.029981244571417584
2731 0.033287201282572114
2788 0.03746055898380279
2809 0.03300930020692841
2825 0.04501943332012504
2829 0.035497212190696625
2851 0.028166997452510476
2853 0.023236753738143285
2895 0.01669095723867437
2904 0.05956713840174244
2957 0.02557574681609916
2998 0.05166457698649665
3091 0.06773680885629933
3111 0.03886603414884237
3239 0.013039691218625128
3278 0.06583275959710964
3332 0.017047010948629194
3342 0.021773053724393546
3347 0.02784198613064975
3407 0.021944253199036548
3472 0.0399938278996578
3513 0.06834555305215755
3561 0.027374238934232072
3591 0.011975176225556002
3599 0.023744116345532678
3656 0.05656181923690401
3661 0.016943924839110412
3670 0.021357970892644306
3709 0.02678408859639197
3739 0.0499166755705324
3750 0.035497212190696625
3759 0.01569586611594044
3814 0.01985695648880059
3850 0.04715869176089288
3878 0.047280946005950175
3891 0.015606268119732534
3903 0.02042947976432984
3933 0.06034233460054482
3955 0.03703440367827588
4025 0.015561781191581804
4030 0.08305056331316424
4033 0.022296106113270844
4043 0.05380383542726449
4048 0.021012147829825578
4059 0.05022305872801298
4101 0.0147128272262727
4143 0.04255413633875096
4144 0.07492111796760557
4169 0.046685343574745415
4205 0.026094084714685495
4350 0.027374238934232072
4363 0.04410570265017439
4378 0.06962428223776417
4381 0.0359422229164419
4382 0.021604857904764845
4410 0.010479915874636704
4451 0.043519937273265454
4592 0.15985932840554398
4624 0.0035897670781626363
4655 0.020960116466159646
4717 0.03746055898380279
4723 0.04250416920421249
4790 0.024502799175432674
4820 0.018260768410032355
4827 0.04802302610084868
4861 0.028600836057367508
4872 0.01592359453872607
4873 0.031035813893243575
4891 0.04715869176089288
4897 0.05656181923690401
4907 0.021357970892644306
4934 0.07171805107568176
4941 0.03538114496480107
4988 0.02417027165105957
5001 0.0256742864193902
5005 0.012638786151388396
5224 0.012638786151388396
5249 0.15985234569720302
5250 0.20848498440609856
5312 0.018498964906782996
5337 0.020882489193335567
5350 0.04113227346339296
5389 0.015429545773511043
5529 0.05656181923690401
5540 0.054446521523556134
5585 0.03886603414884237
5704 0.040513548094521276
5774 0.05380383542726449
5802 0.02681656555433918
5821 0.04410570265017439
5839 0.03514855864769625
5845 0.018681578348365587
5909 0.05656181923690401
5956 0.05656181923690401
5971 0.029031268429886688
6001 0.024731069859923436
6013 0.01664115496660719
6023 0.02940004142584002
6044 0.05656181923690401
6057 0.01238053711367534
6066 0.03175522807801813
6082 0.031971865681108796
6162 0.010989550263035181
6169 0.05380383542726449
6311 0.03837428965375344
6360 0.025082251446050845
6372 0.05380383542726449
6384 0.08400934367704774
6394 0.16968545771071203
6412 0.040513548094521276
6436 0.03166370603490623
6452 0.033217663144983464
6484 0.02800311455901591
6545 0.04410570265017439
6563 0.031261398790964165
6570 0.025450425870606152
6584 0.013493801263648762
6638 0.01780142710263499
6647 0.05656181923690401
6666 0.015517499746510536
6772 0.05957086946640178
6791 0.01669095723867437
6817 0.10680856261580994
6818 0.03300930020692841
6828 0.021688586959367078
6867 0.037610564408469084
6892 0.03585902553784088
6932 0.015969796632068507
6933 0.04250416920421249
6934 0.021604857904764845
6952 0.013387081247183675
6982 0.019787736579326403
7002 0.054446521523556134
7015 0.04410570265017439
7025 0.015740981097143475
7101 0.02800311455901591
7121 0.025084002321010226
7139 0.05166457698649665
7150 0.03663953000244265
7152 0.05166457698649665
7163 0.06962428223776417
7176 0.011440782527180228
7185 0.02978356920087122
7205 0.0172565693646936
7208 0.021604857904764845
7262 0.009630519167239015
7269 0.033287201282572114
7272 0.021759968636632727
7381 0.0499166755705324
7382 0.02784198613064975
7388 0.04179370231406785
7394 0.026364156540556804
7425 0.03876519069074208
7482 0.1028905854770323
7484 0.03036880744236942
7507 0.097530814003244
7537 0.005671903706561618
7542 0.021979100526070362
7547 0.029589887546614006
7552 0.013246611103152305
7554 0.018085926193551836
7583 0.040513548094521276
7786 0.04179370231406785
7802 0.07581308491467152
7833 0.01455169879790654
7835 0.01669095723867437
7837 0.02784198613064975
7869 0.13505829996037513
7952 0.0549277636292277
8029 0.06709412276000769
8058 0.05166457698649665
8061 0.036626388237789194
8092 0.031034999493021072
8100 0.020805485439474563
8124 0.026642057616200504
8166 0.015740981097143475
8169 0.023537938166612107
8212 0.04250416920421249
8223 0.03886603414884237
8224 0.0147128272262727
8246 0.03623503121298561
8252 0.011498709687188049
8312 0.02057811709540646
8324 0.00656666915605738
8341 0.03417277652607877
8352 0.042879124316010216
8369 0.028166997452510476
8483 0.020729095267860466
8485 0.0499166755705324
8512 0.032739228381057105
8515 0.017047010948629194
8532 0.19249555012888378
8708 0.0359422229164419
8776 0.02042947976432984
8786 0.024731069859923436
8800 0.035497212190696625
8828 0.021773053724393546
8862 0.04715869176089288
8880 0.08166978228533421
8882 0.035497212190696625
8890 0.011527805053415477
8942 0.03852207666895606
8949 0.02692825546069909
8961 0.13013152175620246
8962 0.08935070760261365
8969 0.023041095603967006
8988 0.023848892424644254
9139 0.027683521104388084
9247 0.13763816429853584
9265 0.032739228381057105
9280 0.04843884598043946
9287 0.02850341498132464
9291 0.020503510370139887
9338 0.06630512756355428
9433 0.016791344708959724
9445 0.005879801604182593
9546 0.03903149818875837
9602 0.03149241998926334
9616 0.05272831308111361
9625 0.019650778309880025
9628 0.02850341498132464
9664 0.0147128272262727
9675 0.028474691053927925
9749 0.03746055898380279
9789 0.031035813893243575
9795 0.03038926001190428
9841 0.05656181923690401
9842 0.035497212190696625
9849 0.018620319891927604
9898 0.03355306924873641
9913 0.0499166755705324
9920 0.031971865681108796
9921 0.07525200696303068
10004 0.01592359453872607
10015 0.04715869176089288
10046 0.04250416920421249
10081 0.06971026121442986
10135 0.05700682996264928
10142 0.03300930020692841
10167 0.02028311179432749
10192 0.02583141305576863
10318 0.029886482517701176
10334 0.019186269389397024
10415 0.03938437204742871
10428 0.022754897759468415
10460 0.03494162207182444
10464 0.0335733991270707
10476 0.024390670226871972
10480 0.04179370231406785
10572 0.040513548094521276
10597 0.0812589253664414
10618 0.05735231375332669
10646 0.045698701792073824
10647 0.023744116345532678
10693 0.03993234494894372
10746 0.04602951571380031
10750 0.02057811709540646
10760 0.018620319891927604
10815 0.040513548094521276
10852 0.08500833840842498
10876 0.06394373136221759
10883 0.04113227346339296
10925 0.021439562158005108
10951 0.0053606128588405645
10981 0.056044735045096765
10988 0.022709085645761854
11036 0.007650363307818103
11069 0.05656181923690401
11079 0.03623503121298561
11084 0.1003360092840409
11106 0.01709897267916107
11110 0.03585902553784088
11125 0.02570272768988192
11136 0.03038926001190428
11145 0.04320971580952969
11187 0.028676156876663344
11189 0.025961849296614735
11212 0.03703440367827588
11217 0.011674621334849717
11244 0.05356817719278394
11297 0.03993234494894372
11319 0.012020032768988125
11450 0.05380383542726449
11474 0.03993234494894372
11497 0.0102476508338689
11546 0.05166457698649665
11634 0.012160138537862943
11664 0.05656181923690401
11667 0.08500833840842498
11744 0.05166457698649665
11768 0.04513747641019535
11857 0.03300930020692841
11893 0.04105485765818626
11909 0.04843884598043946
11965 0.021688586959367078
11984 0.03514855864769625
12030 0.021117282540341082
12106 0.036626388237789194
12180 0.03930155661976005
12186 0.014393233771644877
12199 0.06709412276000769
12200 0.02784198613064975
12204 0.03060145323127241
12265 0.0183762704145244
12275 0.018143853353559655
