176
116 0.03937965263321795
194 0.047313693899226954
210 0.024345746887182006
226 0.05850110457948133
230 0.028293640285074164
236 0.026800106578399104
336 0.04874069265354415
344 0.024290142955667855
398 0.06596688658162747
576 0.09145510430039237
641 0.03898989278204417
895 0.047313693899226954
938 0.016503588851871524
988 0.31504789780999387
1046 0.20472883809895573
1075 0.17245551290928923
1215 0.044257790458557114
1450 0.0747083961676309
1575 0.02820143096819552
1632 0.027309988342805302
1816 0.09202742996806007
1818 0.1212063191326308
1895 0.04717806013609555
1995 0.0454046631818229
2094 0.04912032771855275
2165 0.1022841159450062
2181 0.03268433316318257
2356 0.01505068949922216
2416 0.060040962027774446
2495 0.05710813407859196
2622 0.043716427522592805
2630 0.03652722996514314
2644 0.027660068032231214
2650 0.03527422824531433
2656 0.0481320459509579
2675 0.034546957401446345
2760 0.15752394890499694
2818 0.07609732151813604
2829 0.05411503747392143
2895 0.05089029367118636
2936 0.039183473469629165
3082 0.08907236454177721
3156 0.07189281113548049
3170 0.05118220952473893
3278 0.03345372807936493
3332 0.051975892154437604
3407 0.03345372807936493
3420 0.046013714984030035
3459 0.09215368100849763
3520 0.036682119756427684
3661 0.0258307926464175
3737 0.032936324375397466
3765 0.02630741515206838
3887 0.024921787092049306
3918 0.03977652251614246
4030 0.0844063344426066
4114 0.07017139696428301
4161 0.05358351969039741
4169 0.023723732664395706
4296 0.1022841159450062
4320 0.02280588943888889
4356 0.019723633001865873
4381 0.027396725263527242
4451 0.03317278866511534
4624 0.016417659413406022
4717 0.05710813407859196
4907 0.032559948342233115
4941 0.017979364833447045
4972 0.023192214880871694
4988 0.11054179261672444
5001 0.039140115123339966
5051 0.03231431015261117
5069 0.03937965263321795
5249 0.08123093940661205
5250 0.1816186527272916
5312 0.08460429290458656
5313 0.041731670582691366
5586 0.1022841159450062
5627 0.03268433316318257
5842 0.021763698853960865
5949 0.1022841159450062
6066 0.024205215725155643
6079 0.021645834277707984
6082 0.04874069265354415
6094 0.1022841159450062
6168 0.06596688658162747
6214 0.023589030068047776
6258 0.023389275775222724
6398 0.032072732284794736
6412 0.061762376198971916
6452 0.033759929770071744
6630 0.10859278798466415
6738 0.07384438956341456
6899 0.05411503747392143
7344 0.04874069265354415
7425 0.029548514058563444
7484 0.0231484256278137
7537 0.01729348659720944
7542 0.033506852375384866
7552 0.060582858090255244
7554 0.05514351766312202
7861 0.03006137819788968
7952 0.04784951998380778
7966 0.10716703938079482
8295 0.06087633957632318
8361 0.048370669642972756
8455 0.03527422824531433
8483 0.09480370693854838
8532 0.18341059878213842
8636 0.4091364637800248
8682 0.041731670582691366
8708 0.027396725263527242
8880 0.08300301265190956
8942 0.029363201979283673
8961 0.09919190468457346
9027 0.022491573491522313
9115 0.04150150632595478
9247 0.08393103524686513
9287 0.08690616950777767
9427 0.17245551290928923
9445 0.04481840467361503
9470 0.03588328004752146
9616 0.04019181313439825
9652 0.04874069265354415
9789 0.047313693899226954
9898 0.017050405630035462
9943 0.08622775645464462
9966 0.04991052709126587
10081 0.03542412831060214
10116 0.03588328004752146
10338 0.08202324607198906
10392 0.01581806407696546
10428 0.034689545149453
10457 0.06270561496213688
10576 0.03588328004752146
10632 0.14034279392856602
10633 0.06479705214390574
10646 0.06966707545094976
10647 0.18098797997444024
10749 0.050894810400693755
10750 0.0313710713894462
10816 0.032436613194731526
10848 0.03385416760090428
10893 0.07017139696428301
10925 0.03268433316318257
10951 0.008172184457216928
10980 0.03412735552204854
10981 0.028479822780527013
10988 0.03461970517901612
11067 0.01816320534856559
11084 0.038240234706464184
11095 0.046013714984030035
11103 0.023723732664395706
11106 0.05213432211675895
11129 0.04951008756972653
11145 0.06587264875079493
11159 0.045706016708610325
11189 0.039578500982869316
11192 0.07876197445249847
11202 0.04874069265354415
11217 0.03559561622108537
11244 0.040831994082015786
11319 0.009162191670674839
11400 0.06371395462690597
11628 0.1022841159450062
11629 0.018585501674720752
11893 0.008941085082255459
11929 0.019570057561669983
11965 0.09919190468457346
12030 0.0643860441703897
12052 0.036039593069579545
12138 0.029957355493668444
12180 0.05991471098733689
12200 0.04244474508911974
12265 0.009338128271131575
12340 0.05358351969039741
