152
8 0.13133364716605966
26 0.04955728999296328
210 0.03521021308837057
230 0.04091988256099377
313 0.162821783209333
343 0.08026413664052391
344 0.017564897749478003
390 0.037930831159188674
456 0.03014921411115437
485 0.11686367901255926
576 0.04408920273094842
594 0.03816439414637777
662 0.14792914485919614
979 0.027938264161390104
1046 0.14804528380671778
1095 0.06700225089080887
1184 0.03724523910449326
1274 0.07277891641087234
1353 0.18853301736292072
1413 0.07874512997493475
1524 0.022876989947212947
1564 0.06069293436476139
1783 0.14792914485919614
1814 0.03625682465677699
1895 0.06823161179591818
1933 0.06284433912097356
1964 0.09540508837452749
2253 0.06700225089080887
2578 0.04118915034598298
2630 0.07043702850498025
2656 0.03480566035139282
2662 0.06654766917125288
2748 0.05666938282080579
2783 0.07339163279770804
3278 0.0967653939501864
3661 0.07471594258631928
3759 0.034606250992515936
3765 0.03804729005033099
3791 0.05638941534676418
3867 0.06566682358302983
3887 0.03604331541440869
3891 0.03440870529976513
3955 0.08165346592418868
3988 0.142081260760288
4030 0.06103663682006786
4101 0.0324388465116191
4381 0.039622712703064514
4382 0.047634398113948026
4383 0.24941503688257421
4410 0.02310612211261207
4446 0.04440235268475869
4504 0.08804284783108784
4530 0.08683467698999825
4624 0.007914719684401654
4699 0.04273475286126902
4791 0.05452707130425703
4827 0.07941088830604513
4861 0.010509855523804335
4941 0.026002786848676653
4972 0.06708381810842791
4988 0.10658124644225704
5001 0.028303337748938402
5146 0.046041719331381584
5249 0.1762212532929847
5250 0.06566682358302983
5365 0.1100563034079073
5752 0.08976190408590266
5807 0.09526879622789605
5998 0.047634398113948026
6010 0.04065400188205646
6079 0.031305444886347976
6150 0.08880470536951739
6198 0.05123240260674766
6209 0.04039142415418012
6214 0.06823161179591818
6230 0.05058857917195522
6251 0.0324388465116191
6280 0.08403633557485196
6297 0.07906199179727183
6360 0.027650678292862833
6398 0.04638542178668806
6452 0.024412771696038973
6573 0.11391007704895549
6867 0.041461892649804974
7220 0.03490607495958347
7272 0.02398819315436891
7425 0.04273475286126902
7507 0.0614388491843154
7537 0.037516245709176436
7541 0.2958582897183923
7542 0.02422976418684101
7660 0.038759848600631676
7668 0.14792914485919614
7707 0.07989100923871484
7818 0.061386020564286825
7952 0.06920271547278585
8092 0.03421298876005803
8147 0.08460764698219589
8166 0.0347057205185365
8483 0.045703516351915066
8532 0.05305178186326107
8723 0.04955728999296328
8763 0.06654766917125288
8890 0.02541650853316971
8942 0.021233371960992935
8961 0.09563800792446987
8962 0.13133364716605966
9077 0.13133364716605966
9247 0.06069293436476139
9438 0.17438310413247754
9444 0.050378256687681006
9445 0.025927577184656554
9546 0.08605666058544689
9578 0.07404312513980667
9784 0.08357635780320394
9921 0.05530521691543626
10015 0.10397549975905675
10062 0.11862671479243656
10173 0.08357635780320394
10274 0.09371320683065165
10363 0.13327792982581638
10392 0.045753979894425895
10560 0.05812770137749252
10618 0.06322520051102729
10646 0.050378256687681006
10647 0.10470207171485815
10816 0.09382337438600936
10951 0.08273356748044665
10981 0.08237830069196596
10988 0.05006899981579568
11036 0.016867523643401362
11067 0.052537335055227924
11103 0.03431062050532956
11106 0.03769982082404926
11159 0.13220531661553575
11189 0.057240694228149716
11300 0.07586166231837735
11319 0.013250886184592877
11362 0.13327792982581638
11515 0.13327792982581638
11634 0.02681067761642517
11893 0.021551848627902572
11921 0.057240694228149716
11965 0.047819003962234936
11977 0.027086985280004562
11993 0.06995643194881607
12051 0.03583194130022944
12157 0.04935693555191631
12177 0.02593683598309295
12180 0.04332604275334383
12265 0.02701067153919945
12275 0.08000714818623647
