132
186 0.25232443813585
194 0.07426662338366628
236 0.04206717459303264
313 0.1767151479973607
322 0.17928121591148916
478 0.06740173783906077
547 0.08133736898052997
571 0.04836298835292671
587 0.08012027654157067
594 0.041420910807345675
744 0.08628125284629451
769 0.024279179344122007
979 0.06064439768138363
992 0.08177316480135803
1045 0.16055174075392042
1413 0.04273217324889967
1622 0.04104171461596047
2105 0.1042029177275024
2163 0.07710243226677393
2266 0.035797593937495695
2442 0.12874897355739384
2495 0.08964060795574458
2578 0.08940753080830653
2630 0.038223662925829016
2645 0.06946988038557235
2819 0.07650653260067984
2828 0.03609879100710029
2851 0.13480347567812154
2900 0.05335308818812776
2957 0.06120104866851064
3278 0.05251112773696097
3332 0.0815847102508042
3359 0.12362987142953177
3389 0.0796540425732883
3591 0.02865579442368072
3688 0.08494245061543114
3732 0.08764449324630079
3759 0.03755915606153198
3784 0.17528898649260158
3891 0.11203426217783297
3903 0.04888637639085769
4289 0.05732229440560896
4410 0.02507773657979002
4431 0.03832574734292704
4562 0.12362987142953177
4655 0.05015615446801404
4717 0.08964060795574458
4827 0.028728971032012513
4907 0.10221638691219438
4941 0.05644313967990406
4972 0.10921198575148038
4988 0.05783784075921799
5005 0.0302437685172548
5013 0.04997039760483146
5249 0.12750531795005002
5313 0.06550471981615039
5337 0.04997039760483146
5802 0.02139008159324248
6010 0.044122953438215325
6209 0.04383797030433807
6214 0.037026861943626595
6384 0.13401915410872095
6436 0.03788456360632822
6452 0.07948764246878769
6554 0.064787759989121
6584 0.032289762398646366
6791 0.0399403424515109
6982 0.04735072794311196
7020 0.09070781652898015
7042 0.0337019526196238
7201 0.1288750224858296
7272 0.05207014712538282
7484 0.018167630408304877
7507 0.03334067196781409
7542 0.026297257527967716
7552 0.0316982529052306
7642 0.16055174075392042
7660 0.04206717459303264
7756 0.08252539111843873
7875 0.09300381586503721
7952 0.07510769054082941
8061 0.08764449324630079
8224 0.0352068098578339
8532 0.23031447755210427
8560 0.06120104866851064
8708 0.04300366573419027
8723 0.05378594720459151
8961 0.20759734221577666
8962 0.07127008572969941
9143 0.10354587684456407
9193 0.18365420846601038
9247 0.06587178120309475
9273 0.0334304601343332
9332 0.07480643293071686
9470 0.056324709094494205
9531 0.16055174075392042
9546 0.04669988011359707
9625 0.04702299597992774
9795 0.07271946326188433
9898 0.026763415601445496
10348 0.08410814604528333
10392 0.07448715862038552
10460 0.08361296068306144
10492 0.10772848783126848
10647 0.11363615932724208
10816 0.05091459865944109
10876 0.07650653260067984
10951 0.012827587433749224
10981 0.044703765404153266
10988 0.05434132054156862
10997 0.06308766031915798
11036 0.018306806854955237
11067 0.0570202755225651
11101 0.05400547851871974
11145 0.10339795507151797
11189 0.0621249660372184
11202 0.07650653260067984
11212 0.08862084686014761
11319 0.014381566563461453
11472 0.10354587684456407
11505 0.07710243226677393
11698 0.08862084686014761
11736 0.0633965058104612
11768 0.05400547851871974
11795 0.0796540425732883
11826 0.07771422444979073
11893 0.004678167803874306
11917 0.06341775014731786
12156 0.13248962265758046
12186 0.034442044132263656
12265 0.014657727990919488
12340 0.16821629209056665
