41
132 0.11110298625419664
252 0.2908691671517152
952 0.050769980568849744
1465 0.11848883892009288
1524 0.05335853921282882
1698 0.0996750005818126
1797 0.1757335103697822
1901 0.14236251301843816
1958 0.06884306808894285
2279 0.17117943949645892
2885 0.1683614887368167
3721 0.08739848463681683
3890 0.140772029394293
4195 0.13350881539004072
4624 0.01846037794365267
6036 0.1619497763235391
6079 0.0730171588306683
6481 0.1904494285932051
6584 0.06939187579573888
7483 0.05429762887402523
7817 0.3679288027136745
7939 0.19986858866781199
8224 0.07566071706125103
8324 0.06753819499274705
8326 0.07889825091992603
8383 0.1757335103697822
8753 0.1050586039233398
8810 0.3450315402027474
9027 0.07587006224442133
9076 0.34235887899291784
9338 0.02005730189655398
9580 0.12210412322933889
9849 0.095754998904451
9898 0.057515555189192144
10116 0.12104385190149666
10318 0.030738248508620156
11067 0.06126932474836854
11448 0.3108588875208143
11497 0.052698546537630446
11764 0.12264293423789148
12204 0.03934199489646569
