238
76 0.025006589326987596
88 0.04369555601837047
105 0.030236747433753444
111 0.027450756532507437
113 0.06665541102380809
170 0.04491312443154955
192 0.05392043385314038
201 0.027660399274842033
276 0.050812019760116706
319 0.03366546371611687
326 0.03146779174332987
374 0.04200539589103088
455 0.035317063528886875
456 0.017642058636832575
464 0.031612455681175225
490 0.050812019760116706
586 0.06665541102380809
671 0.058082133001808166
967 0.14594724391048666
975 0.08880695962573888
979 0.01634830323368884
1142 0.06249371187514031
1174 0.035317063528886875
1205 0.08915809914480069
1350 0.07297362195524333
1425 0.07297362195524333
1508 0.07798866810637015
1543 0.07254512603788565
1664 0.05233679369313753
1713 0.07297362195524333
1742 0.025092185694116958
1809 0.046748875919246126
1823 0.44088243783857173
1824 0.17070983119108593
1838 0.04063016327545624
1926 0.04725378788924359
1928 0.06440034393324343
1971 0.017831619828960137
2091 0.032056885253456326
2102 0.04124872344796874
2107 0.069861025033067
2147 0.06249371187514031
2192 0.04491312443154955
2202 0.034372434741737345
2455 0.03190696068222061
2464 0.02724460799902058
2630 0.02060840097701521
2704 0.02724460799902058
2756 0.06381392136444122
2763 0.031183442997695564
2806 0.06472459787161684
2840 0.05690327706369531
2853 0.02997905841133215
2894 0.08656194612837005
2933 0.0341918676562248
3101 0.05226883404037039
3239 0.016823247735642335
3286 0.04093557695780834
3361 0.031057778763937994
3400 0.05511026748001138
3445 0.07297362195524333
3539 0.038940911605036405
3571 0.1288371382912118
3574 0.0608421120623703
3624 0.04093557695780834
3659 0.06665541102380809
3749 0.06874486948347469
3805 0.028423463937133436
3826 0.03474167486856868
3882 0.03551496576185726
4048 0.040663451588583685
4059 0.04319708418740517
4170 0.03236229893580842
4320 0.019300378702789635
4451 0.028073773907391467
4502 0.02997905841133215
4522 0.050143282538315403
4624 0.004631362802742081
4638 0.043314952890568595
4788 0.05938529778211662
4799 0.07798866810637015
4812 0.07798866810637015
4851 0.0608421120623703
4861 0.04304949399755577
4874 0.04063016327545624
5041 0.03592053080668154
5113 0.058082133001808166
5119 0.0483299990416954
5170 0.06941539008437023
5253 0.07788182321007281
5300 0.1559773362127403
5364 0.07297362195524333
5380 0.02888161356149969
5389 0.03981307020912392
5390 0.050812019760116706
5592 0.12498742375028062
5609 0.02923671811457931
5687 0.04063016327545624
5802 0.01153252578801755
5875 0.19470455802518202
5882 0.02923671811457931
5926 0.1216842241247406
5938 0.03920691380735159
6008 0.02857147482208247
6057 0.015972835512100044
6074 0.026941687739857344
6132 0.14594724391048666
6186 0.03175883165801376
6214 0.01996314218591577
6240 0.07798866810637015
6251 0.018981855718005775
6360 0.016180020016190132
6409 0.02115335069544197
6410 0.017090206854571396
6452 0.01428533255166284
6511 0.058082133001808166
6540 0.05690327706369531
6554 0.0349305125165335
6584 0.017409120948327333
6626 0.058082133001808166
6628 0.034372434741737345
6696 0.03975672101969548
6747 0.022822811342631928
6778 0.01677930940990978
6794 0.28580638867359975
6818 0.04258717677057834
6835 0.05938529778211662
7042 0.018170507484887043
7101 0.036128411762005604
7176 0.014760404638220785
7181 0.11682273481510923
7249 0.0558270659112435
7251 0.08656194612837005
7262 0.03727464256405831
7269 0.042945712763737265
7272 0.014036886953695734
7484 0.019590263391715025
7537 0.014635291524679973
7542 0.014178244214423008
7558 0.03316055174611942
7561 0.021794355561036576
7660 0.02268064166601639
7826 0.03633984640954964
7833 0.01877397476268171
7835 0.02153395382324384
7839 0.04063016327545624
7943 0.07798866810637015
7952 0.020247266805990108
8100 0.02684234081468417
8156 0.02172873935576016
8171 0.019354272581900034
8173 0.08656194612837005
8200 0.038680509867243675
8201 0.03036763358303649
8216 0.05690327706369531
8222 0.028200599787140637
8252 0.04450541929202017
8265 0.045347155831140476
8321 0.03571608605798786
8324 0.025416100770675146
8336 0.07798866810637015
8357 0.050143282538315403
8414 0.03920691380735159
8440 0.04449380882868146
8558 0.042238741738116786
8682 0.035317063528886875
8836 0.035122277996370556
8837 0.024261764788465652
8868 0.058234427110191424
8884 0.0608421120623703
8893 0.04124872344796874
8942 0.024849761709372205
8946 0.05938529778211662
8981 0.0365549583651887
9099 0.020967352819200452
9115 0.035122277996370556
9207 0.06440034393324343
9317 0.06665541102380809
9338 0.0050320010896097635
9433 0.043326938823507063
9445 0.022757600014861528
9474 0.05938529778211662
9575 0.030124186783726716
9625 0.0253525874319097
9638 0.03366546371611687
9831 0.08656194612837005
9906 0.03769049157709563
9912 0.08656194612837005
9922 0.032056885253456326
9987 0.02674378550688696
10029 0.05938529778211662
10127 0.03745489158349961
10149 0.0608421120623703
10150 0.04369555601837047
10218 0.022060357763351763
10269 0.040041069765329784
10306 0.04124872344796874
10332 0.07798866810637015
10464 0.043314952890568595
10558 0.08656194612837005
10560 0.03401389874857843
10594 0.04725378788924359
10619 0.03454287076320642
10951 0.02074809517199289
10988 0.014649141887765206
10997 0.03401389874857843
11016 0.07798866810637015
11036 0.009870169088916686
11142 0.029726628717441885
11157 0.046748875919246126
11225 0.04449380882868146
11300 0.022195535345865797
11332 0.035205172552499574
11607 0.03975672101969548
11629 0.015728709974879095
11634 0.01568848676646574
11709 0.07297362195524333
11724 0.07798866810637015
11780 0.03571608605798786
11821 0.046748875919246126
11828 0.024181708679295217
11861 0.02985219959991064
11893 0.010088992059927065
11930 0.04243195356416045
11957 0.02030833553949977
12006 0.013090191389753616
12078 0.026452745592203075
12089 0.02626245528986034
12105 0.024342342439483754
12124 0.04157000451631549
12224 0.05690327706369531
12242 0.07798866810637015
12265 0.031611029684417605
12303 0.03316055174611942
12304 0.2116219647376246
12305 0.05306708685068137
12307 0.07798866810637015
12327 0.06249371187514031
