30
198 0.3797344131206446
374 0.06826964966119739
422 0.18859754572033913
585 0.42205675800597015
706 0.16414529834761996
1937 0.23039893870292152
3378 0.2130497930930583
4156 0.16584418991318553
4473 0.16939266408105755
4861 0.029985676951692606
7272 0.06844073250602961
7507 0.08764561414531119
7552 0.0833280398755706
7558 0.16168346010729776
8045 0.17414367588202964
9673 0.21496445112262874
9949 0.17718499234414356
10226 0.17615408412333913
10306 0.20111958278429645
10594 0.23039893870292152
10873 0.20111958278429645
10951 0.033721029369743034
10963 0.12361356620502076
11056 0.1861357074800169
11101 0.1419690441918509
11139 0.18494147712186046
11770 0.12404279693060315
11893 0.012297919209343023
12105 0.11868783676655893
12265 0.03853208396577151
