340
69 0.029714693734207764
76 0.05486538201809881
149 0.04247811611972586
162 0.08020967399524784
163 0.057036674251305805
201 0.02022931307082236
204 0.04449661483806529
206 0.04082888258128477
210 0.015068312186909792
214 0.04802753236544206
220 0.027392472550656997
230 0.035023563392428986
319 0.04924218182252745
322 0.03534593523442855
344 0.015033897247710867
347 0.023335017342505326
352 0.0223059839559711
435 0.0340709577430871
456 0.012902443085949629
471 0.03383480729100366
481 0.04010483699762392
495 0.06634054237645594
498 0.057036674251305805
505 0.05027626221067895
547 0.01603595424935084
554 0.03716115032450425
593 0.020869987181693164
642 0.020075991760252217
682 0.10630795639063714
687 0.03667207225706525
704 0.03716115032450425
769 0.019146909424489603
854 0.05444677672220693
887 0.015939207436605058
938 0.010214565614963101
942 0.02038527798213141
952 0.009315322674365282
956 0.017627015620982622
964 0.04161596494104881
965 0.035370375575583875
1059 0.030167075034223136
1064 0.05027626221067895
1068 0.026422357284984137
1174 0.025828981272796724
1293 0.047098912287905026
1308 0.020705514636778884
1313 0.086862360062249
1335 0.025828981272796724
1385 0.03822658513144503
1413 0.033699205360759585
1502 0.048748145826346116
1521 0.06391311084964954
1524 0.009790273792329218
1575 0.017454710587256214
1586 0.05315397819531857
1632 0.01690297003732178
1742 0.01835106120464347
1759 0.015701772788017168
1861 0.025973716212751623
1885 0.04449661483806529
1896 0.024496320094980723
1937 0.06911770574932902
2030 0.08068324823921254
2061 0.0434311800311245
2096 0.02220923714322531
2099 0.022703662973612825
2108 0.036208086413105606
2167 0.018736044443690314
2201 0.03455885287466451
2227 0.01920693279906003
2258 0.034189587694766176
2287 0.05933079531242095
2330 0.034189587694766176
2371 0.03114594706801834
2373 0.017684175211829505
2382 0.07850886394008584
2428 0.02791955798814592
2455 0.023335017342505326
2456 0.0636245553138527
2464 0.0398504518483431
2575 0.06128655320035933
2596 0.02138214701915527
2656 0.07447591338485222
2660 0.053368941994525285
2666 0.023335017342505326
2670 0.023781811402834755
2704 0.0398504518483431
2705 0.035370375575583875
2715 0.030643276600179663
2717 0.047098912287905026
2781 0.06533024994521618
2881 0.053368941994525285
2895 0.015748763754803736
3049 0.030402042550445
3109 0.03114594706801834
3148 0.032847018804279544
3152 0.02046428058704422
3239 0.012303609283827148
3244 0.04161596494104881
3269 0.03256489490168121
3270 0.015939207436605058
3273 0.034943836113711345
3377 0.08495623223945171
3545 0.06632889157271554
3589 0.025828981272796724
3596 0.028872621899544558
3630 0.033493418067723726
3643 0.17323324781300542
3697 0.03167820297764803
3721 0.01603595424935084
3723 0.028872621899544558
3725 0.020787377102848607
3765 0.016282447450840606
3814 0.03747208888738063
3828 0.050766644544685546
3882 0.025973716212751623
3928 0.033493418067723726
3933 0.02846802488461637
4048 0.009913012999223793
4101 0.013882297871743624
4106 0.02673431029366448
4143 0.04015198352050443
4273 0.04449661483806529
4339 0.02022931307082236
4356 0.01220754741718883
4381 0.016956654116336733
4410 0.009888331563000221
4429 0.024373246893559405
4431 0.015112117312535011
4448 0.02401376618272103
4509 0.03716115032450425
4522 0.03667207225706525
4539 0.06330670395792606
4552 0.07874381877401868
4556 0.04449661483806529
4570 0.023668026999865085
4600 0.05583911597629184
4624 0.02709701682909374
4690 0.034943836113711345
4768 0.034189587694766176
4790 0.02311963238700005
4861 0.0044977229667578465
4872 0.015024718171142891
4882 0.03195655542482477
5010 0.04082888258128477
5018 0.05315397819531857
5146 0.019703686506131364
5183 0.030167075034223136
5196 0.052844714569968275
5205 0.06330670395792606
5224 0.023850670084337177
5311 0.04449661483806529
5319 0.14857346867103882
5323 0.032540354156325085
5332 0.06330670395792606
5354 0.0242518257313654
5401 0.020000294743084568
5453 0.03455885287466451
5659 0.03383480729100366
5667 0.05165796254559345
5700 0.15029279193991263
5760 0.03667207225706525
5762 0.03534593523442855
5795 0.04247811611972586
5802 0.008434262728641386
5809 0.06330670395792606
5938 0.028673806407091093
6008 0.020895624221763
6010 0.01739799729324483
6013 0.031403545576034336
6036 0.05942938746841553
6039 0.057036674251305805
6041 0.04924218182252745
6084 0.0505442890614956
6114 0.06634054237645594
6121 0.057036674251305805
6150 0.05700634447238262
6156 0.028673806407091093
6162 0.0207383948552765
6180 0.017511781696214493
6184 0.03822658513144503
6233 0.03667207225706525
6236 0.06330670395792606
6250 0.04449661483806529
6251 0.027764595743487247
6290 0.047098912287905026
6451 0.033493418067723726
6452 0.02089503203746126
6583 0.03140816081195973
6605 0.12661340791585213
6657 0.015156135602627824
6666 0.014641547161044103
6672 0.07762076772589067
6932 0.015068312186909792
7042 0.02657784371911242
7090 0.0357667432361975
7157 0.057036674251305805
7205 0.016282447450840606
7208 0.04077055596426282
7220 0.029876310795994614
7229 0.025828981272796724
7254 0.023555656104322937
7259 0.018414097980746665
7262 0.009086882737290043
7264 0.0357667432361975
7369 0.04570450519959829
7371 0.04010483699762392
7396 0.023444664027587506
7408 0.030891120617883985
7471 0.02413201284382474
7480 0.04010483699762392
7483 0.00996257882605563
7537 0.021406913992364638
7641 0.08899322967613058
7683 0.06330670395792606
7700 0.03767819051857999
7823 0.02828882316804425
7832 0.26758609592011523
7878 0.027057406809468863
7938 0.10153328908937109
7939 0.11001621677119577
7952 0.007403875391982795
7954 0.09140901039919658
7956 0.021925054376308237
8166 0.014852413137416478
8167 0.03943447549297802
8193 0.033493418067723726
8200 0.0565776463360885
8324 0.006195985030449797
8364 0.29564123398094544
8380 0.021740441014247245
8391 0.03667207225706525
8402 0.02774042855517921
8404 0.04570450519959829
8438 0.026120804669244827
8444 0.022502638239296147
8451 0.03881038386294534
8495 0.02828882316804425
8496 0.057036674251305805
8669 0.03943447549297802
8682 0.05165796254559345
8753 0.019276249159423723
8774 0.046453367645913984
8847 0.15229993363405664
8873 0.07121066636711372
8890 0.010877068091517797
8944 0.024875917361398082
8954 0.06569403760855909
8969 0.04348088202849449
8978 0.03455885287466451
8986 0.03317477787287681
9012 0.06330670395792606
9099 0.061337530269388076
9104 0.04082888258128477
9125 0.06988767222742269
9138 0.057036674251305805
9145 0.03767819051857999
9148 0.027057406809468863
9267 0.015516212624535598
9273 0.026363740847198537
9338 0.03680132177521378
9385 0.024496320094980723
9445 0.016643672091165598
9448 0.03455885287466451
9528 0.04570450519959829
9563 0.033278454268517006
9575 0.03304679007324727
9578 0.03168696883773012
9582 0.01886810139871922
9626 0.08845405650194126
9656 0.015939207436605058
9664 0.027764595743487247
9671 0.03695515424761818
9675 0.013433656799511109
9797 0.053368941994525285
9814 0.02401376618272103
9898 0.02110601380498925
9923 0.01690297003732178
9964 0.08165776516256953
10105 0.04124877274623451
10117 0.048748145826346116
10191 0.02673431029366448
10218 0.01613374699385058
10226 0.026422357284984137
10306 0.030167075034223136
10318 0.056398820739023074
10321 0.02129474787776315
10367 0.04570450519959829
10395 0.050766644544685546
10410 0.034189587694766176
10420 0.016535846114567775
10426 0.0252721445307478
10460 0.01648459532158336
10499 0.028872621899544558
10509 0.030402042550445
10578 0.01934610078655664
10624 0.02847926684984557
10641 0.03140816081195973
10653 0.01847757712380909
10687 0.04161596494104881
10723 0.21100197624828754
10812 0.03943447549297802
10831 0.03822658513144503
10845 0.016849602680379792
10909 0.3929809812237045
10914 0.020705514636778884
10951 0.015174029437789418
10959 0.03402131739842849
10981 0.017627015620982622
10988 0.03214075919750357
11013 0.048748145826346116
11036 0.028874021459733893
11132 0.03167820297764803
11142 0.021740441014247245
11153 0.02847926684984557
11217 0.011015596691082423
11219 0.023444664027587506
11319 0.02268301975696967
11320 0.03943447549297802
11332 0.03432953372318489
11497 0.009669177729984798
11624 0.022403776700470838
11629 0.011503123838540933
11633 0.06330670395792606
11768 0.0851789915110526
11784 0.04247811611972586
11811 0.032243745919371875
11893 0.014757081191878144
11929 0.01211249497587999
11949 0.03822658513144503
11977 0.011591953430584225
12006 0.028720364136734403
12029 0.019631029563186235
12052 0.0223059839559711
12138 0.018541504886444793
12157 0.021122442844036735
12166 0.03943447549297802
12232 0.052241609338489654
12265 0.02889823686306832
12296 0.03881038386294534
