367
79 0.021607937142068313
103 0.022014388508784233
111 0.044195416916259056
186 0.03650421174277117
194 0.03223284156041657
216 0.042718713874421645
230 0.019275274224385085
313 0.10226274122806452
336 0.06640999230340448
337 0.02218173153772075
368 0.045806825956750785
380 0.030533978596742575
390 0.017867284224543388
392 0.035817272085875845
435 0.012500670786064833
440 0.05184192366993003
456 0.014201760446794588
479 0.024445778486526376
495 0.048680831708367324
522 0.028751253395885492
547 0.03530165244953322
594 0.017977303861574992
633 0.05184192366993003
638 0.031137598304292618
656 0.04414352258745729
673 0.042718713874421645
694 0.03486829952099574
698 0.053657240310176685
711 0.043527981038065176
744 0.018723686535885426
766 0.08681130706263394
789 0.053657240310176685
845 0.053657240310176685
862 0.03156135058907721
886 0.053657240310176685
887 0.017544336697980577
929 0.03985435673308508
943 0.03428244373580859
947 0.05184192366993003
948 0.06968189189423088
959 0.035490794449067456
979 0.013160294442717628
1040 0.053657240310176685
1046 0.20920979712597446
1061 0.04675579852163088
1093 0.05874336545847583
1119 0.03428244373580859
1141 0.055879008317139274
1143 0.025684928359105935
1159 0.0376325887261225
1184 0.07017734679192231
1339 0.05874336545847583
1373 0.02696317801980923
1382 0.055879008317139274
1423 0.0376325887261225
1450 0.07634356034533031
1538 0.03724208079891148
1542 0.030932298745494687
1564 0.028589352660521657
1622 0.017812726960130452
1745 0.035490794449067456
1759 0.017282991619490283
1787 0.03457106324395182
1814 0.01707874495297307
1829 0.04897756652859347
1835 0.055879008317139274
1886 0.04897756652859347
1895 0.03214043994817786
1924 0.05184192366993003
1929 0.01759743909501753
2086 0.02144989134997131
2105 0.022612823797657743
2163 0.03346362564969205
2181 0.022266469715947198
2187 0.038905384168204986
2190 0.053657240310176685
2274 0.03134722027507218
2327 0.04414352258745729
2349 0.055879008317139274
2356 0.02050681103177952
2396 0.050307095319862785
2416 0.040903397234174986
2480 0.046499081038192676
2488 0.05874336545847583
2493 0.05874336545847583
2495 0.038905384168204986
2541 0.044876281587137655
2557 0.05874336545847583
2578 0.019402112574610636
2622 0.029782174372696597
2630 0.01658964976207584
2644 0.09421823968470777
2656 0.049185525899340034
2662 0.03134722027507218
2681 0.031137598304292618
2809 0.03428244373580859
2829 0.07373262517393149
2853 0.024132977604400533
2895 0.017334714727201012
2904 0.061864597490989374
2998 0.053657240310176685
3082 0.03034063901036568
3091 0.14069873180600745
3120 0.029782174372696597
3152 0.022525099213937003
3195 0.06068127802073136
3226 0.038905384168204986
3276 0.03615481884649612
3278 0.04558125261088724
3287 0.042718713874421645
3332 0.017704501157144475
3407 0.02279062630544362
3425 0.050307095319862785
3472 0.04153635933372042
3513 0.035490794449067456
3520 0.024989994582276288
3561 0.08529012734505807
3591 0.024874099275382235
3605 0.02643202938238269
3648 0.07448416159782296
3656 0.05874336545847583
3661 0.01759743909501753
3669 0.04897756652859347
3721 0.01765082622476661
3759 0.016301243698937037
3765 0.017922142081461475
3790 0.03486829952099574
3814 0.020622824153322165
3830 0.025927786151210695
3878 0.04910453602662483
3891 0.016208189976362388
3897 0.029083173326266552
3903 0.021217429214857298
3933 0.031334846207922824
4030 0.028751253395885492
4043 0.055879008317139274
4059 0.017386707930693312
4101 0.06112115899669979
4131 0.03985435673308508
4143 0.044195416916259056
4169 0.04848596166398499
4205 0.027100513657083374
4297 0.023343917300053547
4320 0.015536699005023021
4378 0.07230963769299224
4381 0.03732848703694065
4410 0.021768236471297896
4451 0.022599234028043536
4592 0.2324349730619157
4624 0.003728221656027047
4655 0.02176853216949725
4676 0.018843647936941554
4717 0.038905384168204986
4723 0.04414352258745729
4772 0.016633955948249266
4787 0.02696317801980923
4789 0.09161365191350157
4827 0.024937618792355617
4861 0.029703948486856622
4873 0.09669852468124972
4907 0.02218173153772075
4931 0.02076817966686021
4934 0.03724208079891148
4941 0.03674576873670561
4972 0.015799886377133764
4988 0.025102500591113373
5001 0.053329048123536796
5005 0.026252508984298033
5069 0.026827710952652857
5112 0.024236156515746815
5249 0.13834810727703006
5250 0.15466149372747343
5310 0.024552268013312416
5312 0.019212455871887097
5337 0.021687910871975854
5654 0.04494048188138423
5704 0.04207612474004766
5774 0.055879008317139274
5802 0.018567240021067223
5811 0.05874336545847583
5842 0.014826698131464264
5938 0.03156135058907721
6001 0.025684928359105935
6013 0.017282991619490283
6055 0.018032772951240946
6068 0.017180344567648054
6150 0.04183137734722764
6169 0.055879008317139274
6184 0.04207612474004766
6232 0.030932298745494687
6251 0.015280289749174947
6360 0.026049654751122506
6372 0.055879008317139274
6384 0.11633269330506621
6394 0.11748673091695166
6412 0.04207612474004766
6436 0.06576990204603098
6452 0.034498843073441345
6545 0.045806825956750785
6554 0.028118871003403104
6570 0.02643202938238269
6584 0.014014246885068018
6630 0.02465990880053141
6679 0.05184192366993003
6772 0.061868472459966496
6817 0.11092808740036658
6867 0.019530587593836884
6892 0.03724208079891148
6932 0.03317147901222585
6939 0.042718713874421645
6952 0.013903410758975863
6982 0.020550934484741774
7002 0.05654648232591212
7015 0.09161365191350157
7023 0.055879008317139274
7025 0.01634809873055053
7042 0.04388147661378325
7101 0.029083173326266552
7121 0.02605147315599347
7150 0.05707903308799468
7152 0.053657240310176685
7163 0.03615481884649612
7176 0.023764089564028656
7185 0.030932298745494687
7220 0.03288495102301549
7245 0.04897756652859347
7269 0.03457106324395182
7272 0.011299617014021768
7282 0.015196266669583723
7381 0.05184192366993003
7425 0.040260334524883874
7484 0.023655081884652738
7507 0.0578814303434578
7537 0.017671994117673836
7542 0.03424022650094842
7552 0.013757522788642411
7763 0.03985435673308508
7766 0.035817272085875845
7786 0.1302169605939509
7833 0.015112946720238428
7837 0.028915830297330036
7869 0.09351159704326176
7952 0.05704628557249911
8052 0.030932298745494687
8058 0.053657240310176685
8092 0.03223199574939872
8107 0.03615481884649612
8165 0.050307095319862785
8212 0.04414352258745729
8223 0.040365067438237846
8224 0.015280289749174947
8243 0.06278045010568507
8247 0.03320499615170224
8252 0.01194220614839575
8352 0.044532939431894396
8405 0.03724208079891148
8485 0.05184192366993003
8508 0.055879008317139274
8515 0.017704501157144475
8532 0.1999199566582103
8539 0.053657240310176685
8577 0.0317801874386666
8708 0.05599273055541098
8774 0.02556568530701613
8800 0.036866312586965745
8828 0.022612823797657743
8873 0.01959545216098753
8905 0.05210294631198694
8942 0.010001960945182353
8949 0.027966857732449935
8961 0.11262549606968503
8962 0.15466149372747343
8988 0.024768726013089198
9139 0.028751253395885492
9160 0.02669406229036746
9247 0.2573041739446949
9287 0.02960276995422537
9338 0.060760999195509084
9445 0.012213162133670314
9547 0.050307095319862785
9590 0.05874336545847583
9625 0.02040869383931714
9664 0.015280289749174947
9795 0.06312270117815443
9818 0.03615481884649612
9865 0.04198054172773951
9898 0.046462914046349474
9919 0.03134722027507218
9920 0.03320499615170224
9921 0.02605147315599347
9998 0.03724208079891148
10004 0.016537755433274074
10015 0.04897756652859347
10016 0.03400195544562918
10046 0.13243056776237186
10081 0.0723989328132016
10122 0.038905384168204986
10142 0.03428244373580859
10167 0.021065415943904132
10192 0.026827710952652857
10318 0.031039181350450605
10334 0.019926269164107054
10392 0.010776185733274045
10460 0.01814464689051151
10476 0.025331399771870773
10480 0.04340565353131697
10492 0.04675579852163088
10499 0.0317801874386666
10501 0.027100513657083374
10597 0.06751441610561831
10601 0.0376325887261225
10618 0.029782174372696597
10647 0.02465990880053141
10694 0.03985435673308508
10695 0.0376325887261225
10750 0.021371799374410253
10760 0.03867698285247384
10816 0.022097708458129528
10852 0.04414352258745729
10876 0.06640999230340448
10951 0.005567367607632006
10981 0.019402112574610636
10988 0.023584957756210872
11069 0.05874336545847583
11084 0.13025736577996735
11103 0.03232397444265666
11104 0.07873713776821548
11106 0.017758467011985603
11125 0.02669406229036746
11136 0.03156135058907721
11145 0.08975256317427531
11159 0.031137598304292618
11189 0.02696317801980923
11212 0.03846279237762301
11217 0.012124902574119087
11297 0.04147250503249762
11318 0.03936856888410774
11319 0.012483636263786022
11351 0.03803904009283843
11400 0.04340565353131697
11450 0.055879008317139274
11474 0.04147250503249762
11497 0.021285789818869544
11546 0.053657240310176685
11557 0.05184192366993003
11565 0.047804839022720785
11626 0.04494048188138423
11634 0.025258291610582167
11662 0.06968189189423088
11667 0.08828704517491458
11690 0.050307095319862785
11744 0.053657240310176685
11768 0.02343919722181988
11826 0.03372915274119866
11893 0.030455937286187375
11921 0.02696317801980923
11965 0.04505019842787401
11984 0.07300842348554235
12024 0.019212455871887097
12030 0.04386352003854138
12083 0.02696317801980923
12084 0.050307095319862785
12156 0.028751253395885492
12180 0.06122608151795142
12204 0.04767259190857722
12265 0.012723352764437134
12291 0.025331399771870773
