199
201 0.037036131215469316
313 0.042523762757322524
344 0.01376214281712799
440 0.2586881951196901
456 0.047243974469957574
522 0.09564472563125623
576 0.03454400437341877
642 0.03675542824960372
744 0.03114337028845301
943 0.05702246924563001
1143 0.04272210139744238
1184 0.02918174117064526
1224 0.06194527506162067
1413 0.03084850650213902
1450 0.04232777137516214
1536 0.025415920142721198
1622 0.02962815845604088
1647 0.11590286760584037
1668 0.09770866324625314
1745 0.0590323359259556
1787 0.057502534119464994
1814 0.028407315894392892
1818 0.1831259895325766
1829 0.08146507298677104
1895 0.053459644318519677
1905 0.03541913285587797
2163 0.0556605176445959
2318 0.057502534119464994
2330 0.06259481237118843
2378 0.05481104536944506
2419 0.04232777137516214
2480 0.038671286663279354
2493 0.09770866324625314
2630 0.04139069551067247
2656 0.027270324907786737
2662 0.05214027091669148
2895 0.028833074008114464
2904 0.10290025224014318
2957 0.04418125277157278
3091 0.11701308648144962
3195 0.10093202037719512
3270 0.02918174117064526
3278 0.07581593643707342
3342 0.07522445362971299
3643 0.04530829151893521
3648 0.06194527506162067
3721 0.029358866693345257
3782 0.08146507298677104
3882 0.047553071052932494
3887 0.02824003085077021
3955 0.06397570174273139
4030 0.047822362815628114
4097 0.04894557815803178
4101 0.050831840285442395
4105 0.023003964832172163
4143 0.03675542824960372
4144 0.06471187087236865
4366 0.10442360273281727
4378 0.12027363402931715
4381 0.031044497884299405
4399 0.09770866324625314
4414 0.05610217257812394
4547 0.03898674531557445
4592 0.05523033557505655
4789 0.07619113574539176
4791 0.04272210139744238
4820 0.031544870643579595
4861 0.041172494929631785
4891 0.08146507298677104
4933 0.06471187087236865
4941 0.020373250750375726
5001 0.11087869165474527
5112 0.040312338881137576
5146 0.036073806179909386
5181 0.03430223251012104
5249 0.13806980773932565
5461 0.04602326924644188
5514 0.11590286760584037
5774 0.09294433785979415
5842 0.02466145484642242
5845 0.032271805829010326
5930 0.06397570174273139
5984 0.06259481237118843
6013 0.05749408447598353
6057 0.021386966472580815
6074 0.036073806179909386
6150 0.034789358172170146
6162 0.01898408290902511
6209 0.031646785294468315
6232 0.10290025224014318
6258 0.026503471321291522
6372 0.1858886757195883
6398 0.036343097942605006
6412 0.06998580811374792
6436 0.05469800002603932
6452 0.019127469765818177
6484 0.09674889977753484
6507 0.04232777137516214
6545 0.07619113574539176
6620 0.04462290770510083
7015 0.07619113574539176
7023 0.09294433785979415
7150 0.06329357058893663
7163 0.060136817014658575
7185 0.05145012612007159
7312 0.028323462153194173
7483 0.018239639445713173
7507 0.024068748621655478
7537 0.019596050364236436
7542 0.056952248727075334
7728 0.11590286760584037
7802 0.06548229250336875
7833 0.025137576136834712
7835 0.028833074008114464
7869 0.07776957511549128
7952 0.013555126640259759
7974 0.0795144588866659
7976 0.11590286760584037
8052 0.05145012612007159
8107 0.060136817014658575
8112 0.03516434200717873
8171 0.02591457092866941
8238 0.09770866324625314
8243 0.10442360273281727
8272 0.06397570174273139
8327 0.03647940388494315
8376 0.047288088143781506
8483 0.10742646981227519
8532 0.04156620830468637
8635 0.1590289177733318
8708 0.031044497884299405
8811 0.04837444988876742
8828 0.03761222681485649
8867 0.04440060801160119
8873 0.032593390273313635
8880 0.0470272783677017
8883 0.08146507298677104
8905 0.08666356099284389
8942 0.01663640185010869
8949 0.04651766651278141
8961 0.11239893985502598
8962 0.10290025224014318
8988 0.0411981691917594
9182 0.04837444988876742
9247 0.1426592131587975
9338 0.026950565793267798
9445 0.0203143237840913
9517 0.10442360273281727
9749 0.1294237417447373
9818 0.060136817014658575
9849 0.03216598388106317
9865 0.034913411774734615
9875 0.067139782517619
9927 0.11590286760584037
9946 0.07105463562892717
9998 0.06194527506162067
10004 0.02750748044255134
10016 0.05655592914061967
10046 0.07342453993464379
10081 0.1605628798060302
10105 0.03775943737086353
10167 0.0350384016397583
10318 0.010325581091040365
10460 0.06036049105836038
10466 0.07342453993464379
10499 0.10572086253867985
10597 0.02807441868560602
10646 0.03947149441472856
10647 0.04101717199668517
10664 0.09294433785979415
10709 0.0590323359259556
10815 0.13997161622749585
10951 0.01852056117304818
10988 0.019614595427867285
11036 0.013215748401306304
11080 0.022763072170345466
11119 0.11590286760584037
11125 0.04440060801160119
11145 0.037321674125405414
11156 0.052860431269339925
11159 0.05179160375416069
11318 0.06548229250336875
11319 0.041528414392573355
11351 0.0632708686271838
11546 0.08924883998851439
11557 0.08622939837323003
11565 0.0795144588866659
11634 0.021006235256461146
11826 0.05610217257812394
11857 0.17106740773689
11893 0.037149044113171326
11951 0.08924883998851439
11965 0.07493262657001733
11984 0.06071796711690976
12024 0.03195634717671523
12030 0.03647940388494315
12138 0.0678921331142085
12180 0.03394606655710425
12265 0.010581465506112728
