106
198 0.3600166681493223
344 0.019004890908733075
374 0.05177979336613267
422 0.07152184019708972
584 0.13493120297531555
705 0.08834752324449349
706 0.18674644602635465
889 0.09664720574661767
913 0.060418231149118026
931 0.12025377688190812
1029 0.050757568314006254
1536 0.03509822533278218
1580 0.0800911143471562
1675 0.0997010811552899
1710 0.067996399766177
1937 0.26212254267493856
2080 0.032447626779372095
2177 0.06604049967986993
2630 0.01905288692489334
2701 0.046555848765043095
2704 0.10075278253704963
3102 0.07457571560576197
3132 0.1449903650998741
3595 0.11690543952117301
3819 0.10190113205467727
3873 0.16005656852484348
4105 0.03176742516867736
4120 0.07810115603667468
4259 0.20277482635928334
4356 0.03086400061197516
4431 0.0764150868380946
4473 0.12847754730519947
4624 0.017127157393185037
4655 0.05000146330930577
4861 0.022742934293754482
4873 0.074037570934442
5001 0.030623682183836598
5184 0.1549490778809792
5224 0.030150490959490232
5571 0.07351179850757124
5624 0.16005656852484348
6008 0.03521988142406685
6162 0.026216151763759948
6209 0.04370276563217523
6360 0.029917516856820228
6409 0.07822681620614359
6560 0.12578617185374605
6638 0.04246624323689983
6649 0.08384874046073346
6666 0.03701781406987905
7249 0.10322652158620263
7259 0.09311169753008619
7328 0.07200333362986445
7467 0.06389485599414071
7507 0.06647568593678368
7552 0.0632009788797008
7726 0.08468047187625966
7861 0.04704074523231657
8043 0.08227086705234221
8112 0.048560350855541945
8222 0.052144059071620535
8546 0.08554359669864596
8716 0.06719385800784435
8723 0.10724012214380307
9338 0.02791312568302736
9579 0.13208099935973985
9641 0.08152096074487618
9664 0.03509822533278218
9673 0.08152096074487618
9906 0.06969125600408951
9919 0.07200333362986445
9925 0.07940837429444693
9949 0.1343877160156887
10086 0.09812320774689866
10172 0.05234917339096165
10306 0.07627057184367447
10318 0.014259156064001056
10437 0.08644057806800973
10490 0.11133899900506651
10560 0.06289308592687302
10678 0.1232485732964266
10873 0.15254114368734895
10951 0.025576049408834196
10963 0.046877968080336514
11033 0.1232485732964266
11036 0.018250345166560697
11056 0.14117647474690656
11067 0.08526662115552343
11087 0.07457571560576197
11103 0.03712344979259027
11139 0.14027069887895086
11319 0.04301163319718896
11497 0.024446311546195094
11730 0.07810115603667468
11736 0.0632009788797008
11770 0.04704074523231657
11893 0.037309915527813584
12006 0.04840859543685187
12021 0.06792787732241362
12098 0.046555848765043095
12105 0.13502995166984244
12113 0.05818523023988556
12157 0.10680656262646504
12168 0.16005656852484348
12265 0.029225041517213623
12288 0.16005656852484348
