57
313 0.11271453425768167
335 0.09779528728756506
390 0.07877366069535187
587 0.07665488576379434
625 0.15507888636382824
711 0.06396902789767019
846 0.24269913199399462
1046 0.30745619322692697
1068 0.12822250985409492
1274 0.15114516323317131
1704 0.16094054102672803
1709 0.1499085405253251
1895 0.14170145161732312
2129 0.10333922859898195
2266 0.06849852727289737
2656 0.07228339572343093
2662 0.13820428794091655
2828 0.06907486644593931
2851 0.12897290766722885
2853 0.10639798222755117
2957 0.1171079181653841
3097 0.13820428794091655
3278 0.2009595908429622
3390 0.13130428045589343
3561 0.12534297262169503
3891 0.07145901087362384
4169 0.0712553111897489
4592 0.14639488952952515
4655 0.09597356517115856
4861 0.021826566085904896
5001 0.058779558903515126
5249 0.3659712373808197
5802 0.04092982030978145
6224 0.17152688081598
6452 0.050699743070380894
6867 0.0861068677792902
7002 0.1246516637972984
7507 0.1275944373284774
7952 0.10778865888092255
8483 0.09491575005516517
8837 0.0861068677792902
8942 0.08819371403983926
8961 0.19861826792573523
9032 0.2589889924274312
9115 0.1246516637972984
9445 0.05384564760063033
9580 0.10872112763298396
9671 0.08966805229690285
10318 0.02736923988261428
10597 0.07441474652095163
11084 0.11485628600374166
11893 0.008951652042882867
11921 0.11887582969566277
12180 0.08997828117187022
12186 0.06590468910976319
12200 0.12748472436775504
12265 0.05609498684731711
