267
198 0.5436866742382156
200 0.029637387130945665
220 0.05504622151505564
330 0.03832164033145724
352 0.022412364047841544
422 0.028423736185710872
435 0.011411148833484246
456 0.03889192946426154
477 0.04363830888636229
485 0.025125331317834763
493 0.01577665655172
517 0.02539267062196398
581 0.03785788263065137
594 0.016410454566796986
638 0.028423736185710872
706 0.0742155361333696
772 0.06360862173014145
819 0.03269554326932182
862 0.02881055545908909
889 0.11522667782280135
891 0.06360862173014145
931 0.023895229904653495
932 0.03239752046973112
938 0.030789840556462122
941 0.1272172434602829
952 0.009359748640234252
958 0.03601432410512841
979 0.012013281618913886
1023 0.06498702083597138
1029 0.020171736733980407
1090 0.047323533027616625
1105 0.06360862173014145
1157 0.06360862173014145
1234 0.06360862173014145
1235 0.0459224758334705
1284 0.047323533027616625
1362 0.022609956200608627
1413 0.01692996059172131
1592 0.03593731941158091
1596 0.0280527099329166
1684 0.04689261005255274
1734 0.08155934113482986
1937 0.13889467386538448
1985 0.03899547554995707
1997 0.03899547554995707
2053 0.032108960326965204
2078 0.03638076741057615
2211 0.06360862173014145
2278 0.01631002391997337
2356 0.028079245920702756
2380 0.10724693061650374
2533 0.05362346530825187
2596 0.021484121214455275
2630 0.007571872172709905
2731 0.031557950350016115
2931 0.057308689449506206
3054 0.03593731941158091
3060 0.03399616981664433
3102 0.029637387130945665
3237 0.06360862173014145
3270 0.01601522355653032
3280 0.06311590070003223
3307 0.1272172434602829
3442 0.012492595541496794
3466 0.03684696606239957
3523 0.02752311075752782
3537 0.04470882488823571
3619 0.030789418307551684
3630 0.03365315246447271
3638 0.03638076741057615
3668 0.05762111091817818
3729 0.03511048773972434
3759 0.014880474912340676
3798 0.039622543552835246
3814 0.01882539903719951
3820 0.026097588189095872
3830 0.02366799604258312
3887 0.030996807536169204
3888 0.04898063197184665
3928 0.03365315246447271
3933 0.014301896269100433
4048 0.009960289426735434
4083 0.051008757168870954
4105 0.025249599557438083
4132 0.1272172434602829
4156 0.024994553794540443
4259 0.05372361928102
4279 0.06360862173014145
4320 0.02836513140158858
4356 0.01226576677295976
4364 0.03733837660572704
4369 0.19082586519042435
4381 0.017037522569675164
4473 0.17870543670499278
4502 0.022029617766267627
4613 0.03785788263065137
4624 0.013613122984910225
4699 0.018375680681929903
4719 0.03899547554995707
4858 0.0459224758334705
4861 0.03615338546509815
4905 0.04443795260820955
4907 0.020248436607376956
4995 0.050250662635669525
5001 0.012170261014394937
5128 0.03239752046973112
5181 0.01882539903719951
5188 0.03733837660572704
5192 0.057308689449506206
5196 0.026548368888012205
5237 0.03684696606239957
5292 0.03785788263065137
5313 0.02595216298969133
5389 0.029255979516589606
5488 0.051008757168870954
5530 0.04363830888636229
5598 0.02787272620876178
5601 0.042680699691211396
5622 0.038050325412355805
5627 0.020325789253500415
5757 0.0459224758334705
5842 0.013534446429537704
5904 0.038408892607600456
6008 0.0069984260425281246
6010 0.034961941137340795
6098 0.06360862173014145
6123 0.06360862173014145
6198 0.022029617766267627
6209 0.017368063761947872
6218 0.0459224758334705
6251 0.013948504326741705
6258 0.043636088993368474
6360 0.011889621465645933
6385 0.039622543552835246
6409 0.0621767667152947
6410 0.025116914573296973
6436 0.015009397372650862
6476 0.03365315246447271
6507 0.023229892872356564
6559 0.06360862173014145
6560 0.024994553794540443
6584 0.01279280606069348
6607 0.11461737889901241
6649 0.033322611272199994
6666 0.029422749146120333
6747 0.016770967364330813
6773 0.057308689449506206
6859 0.06360862173014145
6952 0.012691630087610956
7025 0.014923246196257317
7042 0.02670459685684166
7102 0.01987125048917631
7185 0.02823632993679954
7206 0.025529348100713254
7220 0.015009397372650862
7235 0.030547033781764328
7259 0.018501917170376216
7262 0.009130219243866795
7265 0.06360862173014145
7282 0.02774360890669031
7344 0.030310945675389996
7378 0.03684696606239957
7507 0.013209163485059452
7537 0.005377251576132297
7542 0.010418649457064623
7552 0.06279228643324243
7558 0.024367485791662268
7823 0.028423736185710872
7833 0.013795746427416065
7878 0.027186447044943288
7901 0.02881055545908909
8039 0.03472366846634612
8043 0.03269554326932182
8112 0.03859706623878639
8156 0.01596700656780175
8225 0.022412364047841544
8252 0.010901358342418455
8265 0.033322611272199994
8346 0.032108960326965204
8369 0.026703738159589454
8405 0.03399616981664433
8515 0.01616142854925688
8612 0.03365315246447271
8674 0.06360862173014145
8682 0.02595216298969133
8708 0.03407504513935033
8723 0.02130932965328611
8760 0.04898063197184665
8817 0.03103844432509179
8944 0.024994553794540443
8988 0.022609956200608627
9017 0.022315155837165566
9027 0.013987098359506019
9099 0.015407514200074397
9112 0.028615088117800818
9129 0.08059220419455916
9181 0.05362346530825187
9215 0.06360862173014145
9273 0.013244736450466978
9333 0.03300367044022471
9338 0.03327914878923561
9445 0.011148698595450169
9602 0.029856406911065895
9608 0.03269554326932182
9671 0.037131398107190024
9784 0.03593731941158091
9804 0.022029617766267627
9814 0.024128290906567134
9821 0.0319340131356035
9865 0.01916082016572862
9898 0.02120667108565552
9923 0.01698358246441771
9936 0.04029610209727958
9938 0.04470882488823571
9949 0.18692616711712617
10001 0.047323533027616625
10009 0.057308689449506206
10016 0.03103844432509179
10057 0.10201751433774191
10121 0.06360862173014145
10206 0.06360862173014145
10312 0.034961941137340795
10352 0.06360862173014145
10369 0.06360862173014145
10392 0.009836964860856862
10479 0.04029610209727958
10501 0.024738512044456536
10597 0.030815028400148794
10674 0.04898063197184665
10689 0.04898063197184665
10757 0.04470882488823571
10873 0.12124378270155999
10914 0.0208042618856621
10951 0.03049279265184471
10960 0.0429056888073013
10963 0.018629931695911237
10967 0.06360862173014145
10988 0.010764680863669178
10998 0.03785788263065137
11021 0.021572793928126527
11052 0.03300367044022471
11056 0.2524743893962494
11067 0.011295365343382992
11080 0.012492595541496794
11103 0.014753355622566954
11134 0.057308689449506206
11139 0.11149090483504712
11246 0.05362346530825187
11300 0.04893007175992012
11319 0.005697799495205612
11524 0.03365315246447271
11736 0.025116914573296973
11893 0.009267162250294727
11977 0.023294473879717153
11993 0.0300808351299409
12021 0.04049317088347613
12024 0.017537954335638237
12033 0.05362346530825187
12090 0.19082586519042435
12104 0.03511048773972434
12105 0.10732541872123318
12177 0.022305359643572886
12186 0.013645513567989768
12204 0.007252931340734615
12257 0.06360862173014145
12265 0.04645769000420818
12293 0.03638076741057615
