373
25 0.025790007473058717
26 0.03423142732794072
51 0.03428125833981974
103 0.032281811605191564
168 0.0510906243324747
198 0.6435441449611675
200 0.023804832912858932
236 0.013386576836656155
335 0.03252720275613882
337 0.01626360137806941
352 0.03600334799986203
360 0.03428125833981974
422 0.022830025051484355
430 0.03295027179525074
435 0.01833093383871388
479 0.017923596091015643
513 0.022679499823924677
581 0.03040755807775976
602 0.040970377588708314
617 0.039341381711702934
670 0.043070518539017145
679 0.04145976820235105
696 0.025790007473058717
706 0.03974008525981998
744 0.013728169671052465
745 0.040970377588708314
769 0.007726097675094982
889 0.030850130844941915
913 0.019285713663123333
937 0.0171855727128145
938 0.016486991169223707
952 0.015035552999508001
958 0.01446340333586577
979 0.009649101670462935
1023 0.01739925279366127
1029 0.0324039916469695
1057 0.01947534029586675
1120 0.04603050096059151
1148 0.03801039516713395
1159 0.027592139090931164
1242 0.02298371946289884
1245 0.04603050096059151
1316 0.040970377588708314
1362 0.018160380574189082
1375 0.04603050096059151
1376 0.029990289373676385
1396 0.03236594282846409
1458 0.02298371946289884
1470 0.0510906243324747
1542 0.022679499823924677
1552 0.02330117012478781
1596 0.02253201571904797
1706 0.04449139216939539
1770 0.0285253501736932
1846 0.0510906243324747
1861 0.020961656421505378
1869 0.04603050096059151
1937 0.3904620779271457
1997 0.03132127591824537
2080 0.02071479509455973
2129 0.0171855727128145
2152 0.02922113496793654
2167 0.015120613589128183
2240 0.03428125833981974
2266 0.02278295352362795
2301 0.03505041274555958
2318 0.025347434705876564
2356 0.04510665899852401
2368 0.0510906243324747
2379 0.033585473545576394
2382 0.06335927514087718
2415 0.03591025421682511
2464 0.01608032275867809
2480 0.017046516796168434
2541 0.016451600133697175
2630 0.02432699631887342
2650 0.017619376452041476
2670 0.019192716037396397
2682 0.04603050096059151
2689 0.03505041274555958
2715 0.049460295204640146
2748 0.019572033297473607
2832 0.01832261424835627
2841 0.0171855727128145
2901 0.018744709540975735
2956 0.0510906243324747
3019 0.026508641158865285
3045 0.03591025421682511
3159 0.03132127591824537
3167 0.03591025421682511
3178 0.02922113496793654
3195 0.022245696084697696
3269 0.013140478873722907
3270 0.012863472719132447
3380 0.03688506207819969
3420 0.04596743892579768
3435 0.03428125833981974
3442 0.04013635185846004
3460 0.029990289373676385
3486 0.039341381711702934
3520 0.01832261424835627
3539 0.02298371946289884
3548 0.019670024230436872
3591 0.009118820020100876
3597 0.016842776645457483
3599 0.018080596010702547
3686 0.024535463667749946
3709 0.10197732321955652
3721 0.012941550628047815
3759 0.04780815763376053
3760 0.03040755807775976
3819 0.03252720275613882
3830 0.01901020115864446
3876 0.038759822582602764
3887 0.02489672321552627
3918 0.01986825960559787
3933 0.011487323410756863
3966 0.01987004262990999
3975 0.02253201571904797
4013 0.046930453603620005
4057 0.03132127591824537
4101 0.011203478006186218
4105 0.010140274780731519
4157 0.07182050843365022
4162 0.029990289373676385
4170 0.019100888224170144
4178 0.01883213830923916
4187 0.02416101159605334
4218 0.04603050096059151
4259 0.021575481246175584
4356 0.03940759383252519
4367 0.0510906243324747
4410 0.007980213809519379
4431 0.02439196673376477
4473 0.041010488760471274
4514 0.025790007473058717
4544 0.03040755807775976
4555 0.03040755807775976
4580 0.029990289373676385
4612 0.0510906243324747
4624 0.016401148150115993
4645 0.02959558703963314
4676 0.013816125131347069
4683 0.024535463667749946
4703 0.0510906243324747
4712 0.01848853536540772
4716 0.033585473545576394
4788 0.03505041274555958
4855 0.03801039516713395
4861 0.09800494137508738
4882 0.051580014946117435
4907 0.01626360137806941
4941 0.008980641480403753
4993 0.03132127591824537
4995 0.02018073696101138
5001 0.0195503759271041
5011 0.03801039516713395
5034 0.03182493870631649
5045 0.043070518539017145
5052 0.03295027179525074
5055 0.08194075517741663
5138 0.026764815334433294
5151 0.04603050096059151
5165 0.0510906243324747
5181 0.04536184076738455
5337 0.01590153304962218
5371 0.07952592347659586
5414 0.0510906243324747
5473 0.013995280500193927
5705 0.026508641158865285
5752 0.031001272436108365
5793 0.03182493870631649
5833 0.021970183580218825
5842 0.010870905535622533
5927 0.025565367752118835
6008 0.016863466592987764
6010 0.014040764852286948
6021 0.03801039516713395
6082 0.048691674070013055
6150 0.015335341272028109
6162 0.01673657724328266
6180 0.014132592665513201
6251 0.022406956012372435
6257 0.02730581945658089
6326 0.03505041274555958
6409 0.012485138586778077
6436 0.02411118058417433
6507 0.018658315456987994
6560 0.02007569608554472
6570 0.019379911291301382
6584 0.010275217900144913
6672 0.03132127591824537
6705 0.03132127591824537
6726 0.04603050096059151
6772 0.015120613589128183
6804 0.04907092733549989
6828 0.016515357874292386
6923 0.01677610755292143
6952 0.030581859219829803
6986 0.0510906243324747
7002 0.06218965230352657
7042 0.021449207495036347
7094 0.040970377588708314
7121 0.019100888224170144
7185 0.022679499823924677
7208 0.016451600133697175
7220 0.012055590292087165
7248 0.039341381711702934
7249 0.03295027179525074
7254 0.01901020115864446
7312 0.024970277173556155
7332 0.04603050096059151
7395 0.04603050096059151
7396 0.018920626845943866
7425 0.014759398538093516
7463 0.02959558703963314
7501 0.030850130844941915
7507 0.03182891207222738
7537 0.008638047256641029
7542 0.01673657724328266
7552 0.040347953216131445
7660 0.013386576836656155
7798 0.055780296846735106
7833 0.02216156486142517
7861 0.030031145427323054
7878 0.021836230924804627
7971 0.023633055225180572
7986 0.0166445685906669
7989 0.03428125833981974
7995 0.0510906243324747
8043 0.052522305092724354
8045 0.021080361718172413
8092 0.01181621753911356
8112 0.031001272436108365
8113 0.04394036716043765
8147 0.02922113496793654
8156 0.05129897879130803
8222 0.0166445685906669
8247 0.024345837035006528
8312 0.015669760729292322
8319 0.03428125833981974
8329 0.019670024230436872
8361 0.02416101159605334
8409 0.03591025421682511
8483 0.01578472711940137
8514 0.020395464643911305
8552 0.043070518539017145
8558 0.049860332003586375
8612 0.054060613904204045
8633 0.01578472711940137
8708 0.027369172338185074
8714 0.02314071938258574
8716 0.04289703557396417
8754 0.014860792041565787
8841 0.03236594282846409
8896 0.021970183580218825
8942 0.007333417841381866
9027 0.02246895368425415
9057 0.08194075517741663
9099 0.02475071770090749
9160 0.019572033297473607
9183 0.027030306952102023
9230 0.033159354728663035
9235 0.06717094709115279
9338 0.026729906145564045
9416 0.04603050096059151
9445 0.013431999222195682
9470 0.017923596091015643
9473 0.019100888224170144
9514 0.0510906243324747
9556 0.030850130844941915
9563 0.040285235980573576
9578 0.012786221046978179
9582 0.01522718796211017
9595 0.025565367752118835
9608 0.026261152546362177
9620 0.021704691962550097
9663 0.024345837035006528
9664 0.011203478006186218
9671 0.014912021830014497
9715 0.027030306952102023
9749 0.0285253501736932
9814 0.019379911291301382
9848 0.03591025421682511
9849 0.014178943391984071
9894 0.02314071938258574
9898 0.008516629006490268
9919 0.06895115838869652
9922 0.03784125369188773
9923 0.013641261324453483
9929 0.05518427818186233
9936 0.03236594282846409
9937 0.03591025421682511
9939 0.03591025421682511
9949 0.04289703557396417
10016 0.049860332003586375
10035 0.03505041274555958
10040 0.03591025421682511
10058 0.04603050096059151
10105 0.0166445685906669
10106 0.04506403143809594
10167 0.015445121008352441
10183 0.06288496926451613
10184 0.021836230924804627
10202 0.05998057874735277
10226 0.02132372474995261
10242 0.039341381711702934
10274 0.03236594282846409
10298 0.03122589886344603
10307 0.03688506207819969
10312 0.014040764852286948
10350 0.03132127591824537
10392 0.00790107791377662
10465 0.026261152546362177
10490 0.035539803359202315
10597 0.04950143540181498
10598 0.09206100192118302
10709 0.026021779793388572
10757 0.03591025421682511
10770 0.1021812486649494
10818 0.01987004262990999
10848 0.016910060208335628
10854 0.040970377588708314
10873 0.09738334814002611
10925 0.01632573124154897
10951 0.020409914199377863
10960 0.03446197023227059
10980 0.017046516796168434
10990 0.030850130844941915
10993 0.03801039516713395
11036 0.01747672471245103
11053 0.0510906243324747
11056 0.06759604715714392
11067 0.009072469293630004
11103 0.023699873672904857
11136 0.02314071938258574
11139 0.0223874522843022
11163 0.021575481246175584
11204 0.025347434705876564
11217 0.008889954414878064
11246 0.043070518539017145
11300 0.013100257202305881
11319 0.018305954483108813
11325 0.03801039516713395
11332 0.013852540104804086
11466 0.04603050096059151
11473 0.03295027179525074
11611 0.02416101159605334
11682 0.03801039516713395
11707 0.040970377588708314
11736 0.010086988304032861
11770 0.015015572713661527
11826 0.024730147602320073
11893 0.04019441859154661
11929 0.0586511277813123
11960 0.017545261958661275
11977 0.028065280656301057
11993 0.02416101159605334
12006 0.030904390700379928
12021 0.010841409677738984
12052 0.03600334799986203
12083 0.019769348414229327
12105 0.01436734649084464
12113 0.018572931853297378
12118 0.030850130844941915
12129 0.01947534029586675
12177 0.01791572776069943
12192 0.03505041274555958
12204 0.005825574904150343
12210 0.0510906243324747
12265 0.046643684511616254
12277 0.027030306952102023
12291 0.018572931853297378
