533
112 0.023294536919616242
121 0.026576976247180757
132 0.053359745713191804
200 0.015441900127069459
203 0.024432349516164246
214 0.012571508303680866
230 0.009167637734584693
344 0.003935217046926089
352 0.011677462851538773
390 0.025493923536130544
392 0.01703528423522792
435 0.017836574443278165
450 0.02697341054325078
456 0.013509182121503116
457 0.02904492575429792
474 0.021786480506274554
489 0.03314185490230978
504 0.26015726869667244
513 0.014711910497122404
515 0.01789867871343933
566 0.017362004044587067
571 0.009983318368945534
587 0.02480821354603248
591 0.024656872329663147
594 0.02565090498774386
628 0.02444109552598013
642 0.021020067839274785
643 0.03314185490230978
679 0.013447218936922701
680 0.029859415574745272
682 0.08348032622266521
740 0.01753422516706342
743 0.022736768412145537
744 0.008905293549586041
763 0.01809199367453412
817 0.026576976247180757
846 0.013090993991991465
937 0.011148068059508178
938 0.005347453434413806
952 0.00975337691398977
956 0.036911856567962274
958 0.018764461034239566
960 0.046589073839232484
979 0.01877775805316496
1037 0.23199298431616847
1055 0.014616239385874818
1064 0.052640509868408215
1143 0.012216174758082123
1221 0.03314185490230978
1335 0.013521796209551849
1341 0.029859415574745272
1364 0.023926882699716094
1374 0.01063094837621302
1388 0.06628370980461956
1444 0.016583937261192432
1465 0.03414418204833094
1468 0.023665481980291597
1471 0.014251785839498904
1481 0.015221601851145529
1524 0.0051253313344966425
1527 0.025520266807874555
1536 0.014535114703862827
1543 0.027775254006557004
1553 0.009607011101887485
1632 0.07964025463884288
1709 0.01617188975701651
1726 0.01416489241183933
1742 0.009607011101887485
1755 0.04199077208440343
1759 0.01644015066067417
1782 0.015672948825181013
1818 0.013090993991991465
1886 0.023294536919616242
1929 0.01673926345239171
1936 0.2025600731594507
1945 0.045473536824291075
1952 0.037008082357420084
1958 0.16531727594330006
1964 0.0641232990062959
1971 0.027308672389049243
2055 0.016305294605280865
2080 0.006718715442655106
2101 0.021786480506274554
2108 0.07582155261098211
2113 0.01688000609662089
2124 0.053153952494361514
2129 0.011148068059508178
2130 0.015556015502879288
2146 0.018504041178710042
2172 0.02904492575429792
2196 0.061767600508277835
2202 0.052640509868408215
2227 0.01005507063466641
2252 0.06366340497589884
2274 0.029818508014223387
2279 0.032885133589333135
2287 0.051767361288985826
2289 0.01753422516706342
2298 0.012889450429451997
2356 0.014630065370984657
2360 0.054275981023602364
2373 0.013886831858921117
2392 0.013160127467102054
2455 0.012216174758082123
2525 0.02886101477414538
2528 0.03314185490230978
2540 0.029859415574745272
2575 0.016042140299856
2617 0.026576976247180757
2630 0.01578062105803346
2636 0.026576976247180757
2665 0.014809554346969607
2675 0.0335814678243082
2677 0.03484337783478165
2681 0.029619108693939213
2698 0.01829353723707358
2704 0.010431106110239329
2757 0.016688750703965336
2768 0.011576702477103996
2781 0.06840241330065029
2797 0.020995386042201716
2798 0.030022195819018143
2822 0.02126189675242604
2832 0.023771305627362797
2900 0.02202679708133767
2936 0.012696135468357211
2937 0.015672948825181013
2984 0.012696135468357211
3051 0.022736768412145537
3056 0.023294536919616242
3152 0.021426615997785177
3201 0.046668046508637866
3262 0.019454329084581026
3330 0.012633411916410197
3332 0.008420552205420775
3342 0.010755031255050031
3347 0.027505689815326816
3350 0.012759700972291486
3407 0.01083959705477388
3442 0.006508988522751445
3454 0.01789867871343933
3518 0.018955388152745528
3559 0.01452246287714896
3588 0.04128888674430316
3591 0.005915265548915289
3596 0.015115180317710312
3605 0.012571508303680866
3624 0.015672948825181013
3643 0.02591136620534206
3670 0.010549996679495927
3687 0.016442566794666567
3725 0.021764906168549633
3741 0.015011097909509072
3749 0.026320254934204108
3752 0.06628370980461956
3759 0.015506279715177814
3790 0.016583937261192432
3803 0.0322650937651501
3814 0.0196171093288539
3817 0.07656080042362368
3828 0.15946185748308453
3829 0.020995386042201716
3867 0.014711910497122404
3887 0.00807509791798988
3890 0.027043592419103698
3915 0.03345931652897443
3920 0.027939311657227663
3933 0.014903368697071063
3934 0.020012097592051727
3962 0.012889450429451997
4014 0.015115180317710312
4025 0.030747628737479504
4048 0.005189586851391473
4073 0.04785376539943219
4078 0.011576702477103996
4081 0.0999810978586227
4105 0.013155741189051814
4134 0.06580063733551027
4169 0.007686907184369876
4170 0.049562037990466004
4195 0.025648262679034695
4198 0.012216174758082123
4244 0.012824131339517347
4278 0.029859415574745272
4320 0.02216852944522154
4339 0.021180599104074948
4356 0.02556321779016801
4375 0.029859415574745272
4410 0.010353331618865709
4440 0.013301497933627919
4451 0.06449140642142386
4485 0.11847643477575685
4552 0.01648935138368116
4554 0.013674569424038108
4624 0.008866017971731283
4676 0.008962349166757208
4683 0.01591585124397471
4699 0.009574238936906823
4716 0.021786480506274554
4719 0.020317723562792434
4745 0.027939311657227663
4772 0.03164553312215288
4806 0.024656872329663147
4827 0.04151259709020994
4861 0.05180151860679937
4872 0.015731257463887326
4883 0.09682705204942307
4941 0.005825630842487475
4972 0.015029372123787051
5001 0.031705216501428
5005 0.09988900357640529
5012 0.02064444337215158
5023 0.023294536919616242
5051 0.010470405580098895
5064 0.026576976247180757
5069 0.06379850486145744
5108 0.015556015502879288
5112 0.011527115019405093
5122 0.022736768412145537
5190 0.042748866004197264
5208 0.0354258934292744
5224 0.0062430627235253305
5235 0.030883800254138918
5253 0.014909254007111693
5293 0.014809554346969607
5297 0.026887047500271627
5329 0.01703528423522792
5337 0.010315127441491866
5351 0.012889450429451997
5380 0.01105786420952582
5401 0.02094081116019779
5425 0.025899678425826602
5433 0.009842995244885489
5473 0.018157130068959793
5502 0.018955388152745528
5527 0.030883800254138918
5610 0.19885112941385868
5613 0.06628370980461956
5622 0.009912637072628192
5626 0.02064444337215158
5627 0.010590299552037474
5681 0.04125853472299022
5700 0.10116021194626001
5743 0.03314185490230978
5761 0.018504041178710042
5762 0.018504041178710042
5807 0.010671949142638361
5833 0.014251785839498904
5842 0.0070518217114311586
5844 0.020012097592051727
5845 0.009227964141990569
6008 0.014585495748046127
6010 0.027324210510155964
6013 0.008220075330337084
6034 0.019966636737891067
6041 0.23201010773013597
6084 0.026460570358074413
6114 0.011576702477103996
6122 0.02514301660736173
6129 0.027939311657227663
6136 0.017195827031342047
6162 0.0162852153933927
6180 0.009167637734584693
6198 0.05739020715308335
6209 0.009049242594416782
6222 0.014616239385874818
6224 0.018504041178710042
6227 0.023926882699716094
6228 0.03314185490230978
6251 0.007267557351931414
6257 0.0354258934292744
6294 0.014616239385874818
6341 0.023294536919616242
6357 0.026576976247180757
6360 0.01858446695148738
6410 0.006543304317404105
6436 0.007820312032634232
6444 0.023926882699716094
6452 0.016408217692668717
6471 0.023294536919616242
6481 0.01829353723707358
6490 0.026576976247180757
6507 0.012103418027795857
6531 0.06628370980461956
6554 0.013373797947766494
6563 0.015441900127069459
6570 0.012571508303680866
6578 0.06628370980461956
6657 0.007934427408444062
6666 0.007665033894027203
6673 0.016042140299856
6681 0.019725006122231083
6686 0.020995386042201716
6698 0.012331681921981296
6719 0.015115180317710312
6735 0.038396581143078444
6747 0.034952555288374966
6785 0.019725006122231083
6791 0.00824467569184058
6792 0.020317723562792434
6816 0.020995386042201716
6874 0.03314185490230978
6934 0.010671949142638361
6937 0.016729658264487215
6952 0.03306345518866001
7022 0.03314185490230978
7042 0.020870752663268464
7117 0.019725006122231083
7150 0.07239394075533426
7176 0.005651296102953097
7178 0.020317723562792434
7208 0.03201584742791508
7259 0.00964001164616649
7262 0.009514194559670014
7299 0.029859415574745272
7312 0.016197909377091597
7328 0.029818508014223387
7392 0.02223782748031004
7395 0.029859415574745272
7396 0.012273576175314774
7400 0.026576976247180757
7408 0.01617188975701651
7425 0.009574238936906823
7459 0.027349138848076215
7471 0.012633411916410197
7474 0.02223782748031004
7482 0.010164779609358188
7483 0.06780195739822702
7484 0.06000398058180542
7531 0.029859415574745272
7537 0.008405091322311074
7542 0.0217136205245236
7560 0.015441900127069459
7580 0.030057175818190222
7631 0.015011097909509072
7677 0.024656872329663147
7753 0.03158568559423919
7817 0.49477738126353726
7839 0.031112031005758576
7844 0.015556015502879288
7850 0.02223782748031004
7854 0.03682072852594432
7901 0.015011097909509072
7904 0.02064444337215158
7952 0.0310081743151822
7956 0.01147804143061667
7986 0.010797125389458036
8036 0.02719513353811276
8092 0.015330067788054406
8112 0.03016521190399923
8117 0.020012097592051727
8176 0.015441900127069459
8222 0.010797125389458036
8224 0.007267557351931414
8239 0.014616239385874818
8247 0.015792842797119594
8252 0.017039729517578085
8288 0.04785376539943219
8324 0.03892411211157508
8326 0.022735611786369056
8327 0.010431106110239329
8346 0.03345931652897443
8361 0.015672948825181013
8364 0.009673243775106517
8383 0.01688000609662089
8385 0.05666900029155152
8394 0.04063544712558487
8398 0.02064444337215158
8402 0.01452246287714896
8432 0.01753422516706342
8438 0.013674569424038108
8439 0.018504041178710042
8473 0.008962349166757208
8475 0.01753422516706342
8479 0.029859415574745272
8514 0.026460570358074413
8556 0.007730959213104321
8569 0.04357296101254911
8577 0.015115180317710312
8592 0.017195827031342047
8651 0.015792842797119594
8659 0.030022195819018143
8668 0.06298615812660514
8680 0.019725006122231083
8708 0.00887702147194043
8714 0.015011097909509072
8716 0.013913387703777534
8718 0.022736768412145537
8722 0.016729658264487215
8753 0.010091358620201978
8755 0.024656872329663147
8758 0.08957824672423582
8766 0.031112031005758576
8774 0.012159460799504945
8867 0.025392270936714423
8873 0.00931991963206684
8876 0.024656872329663147
8890 0.011388563609036012
8896 0.014251785839498904
8932 0.017362004044587067
8944 0.05209142111086541
8945 0.027939311657227663
8950 0.010470405580098895
8956 0.04223869415106765
8957 0.012571508303680866
8960 0.03314185490230978
8981 0.013995747326457104
9000 0.019083384023905664
9027 0.00728766591267647
9042 0.04356738863144688
9073 0.029859415574745272
9076 0.06577026717866627
9169 0.014909254007111693
9175 0.014809554346969607
9182 0.027664872014120878
9194 0.020995386042201716
9202 0.013913387703777534
9232 0.013447218936922701
9233 0.018955388152745528
9267 0.008122932253391517
9287 0.028159129434045103
9338 0.05972445838632862
9445 0.011617561932643142
9453 0.013230285179037207
9473 0.012390509497616501
9527 0.029859415574745272
9528 0.023926882699716094
9546 0.01928002329233298
9575 0.005766803266852268
9580 0.02345731716388912
9582 0.01975537627907508
9614 0.05082389804679093
9616 0.013022855277716353
9625 0.009706710762029573
9626 0.05788351238551998
9628 0.014079564717022552
9656 0.008344375351982668
9658 0.007980854828748359
9675 0.007032688113927353
9749 0.05551212353613013
9821 0.008319252964469729
9849 0.009197704876479803
9865 0.019966636737891067
9866 0.016442566794666567
9898 0.011049263401171334
9906 0.01443050738707269
9982 0.06628370980461956
10105 0.010797125389458036
10132 0.029232478771749636
10135 0.014079564717022552
10181 0.015221601851145529
10218 0.008446219254380044
10231 0.023926882699716094
10276 0.026045710555432706
10281 0.022736768412145537
10299 0.019198290571539222
10304 0.026576976247180757
10312 0.009108070170051987
10330 0.025520266807874555
10334 0.009477261644726972
10340 0.01753422516706342
10350 0.020317723562792434
10364 0.00987768813953754
10384 0.029859415574745272
10392 0.010250662668993285
10458 0.03314185490230978
10472 0.023926882699716094
10536 0.01789867871343933
10560 0.013022855277716353
10619 0.013225382075464004
10620 0.019198290571539222
10628 0.011102751360198745
10723 0.012273576175314774
10808 0.031112031005758576
10881 0.02047871376397467
10909 0.022858942339115777
10951 0.005295863370645242
10980 0.02211572841905164
10981 0.009227964141990569
10988 0.011217394169203964
10997 0.013022855277716353
11036 0.02267386950758009
11080 0.006508988522751445
11087 0.015441900127069459
11125 0.025392270936714423
11154 0.012889450429451997
11156 0.015115180317710312
11194 0.01295568310267103
11249 0.013447218936922701
11300 0.008497974512043514
11319 0.014843557288011242
11322 0.01829353723707358
11339 0.03376001219324178
11458 0.022736768412145537
11504 0.03314185490230978
11509 0.03314185490230978
11524 0.01753422516706342
11541 0.03314185490230978
11560 0.03314185490230978
11599 0.03314185490230978
11629 0.0060220298537986576
11634 0.00600662964855184
11643 0.015792842797119594
11693 0.01809199367453412
11811 0.03376001219324178
11821 0.01789867871343933
11892 0.012450077062149206
11893 0.02703931093755182
11908 0.022762788032220625
11917 0.013090993991991465
11927 0.022736768412145537
11929 0.019023129900856795
11957 0.007775424881961305
12001 0.023294536919616242
12021 0.007032688113927353
12024 0.009137760292008211
12051 0.008027741933955085
12063 0.03314185490230978
12064 0.14203234355104688
12078 0.03038378047384886
12083 0.012824131339517347
12089 0.01005507063466641
12098 0.00964001164616649
12129 0.012633411916410197
12138 0.009706710762029573
12155 0.026576976247180757
12157 0.01105786420952582
12175 0.02345731716388912
12177 0.052297697660280404
12204 0.011336934753790044
12209 0.019725006122231083
12265 0.009077154043763608
12286 0.01178041383960803
