114
117 0.07511322717457947
344 0.021981262699265605
390 0.047467829076112536
547 0.09378553469681516
736 0.0772649655701918
913 0.06988038063946186
952 0.027240116313130558
1143 0.06823688333717061
1184 0.0932197154494858
1413 0.0492720599047693
1450 0.13521409775139392
1524 0.02862898110597259
1575 0.10208306533864382
1818 0.07312343245647582
1895 0.04269358708122736
1926 0.1010579241173061
2046 0.1021837024265321
2129 0.06227067266766287
2373 0.025856269638283833
2480 0.06176681366845056
2578 0.15463617500560264
2645 0.08010180263937822
2777 0.14845318305829006
2781 0.047760117107130615
2828 0.04162348080523596
2904 0.08217751793333411
2942 0.0910778134556929
3007 0.18512316100014534
3152 0.05984219795087315
3233 0.11939291308823374
3278 0.12109524205344067
3350 0.07127290202584899
3514 0.16678817202921772
3548 0.07127290202584899
3724 0.14845318305829006
3765 0.047613569376817697
3990 0.22698073003808442
4059 0.04619108701012069
4124 0.08960789099677664
4349 0.1021837024265321
4533 0.14845318305829006
4575 0.16678817202921772
4676 0.05006172444564899
4787 0.07163279598110314
4827 0.03312575687285345
4879 0.1072374568918571
4941 0.06508140232706525
4972 0.04197539461210149
5066 0.08960789099677664
5285 0.1377279020591614
5312 0.05104153266932191
5473 0.0507108808931265
5527 0.08625508052575578
5802 0.024663697198159352
5927 0.09263425045669582
5977 0.08625508052575578
6096 0.12169452042675212
6214 0.04269358708122736
6230 0.12661626207239277
6281 0.05596427251484053
6320 0.15606289103008905
6384 0.0772649655701918
6452 0.030550906445428985
6620 0.07127290202584899
6624 0.12421564601817085
6772 0.05478844348554817
6791 0.09210591440904631
6867 0.05188670992241885
7017 0.08960789099677664
7176 0.03156690539531532
7231 0.0796073621190488
7467 0.07390148259643867
7484 0.020948070405680946
7542 0.030321885121593596
7952 0.06495183276921059
8166 0.04343182469752291
8200 0.08272293514637846
8324 0.018118465543692872
8473 0.05006172444564899
8532 0.06639065996470898
8603 0.07199765414724979
8969 0.06357398048663951
8983 0.16678817202921772
9039 0.18512316100014534
9338 0.021523082359615055
9370 0.16655967133319638
9371 0.1010579241173061
9385 0.07163279598110314
9409 0.10459006949668342
9445 0.01622329071822687
9479 0.18512316100014534
9516 0.14845318305829006
9758 0.10335953145582448
9795 0.08384871345560448
9820 0.11939291308823374
9898 0.030859385715998316
9995 0.08754566807631556
10392 0.11451592442389036
10553 0.09894065060951815
10571 0.06438794617545081
10597 0.04484121262638236
10827 0.12169452042675212
10981 0.0515453916685342
11257 0.07429926148576817
11319 0.016582573629286366
11768 0.06227067266766287
11871 0.09698036152488444
11931 0.1425506349890985
12006 0.027994952938954973
12029 0.05740558296700484
12177 0.09737450455965348
12180 0.0542195656965419
12200 0.07682038707718691
12340 0.09698036152488444
