130
230 0.05051932686266676
456 0.03722195439010915
479 0.0640709055236578
501 0.2567344737711461
576 0.05443214165043464
594 0.09423485023558585
766 0.1137635902301267
979 0.034492335041308525
1020 0.09662437349119395
1046 0.09138770220026513
1242 0.08215916665449709
1355 0.1137635902301267
1374 0.05858306920789034
1413 0.09721804440951687
1524 0.02824373044215122
1704 0.09567532909928743
1736 0.06271848660463282
1905 0.05581111083433748
1929 0.04612182256075905
2053 0.09219071462389448
2187 0.10196865666505817
2266 0.04072074753720746
2373 0.025508330429227767
2422 0.12529358908682625
2644 0.04938806049291036
2650 0.0629834213130018
2851 0.07667133033872961
2904 0.0810716824438411
2957 0.13923575177673592
3191 0.09969802128994074
3276 0.09475959146956889
3278 0.11946570371206515
3332 0.04640242574431011
3342 0.05926684224686848
3407 0.059732851856032575
3520 0.0654972629650649
3564 0.15396280468245857
3595 0.06669728333559771
3805 0.05996901495770339
3891 0.042480684722615014
3933 0.04106336748679767
4101 0.04004871440003868
4143 0.05791675612582759
4169 0.042359590098676105
4378 0.18951918293913778
4451 0.02961561214170105
4514 0.09219071462389448
4624 0.009771443262738419
4655 0.05705400500087522
4670 0.11196316297510378
4827 0.06535998919038909
4861 0.02595075025912198
4907 0.05813697553087795
4941 0.06420562357140087
4945 0.1008086503754015
4972 0.041410545706769594
4980 0.1406323785707361
4988 0.0657921344033796
5001 0.03494305167938264
5112 0.06352149902826217
5249 0.14504080556254784
5250 0.0810716824438411
5310 0.06435000812674029
5389 0.04199964170735477
5654 0.11778628242078
5802 0.02433180603924214
5938 0.08272038924456224
6079 0.038649426728858245
6146 0.16658789475894295
6209 0.049866896764722356
6616 0.06271848660463282
6632 0.10720532795598697
6828 0.05903692142357494
6830 0.12254411743989681
6867 0.05118848774793327
6869 0.07805727608854267
6934 0.058809008668046746
7150 0.14960069029416706
7312 0.04463022547379354
7507 0.03792593123137665
7537 0.030878151174504494
7726 0.09662437349119395
7818 0.2273599221402757
7854 0.06763495946566825
7952 0.06407779758793294
8361 0.08636759517821826
8532 0.0654972629650649
8727 0.062456214601702774
8776 0.05560959751923145
8890 0.0313789977373722
8893 0.08702828476179318
8961 0.11807384284714988
8962 0.1621433648876822
9160 0.06996352126774903
9247 0.07493096259153331
9265 0.0891170668251477
9338 0.010616726704297013
9448 0.09969802128994074
9485 0.07853611236035467
9523 0.18263202027809086
9898 0.030444121240179162
10016 0.0891170668251477
10105 0.05949880683760886
10318 0.01627036305620216
10392 0.08473119132645367
10428 0.12387889663296175
10460 0.04755602106608493
10647 0.06463212811372296
10951 0.02918346692871053
10979 0.05462473178383918
10981 0.05085176250011463
11103 0.042359590098676105
11106 0.04654386698288368
11189 0.14133771460597416
11212 0.1008086503754015
11629 0.0331850912272739
11634 0.033100226617094
11768 0.06143271696490767
11795 0.1812173278242264
11893 0.015964633579358213
11929 0.03494305167938264
12156 0.07535529461783488
12177 0.03202138942750249
12180 0.05348995105886478
12186 0.03917877235615634
12200 0.07578664071342524
12216 0.09969802128994074
12226 0.18263202027809086
12265 0.016673568676974813
12291 0.06639206529913051
