99
76 0.036314755268446554
90 0.05372694422289067
105 0.04391002982504134
111 0.079728386176669
132 0.040478331897305535
214 0.04768329372307343
435 0.06765350645660188
555 0.12570590287655553
587 0.031365563693309007
628 0.030901408399758856
682 0.05277299561326082
711 0.05234955603759076
956 0.03500134701575071
1465 0.3021846213811295
1632 0.03356363508119226
1759 0.031178459810386423
1958 0.10032682839171746
2243 0.08422469944797314
2266 0.028028153700422116
2275 0.09679748433485785
2360 0.06862230271654894
2675 0.042457779799569564
2677 0.033039930043904465
2757 0.03164992546898009
2771 0.0783036556381572
2781 0.03243099680237831
3583 0.09075383383504063
3616 0.05655028186274692
3679 0.1592695379577478
3814 0.03720350667276345
3887 0.030628565528079913
3890 0.10257540539265582
3967 0.5028236115062221
4079 0.05857059006880085
4081 0.05056331020680235
4195 0.04864148411105404
4228 0.12570590287655553
4473 0.05045211899834858
4485 0.11234424903933105
4624 0.02690279822517898
4861 0.04465485415262467
5001 0.02405135667847551
5005 0.07103915927660022
5069 0.04839710196923764
5226 0.07706441876550149
5253 0.05655028186274692
5294 0.0883553682859053
5473 0.034434681397488294
5502 0.07189712794109102
5695 0.0783036556381572
5700 0.042633018363609644
6041 0.2933354228831555
6084 0.05018201149716801
6214 0.028990623766846326
6258 0.08623538469650337
6409 0.030719053428992234
6410 0.024818525681192985
6481 0.06938675043900322
6584 0.025281655103401177
6791 0.031271768125898686
6932 0.029920619300290517
7552 0.024818525681192985
7566 0.11980340681903508
7580 0.03800194080146517
7817 0.22341349968679491
7835 0.031271768125898686
7839 0.05900342571999044
8092 0.029073206948381673
8222 0.040953121047506945
8224 0.027565592249576137
8288 0.27226150150512185
8316 0.11325572467967214
8321 0.051867166184987684
8324 0.0738189016739797
8327 0.07912964530524234
8515 0.03193886162442337
8556 0.08796977817171364
8569 0.08263536276458835
8942 0.018043504517050717
9047 0.10080554648278872
9076 0.24946433573186402
9338 0.014615018920834827
9568 0.06755493736432121
10218 0.03203621584835297
10312 0.03454659335044077
10692 0.11325572467967214
10695 0.06788906579316016
10749 0.020849695752010764
10808 0.05900342571999044
10959 0.06755493736432121
10960 0.02826397954323531
11021 0.042633018363609644
11217 0.02187328420536329
11468 0.08623977173784284
11893 0.007325654705860832
11988 0.07706441876550149
12051 0.06089789185562331
12064 0.10101070102510204
12078 0.03841487416769019
