267
68 0.030481655315079806
110 0.11791953443721656
137 0.04631425317523348
236 0.025660734704662923
313 0.1077952245408601
322 0.10936051121902707
344 0.011628739469754798
352 0.03450741637601846
374 0.015841546519370017
435 0.017569287348947946
485 0.07736892614444565
744 0.02631553415096014
895 0.04530221338836988
943 0.04818286277005214
952 0.014410828898459781
1035 0.07853613383631271
1046 0.19602505629904873
1184 0.024657996204261824
1205 0.020174582030055968
1274 0.09636572554010428
1353 0.041605733048371375
1373 0.037895872195830564
1413 0.07819914018722728
1536 0.02147595164874747
1664 0.02960675888338219
1684 0.03609933375585928
1692 0.07070499083544136
1736 0.03363251994432084
1818 0.03868446307222283
1841 0.09793563902769269
1895 0.06775851887891808
1956 0.0688363812406227
1961 0.08823588643200271
1964 0.06316238970587136
1973 0.05081442526039136
1979 0.04498050301382353
2049 0.03560246079267988
2074 0.04818286277005214
2167 0.02898471047653283
2274 0.04405750139564182
2362 0.036614500579543484
2373 0.01367873299168475
2442 0.07853613383631271
2470 0.07070499083544136
2473 0.08811500279128363
2492 0.05533124670500002
2578 0.027269039944637943
2596 0.03307823818306474
2630 0.046632429359427935
2644 0.026484136009372966
2828 0.0660601650683971
2829 0.05181440663636867
2851 0.16445869065880545
2895 0.024363379323111375
2901 0.1077952245408601
2957 0.03733228791148533
3082 0.08528556815015857
3152 0.03165829637673399
3180 0.09793563902769269
3276 0.05081442526039136
3278 0.06406297218373193
3308 0.04347434264319003
3332 0.04976620431383617
3472 0.029189002936418317
3513 0.04988116050645979
3520 0.10536788061503968
3591 0.017479869888367038
3597 0.03228592555532936
3599 0.03465870201128418
3606 0.05748839817112002
3619 0.047405230222307304
3661 0.02473262990099914
3688 0.05181440663636867
3732 0.053462637110181364
3749 0.03888875553210831
3759 0.022910869311998733
3765 0.025188989417182433
3791 0.07466457582297066
3805 0.03215812754412431
3867 0.04347434264319003
3887 0.023862269542264305
3891 0.022780085322980658
3933 0.02202005502279903
3955 0.05405820720266416
4059 0.024436454084296736
4088 0.06204228926645927
4101 0.04295190329749494
4105 0.03887579388753321
4131 0.05601400577092348
4170 0.036614500579543484
4198 0.03609933375585928
4209 0.05673179310286532
4230 0.042642784075079286
4356 0.056655324753180254
4382 0.03153607913727495
4414 0.047405230222307304
4451 0.015881245226753545
4537 0.09793563902769269
4547 0.03294303147938929
4552 0.024363379323111375
4624 0.005239894618161496
4683 0.047032040507175334
4690 0.05405820720266416
4699 0.056584594390004274
4717 0.054680255609513534
4790 0.03576613265809909
4827 0.01752450719883904
4861 0.027831957462938494
4872 0.04648655776739859
4907 0.031175704244437465
4926 0.057367514530400954
4934 0.052342536670769275
4945 0.05405820720266416
4972 0.06661868357097415
4988 0.035280750418133534
5005 0.018448524957962106
5041 0.040640261640482137
5051 0.030940509044792144
5237 0.05673179310286532
5249 0.11666626659632494
5312 0.02700248360019614
5609 0.03307823818306474
5648 0.047405230222307304
5752 0.029713176011944085
5802 0.0260956536484957
5842 0.10419221670815955
5999 0.04900626407476218
6010 0.02691474798385349
6020 0.08823588643200271
6045 0.053462637110181364
6068 0.02414641707062871
6079 0.02072558962541794
6150 0.058792644122345784
6155 0.034966270105730786
6162 0.0641647037542801
6198 0.03391811730536037
6214 0.022586172959639363
6258 0.08957964384901958
6279 0.12054422373230941
6281 0.02960675888338219
6294 0.043191630301224256
6360 0.018305972435237315
6384 0.04087545684012746
6412 0.05913662864493271
6436 0.023109366043920804
6452 0.04848700502050082
6507 0.07153226531619818
6584 0.0393931389309658
6586 0.08256189489725135
6630 0.03465870201128418
6747 0.07746475373604977
6817 0.025984304841982643
6830 0.06571375836661347
6923 0.03215812754412431
7002 0.11921137036065817
7025 0.045953445078514975
7039 0.07541351096230348
7042 0.020557997383178685
7153 0.1651237897945027
7176 0.03339965712895858
7201 0.07861302295814437
7206 0.03930651147907219
7231 0.08422930808135735
7272 0.015881245226753545
7425 0.028292297195002137
7484 0.011082150123699813
7507 0.04067523652434545
7537 0.0331165527563468
7542 0.08020587969285012
7554 0.02639958116016929
7628 0.07286214230156136
7802 0.05533124670500002
7834 0.08823588643200271
7952 0.03436144463991448
7968 0.041605733048371375
8051 0.09636572554010428
8061 0.053462637110181364
8079 0.07286214230156136
8092 0.022650512314208462
8224 0.02147595164874747
8272 0.05405820720266416
8352 0.03129480100557659
8524 0.06718815076681
8532 0.14049050748671957
8586 0.03321476399735696
8651 0.04666854513601793
8786 0.07219866751171856
8880 0.03973712345355272
8898 0.05181440663636867
8942 0.01405743170956525
8961 0.12663318550693595
8962 0.04347434264319003
8969 0.06726503988864169
9013 0.19587127805538537
9099 0.023722330526421545
9115 0.07947424690710544
9144 0.06003976683186213
9193 0.11202801154184697
9230 0.03178159043393567
9232 0.03973712345355272
9247 0.0803628158215396
9273 0.020392388527657745
9438 0.07696622034872429
9445 0.025747804894391418
9470 0.06871549759990363
9522 0.06204228926645927
9578 0.09803964976714444
9664 0.02147595164874747
9671 0.028584860846750083
9821 0.024583758444117337
9852 0.19587127805538537
9863 0.05289138289691425
9898 0.016325529683970632
9923 0.026148939505225864
9929 0.05289138289691425
9979 0.06571375836661347
9995 0.09262850635046696
10103 0.04347434264319003
10110 0.09424476020703408
10298 0.02992846925792854
10392 0.0302911590767723
10418 0.03930651147907219
10428 0.06642952799471392
10499 0.04466602270142079
10500 0.11346358620573065
10508 0.04211465404067868
10568 0.11657652144697662
10646 0.03335263491521803
10816 0.031057612531236976
10848 0.032414901444988674
10862 0.03696879254032794
10951 0.03129901841259618
10960 0.02202005502279903
10981 0.08180711983391384
11019 0.08823588643200271
11067 0.01739102016152122
11101 0.13177212591755716
11125 0.03751763876647292
11145 0.09460823741182485
11189 0.037895872195830564
11211 0.0688363812406227
11217 0.01704115731454733
11310 0.03973712345355272
11319 0.008772672940187373
11324 0.09793563902769269
11497 0.014958243608571828
11650 0.06100523823975136
11698 0.05405820720266416
11736 0.019335752074425085
11768 0.03294303147938929
11783 0.05405820720266416
11795 0.04858850812779831
11871 0.05130548564406137
11893 0.005707310941628896
11960 0.03363251994432084
11965 0.06331659275346797
11974 0.040640261640482137
12006 0.014810159846096115
12024 0.02700248360019614
12030 0.030824377382714357
12072 0.03888875553210831
12138 0.028683757265200477
12175 0.06931740402256836
12180 0.057367514530400954
12265 0.017882259647187853
12291 0.03560246079267988
12329 0.07286214230156136
