245
82 0.04187702413518448
116 0.025882911732809696
159 0.049330662415300444
175 0.04853541586146002
188 0.05425720125670105
203 0.1486822490570797
262 0.1112559879544001
337 0.021400551112428567
344 0.015965088162523625
347 0.024780374842846613
352 0.023687603722523792
373 0.020619142563278528
374 0.010874423985087115
392 0.03455588490366828
450 0.018238421254016247
496 0.0165261636231617
504 0.040594317742105125
552 0.030660975428685084
554 0.03946289051841428
628 0.0165261636231617
674 0.024493923509548664
694 0.03364033257879798
711 0.013998347866303865
737 0.06722788464720726
763 0.03669940826712194
887 0.016926472741783497
938 0.03254174973350953
958 0.019031750419451546
979 0.012696824564712385
989 0.0539111011946562
1023 0.022894904398659956
1073 0.024328242981587322
1122 0.022162662137204817
1205 0.027697669346675967
1524 0.010396677698032016
1536 0.014742159386153036
1564 0.027582513197506982
1622 0.017185411026806426
1632 0.07179972096601292
1736 0.023087031377539254
1759 0.016674331528159024
1887 0.03393592601582959
1893 0.060569492920931736
1905 0.02054438709865955
1919 0.04853541586146002
1929 0.01697770501641676
1945 0.13836384673406943
2042 0.012762845640565791
2070 0.041214276629943807
2131 0.05176757783120253
2132 0.12113898584186347
2175 0.090218372209854
2186 0.032035606243096516
2222 0.03946289051841428
2243 0.022521807844196565
2356 0.03956923352825013
2360 0.03669940826712194
2373 0.00938976140672246
2382 0.03334866305631805
2434 0.03132372293392576
2603 0.06722788464720726
2605 0.05176757783120253
2677 0.035339702510623586
2704 0.10579691456453075
2768 0.023483212421871565
2783 0.033353564157291786
2814 0.040594317742105125
2937 0.031792402652375935
2968 0.04853541586146002
3049 0.03228512751160076
3084 0.06722788464720726
3085 0.030876850327505638
3089 0.047375207445047585
3152 0.021731826310342033
3221 0.06457025502320152
3239 0.026131375477300628
3270 0.016926472741783497
3285 0.041238285126557056
3332 0.017080996643080507
3400 0.042801102224857134
3449 0.030449845419426944
3490 0.030876850327505638
3541 0.05176757783120253
3591 0.011999050480193884
3609 0.06118979737912281
3624 0.06358480530475187
3652 0.031097688299918273
3670 0.042801102224857134
3683 0.025626735785325223
3753 0.03455588490366828
3765 0.01729097284431086
3803 0.04363292294428704
3805 0.022074935237776445
3807 0.1078222023893124
3814 0.019896544218168218
3880 0.031792402652375935
3891 0.01563738148391355
4025 0.015592805864604483
4059 0.01677439523217232
4078 0.023483212421871565
4101 0.014742159386153036
4195 0.02601360801726345
4198 0.024780374842846613
4226 0.024218458601230102
4382 0.06494379098909327
4451 0.03270502544603711
4623 0.03393592601582959
4624 0.0035969238006776537
4676 0.018180025762793255
4827 0.012029691746122876
4861 0.02865785598175348
4869 0.028733326964051977
5155 0.03364033257879798
5181 0.019896544218168218
5224 0.03799195022664734
5393 0.2841602241947359
5401 0.02123910145111721
5425 0.02626860504253013
5473 0.03683153671991046
5667 0.1645728807536554
5715 0.06722788464720726
5766 0.032035606243096516
5767 0.12113898584186347
5802 0.008956676092032611
5942 0.024002583702409548
6013 0.016674331528159024
6034 0.060753151356387126
6041 0.18302274946104244
6055 0.017397707594900638
6079 0.014227073641587889
6084 0.10734994628245512
6107 0.04335779999339747
6251 0.014742159386153036
6360 0.01256612828025863
6409 0.01642863965126372
6410 0.013273020148047255
6450 0.045109186104927
6584 0.02704140623612543
6723 0.03946289051841428
6832 0.3967220841216398
6879 0.0539111011946562
6908 0.050016191719673
6911 0.07339881653424388
6932 0.06400653897274011
7141 0.100032383439346
7205 0.01729097284431086
7208 0.021647930329697754
7262 0.01929943801437635
7282 0.014661095371544535
7463 0.03894351923787629
7475 0.06722788464720726
7482 0.020619142563278528
7484 0.007607338018680381
7537 0.011366422942251403
7542 0.01101145952903626
7557 0.11132471143710741
7570 0.06722788464720726
7605 0.024665331207650222
7707 0.10892181304559344
7732 0.30284746460465867
7833 0.014580709724841675
7952 0.007862467158696507
7992 0.06722788464720726
8224 0.014742159386153036
8279 0.045109186104927
8283 0.03894351923787629
8321 0.02773871222806515
8385 0.045980975125293484
8395 0.06728066515759595
8437 0.03364033257879798
8438 0.08321613668419545
8455 0.023184555349437235
8556 0.03136432983143735
8675 0.06722788464720726
8714 0.030449845419426944
8944 0.026416717319179755
8957 0.051002329988618915
9040 0.03669940826712194
9077 0.029842947075712768
9099 0.048852556108065166
9227 0.047252709468380664
9267 0.1318182230023644
9326 0.06722788464720726
9338 0.050805006715513794
9347 0.0539111011946562
9388 0.029272123991804178
9390 0.315764302734489
9429 0.060569492920931736
9430 0.041214276629943807
9434 0.048005167404819096
9445 0.011783047686855433
9567 0.049103298135125185
9582 0.020036780704740714
9870 0.031555204706567315
9896 0.047252709468380664
9922 0.02489681298029178
9978 0.03556798104343109
10076 0.04853541586146002
10127 0.029089146483779266
10321 0.11306866132764323
10415 0.03946289051841428
10490 0.023382624814570867
10623 0.04258890744435524
10624 0.030243256194334562
10653 0.09811033790867481
10760 0.03731488441293883
10788 0.03254130345908523
10848 0.02225119759088002
10897 0.04522746453105729
10903 0.07788703847575258
10951 0.005371300019847342
10979 0.02010767422742636
10981 0.01871882279054545
10987 0.06089969083885389
11036 0.007665615419206107
11080 0.013203410939652419
11123 0.04187702413518448
11153 0.030243256194334562
11176 0.050016191719673
11217 0.02339579277924258
11219 0.02489681298029178
11319 0.012043996451666138
11332 0.08202574174457396
11419 0.04187702413518448
11499 0.05425720125670105
11634 0.024368763083516785
11637 0.015073434584066498
11652 0.06722788464720726
11698 0.03710823714570247
11736 0.013273020148047255
11770 0.01975832559290422
11811 0.03424090492378251
11812 0.04486150951500746
11893 0.009794453925017974
11929 0.012862735920820068
11945 0.022162662137204817
12006 0.0101664289693205
12133 0.040594317742105125
12138 0.03937990998615168
12204 0.02299684625761832
12205 0.022990487562646742
12225 0.030876850327505638
12227 0.029648879288922278
12249 0.060569492920931736
12270 0.014580709724841675
