84
201 0.07525298772152836
344 0.055926055473455256
440 0.17520782122904652
547 0.0596537047009245
656 0.14918988082245352
744 0.0632796025127234
938 0.037998155355668535
962 0.19853231410104946
1015 0.23550076065151204
1143 0.08680619887632293
1308 0.07702445620740524
1423 0.12718517005450466
1509 0.18134296535300837
1829 0.16552728203550318
1831 0.23550076065151204
2091 0.08721408423640946
2163 0.11309551277140896
2356 0.034652974146076036
2373 0.032892541022577174
2904 0.10454050091408205
2957 0.089771019899406
3082 0.10254089507844762
3278 0.07702445620740524
3390 0.10065347722292109
3452 0.12219081755833318
3561 0.09608373768187188
3619 0.11399290275786782
4013 0.10816228677741886
4030 0.19433863979160945
4078 0.08226221034490822
4169 0.054621942384115434
4382 0.07583317675289283
4592 0.11222143427199094
4667 0.15188332835704355
4683 0.11309551277140896
4827 0.04214027514746205
4861 0.0334630335698794
5128 0.11994664412339003
5249 0.09351377700218565
5250 0.10454050091408205
5622 0.07043762570162063
5802 0.03137543362626859
6082 0.11222143427199094
6125 0.07857542796564984
6360 0.04401942414185896
6436 0.05556989606182784
6632 0.13823937467858394
6817 0.06248311254248674
6932 0.056054078950471355
7035 0.06666864090445185
7176 0.04015721313231703
7272 0.03818880816141
7429 0.16552728203550318
7537 0.019908414959314065
7952 0.05508479126443788
7986 0.15344531858957045
8312 0.07222931054749138
8352 0.07525298772152836
8532 0.08445756239994508
8708 0.06307870561632561
8867 0.09021672350404211
8880 0.09555380341949433
8942 0.03380317822272238
8961 0.07612706622094638
9338 0.01369008134873655
9445 0.020638137787686348
9758 0.13148677964942182
9772 0.13305218423233448
9776 0.05841055060476404
10172 0.07702445620740524
10415 0.13823937467858394
10848 0.0779464352561184
10951 0.018815782275459096
10988 0.03985451126924189
11136 0.10666647917939356
11145 0.07583317675289283
11163 0.09945155909294934
11189 0.1822524836979325
11667 0.29837976164490704
11852 0.09886632468633022
11871 0.12337164503879115
11977 0.043122034155400085
12030 0.07412178439133749
12039 0.12459542100012432
