64
201 0.09007606890486129
313 0.20684522159931656
343 0.07647434883701429
398 0.36360159416434323
435 0.05056981629540114
594 0.0727248136779896
628 0.06929479170665272
1020 0.1491378092358014
1274 0.2773702166142742
1353 0.11975410472284341
1373 0.10907598340418201
1450 0.10294593754397914
2041 0.1285625602106349
2080 0.05714620933912328
2219 0.1491378092358014
2630 0.03355562094349476
2644 0.07622949446589855
2645 0.12197182555379754
2895 0.07012530401688104
3732 0.15388192381584898
3805 0.09256098838908368
3891 0.06556809659360922
4101 0.061814398505532366
4105 0.05594824981185574
4169 0.06538118943683342
4356 0.05435715382229544
4972 0.06391635819019813
5249 0.11193380722600808
6014 0.11697518086749736
6079 0.059654625663232534
6168 0.18180079708217162
6311 0.16122554805700515
6657 0.06748647915498533
7002 0.11437567120638882
7272 0.09142222307693469
7312 0.06888587022474238
7464 0.17559185125548868
7507 0.05853792467374353
7952 0.032967604368789274
7966 0.14767297798916607
8532 0.1010937298386851
8942 0.040461614920335925
8961 0.18224464091227546
8962 0.125132538239298
9032 0.2376385436148169
9098 0.2260511642716794
9247 0.23130891722365524
9445 0.02470336896537377
10116 0.09889217534148544
10392 0.0435936392712842
10428 0.09560231330282294
10632 0.19338817642530912
10647 0.0997584113081651
10816 0.08939336747614005
10951 0.022522051975064086
10988 0.09540983851810031
11080 0.05536237155477921
11099 0.13985268049233074
11106 0.07183953804184244
11852 0.11834068180483137
11893 0.01642739743090312
11957 0.06613407902115223
12180 0.08256068141830032
12265 0.02573532344665944
