73
68 0.08367676118437158
106 0.09598770811170448
137 0.12713964062375882
214 0.10198062060029252
627 0.13819096455611937
952 0.03955990827075273
1095 0.12177067729058948
2222 0.1578143612908405
2373 0.03755019410916768
2630 0.032003270611631746
2701 0.07820019257214043
2748 0.10299160156537107
2756 0.09909813946716928
2900 0.17868233325143823
3178 0.1537669308121465
3361 0.04823035515890155
3441 0.13452961832730398
3591 0.04798489068469892
3814 0.07956742084617462
4081 0.05407006680832164
4431 0.06417748429755536
4624 0.014384304463224503
4699 0.07766664150198764
4861 0.019100734801365517
5344 0.26884816436805786
5882 0.09080477448594305
5976 0.22664490792364306
6013 0.06668160759385446
6068 0.06628557254492862
6162 0.04403545785993339
6209 0.07340784840201077
6258 0.061477422960255046
6657 0.06436441926257801
6794 0.08069735699670932
7262 0.07717955890964866
7438 0.17031548216847947
7460 0.17339032754686765
7483 0.08461729524055553
7826 0.4514640179709437
7952 0.03144245686313597
8171 0.18033423076947758
8324 0.052625680938798464
8326 0.061477422960255046
8515 0.06830788469944694
8721 0.1578143612908405
8722 0.13571171342611943
8890 0.04619226096582796
9099 0.06512139074068216
9338 0.015628625701568734
9433 0.06728342240083572
9632 0.10790232813891629
9987 0.08306210711941414
10106 0.11856756782139824
10183 0.11030405137275927
10429 0.12177067729058948
10638 0.11706090179170409
10702 0.13949329468112362
10862 0.10148493553567693
10951 0.021480136675192257
10960 0.12089677324695199
10981 0.07485764534728924
11011 0.061826653179135986
11067 0.04774098472559912
11071 0.09155803508117076
11103 0.06235652446965024
11861 0.09271636583681754
11877 0.12261499830009219
11893 0.007833716537555787
11911 0.13571171342611943
12177 0.047137910181304234
12274 0.10732464718509702
12304 0.08215818166116992
12305 0.16481825474450704
