167
169 0.05335346530032166
374 0.01931320140117283
390 0.030615127074644713
450 0.03239181251359174
456 0.024334347363491986
496 0.029350807627196003
677 0.03889813571112273
952 0.03513788764669973
1069 0.08191234902129807
1373 0.04620070465318982
1465 0.20501522074230596
1543 0.06670945958837232
1632 0.03187944652209343
1759 0.029613956884051117
1958 0.19058506342998813
2091 0.04421725362144385
2108 0.06828940428370017
2195 0.05689589777169575
2202 0.09482235423343632
2224 0.06916449380151037
2227 0.036224780950868576
2228 0.06254901792682697
2266 0.026621729882479756
2279 0.059236618224570284
2456 0.03999919548934139
2464 0.11273850208946522
2627 0.09966652300683625
2630 0.014212966817087192
2677 0.18829212277759244
2757 0.06012352976522424
2810 0.07319740578897235
3097 0.05371264709831635
3111 0.13832898760302073
3176 0.0710620593324224
3189 0.04818095453937004
3201 0.056042694729295975
3269 0.03070912458649281
3560 0.07008690791344596
3581 0.05198789626642356
3588 0.07437445903467908
3643 0.04667463805227636
3652 0.0552301361498189
3686 0.05733905269365826
3721 0.03024423191865976
3878 0.042069673026511885
3887 0.02909165572914973
3889 0.056042694729295975
3890 0.09742827744333421
3918 0.015477286264535905
4081 0.0960521909988849
4195 0.04620070465318982
4226 0.04301248224576894
4251 0.20131045946346027
4381 0.0319806961085428
4382 0.07689434198066375
4410 0.01864965367384287
4485 0.10670693060064332
4624 0.0255528435832284
4861 0.05089694360459283
4883 0.04983326150341812
5001 0.04568896885933
5005 0.06747448760107323
5013 0.0371616715212397
5051 0.03772108246541601
5172 0.10757266933431008
5224 0.02249149586702441
5225 0.09574722822645795
5261 0.05874207619977344
5323 0.061371964681120245
5370 0.05300168984290024
5425 0.046653584632159656
5430 0.11939811044216218
5622 0.03571164436810826
5943 0.06027090490290159
6008 0.013136565811661375
6057 0.02203192585018793
6079 0.02526757637610201
6084 0.04766392996542546
6114 0.0417066698587526
6198 0.04135122980992141
6214 0.027535904194572663
6258 0.05460545474477605
6360 0.06695310941777602
6410 0.02357315768380976
6507 0.04360423538966463
6584 0.024013047749721225
6594 0.0919402864994044
6603 0.10065522973173013
6620 0.045968585354962906
6747 0.03148035217746912
6791 0.02970258308461742
6828 0.03859617198322621
7006 0.06916449380151037
7035 0.338007814824758
7208 0.038447170990331875
7259 0.03472947360929092
7260 0.08191234902129807
7272 0.0193616000300647
7479 0.11939811044216218
7483 0.018789685966792594
7484 0.01351078930553546
7537 0.0302805025529158
7542 0.01955657935507996
7560 0.05563157832424705
7655 0.06745701943209916
7725 0.14419269202150742
7817 0.33952454545997474
7835 0.02970258308461742
7986 0.07779627142224546
8156 0.02997125801123505
8171 0.026696067713570533
8224 0.05236475857542778
8252 0.020462659808283355
8258 0.05689589777169575
8322 0.07437445903467908
8324 0.08180053629370865
8326 0.027302727372388026
8364 0.034849196944424246
8371 0.08191234902129807
8444 0.04244056818249684
8682 0.048714138721667105
8719 0.045968585354962906
8754 0.06945894721858184
8819 0.05335346530032166
8942 0.051414300262559914
8950 0.07544216493083201
9076 0.2961830911228514
9099 0.05784209850998682
9169 0.05371264709831635
9175 0.05335346530032166
9338 0.02082247853870959
9445 0.04185387169158452
9453 0.04766392996542546
9549 0.045290595269694325
9614 0.0732400453743947
9626 0.0417066698587526
10318 0.010636966081634853
10364 0.03558573600886605
10429 0.05407955382523753
10560 0.046916635091921316
10561 0.05689589777169575
10649 0.05874207619977344
10760 0.03313600237202813
10808 0.056042694729295975
10821 0.06517890640817378
10881 0.03688869761381498
10951 0.00953953967692426
11080 0.02344953029325102
11204 0.059236618224570284
11217 0.02077570538472973
11219 0.04421725362144385
11233 0.06254901792682697
11249 0.04844546379504947
11314 0.08619990014253122
11319 0.010695193118505928
11497 0.018236323774759998
11629 0.021695194420748572
11634 0.021639713053990088
11852 0.10024980234672826
11893 0.013916121830658195
11965 0.03859617198322621
12021 0.025336230413387582
12064 0.1279227844341712
12089 0.036224780950868576
12204 0.0408428735144294
12228 0.08392178711860583
12265 0.021801134229661002
