81
313 0.08484574570611475
435 0.04148641907828069
456 0.04713188561063954
785 0.1101985972927031
921 0.11998827839199763
938 0.03731322315624685
1184 0.0582250118541044
1274 0.22754872153529532
1379 0.16695593978663925
2705 0.06460297807665469
2895 0.057529331992070866
3186 0.14650067256361265
3226 0.12911667698687987
3278 0.07563605906797602
3591 0.04127527731886281
3721 0.058578422419929235
3838 0.23125576369182524
3891 0.05379069438492379
3918 0.0299771214278643
3933 0.051996032204308096
4013 0.1062126175820724
4030 0.0954178033979752
4169 0.05363735966467415
4297 0.0774722854967381
4339 0.07389652202179355
4356 0.04459347153253145
4451 0.03750043936764998
4592 0.3305957918781093
4624 0.03711894393965145
4861 0.016429924392258984
4931 0.06892409374646194
4972 0.052435642762601896
5249 0.09182815315126941
5250 0.10265611588145324
5312 0.06376105806358837
5401 0.0730599311875017
5752 0.14032365089094445
5769 0.09435178924482011
6010 0.06355388764879631
6209 0.06314340320337954
6311 0.13226606586321873
6452 0.03816417763906721
6584 0.04650957770910504
6630 0.08183971311935342
6817 0.06135682903477817
6932 0.11008736277429847
7272 0.03750043936764998
7507 0.048023288453365495
7537 0.039099115370779786
7952 0.08113779825861833
8732 0.23125576369182524
8880 0.18766281452596087
8961 0.22426453470264077
9247 0.09488049769083881
9406 0.2083517042870178
9438 0.09087030136284019
9445 0.1013306348154651
9596 0.23125576369182524
9625 0.06773105539280978
9758 0.12911667698687987
9772 0.1306538645157297
9776 0.057357676681788615
10172 0.07563605906797602
10318 0.02060216619394571
10392 0.035763309429311926
10499 0.10547003413101454
10571 0.08043339139687834
10618 0.09883915737269575
10647 0.08183971311935342
10925 0.07389652202179355
10979 0.06916795886010499
11099 0.11473221255607688
11163 0.09765890430568773
11191 0.16695593978663925
11598 0.13574755374519867
11893 0.006738346548491375
11931 0.17807418467283367
11965 0.07475484490088026
12180 0.13546211078561957
12186 0.04960968458836028
12265 0.021112720825135985
