349
76 0.0182413058937134
90 0.026987642269911693
103 0.019948726188729584
111 0.020024228029486363
201 0.020177154017965535
210 0.015029460205675006
216 0.03871031556817853
226 0.03611472785533086
228 0.06314347460325778
230 0.06986651799326683
303 0.029000936511906685
313 0.023166796380166964
317 0.06314347460325778
336 0.06017858511616765
337 0.020100367024109368
344 0.007497567000800756
383 0.06314347460325778
450 0.0171303514203958
495 0.02205649686799944
587 0.015755271862055855
628 0.015522121490278703
641 0.024069791109994434
656 0.040001431098202124
766 0.1966639902338412
812 0.12628694920651556
843 0.06314347460325778
886 0.09724490821659365
888 0.048622454108296825
943 0.03106564067829027
956 0.03516313261023573
979 0.011925432782113287
1020 0.0334070589829029
1033 0.030564266290818223
1040 0.048622454108296825
1046 0.18957914534852613
1061 0.04236859098181384
1068 0.07906269045177707
1124 0.04697747293665651
1149 0.031327178333009936
1184 0.12718487958409272
1232 0.02732184408103735
1274 0.03106564067829027
1352 0.030564266290818223
1373 0.07329947710523775
1374 0.02025460013570839
1413 0.08403078919024491
1423 0.03410143361333587
1478 0.06314347460325778
1524 0.009765030651030791
1536 0.013846503897626388
1571 0.036577517362960395
1586 0.02650846326219137
1632 0.03371877518629294
1638 0.028405836200977554
1664 0.01908879797178839
1698 0.0364826117874268
1730 0.03812802209732585
1816 0.028405836200977554
1902 0.02749370484523616
1912 0.05323133606313949
1979 0.029000936511906685
2049 0.04590898882561825
2086 0.01943719713803706
2093 0.041508662764872646
2126 0.02986086472884788
2187 0.03525479963838967
2217 0.050635748350291825
2227 0.01915740984098546
2356 0.009291304142146736
2373 0.01763857851626333
2392 0.025073315206526954
2405 0.03187415897084287
2407 0.05688961147677481
2408 0.06314347460325778
2416 0.07413066879307642
2442 0.050635748350291825
2443 0.06314347460325778
2444 0.12628694920651556
2548 0.06314347460325778
2566 0.03276232638867436
2578 0.0527446989153536
2583 0.12628694920651556
2630 0.015033003553040795
2644 0.0341510074595868
2733 0.03758104145949292
2809 0.03106564067829027
2822 0.02025460013570839
2895 0.03141631460848318
2957 0.0722093733299833
2977 0.04072360981017352
3048 0.03374756797171914
3082 0.02749370484523616
3111 0.07315503472592079
3252 0.041508662764872646
3278 0.04130425550139986
3286 0.02986086472884788
3300 0.02327485057368221
3332 0.03208649159171454
3390 0.026987642269911693
3407 0.04130425550139986
3442 0.012401241653212599
3456 0.027153195856419916
3471 0.0334070589829029
3481 0.031327178333009936
3513 0.03216060897637126
3520 0.04529024816480779
3561 0.05152476818602927
3591 0.022540103507207553
3599 0.022346011032945635
3683 0.024069791109994434
3721 0.06397842923907993
3765 0.016240464955723073
3814 0.03737547123862064
3820 0.02590674584988828
3867 0.028029847743244667
3878 0.022248470436252967
3891 0.014687337044331152
3903 0.05767964243027457
3918 0.016370269655908563
4025 0.058581878413815784
4030 0.02605345505501739
4033 0.0209832627986013
4048 0.009887453388416113
4059 0.03151054372411171
4078 0.02205649686799944
4101 0.027693007795252775
4162 0.03706533439653821
4169 0.029290939206907892
4209 0.07315503472592079
4263 0.03758104145949292
4320 0.028157707328935317
4360 0.06314347460325778
4381 0.01691293325368398
4451 0.020478694264915477
4485 0.02821588355720756
4526 0.04236859098181384
4530 0.03706533439653821
4552 0.01570815730424159
4592 0.09026787767425148
4624 0.003378393769933647
4670 0.03871031556817853
4676 0.0170755037297934
4700 0.030811471270055225
4797 0.05688961147677481
4800 0.03276232638867436
4803 0.025480410603241174
4827 0.03389649425573073
4861 0.044861260840986496
4872 0.04495793577681059
4889 0.06314347460325778
4891 0.1331456556714265
4933 0.03525479963838967
4972 0.042952036622508946
4988 0.045494146770847406
5001 0.036243792730065616
5013 0.019652882723405297
5021 0.050635748350291825
5057 0.03410143361333587
5128 0.03216060897637126
5146 0.019652882723405297
5184 0.030564266290818223
5224 0.011894586880892812
5249 0.17551320644568866
5250 0.056059695486489335
5271 0.03307893492028526
5371 0.03276232638867436
5389 0.014521020494960955
5522 0.040001431098202124
5607 0.06314347460325778
5609 0.02132701551109763
5704 0.03812802209732585
5719 0.06314347460325778
5802 0.025237547736987793
5803 0.03567452263313293
5845 0.017581566305117865
5938 0.05719974831885723
5989 0.11377922295354961
5998 0.020332716790950642
6066 0.014942705524575266
6150 0.018953119966613932
6156 0.05719974831885723
6214 0.014562313094812257
6232 0.028029847743244667
6242 0.09395494587331302
6246 0.25257389841303113
6251 0.013846503897626388
6279 0.05181349169977656
6320 0.05323133606313949
6360 0.011802676911369277
6384 0.0527084603011847
6410 0.012466621774950741
6437 0.022747073385423703
6452 0.04168231300332939
6508 0.031596524224754355
6584 0.0253985136802619
6630 0.022346011032945635
6707 0.06314347460325778
6772 0.01868773561931032
6791 0.06283262921696636
6817 0.06701296113089523
6825 0.030089292558083826
6830 0.08473718196362769
6831 0.045586661173251226
6889 0.06314347460325778
6932 0.12023568164540005
6952 0.012598820730795018
7002 0.07686088753307968
7023 0.050635748350291825
7026 0.030564266290818223
7092 0.06314347460325778
7176 0.010767124320716245
7262 0.009063453212256802
7282 0.013770364903003379
7312 0.015430522558153076
7376 0.0498831974915866
7394 0.024811777551807284
7429 0.08876377044761767
7431 0.12628694920651556
7482 0.019366432717876907
7484 0.021435469411318
7507 0.02622513918278785
7537 0.010675859312698944
7542 0.010342461595590094
7547 0.02784757048685289
7594 0.06314347460325778
7660 0.03308924036665863
7791 0.044381885223808835
7843 0.04236859098181384
7952 0.029539141263146974
8092 0.07301897773182352
8169 0.02215197307449457
8247 0.030089292558083826
8312 0.03873286543575381
8352 0.0605314620538966
8369 0.02650846326219137
8380 0.021684385684636057
8385 0.021593707360369908
8391 0.036577517362960395
8451 0.03871031556817853
8515 0.03208649159171454
8524 0.2599151851381271
8532 0.11322562041201947
8564 0.040001431098202124
8582 0.02732184408103735
8631 0.12628694920651556
8672 0.027153195856419916
8678 0.06314347460325778
8716 0.02650846326219137
8754 0.018366619259816995
8838 0.03216060897637126
8867 0.07256788521965274
8868 0.02123984171875318
8880 0.02562029584435989
8942 0.018126906424513603
8944 0.024811777551807284
8961 0.06123454708907737
8962 0.028029847743244667
8969 0.021684385684636057
8981 0.026665378822842107
8985 0.02784757048685289
8986 0.016544620183329316
9129 0.040001431098202124
9144 0.03871031556817853
9265 0.030811471270055225
9273 0.013147882424413669
9287 0.026825071793802276
9338 0.044047720350576074
9382 0.06314347460325778
9402 0.06314347460325778
9408 0.06314347460325778
9423 0.03276232638867436
9444 0.04300786264590149
9466 0.06314347460325778
9568 0.016966798591700187
9575 0.010987194189818632
9588 0.06314347460325778
9606 0.03933279804676824
9616 0.024811777551807284
9711 0.18943042380977335
9720 0.030089292558083826
9749 0.03525479963838967
9888 0.028405836200977554
9898 0.010525797137986131
9906 0.02749370484523616
9907 0.06314347460325778
9921 0.023607001602364893
10016 0.030811471270055225
10081 0.02186852304150221
10087 0.04697747293665651
10135 0.026825071793802276
10142 0.03106564067829027
10273 0.08876377044761767
10298 0.01929621899917381
10312 0.017353138475881914
10318 0.022501361039772304
10407 0.050635748350291825
10420 0.01649321025894072
10460 0.01644209161047406
10466 0.040001431098202124
10594 0.034469746683690544
10597 0.015294844552978618
10618 0.053975284539823386
10646 0.04300786264590149
10647 0.06703803309883691
10693 0.03758104145949292
10749 0.02094606862647622
10801 0.029208357539292105
10814 0.044381885223808835
10816 0.020024228029486363
10818 0.024557608143572243
10857 0.044381885223808835
10876 0.030089292558083826
10922 0.10127149670058365
10923 0.12628694920651556
10925 0.020177154017965535
10951 0.005044968292093927
10988 0.03205788779440787
11080 0.012401241653212599
11095 0.028405836200977554
11103 0.029290939206907892
11106 0.01609214790646265
11125 0.02418929507321758
11136 0.028599874159428613
11156 0.05759635405612047
11207 0.040001431098202124
11212 0.034853737285911596
11249 0.02562029584435989
11257 0.07602798329481411
11319 0.011312267046009156
11497 0.019288493643057212
11512 0.041508662764872646
11634 0.01144412308190013
11667 0.12000429329460637
11736 0.012466621774950741
11768 0.04247968343750636
11871 0.03307893492028526
11893 0.02759818441020258
11943 0.05688961147677481
11993 0.02986086472884788
12010 0.03933279804676824
12024 0.017409705540919054
12030 0.039747701852975034
12137 0.021415039792891638
12138 0.03698739532171852
12162 0.11119600318961463
12177 0.033213372775448995
12180 0.03698739532171852
12209 0.03758104145949292
12265 0.011529490378490152
