294
68 0.10106467507497492
111 0.06178458787678309
214 0.024634410173222245
337 0.02067317136900273
344 0.038556133644778987
435 0.03495153328517276
491 0.06494288734835975
496 0.03192891723759259
552 0.02961884467591439
562 0.046885753749914105
566 0.034021592217241936
619 0.027589511450905855
628 0.015964458618796296
682 0.05452776092007478
711 0.013522560367847138
836 0.07090407646619803
858 0.03545203823309902
894 0.039813451492166876
931 0.02439646044281013
942 0.02091214245553543
952 0.009556080371156073
1064 0.02578783469136784
1413 0.01728508641776354
1465 0.04460466027832583
1524 0.02008661352603025
1577 0.034021592217241936
1619 0.05000805830841936
1632 0.01733983307227689
1725 0.11595598867212002
1739 0.05851080658202367
1759 0.03221518093942939
1823 0.03307709654766714
1851 0.04045367298357802
1854 0.032219915457703925
1889 0.054748280532107264
1933 0.027589511450905855
1958 0.18140992728328276
2025 0.03470927944398223
2091 0.024050599378474372
2100 0.024279735243075033
2101 0.04269154377166789
2110 0.02475571295967724
2131 0.10001611661683872
2174 0.02578783469136784
2181 0.020752146577813345
2194 0.04231486136913955
2195 0.03094675339406583
2202 0.02578783469136784
2227 0.01970334253866492
2235 0.05851080658202367
2243 0.021756317893721233
2274 0.058430646461158385
2278 0.016652145845536592
2279 0.06443983091540785
2356 0.019112160742312145
2360 0.03545203823309902
2455 0.02393811883735908
2464 0.04088040038995206
2568 0.0376198744923494
2616 0.04269154377166789
2650 0.022396539385132374
2677 0.08534636821892452
2704 0.02044020019497603
2757 0.03270232339581406
2771 0.04045367298357802
2832 0.023290446899121218
2885 0.03168951218318261
2968 0.046885753749914105
2984 0.099514489808906
3097 0.029215323230579193
3239 0.037864800806666224
3280 0.032219915457703925
3330 0.02475571295967724
3361 0.023301022190115175
3397 0.03307709654766714
3454 0.03507322926847898
3569 0.046885753749914105
3583 0.046885753749914105
3588 0.04045367298357802
3605 0.024634410173222245
3616 0.029215323230579193
3623 0.02882862015146846
3652 0.030040714186593005
3661 0.01640065264734815
3667 0.036691146933661614
3686 0.031187793726013324
3725 0.021324633965391426
3753 0.0333813707258308
3759 0.015192610366910475
3823 0.1298857746967195
3918 0.008418388319662497
3954 0.06494288734835975
3957 0.06494288734835975
4007 0.052078725815687586
4025 0.015062824600594042
4081 0.07836690124118961
4134 0.02578783469136784
4195 0.05025887171238574
4226 0.023395301472659644
4320 0.014480061689199348
4344 0.05851080658202367
4356 0.025046111300981597
4364 0.45745911539422435
4382 0.02091214245553543
4410 0.04057559548106925
4431 0.015502695147032418
4446 0.019493230973201017
4485 0.05803991493352587
4564 0.05851080658202367
4589 0.030482680144810453
4624 0.01389867424292052
4658 0.03625946300533181
4699 0.01876113218643309
4713 0.06494288734835975
4861 0.03229777707332372
4882 0.03278248351667934
4883 0.02710525213533881
4990 0.03625946300533181
5001 0.02485109309272962
5005 0.04893419760091855
5069 0.02500318178583693
5195 0.06494288734835975
5224 0.024467098800459275
5226 0.039813451492166876
5245 0.06494288734835975
5373 0.03168951218318261
5425 0.02537576583032435
5438 0.038121592949518696
5473 0.035579675794060336
5502 0.0371438967757472
5622 0.038848475719323816
5700 0.022025308641451434
5821 0.04269154377166789
5842 0.04145504206292392
5943 0.03278248351667934
5966 0.05851080658202367
5998 0.02091214245553543
6008 0.04287135753614642
6036 0.030482680144810453
6057 0.02396716117629473
6084 0.025925311739537098
6088 0.03168951218318261
6099 0.0456466450493515
6122 0.024634410173222245
6125 0.021668359595124687
6214 0.014977298363608638
6252 0.026206531170377936
6282 0.14494859929731355
6360 0.03641706075949431
6396 0.03625946300533181
6409 0.015870249372826835
6410 0.025643771383574248
6481 0.07169394299095161
6571 0.091293290098703
6594 0.10001611661683872
6638 0.017230660859844434
6686 0.04114136021031831
6695 0.03865199622404001
6747 0.03424551624103652
6791 0.01615579593409077
6825 0.03094675339406583
6828 0.020993186909760837
6867 0.018202329406886163
6896 0.04045367298357802
6932 0.04637327358891252
6934 0.06273642736660628
7006 0.0752397489846988
7039 0.10001611661683872
7121 0.024279735243075033
7259 0.01889001663362646
7260 0.04455367371585477
7262 0.03728694530347271
7272 0.010531139939987482
7425 0.01876113218643309
7483 0.040880260316802045
7496 0.029019957466762936
7536 0.03857554341742582
7537 0.0054900457493653205
7542 0.02127438575489765
7557 0.14338788598190322
7560 0.030259066167325537
7655 0.036691146933661614
7674 0.052078725815687586
7761 0.04269154377166789
7817 0.30009494595434477
7833 0.01408512842682255
7835 0.01615579593409077
7839 0.030482680144810453
8039 0.03545203823309902
8098 0.013669275376982615
8113 0.027926986133266208
8118 0.03307709654766714
8171 0.029040990879104885
8222 0.021157430684569774
8252 0.011130027149138938
8324 0.08262959094279607
8326 0.014850469085998578
8369 0.02726388046003739
8371 0.04455367371585477
8388 0.05851080658202367
8398 0.04045367298357802
8444 0.023084226611872677
8556 0.015149146441903183
8560 0.02475571295967724
8569 0.04269154377166789
8582 0.028100440361460772
8592 0.03369596122637347
8828 0.04214989084247809
8923 0.030711816009411117
8942 0.009321736325868177
8950 0.041034418386317266
8999 0.16181469193431208
9040 0.03545203823309902
9076 0.2577593236616314
9099 0.01573070492328461
9169 0.029215323230579193
9230 0.021074945421239045
9267 0.015917234440417455
9289 0.06494288734835975
9317 0.05000805830841936
9338 0.041527710959293127
9445 0.011382555654747823
9474 0.04455367371585477
9578 0.01625296468607294
9613 0.16263151281203286
9614 0.13942825388805025
9628 0.027589511450905855
9663 0.03094675339406583
9821 0.016301933301156646
9888 0.029215323230579193
10070 0.05851080658202367
10071 0.1256523569983053
10072 0.052078725815687586
10105 0.021157430684569774
10116 0.02278324246424311
10141 0.020212935014994986
10162 0.038121592949518696
10167 0.01963277542274324
10174 0.027756714731727503
10202 0.038121592949518696
10216 0.04951142591935448
10312 0.03569530895347791
10321 0.021845117911310073
10429 0.02941489072913973
10455 0.05851080658202367
10576 0.04556648492848622
10597 0.01573070492328461
10619 0.01295785194880591
10695 0.03507322926847898
10702 0.06739192245274694
10726 0.07624318589903739
10749 0.010771486553022814
10760 0.01802329753169781
10808 0.06096536028962091
10845 0.01728508641776354
10881 0.020064459351073045
10890 0.034021592217241936
10951 0.020754943216419006
11036 0.014810140204107466
11052 0.03369596122637347
11080 0.012754642419104706
11087 0.030259066167325537
11145 0.02091214245553543
11154 0.05051486283369305
11155 0.04269154377166789
11174 0.04831619976577118
11179 0.02961884467591439
11216 0.046885753749914105
11217 0.022600597101355275
11249 0.052700805500686516
11319 0.023269270151491845
11332 0.008804198062452525
11508 0.04045367298357802
11535 0.054748280532107264
11603 0.054748280532107264
11736 0.012821885691787124
11772 0.06494288734835975
11811 0.03307709654766714
11875 0.01660129897297776
11893 0.017030793371119683
11910 0.05000805830841936
11929 0.02485109309272962
12006 0.00982088391973686
12021 0.02756170849731781
12051 0.01573070492328461
12064 0.06957961853861348
12079 0.05000805830841936
12089 0.05911002761599476
12175 0.022982809962803653
12177 0.011386620391986776
12204 0.0222152103061612
12265 0.01778707300015256
12266 0.06494288734835975
12286 0.023084226611872677
