66
887 0.0703514865538235
1068 0.11662136405766015
1465 0.0959566120066617
1762 0.21516154672471455
1797 0.14231544865161408
1896 0.1081203404017719
1958 0.05575164407184238
2105 0.09067574321735467
2121 0.16872213380555934
2194 0.09103063915694061
2195 0.13314956732192257
2393 0.16186092116279524
2428 0.12322961578885763
2630 0.0665232628773967
2885 0.1363453148737294
2984 0.10704120632294267
3097 0.12570002409582837
3201 0.13115287475914536
3441 0.13981929024357911
3452 0.14497813714598679
3746 0.19169385241573422
3890 0.11400235776711552
4048 0.04375344279171454
4078 0.09760325899794073
4195 0.1081203404017719
4451 0.045310624625484366
4552 0.06951091802663707
4772 0.0667009273918488
4827 0.049998999202880125
4861 0.03970354210862613
5005 0.052635305187273336
5310 0.09845277041469669
5473 0.07654144486674709
6057 0.05155980499670692
6481 0.1542329395153658
6631 0.17701224555884
6698 0.10396849594189943
6932 0.066507583041531
7176 0.04764611669873091
7221 0.27941920888956906
7483 0.08794442673643285
7645 0.19639640257656177
7817 0.0993207509102213
8319 0.18748727795371212
8324 0.0820423648963233
8432 0.14783117417881686
8882 0.14783117417881686
9047 0.22407067134756423
9076 0.13862739485831949
9338 0.016243139468064605
9618 0.08632808899611309
9625 0.08183734585891096
9658 0.06728664249736807
9720 0.13314956732192257
10063 0.13981929024357911
10191 0.11799824292587784
10318 0.024892962179291305
10452 0.1598130091827097
10541 0.22407067134756423
10801 0.1292512996453256
10808 0.13115287475914536
10914 0.09138871806223291
11217 0.04861995839989456
11764 0.0993207509102213
12064 0.07484222969102565
12204 0.03186059188573965
