88
68 0.052533993653526845
104 0.05048414728920196
226 0.09653804536732409
230 0.09337986860525889
236 0.04422531716814896
435 0.030280010076421414
455 0.06886526223607592
623 0.16878841342286313
1119 0.08304136310203686
1353 0.07170592585344807
1487 0.0749264046489864
1575 0.046537771240408525
1622 0.04314724874144814
2066 0.09653804536732409
2094 0.08105796394508889
2098 0.1034762940890508
2167 0.04995406517408492
2230 0.10514024797509919
2367 0.12997236748897523
2373 0.04714957010999017
2378 0.07982088430649853
2429 0.12997236748897523
2630 0.020092312266952028
2733 0.20091527755108307
2768 0.05895907907202655
2851 0.07085960163606028
3278 0.16561520721257922
3918 0.021879630950675365
4048 0.02643008768062257
4099 0.07542369577963645
4169 0.03914871004061316
4431 0.040291946115820654
4592 0.0804314932588981
4717 0.09423937681436538
4827 0.03020283316141111
4861 0.011991834610109754
4872 0.040058922415520275
4907 0.053730161042509626
5042 0.08596831577517797
5249 0.4691632165772327
5250 0.0749264046489864
5566 0.16878841342286313
5802 0.02248744185615955
5971 0.07303384464033295
6068 0.0416154473250102
6244 0.10885801790128757
6257 0.09021040559799695
6384 0.0704473221033352
6563 0.07864417457517478
6932 0.040175152834986065
7149 0.16878841342286313
7262 0.04845491628204604
7282 0.03680947332777759
7482 0.10353657199416834
7484 0.03819934306375142
7766 0.26027739908467573
7767 0.23727386048077287
7842 0.15207125236203758
8100 0.20936110248479767
8529 0.16878841342286313
8532 0.060532534670425325
8672 0.07258303216226429
8699 0.16878841342286313
8837 0.04730837242742701
8880 0.20545634117372924
9126 0.07922535366991375
9338 0.029435919069949756
9445 0.014791793128603856
9625 0.04943538356277752
9898 0.02813644022750579
10116 0.059214295901876365
10318 0.015037060652828897
10499 0.07698022068912638
10876 0.0804314932588981
10951 0.013485672100585544
10981 0.046997171137246975
10988 0.028564577482759677
11095 0.07593145696270194
11187 0.07214049194130304
11276 0.04579103154826262
11300 0.043279401211058596
11319 0.030238747850171565
11768 0.05677608347634584
11786 0.16878841342286313
11893 0.02459084272876633
11930 0.04136934554305234
12177 0.029594150625032376
12204 0.019245988049564247
