308
68 0.019942527771870316
74 0.04933905397178217
79 0.019868990106619116
84 0.01943975258835494
104 0.019164381752395324
159 0.023508229642388658
210 0.015250965050075843
279 0.051432324700485775
319 0.07475861775188565
326 0.023292798759314483
390 0.016429374593026205
464 0.02339988056598991
493 0.0635684169650567
496 0.03150177439664603
517 0.025578484716671037
571 0.038602063805296974
572 0.057728053068537954
593 0.0211229659404082
628 0.03150177439664603
642 0.04063869196275369
682 0.026899146157640927
744 0.03443371202859166
769 0.01937900163122011
837 0.0640740859043637
846 0.025309189123204793
952 0.009428239790541476
965 0.017899561510940284
1106 0.026899146157640927
1108 0.04933905397178217
1174 0.026142071240911207
1328 0.12120382185721969
1372 0.0640740859043637
1373 0.024793256005710477
1543 0.017899561510940284
1553 0.07429402565921121
1554 0.03928082989865322
1634 0.0349777633237575
1638 0.028824482662105768
1746 0.0312655720864543
1759 0.03178420848252835
1814 0.03140858956345628
1909 0.05401586183123475
2080 0.02597896537225232
2096 0.022478449826280018
2129 0.0215528754385693
2144 0.0386899545610607
2194 0.06262316413159832
2195 0.030532749872917597
2196 0.08956278743464324
2219 0.033899413684976856
2237 0.03761160492228005
2243 0.02146526338145863
2274 0.028824482662105768
2278 0.016429374593026205
2302 0.03711659841984308
2337 0.07256015111127556
2356 0.009428239790541476
2358 0.02963883159514023
2373 0.017898536660882626
2382 0.0635684169650567
2434 0.029854262478214412
2456 0.04293052676291726
2469 0.03761160492228005
2473 0.028824482662105768
2494 0.051382020232712204
2518 0.051382020232712204
2525 0.02789890827439505
2578 0.0356813684025322
2641 0.07329397660026135
2650 0.06629076010244629
2756 0.0236178763433522
2822 0.02055311332181518
2944 0.0640740859043637
2950 0.069955526647515
3008 0.03234392172523495
3039 0.0386899545610607
3044 0.047669828995409
3049 0.03077056558401733
3097 0.028824482662105768
3112 0.0211229659404082
3302 0.04132379615958325
3361 0.09195721092352281
3362 0.02395492262847917
3442 0.01258401169719161
3456 0.027553380849151102
3489 0.051382020232712204
3531 0.051382020232712204
3596 0.029222605825524273
3616 0.028824482662105768
3632 0.057728053068537954
3673 0.03152348745458758
3697 0.03206219518606864
3721 0.03246067306913423
3749 0.025442846826919933
3765 0.016479817641300985
3797 0.05688590573994903
3803 0.02079300626266893
3805 0.021039354490790314
3839 0.04933905397178217
3889 0.030074884963413276
3890 0.052284142481822414
3897 0.02674263995167134
3918 0.008305767704428533
3933 0.028813104425666414
3962 0.02491953925062855
4081 0.038659257135058626
4131 0.036646988300130676
4134 0.025442846826919933
4136 0.05401586183123475
4170 0.02395492262847917
4178 0.0472357526867044
4195 0.024793256005710477
4196 0.13144280303848033
4205 0.02491953925062855
4257 0.3203704295218185
4320 0.02857269685585293
4410 0.010008194494529225
4451 0.010390255080068843
4469 0.0640740859043637
4491 0.038134912498571434
4534 0.03761160492228005
4552 0.015939664816280254
4568 0.036200295314040155
4579 0.03761160492228005
4624 0.02399729279953643
4676 0.017327163253487116
4849 0.05401586183123475
4861 0.040970185265661964
4905 0.02238156648726155
5037 0.0640740859043637
5129 0.029428353587546092
5131 0.04299302113595642
5139 0.03356645371551761
5239 0.16204758549370427
5247 0.022190822294256143
5252 0.024070086286585596
5288 0.04299302113595642
5293 0.05726346097586351
5340 0.02277540742885196
5354 0.0245457979660717
5384 0.03460402203920064
5425 0.03755443589179175
5433 0.03805948247230312
5444 0.0646878434504699
5447 0.038134912498571434
5640 0.0386899545610607
5648 0.031014723789379424
5667 0.052284142481822414
5672 0.0349777633237575
5673 0.04132379615958325
5794 0.047669828995409
5842 0.027266972923051854
5845 0.0178406842012661
5927 0.03206219518606864
5977 0.029854262478214412
6008 0.02819855165840179
6010 0.017608889792653425
6013 0.015892104241264176
6024 0.03356645371551761
6036 0.06014976992682655
6053 0.0640740859043637
6057 0.01182326507794564
6066 0.01516293177467697
6074 0.03988505554374063
6125 0.021378481782881938
6156 0.02902138036050799
6180 0.017724053450759846
6198 0.022190822294256143
6232 0.028442952869974517
6280 0.01819976513024595
6377 0.05401586183123475
6410 0.012650355394034538
6436 0.030238461091265764
6446 0.033899413684976856
6452 0.021148314381246532
6457 0.033899413684976856
6587 0.032934797062827474
6638 0.01700015027358518
6657 0.015339853030831747
6715 0.03991248655134336
6747 0.03378738209924811
6778 0.024840451506302142
6791 0.015939664816280254
6817 0.01700015027358518
6906 0.0349777633237575
6932 0.015250965050075843
6934 0.020632381263752216
6949 0.4811981594146124
6970 0.06154113116803466
7126 0.0640740859043637
7176 0.02185162134340141
7215 0.032934797062827474
7471 0.02442453274819158
7482 0.019651856053583456
7483 0.010083341757200458
7515 0.14801716191534653
7537 0.010833200595988128
7542 0.01049488924868623
7558 0.0245457979660717
7561 0.01613241699045427
7789 0.03152348745458758
7835 0.04781899444884076
7922 0.04132379615958325
7948 0.05401586183123475
7952 0.0074936226060102
7968 0.02722042087969186
7993 0.13144280303848033
7996 0.11303195681349959
8098 0.01348640875877701
8112 0.01943975258835494
8147 0.036646988300130676
8171 0.02865248251674179
8224 0.028101148560039688
8252 0.010981130417661364
8324 0.025084362462910174
8326 0.014651800540254284
8332 0.03152348745458758
8346 0.03234392172523495
8385 0.043823912735098294
8404 0.046258519387169114
8412 0.021641334002092814
8473 0.03465432650697423
8515 0.016279691856797895
8659 0.02902138036050799
8811 0.02674263995167134
8873 0.018018464352313534
8942 0.00919703078364271
8955 0.051382020232712204
8996 0.027058374346714133
9025 0.03460402203920064
9034 0.06357775932549137
9042 0.056153376850884965
9330 0.02738538732661606
9338 0.011174224396770002
9453 0.025578484716671037
9470 0.022478449826280018
9474 0.0439576377581058
9513 0.0386899545610607
9575 0.0111491239401964
9584 0.038602063805296974
9604 0.03991248655134336
9632 0.025716162350242888
9664 0.028101148560039688
9692 0.038134912498571434
9821 0.048251541503346776
9825 0.036646988300130676
9981 0.032934797062827474
10123 0.0640740859043637
10130 0.05401586183123475
10132 0.028257989203374898
10172 0.020956499716250472
10195 0.02442453274819158
10248 0.03711659841984308
10312 0.017608889792653425
10318 0.011416493543365195
10340 0.033899413684976856
10351 0.045035987396886454
10364 0.019096813991094187
10508 0.027553380849151102
10546 0.0640740859043637
10618 0.02738538732661606
10619 0.012784502703894429
10624 0.057648965324211536
10638 0.02789890827439505
10653 0.018701555916136422
10654 0.03460402203920064
10679 0.036200295314040155
10709 0.03263459344352181
10749 0.021254772705559845
10750 0.019651856053583456
10756 0.04933905397178217
10790 0.18323494150065336
10804 0.051382020232712204
10881 0.019796038405085457
10890 0.03356645371551761
10934 0.02442453274819158
10938 0.03324517899346668
10963 0.018766258588976823
10980 0.021378481782881938
10988 0.01084345278408951
11056 0.028257989203374898
11106 0.048987944066569485
11110 0.03424494111022079
11266 0.03424494111022079
11335 0.1080317236624695
11505 0.03077056558401733
11582 0.057728053068537954
11597 0.04299302113595642
11624 0.022675347524682244
11634 0.011612787070351502
11669 0.031014723789379424
11720 0.0640740859043637
11769 0.03991248655134336
11771 0.33331051010735413
11812 0.021378481782881938
11847 0.029854262478214412
11875 0.03275841589280579
11876 0.025855942013465024
11893 0.02240394213102181
11894 0.0640740859043637
12006 0.029068502446830163
12039 0.033899413684976856
12064 0.017162196806562908
12072 0.025442846826919933
12078 0.01958060752201128
12091 0.036646988300130676
12094 0.047669828995409
12265 0.023398825027813677
