290
14 0.04689561844077207
68 0.02417209282730394
82 0.048377434441808004
90 0.03319349142410917
194 0.03592486352813878
226 0.044419364143064285
230 0.06444932210030718
236 0.020349080615417618
313 0.08548210873090899
344 0.018443287742866483
374 0.012562419233342188
435 0.013932525655791624
440 0.17334004165170047
478 0.03260412447888659
495 0.0271284216795062
547 0.03934518289956428
576 0.023147013547079195
594 0.020036464567370807
638 0.06940833730585066
642 0.024628829548115135
679 0.03151172162012219
895 0.03592486352813878
943 0.03820923173377528
956 0.021624474066116565
958 0.021985976254131775
1046 0.1554487710184804
1068 0.032414425230023955
1119 0.11462769520132585
1184 0.03910780874750302
1353 0.03299353762115812
1374 0.02491217606856165
1413 0.041341518498742826
1487 0.03447535362219406
1573 0.04761181117586743
1575 0.021413093659279982
1599 0.050088065473575215
1645 0.0433616941321419
1663 0.07035291694969555
1698 0.022435921770853868
1814 0.019034982705990036
1894 0.03729662438753893
1895 0.01791093901399283
1929 0.019613089238449025
2049 0.028232915117813836
2055 0.03820923173377528
2066 0.044419364143064285
2094 0.03729662438753893
2163 0.07459324877507786
2224 0.04498857279786387
2266 0.017316307356490108
2298 0.03020466727540353
2356 0.0342835607434647
2362 0.0580709346448288
2373 0.03254189448215434
2416 0.04558856409605342
2429 0.05980326096371417
2446 0.07766341208207184
2454 0.11188987316261678
2473 0.13975120477760558
2578 0.04324894813223313
2630 0.00924493272746525
2644 0.08400816654504974
2656 0.03654623090306883
2662 0.06987560238880279
2705 0.04339167705919231
2728 0.0654719622942251
2733 0.09244571755610805
2768 0.0542568433590124
2828 0.01746200488692341
2851 0.03260412447888659
2895 0.019320271832275446
2902 0.04387793306428621
2904 0.06895070724438812
3221 0.03729662438753893
3228 0.0699714636717469
3252 0.05105364254246684
3278 0.10160446303925433
3400 0.024722476819699014
3407 0.050802231519627164
3472 0.023147013547079195
3513 0.03955598964795382
3520 0.1114096184482471
3561 0.15843241638219735
3670 0.024722476819699014
3759 0.018168424714450668
3765 0.019974984433240126
3805 0.025501543013784232
3814 0.022985008687001034
3820 0.031864041237628885
3837 0.11960652192742834
3846 0.06227951526142196
3867 0.06895070724438812
3868 0.04689561844077207
3887 0.01892288947183281
3955 0.04286840688517271
4048 0.012161088248178535
4059 0.03875644090782376
4099 0.03470416865292533
4101 0.017030528409374076
4105 0.015414341656827563
4169 0.018013217487556788
4170 0.0290354673224144
4225 0.06227951526142196
4339 0.024816921098919708
4355 0.04387793306428621
4382 0.02500825576681505
4410 0.012130809550467745
4431 0.03707849314208611
4439 0.056069382852132955
4451 0.025187800981684265
4481 0.11960652192742834
4502 0.026897222987327395
4526 0.05211131255338922
4530 0.04558856409605342
4547 0.05224795088727673
4592 0.14803348354706578
4723 0.04919982067461319
4764 0.0654719622942251
4791 0.05725387532472808
4803 0.06267933911251106
4827 0.06948507395422339
4861 0.022070870246567596
4872 0.03686405406662685
4874 0.036453398456916565
4907 0.024722476819699014
4941 0.013651570501764522
4972 0.035219281601016485
4988 0.027977797311492015
5001 0.014859369226977679
5005 0.02925953024539842
5217 0.044419364143064285
5224 0.01462976512269921
5236 0.03991986276554249
5249 0.2467116956592331
5250 0.06895070724438812
5305 0.056069382852132955
5312 0.06423928097783994
5313 0.03168648327643947
5389 0.017860151118357665
5627 0.024816921098919708
5769 0.03168648327643947
5775 0.31065364832828735
5971 0.10081363034138018
6023 0.034031408990207276
6198 0.026897222987327395
6222 0.03425116143503156
6252 0.03133966955625553
6384 0.06482885046004791
6398 0.02435253803602528
6410 0.015333340305751508
6452 0.02563361195793662
6554 0.06267933911251106
6584 0.015619470155990982
6596 0.07766341208207184
6630 0.027484510064522835
6638 0.020605673222170388
6791 0.05796081549682634
6817 0.08242269288868155
6818 0.03820923173377528
6932 0.018485507309479236
6952 0.015495938611420675
6982 0.022904884614539323
7002 0.03151172162012219
7025 0.01822064662647684
7139 0.05980326096371417
7160 0.07766341208207184
7205 0.03994996886648025
7220 0.036651667071207206
7262 0.033442823956052685
7312 0.018978794556448415
7425 0.022435921770853868
7482 0.07145931962939175
7484 0.03515278402661622
7507 0.016127824799472307
7542 0.02544145256142982
7554 0.041869978504078205
7616 0.0433616941321419
7660 0.020349080615417618
7726 0.04108906271853162
7766 0.19959931382771245
7767 0.10917513370219403
7786 0.048377434441808004
7818 0.032227914355217546
7842 0.0699714636717469
7952 0.027248783602161257
7986 0.02530158921083318
8064 0.04689561844077207
8100 0.14449775236199303
8124 0.030838961957404137
8200 0.03470416865292533
8247 0.037008370886766444
8327 0.024443873002861844
8376 0.03168648327643947
8483 0.04798906973222905
8503 0.0654719622942251
8532 0.08355721383618533
8659 0.03517645847484777
8672 0.033397114308206674
8683 0.07766341208207184
8786 0.1431346883118202
8837 0.02176766490220301
8880 0.12604688648048876
8890 0.013343771964462505
8905 0.0580709346448288
8931 0.04108906271853162
8942 0.011147607985350893
8961 0.02510517459969219
8962 0.03447535362219406
8985 0.03425116143503156
9115 0.03151172162012219
9126 0.07290679691383313
9160 0.029751660057509767
9247 0.031864041237628885
9265 0.11368984705718542
9273 0.016171257871849615
9319 0.0433616941321419
9338 0.049661846904905306
9432 0.07766341208207184
9445 0.00680604255874777
9546 0.045180102270016384
9563 0.02041267469103985
9584 0.02339454356792498
9620 0.03299353762115812
9625 0.022746351406554653
9652 0.037008370886766444
9664 0.017030528409374076
9671 0.022667926091972473
9675 0.016480144416979
9818 0.08059214577842307
9865 0.02339454356792498
9898 0.012946220108348824
9923 0.04147245853430909
9929 0.041943109845356506
9946 0.04761181117586743
9966 0.037896615685728476
10062 0.06227951526142196
10065 0.03853091036772908
10081 0.05379444597465479
10103 0.03447535362219406
10116 0.027245852784076447
10218 0.03958512330839578
10312 0.06403055673626838
10318 0.034594478800449795
10392 0.012010514217187834
10417 0.0654719622942251
10468 0.04761181117586743
10560 0.03051728332345034
10571 0.027012220242600388
10647 0.10993804025809134
10801 0.03592486352813878
10845 0.020670759249371413
10876 0.07401674177353289
10890 0.08137097206296613
10951 0.012410132761039477
10963 0.022746351406554653
10980 0.02591259503680178
10988 0.013143215858283198
10997 0.03051728332345034
11011 0.017860151118357665
11036 0.008855519585193716
11080 0.030505851852286672
11084 0.0580709346448288
11095 0.034937801194401395
11145 0.07502476730044515
11159 0.06940833730585066
11187 0.03319349142410917
11189 0.060103201812408816
11202 0.037008370886766444
11276 0.14748651145386676
11300 0.03982768606869872
11315 0.03618598465396127
11319 0.02782707992224816
11332 0.010528698216151898
11497 0.011861955963426568
11634 0.014075716491878072
11768 0.026123975443638366
11893 0.027155542922321096
11930 0.019034982705990036
11965 0.05021034919938438
12004 0.02022297544217722
12030 0.024443873002861844
12124 0.03729662438753893
12138 0.022746351406554653
12180 0.045492702813109305
12193 0.03381592385396331
12204 0.026566558755581143
12216 0.08479223412650055
12230 0.07766341208207184
12265 0.007090357063711263
12329 0.05778001388390016
