118
224 0.26391985898785353
230 0.04051522127261122
247 0.06501743703126028
313 0.21494882721602326
344 0.034782393028139194
361 0.1464662570256638
390 0.037555728933921555
416 0.1174536019621897
456 0.059702130331778104
547 0.0742014999958987
594 0.07557396438129427
766 0.09123551949672498
788 0.06979448130187824
958 0.04146358706973643
1119 0.07205919757888372
1184 0.03687691677561866
1274 0.07205919757888372
1353 0.062222864433250875
1374 0.04698213850391521
1450 0.053489532827103524
1524 0.022650756838832078
1645 0.08177628136032684
1736 0.05029863857009965
1895 0.03377843088354404
1929 0.036988534143081925
1952 0.08177628136032684
1995 0.06501743703126028
2129 0.0492674838676492
2266 0.06531401739936052
2343 0.06874785287835944
2362 0.05475829744913725
2480 0.04886883930429678
2578 0.04078182623840413
2630 0.017435117216005963
2644 0.03960797428150346
2656 0.03446146328924812
2666 0.05398784700680656
2683 0.1464662570256638
2733 0.08717218227668183
2828 0.0329317812260006
2851 0.061488466035652264
2957 0.05583177412109967
2998 0.11278360757608548
3270 0.03687691677561866
3278 0.09580847016311636
3332 0.03721357079296199
3688 0.07749030154271745
3732 0.07995528926947051
3854 0.17434436455336366
3891 0.10220530131136807
4014 0.06679963725412125
4030 0.06043303870227437
4101 0.06423611027170077
4105 0.029070071304676492
4355 0.08274986186747992
4381 0.03923087927226875
4431 0.03496336280547449
4624 0.023509350412693638
4827 0.02620852838778608
4905 0.051161779734995465
4972 0.03321020936977677
4992 0.08979162241510336
5249 0.11631905442641544
5389 0.06736529889915663
5736 0.2929325140513276
6008 0.016114690739074813
6068 0.03611183185229993
6436 0.03456088488616455
6452 0.09668540428174079
6632 0.0859759591719625
6959 0.12347427186468168
6995 0.09123551949672498
7097 0.10574184702846205
7144 0.2929325140513276
7220 0.0691217697723291
7262 0.021023392774429193
7507 0.12166254708706943
7766 0.07528529488336631
7952 0.017129590522811752
8100 0.04541830867692885
8483 0.09050309834952149
8532 0.05252714686784588
8776 0.044597489481544995
8867 0.056108972965525056
8942 0.021023392774429193
8961 0.23673058245927306
9247 0.12018547031786296
9248 0.1464662570256638
9292 0.040916413241090216
9546 0.04260281832926046
9979 0.09827728004434842
10081 0.05072575965597971
10236 0.10896794433294463
10392 0.022650756838832078
10647 0.15549999185256458
10714 0.10294727443045264
10783 0.1464662570256638
10816 0.13934331683844023
10857 0.10294727443045264
10876 0.06979448130187824
10951 0.058511004280245124
10981 0.04078182623840413
11067 0.05201778748174833
11084 0.05475829744913725
11145 0.047163336231417316
11175 0.1464662570256638
11482 0.1464662570256638
11736 0.028917309992907266
11893 0.008535487996005524
11965 0.04734611649185461
12006 0.022149124671521365
12052 0.051607077529686414
12156 0.12086607740454874
12177 0.02568034371555428
12180 0.08579517335622132
12265 0.05348711998385124
12275 0.03960797428150346
12291 0.053244755688297285
