139
8 0.12430855094114458
119 0.07476908403700619
201 0.04474146276256666
210 0.033326802855097995
215 0.06215427547057229
262 0.09268568959392288
344 0.016625343419468
374 0.1358897850614025
456 0.028536519003642256
457 0.061353904943482904
462 0.07407787461797483
493 0.03472783678031208
593 0.04615845091110695
674 0.15304139352978968
696 0.07067877339947518
711 0.029154532466508013
958 0.03963766230113581
1073 0.15200619886732286
1205 0.0865294184635252
1536 0.030703677930781374
1551 0.06724063491007141
1688 0.07728578507778719
1876 0.2293029363274319
1920 0.06724063491007141
1929 0.0353596765014965
1933 0.05948276697977039
2042 0.053162673359274625
2080 0.028384953165182317
2105 0.04543741449839197
2172 0.061353904943482904
2202 0.05559836623381413
2227 0.04248024960628732
2302 0.0811081498205781
2333 0.07483293007474917
2378 0.06621443074351367
2630 0.016667329993095954
2832 0.05021401804161547
2936 0.05363811188671426
2938 0.04748639003297621
3400 0.08914238568257613
3591 0.024990571039755827
3604 0.059128658709233506
3803 0.36349931598713575
3887 0.03411534216067709
4146 0.07561760299805885
4206 0.08870044498525587
4320 0.031218897690305614
4356 0.026999608255418504
4431 0.033423687281677814
4446 0.04202725074436533
4451 0.022705053846144164
4624 0.007491357746498203
4699 0.04044885159014401
5108 0.06572041564415236
5188 0.08218985081881275
5337 0.04357892692712803
5393 0.08454628830998187
5622 0.08375700428199986
5766 0.06672095387391126
5767 0.12614883304150196
5942 0.14997143502551352
6008 0.015405050907158489
6057 0.02583650431710219
6063 0.05843870775179476
6079 0.029630902471392453
6214 0.032290936000600255
6258 0.03201749308807474
6289 0.05650107250828098
6410 0.02764388344472784
6436 0.06607786642492855
6673 0.06777417572855991
6696 0.257230394310657
6911 0.07643431210914396
6952 0.027937025612096465
6982 0.041294326478996904
7141 0.10416934193015735
7150 0.03823086859612353
7176 0.02387536376172368
7193 0.031218897690305614
7259 0.0814534508638497
7262 0.020097589285158302
7272 0.04541010769228833
7282 0.06106968980720529
7396 0.05185290073364566
7484 0.047531691318343935
7537 0.023672989831579935
7566 0.06672095387391126
7589 0.04423493963216907
7605 0.05137079077893248
7732 0.2522976660830039
7837 0.058102454542675756
7951 0.17367292208433582
8098 0.029470848857842808
8128 0.1512352059961177
8208 0.07406502147361396
8455 0.048286760560065596
8556 0.16330719544447717
8625 0.049769408744537696
8753 0.042633557597774284
8823 0.04390424458254987
9000 0.0403113486778128
9161 0.08454628830998187
9338 0.008139401283941005
9438 0.05501842432380888
9445 0.04908139869387953
9625 0.04100851311829016
9776 0.10418351034093622
10140 0.04933446563679681
10174 0.11968651184340545
10392 0.021653289401439037
10898 0.10027106184503345
10901 0.07561760299805885
10951 0.011186873073282375
10985 0.09381289624594194
10988 0.023695393177897123
11080 0.08249672245294398
11101 0.047097900253735794
11219 0.05185290073364566
11319 0.02508418057118352
11332 0.01898178091063714
11339 0.07131395674814141
11426 0.09204262839867762
11626 0.09030182701965066
11637 0.06278725777644023
11828 0.03911458427116652
11893 0.02039903049102115
11945 0.1846338036444278
11953 0.1062231843159189
11988 0.08583748436368914
12021 0.02971141201662134
12024 0.03860483453081261
12034 0.09394946056452705
12137 0.04748639003297621
12204 0.04789581650981332
12265 0.012782929247139696
12270 0.12146969888664949
12271 0.04278804944647576
12286 0.049769408744537696
12336 0.1643797016376255
