266
26 0.028097751039424745
50 0.0387968456971757
104 0.0250859268639781
234 0.041263835744895595
319 0.03261935329832205
326 0.030489971118452048
344 0.02987658066459219
496 0.020617706816997317
505 0.033304356120527394
516 0.05409231258251656
628 0.020617706816997317
677 0.027324302895045047
714 0.04437389232902218
769 0.01268343074925801
774 0.10448985326243204
818 0.04529621551534656
956 0.023353223957790985
958 0.023743626125822384
975 0.028682466357899245
1113 0.035631177473768705
1143 0.030915493454818033
1154 0.057539977034493026
1308 0.027431786007974357
1335 0.03421963179899798
1347 0.05182551444054864
1362 0.029812712585214108
1384 0.062399187161240224
1450 0.030630139812930626
1524 0.012970684396977381
1542 0.03723145597444463
1543 0.02343029359163137
1634 0.04578543800379291
1736 0.028802912464802027
1746 0.040926227877045716
1759 0.020802558092500967
1902 0.036519308663261835
1926 0.04578543800379291
2118 0.056277306401666984
2150 0.07446291194888927
2174 0.033304356120527394
2181 0.026800888409767454
2183 0.0759772200973192
2216 0.07070606173996388
2228 0.04393805205249236
2243 0.028097751039424745
2261 0.038521332718296414
2278 0.021505838006490446
2356 0.012341443459923244
2373 0.023428952076213594
2455 0.030915493454818033
2469 0.049233102455769374
2650 0.028924581395720975
2666 0.061830986909636065
2701 0.048791986502036304
2708 0.062399187161240224
2731 0.04161123069925105
2748 0.12852052323950286
2756 0.0927464803644541
2757 0.04223424872144922
2768 0.02929717990670532
2851 0.035210633034363184
2901 0.030771967347021516
2928 0.21211818521989165
2971 0.08387214644543473
2972 0.07556527186671108
3070 0.14975431583392412
3117 0.05513508187574373
3144 0.048585145371749405
3269 0.02157186730167807
3300 0.030915493454818033
3301 0.032454050170514934
3302 0.05409231258251656
3332 0.02130990524840112
3361 0.04513904813720198
3398 0.06725839728798742
3442 0.016472307907962495
3470 0.07556527186671108
3571 0.04161123069925105
3574 0.05895152270926376
3581 0.036519308663261835
3605 0.031814736640248684
3637 0.047970431822943325
3661 0.021181040708283708
3670 0.02669889386426177
3721 0.042490599544961885
3759 0.01962088372737139
3797 0.03723145597444463
4025 0.019453268592851205
4048 0.03939988781625555
4059 0.041854791083473536
4078 0.05859435981341064
4081 0.016868155199503368
4105 0.016646627879743255
4156 0.03295696116617194
4169 0.019453268592851205
4205 0.03261935329832205
4451 0.12240638083912894
4552 0.04172962853524386
4624 0.017949796953847075
4638 0.04196899717027288
4772 0.020021350616830455
4810 0.06725839728798742
4827 0.01500799962871015
4861 0.029794133618899234
4979 0.062399187161240224
5005 0.01579932905261311
5026 0.06458418098039065
5041 0.034804347117472476
5042 0.04271825905667545
5181 0.024822525343188757
5183 0.0399669731152383
5208 0.044826183241985486
5224 0.01579932905261311
5247 0.029047498234878674
5253 0.07546174703634385
5257 0.06725839728798742
5294 0.05895152270926376
5311 0.05895152270926376
5389 0.019287965465044084
5469 0.0832224613985021
5473 0.022975139391888215
5513 0.07070606173996388
5627 0.026800888409767454
5882 0.33993870234664936
6008 0.009227884490512726
6034 0.02526480013625436
6036 0.0393676338940828
6055 0.021705027413427246
6057 0.04642950138504198
6066 0.03969616160411681
6074 0.026104509899228138
6084 0.033481904356950684
6125 0.027984155053748773
6155 0.08983541097217586
6162 0.013737673750168676
6198 0.029047498234878674
6209 0.02290093304482767
6251 0.018392019285538113
6277 0.031507430398554755
6398 0.0262993806442227
6409 0.020496037886078372
6437 0.030214458139572752
6452 0.013841434456868333
6507 0.06126027962586125
6618 0.04682820729702007
6766 0.056277306401666984
6791 0.02086481426762193
6794 0.37762544667340536
6799 0.11507995406898605
6817 0.08901190384323084
6846 0.07556527186671108
6895 0.07070606173996388
6932 0.01996331521644157
6947 0.060551801209939686
6948 0.04629548462738326
7042 0.017605882641550663
7102 0.026201549188611943
7121 0.03135668266549601
7176 0.028603488594741436
7220 0.01979087646070109
7262 0.03611638161644
7282 0.018290885463756002
7362 0.062399187161240224
7388 0.05224492663121602
7483 0.026397926855533577
7507 0.03483429963129093
7536 0.024909684176524997
7537 0.007090259455403386
7561 0.06335137308217384
7625 0.03629102963247243
7636 0.057539977034493026
7649 0.07070606173996388
7826 0.14084253213745274
7833 0.036381195920050326
7835 0.06259444280286579
7836 0.05513508187574373
7861 0.02465008658744828
7911 0.027324302895045047
7952 0.009809054686417367
8091 0.07556527186671108
8092 0.019397913821180404
8124 0.033304356120527394
8168 0.05224492663121602
8171 0.018752863780658022
8224 0.018392019285538113
8239 0.03698934093662291
8252 0.028748314253010273
8324 0.0410438809287072
8326 0.019179016653249132
8352 0.05360177681953491
8374 0.07650402313889788
8412 0.028328225195554113
8414 0.0379886100486596
8438 0.03460625522294636
8495 0.0749571268501385
8515 0.02130990524840112
8890 0.014410528282676879
8932 0.04393805205249236
8949 0.13464849036619686
9003 0.06458418098039065
9027 0.018442908053127847
9048 0.05141809627491979
9097 0.04629548462738326
9099 0.020315819651479834
9115 0.034030898973092784
9267 0.020556717948678152
9273 0.017464055107459776
9338 0.03900510570087704
9388 0.18259654331630917
9433 0.020990305327981667
9445 0.014700291498857
9483 0.062399187161240224
9503 0.04059787071344521
9580 0.059363470939871904
9584 0.02526480013625436
9631 0.07546174703634385
9637 0.09146991335535615
9638 0.0652387065966441
9663 0.0399669731152383
9804 0.029047498234878674
9821 0.021053547093527133
9987 0.05182551444054864
10005 0.04529621551534656
10064 0.04059787071344521
10162 0.049233102455769374
10216 0.03197139621430209
10312 0.023049808086772355
10318 0.01494404180485194
10392 0.03891205319093215
10449 0.07070606173996388
10515 0.03966355724421967
10597 0.0609474589544395
10641 0.04161123069925105
10673 0.11027016375148746
10801 0.0775936913943514
10816 0.026597760042479664
10970 0.07556527186671108
11071 0.028563218739597888
11103 0.019453268592851205
11106 0.02137486089121229
11217 0.014594058466104011
11225 0.08622244339239228
11332 0.011370405896301457
11494 0.034804347117472476
11497 0.012810249782000953
11607 0.038521332718296414
11611 0.03966355724421967
11624 0.029681735469935952
11704 0.06725839728798742
11770 0.02465008658744828
11812 0.027984155053748773
11861 0.028924581395720975
11864 0.049233102455769374
11875 0.04288034103495102
11893 0.004887744888973216
11930 0.041113435897356304
11957 0.01967728047502511
12029 0.026008250050302474
12030 0.052796034612105455
12088 0.060551801209939686
12111 0.060551801209939686
12204 0.019126932891253643
12265 0.022971568595373096
12303 0.09639039242962714
12304 0.23067684892534368
12341 0.047970431822943325
