138
8 0.1425569901403669
211 0.23892270866381343
313 0.11782399938106299
343 0.04356162332574444
344 0.0190659363333054
352 0.056576742936171466
398 0.10355809448854737
456 0.0327256671197841
478 0.06740969074324071
628 0.039471975383464766
952 0.023627319797025707
1046 0.08034837423374393
1184 0.0808561902964802
1253 0.12364445883562517
1347 0.04960918904294167
1423 0.08671823300503512
1450 0.058640475171145186
1524 0.024831982517187833
1736 0.05514230374279476
1818 0.06342523297055654
1838 0.15073628602492622
1895 0.03703123083817684
1905 0.049069315802376064
2080 0.032551851484613675
2181 0.10261897862406343
2183 0.07272804361814636
2266 0.03580181778755632
2464 0.050538204783170955
2609 0.08331295058660006
2667 0.14466742482285588
2677 0.12661086075687467
2705 0.04485658759653058
2895 0.07989011023022004
2901 0.05891199969053149
2986 0.11015854368431689
3082 0.06991511060721135
3278 0.10503464731961204
3332 0.04079716832016514
3596 0.07323231785372684
3599 0.11364956754957405
3609 0.048716331084504766
3721 0.040673483092812115
3759 0.11269076328849742
3765 0.041298686738781176
3891 0.07469832092547037
3918 0.020814386786090704
4048 0.025143297389930985
4169 0.037242693663289715
4383 0.2707292283505321
4429 0.06182013430739584
4547 0.054011850763852016
4554 0.06625262772423948
4624 0.017182171368261504
4791 0.059186776077843305
4827 0.028732360837099614
4861 0.011407993325497523
4941 0.028224899775469135
4988 0.057844665194615064
5001 0.061444096428894465
5249 0.19128054394504962
5250 0.1425569901403669
5310 0.056576742936171466
5433 0.047688836074392824
5807 0.051705077630915655
5842 0.034165735251881366
6068 0.039589333972390825
6079 0.033980705586894144
6082 0.15303111960596172
6152 0.1605706846662152
6214 0.11109369251453051
6294 0.07081497316167579
6360 0.030013614620677163
6410 0.09510597919053902
6436 0.03788903370330079
6452 0.052998014279932996
6584 0.032293572350653284
6630 0.05682478377478702
6817 0.04260264864226823
6828 0.10381091857971611
6927 0.1605706846662152
7042 0.03370592919958233
7102 0.05016207252151395
7272 0.02603814550789639
7537 0.02714817405933212
7952 0.07511655269016262
8069 0.10774119899226582
8119 0.08495247319336774
8560 0.06120826993744787
8721 0.09425528384095756
8776 0.0977842892399613
8828 0.052107606448713595
8874 0.1605706846662152
8961 0.10381091857971611
8962 0.07127849507018345
9077 0.1425569901403669
9117 0.0678087191332174
9247 0.06587955358376128
9292 0.04485658759653058
9338 0.018668523441040502
9438 0.1892853125827498
9445 0.014071631470049811
9546 0.0467053903524079
9577 0.1605706846662152
9795 0.07272804361814636
9834 0.1128609051361372
9898 0.026766573485598494
9906 0.06991511060721135
9921 0.060031419462187804
10103 0.07127849507018345
10105 0.052311550494761966
10116 0.056331354991599435
10392 0.024831982517187833
10646 0.05468341736397455
10749 0.026632400272167567
10816 0.05092060620371934
10848 0.05314595350664905
10934 0.06120826993744787
10951 0.07697460596244164
10980 0.05357481747184438
10981 0.08941808023252439
10988 0.027173866206781916
10997 0.06309510419424995
11036 0.054926900766360184
11067 0.1140540069826797
11089 0.14466742482285588
11101 0.054011850763852016
11189 0.0621322963215392
11417 0.11592458986819934
11736 0.031701993063513005
11893 0.00467871979291012
11929 0.030722048214447233
11965 0.15571637786957415
11977 0.02940175025072919
12011 0.10172163029393003
12051 0.0388940215464228
12180 0.047028544344009625
12275 0.043422148403153886
12291 0.05837212644996589
