277
68 0.02765611431334819
103 0.02807243393480105
110 0.03566293770753201
137 0.042021086680221614
194 0.04110285938102013
230 0.024579554504696382
313 0.03260099691130414
322 0.09922318090590518
335 0.028285827376203942
344 0.010550796693005668
352 0.031308701646571686
374 0.028746183034434936
390 0.022784105758271066
398 0.05730746089585364
429 0.040246583681006115
534 0.08005673368059625
547 0.0450161632144993
587 0.06651384518811118
594 0.022924401228702512
617 0.06842294679818772
628 0.021843185672175212
674 0.016187220799063186
769 0.026874621438289233
802 0.17771470743983656
842 0.06415088973536878
938 0.014337174630783375
943 0.08743296562727644
1046 0.13339067324056214
1057 0.03387171764087517
1068 0.037086447415525976
1119 0.08743296562727644
1253 0.06842294679818772
1312 0.06610808093517567
1413 0.07095035810452131
1430 0.08005673368059625
1458 0.039973527761649294
1575 0.02449944943842624
1599 0.05730746089585364
1698 0.025669701901822415
1762 0.06842294679818772
1814 0.021778571736859518
1816 0.039973527761649294
1838 0.08341514837273287
1872 0.04110285938102013
1895 0.020492515082139152
1979 0.04081097041363055
2049 0.09690671802509429
2074 0.04371648281363822
2140 0.08885735371991828
2167 0.026297930935585544
2240 0.05962232675886568
2274 0.039973527761649294
2356 0.026149992659272467
2373 0.012410763108808228
2405 0.0448542535233081
2460 0.03821077544433453
2495 0.04961159045295259
2575 0.043010934036450524
2578 0.02474129695807796
2596 0.030012003187452296
2622 0.03797780357054406
2644 0.024029150825123493
2656 0.020906893474188726
2705 0.024822947470261703
2715 0.043010934036450524
2760 0.06842294679818772
2809 0.04371648281363822
2819 0.04234253703672203
2851 0.1119104663526928
2957 0.03387171764087517
3082 0.11606984911049559
3120 0.03797780357054406
3179 0.048506840856531605
3239 0.0172693584377934
3278 0.11624912516411982
3279 0.04701139548365657
3287 0.05447429405276715
3591 0.047578644415938856
3604 0.07504860994819734
3725 0.029177183531222027
3749 0.03528390625058229
3759 0.04157422647564368
3805 0.029177183531222027
3819 0.056571654752407885
3830 0.03306274273823599
3854 0.10577029265845272
3891 0.062005357377868726
3918 0.023036724704257303
3933 0.019978874263940297
3988 0.04267233768019721
4030 0.10998956357702078
4033 0.029528264264968424
4089 0.06842294679818772
4187 0.042021086680221614
4209 0.051472957719519236
4261 0.06415088973536878
4263 0.05288514632922636
4356 0.03426905180919669
4410 0.02775854437082362
4446 0.026671387590738796
4451 0.014409110295664445
4455 0.05447429405276715
4530 0.0521594281897551
4547 0.0298893296641765
4552 0.044209961477131
4554 0.07332637571801386
4624 0.004754175029270154
4676 0.07208745247537048
4795 0.04110285938102013
4827 0.01590004772924573
4872 0.021088709624854464
4907 0.028285827376203942
4926 0.026024875016228726
4933 0.04961159045295259
4941 0.015619226562255515
4951 0.05365487356263014
4988 0.032010350374308515
4995 0.07019710194981517
5001 0.017001110201816935
5056 0.058412210492274616
5139 0.04654964965672471
5184 0.08602186807290105
5237 0.051472957719519236
5249 0.17641953125291146
5250 0.07888885150163856
5285 0.06610808093517567
5752 0.02695887030755926
5807 0.17167678079158558
5808 0.08005673368059625
5821 0.058412210492274616
5842 0.01890679378174356
5890 0.08885735371991828
6045 0.048506840856531605
6057 0.016396395396470635
6125 0.1482374107226239
6135 0.1601134673611925
6162 0.10187951199641831
6168 0.05730746089585364
6180 0.024579554504696382
6198 0.0307740285031874
6209 0.02426212269891396
6214 0.040985030164278305
6258 0.020318982391450687
6263 0.048506840856531605
6279 0.036456734352670224
6360 0.016609073918484422
6384 0.037086447415525976
6388 0.08885735371991828
6398 0.027862567819684898
6584 0.017870767551416762
6632 0.0521594281897551
6657 0.02127316726463588
6923 0.029177183531222027
7002 0.036053633483986075
7020 0.050202236989948204
7039 0.06842294679818772
7102 0.027758921440945862
7201 0.07132587541506402
7205 0.022854059714226882
7220 0.06290163008668687
7272 0.014409110295664445
7507 0.018452393405342004
7536 0.026390270330865148
7537 0.007511691534026153
7542 0.01455421599948833
7552 0.01754339664881351
7554 0.047904867819232706
7649 0.07490870097449771
7660 0.046564151783815344
7764 0.08885735371991828
7766 0.04567367401344512
7833 0.038543627790958025
7875 0.051472957719519236
7952 0.02078417398071616
7966 0.04654964965672471
8100 0.02755413295472661
8193 0.04701139548365657
8200 0.03970622081720957
8247 0.08468507407344406
8272 0.04904720372032815
8273 0.050821706719543655
8291 0.03797780357054406
8312 0.027253013444664038
8329 0.03421031399712849
8440 0.04567367401344512
8483 0.0274529642052056
8524 0.060960048229077135
8532 0.12746753727219107
8572 0.08885735371991828
8694 0.05730746089585364
8708 0.047600753743964205
8722 0.0897085070466162
8723 0.059535660136435305
8880 0.07210726696797215
8896 0.03821077544433453
8897 0.08005673368059625
8942 0.012754357802854919
8962 0.07888885150163856
9076 0.04408452628990433
9126 0.04170757418636643
9129 0.0562911897821426
9193 0.10164341343908731
9202 0.1119104663526928
9247 0.07291346870534045
9269 0.062455493601952176
9273 0.018502086662075236
9330 0.03797780357054406
9395 0.08885735371991828
9423 0.04610410882355297
9438 0.06983172554863237
9445 0.01557404998988128
9471 0.08885735371991828
9546 0.02584604655449894
9578 0.02223793075846665
9628 0.037749029617402674
9661 0.08885735371991828
9675 0.018855494274026156
9762 0.08885735371991828
9772 0.050202236989948204
9805 0.05365487356263014
9920 0.04234253703672203
9923 0.023725025844366927
9998 0.04749056974282056
10004 0.021088709624854464
10203 0.07490870097449771
10232 0.17771470743983656
10237 0.03844810218384681
10271 0.17771470743983656
10272 0.08885735371991828
10312 0.07325953980473264
10318 0.00791614418454682
10334 0.025409693957806453
10392 0.013741638199297312
10428 0.03013587354448375
10476 0.0323022393416981
10501 0.03455818811111103
10506 0.060960048229077135
10567 0.050821706719543655
10618 0.03797780357054406
10633 0.0562911897821426
10647 0.06289192728336818
10848 0.029410155405012496
10862 0.033541916997399994
10876 0.08468507407344406
10951 0.04969599382946588
10959 0.023876177759143007
10981 0.02474129695807796
10988 0.015037600708330273
11067 0.04733680339612305
11084 0.03322046664089958
11089 0.08005673368059625
11095 0.039973527761649294
11101 0.1494466483208825
11145 0.028612796798597597
11189 0.06876611933430225
11257 0.03566293770753201
11317 0.05535026969604674
11319 0.015918954739141806
11736 0.01754339664881351
11768 0.08966798899252951
11795 0.04408452628990433
11839 0.08005673368059625
11871 0.04654964965672471
11893 0.025891317612502563
11921 0.03438305966715113
11960 0.030514905001433473
11965 0.14361842467388317
12024 0.02449944943842624
12051 0.02152335488464026
12072 0.07056781250116458
12119 0.05288514632922636
12156 0.03666318785900693
12175 0.06289192728336818
12186 0.019061947780362864
12265 0.00811231889921241
12291 0.0323022393416981
12340 0.04654964965672471
