355
7 0.07447678329942108
116 0.028673756706735668
169 0.033280212381334905
193 0.030218755519180816
194 0.034450820589997065
200 0.03470122758321842
201 0.023798651196136927
226 0.21298390509066725
230 0.04120325618097341
236 0.039028263804205446
247 0.03306078592294785
313 0.08197466885953514
337 0.023708082086065424
344 0.008843268070058325
390 0.019096752673712268
398 0.04803288830808165
450 0.020204993130262815
456 0.01517899997422113
467 0.044326275969628195
485 0.08825472734608061
576 0.04439452415901612
594 0.019214342888948115
638 0.06656042476266981
641 0.02838995838960213
679 0.030218755519180816
711 0.015507730550494652
724 0.03420617059242582
744 0.060036255049565286
811 0.0420775655465918
862 0.03373312354991282
887 0.018751582755114033
926 0.046392446647811086
952 0.032876862550479946
956 0.06221158300194852
958 0.021083863626475727
1035 0.05972410737267433
1039 0.06278556423482841
1046 0.1490705098183196
1068 0.0310844200494388
1119 0.03664145825664359
1143 0.05490467584794906
1184 0.09375791377557018
1362 0.02647309063708565
1413 0.17840350486542547
1423 0.20111065295169664
1536 0.016331744122692046
1595 0.02719894961508732
1599 0.04803288830808165
1622 0.019038441260967345
1729 0.027324889619845045
1736 0.05115281677997447
1818 0.029418242448693534
1895 0.01717603035808705
1929 0.05642501756813905
1974 0.07519018696510837
1979 0.03420617059242582
1980 0.041582508555799196
2020 0.05376878461118447
2028 0.046392446647811086
2040 0.043718007206862364
2049 0.05414896525324738
2105 0.024168838301957478
2163 0.10729888905892652
2167 0.06612571345596048
2174 0.029573600042881436
2274 0.033504258681860785
2278 0.019096752673712268
2299 0.03940312610564308
2325 0.04497143144592757
2356 0.010958954183493316
2373 0.010402219691896648
2416 0.043718007206862364
2450 0.022434635628112272
2460 0.032026788142269697
2464 0.023440909738924064
2479 0.05540922627145503
2480 0.024849368235870285
2495 0.041582508555799196
2578 0.10368597166991418
2596 0.025154895618643404
2630 0.02659680406393447
2644 0.020140301100039032
2650 0.02568444795957447
2656 0.01752334623478889
2662 0.033504258681860785
2705 0.020805630622569182
2736 0.05376878461118447
2761 0.1720483708346406
2781 0.019214342888948115
2822 0.023889997732968436
2828 0.016745516570434625
2895 0.03705507290917629
2957 0.05677991677920426
2976 0.07210018934021808
3082 0.0324284133985755
3091 0.03759509348255419
3170 0.0372676274545799
3183 0.044326275969628195
3186 0.04718108932532226
3243 0.04718108932532226
3250 0.06278556423482841
3258 0.05234776940930095
3269 0.01915538536307955
3276 0.03864267365971519
3278 0.07307662681654914
3332 0.018922768315568175
3407 0.02435887560551638
3456 0.06405357628453939
3513 0.03793295697711005
3561 0.12154538592799652
3591 0.013292857377587258
3623 0.03306078592294785
3658 0.043718007206862364
3670 0.023708082086065424
3680 0.03386941843832671
3721 0.018865399949144008
3759 0.01742295109207995
3805 0.02445518220125832
3818 0.046392446647811086
3837 0.0573494569448802
3878 0.02624173791251739
3891 0.03464698847091239
3917 0.048958846519172566
3933 0.03349103314086925
3955 0.0411094615132862
3965 0.036341669243488986
3977 0.0661215718458957
4013 0.03420617059242582
4030 0.12291864130224003
4059 0.01858310737042115
4099 0.033280212381334905
4101 0.04899523236807614
4105 0.01478187157249298
4143 0.02361827728139158
4144 0.041582508555799196
4209 0.043142634316348884
4226 0.026829832629052437
4261 0.10753756922236894
4289 0.02659068085232149
4320 0.04981739158611585
4339 0.023798651196136927
4378 0.03864267365971519
4381 0.019948551656471664
4382 0.02398213515874533
4451 0.03623147010691705
4530 0.043718007206862364
4552 0.03705507290917629
4592 0.10646961078218876
4624 0.011954294673411001
4667 0.04803288830808165
4676 0.040280602200078064
4683 0.03576629635297551
4723 0.04718108932532226
4772 0.017778557655270026
4787 0.028818545419133538
4791 0.02745233792397453
4820 0.020270080832855614
4826 0.048958846519172566
4872 0.01767573747182875
4873 0.034450820589997065
4941 0.039274287493919834
4945 0.0822189230265724
4972 0.03377418958863516
4988 0.026829832629052437
5001 0.014249670368772956
5013 0.0231802810503633
5028 0.05376878461118447
5042 0.03793295697711005
5069 0.057347513413471336
5146 0.0231802810503633
5224 0.01402948721353205
5235 0.03470122758321842
5249 0.14786800021440719
5250 0.09918235776884356
5389 0.03425465270908174
5631 0.05234776940930095
5658 0.06278556423482841
5768 0.06278556423482841
5798 0.05540922627145503
5820 0.04803288830808165
5821 0.048958846519172566
5839 0.03901610868443771
5842 0.01584694034225007
5911 0.06278556423482841
5950 0.044326275969628195
5998 0.04796427031749066
6008 0.008194176286630776
6068 0.018362543906188716
6079 0.015761118859381862
6082 0.03548987026072959
6146 0.03396701881569487
6162 0.01219877866837577
6214 0.01717603035808705
6222 0.03284579262696596
6251 0.016331744122692046
6258 0.017030581995529374
6297 0.03980475136194888
6313 0.06278556423482841
6360 0.013921080779988914
6384 0.0310844200494388
6403 0.033280212381334905
6584 0.014978583387891781
6778 0.014436701653894744
6817 0.039520392374327105
6867 0.02087450986756258
7011 0.05540922627145503
7025 0.052419090817490716
7042 0.015633670555252374
7072 0.05376878461118447
7121 0.08353231527416007
7150 0.02033556907767703
7176 0.012699661997227775
7220 0.05272170368603265
7230 0.05490467584794906
7262 0.010690207421668641
7272 0.012077156702305684
7282 0.0324838786360364
7425 0.08606138922069728
7484 0.008427605123616545
7507 0.030932159184868125
7537 0.006296008143064428
7547 0.03284579262696596
7552 0.014704193810090829
7554 0.020075999960601155
7589 0.02352922399016741
7607 0.12557112846965682
7653 0.0573494569448802
7766 0.038281899916914164
7786 0.13917733994343326
7818 0.030905561953540783
7833 0.032305772053588054
7952 0.04355121880228461
8061 0.04065655034470828
8092 0.01722495828887344
8100 0.02309480423579846
8107 0.03864267365971519
8247 0.03548987026072959
8321 0.03072966032556001
8332 0.03664145825664359
8402 0.03263505690503552
8410 0.06278556423482841
8444 0.02647309063708565
8483 0.06903002555587726
8515 0.018922768315568175
8524 0.05109434517023574
8532 0.13354792475948754
8538 0.05376878461118447
8613 0.06278556423482841
8625 0.02647309063708565
8630 0.06278556423482841
8652 0.06278556423482841
8708 0.019948551656471664
8776 0.045354850014816026
8837 0.02087450986756258
8880 0.030218755519180816
8927 0.03396701881569487
8942 0.021380414843337282
8957 0.028250847830935958
8961 0.14445046373029705
8962 0.03306078592294785
9139 0.03072966032556001
9202 0.03126633569634181
9211 0.0372676274545799
9230 0.024168838301957478
9247 0.06111323802747336
9265 0.036341669243488986
9280 0.05376878461118447
9287 0.03163977072106433
9292 0.041611261245138365
9338 0.04762415803051578
9405 0.05972410737267433
9473 0.027844105091386694
9520 0.045658237880287535
9563 0.019575116631749146
9591 0.0573494569448802
9625 0.02181303961726812
9664 0.016331744122692046
9675 0.03160788617397985
9749 0.041582508555799196
9754 0.05540922627145503
9758 0.041582508555799196
9849 0.020669195340960636
9913 0.05540922627145503
9946 0.09131647576057507
9965 0.06278556423482841
9979 0.049973118981506824
10004 0.01767573747182875
10012 0.08044426118067867
10110 0.04777999546593687
10172 0.02435887560551638
10237 0.03222570619924366
10298 0.022759601525404398
10318 0.03317502324331026
10334 0.021297418743362287
10392 0.04607083004402819
10428 0.02525871894166214
10460 0.019393200984846135
10619 0.014860120500040767
10646 0.02536356517103047
10647 0.1581407135192367
10694 0.04259678101813345
10723 0.02758133109363619
10794 0.029731259314638533
10813 0.05109434517023574
10816 0.16532794096974104
10831 0.04497143144592757
10876 0.17744935130364795
10901 0.040222130590339335
10922 0.11944821474534865
10930 0.05376878461118447
10951 0.005950464598337838
10960 0.016745516570434625
10979 0.022275799751102204
10981 0.02073719433398284
10988 0.037811798880292985
11011 0.01712732635454087
11067 0.013225290127113327
11080 0.014627078934969114
11084 0.027844105091386694
11095 0.033504258681860785
11110 0.03980475136194888
11112 0.03495766905700957
11125 0.02853091152574667
11145 0.04796427031749066
11163 0.06290283050351245
11187 0.0318315201646317
11249 0.030218755519180816
11257 0.029891289491206525
11268 0.0420775655465918
11276 0.04040998626052563
11319 0.006671324841596052
11332 0.03029007692737059
11421 0.0573494569448802
11497 0.011375244791740657
11634 0.026996343808378412
11736 0.014704193810090829
11811 0.03793295697711005
11840 0.06710044533604771
11893 0.015190767891520185
11921 0.057637090838267076
11930 0.018253953104765887
11977 0.013637282462855376
11993 0.03522044305476007
12004 0.11635920590907682
12030 0.04688181947784813
12078 0.022759601525404398
12156 0.09218898097668002
12162 0.043718007206862364
12177 0.013058225374209313
12180 0.04362607923453624
12186 0.01597698439881326
12216 0.08131310068941656
12265 0.013598861352923857
12286 0.02647309063708565
12340 0.03901610868443771
