343
169 0.03425563712107261
193 0.031104450640346143
194 0.07092111042632591
200 0.035718301497774434
201 0.024496176586994094
226 0.17538107706324008
230 0.042410900981317674
236 0.040172160772993494
247 0.03402977939374979
313 0.08437730136443591
337 0.024402952946067816
390 0.01965646800224299
398 0.04944070587366419
450 0.020797190377674076
456 0.01562388812366206
467 0.045625454764096025
485 0.060560949943178136
576 0.04569570327041728
594 0.019777504722079765
638 0.06851127424214522
641 0.02922205247169618
724 0.035208734658581035
744 0.06179588469932654
811 0.043310835874070225
862 0.0347218228671584
887 0.019301181342977477
926 0.04775218376963955
943 0.037715399266216046
952 0.022560310218858626
956 0.0640349703188029
958 0.02170182008525285
974 0.05703324024995999
1035 0.06147458814552932
1039 0.06462577462625578
1046 0.15343968455723
1068 0.03199548732236361
1119 0.037715399266216046
1143 0.02825695086537819
1184 0.09650590671488739
1362 0.027249002378538792
1413 0.12242160904848559
1423 0.2070050956934115
1536 0.016810418569772022
1573 0.04699645574653648
1595 0.027996135884376726
1599 0.04944070587366419
1622 0.019596447514028573
1729 0.028125767121478636
1736 0.05265207773488475
1818 0.030280474971589068
1895 0.01767945037084996
1929 0.05807880383144323
1974 0.07739397003328387
1979 0.035208734658581035
1980 0.042801269034876833
2028 0.04775218376963955
2040 0.044999357978094866
2049 0.02786802083686717
2163 0.11044376054397592
2167 0.06806382178587982
2278 0.01965646800224299
2299 0.040558010082525534
2325 0.04628951939293773
2356 0.011280155109429313
2373 0.010707103035770781
2416 0.044999357978094866
2450 0.02309218247210221
2464 0.024127949924224346
2473 0.03448625009556906
2479 0.05703324024995999
2480 0.02557768956586619
2495 0.042801269034876833
2578 0.10672495053133814
2596 0.02589217178836237
2630 0.036501789037275516
2644 0.020730602259588202
2650 0.026437245017453995
2656 0.01803694588507204
2662 0.03448625009556906
2705 0.021415432224871467
2736 0.055344718145935355
2761 0.1180606760368032
2781 0.03955500944415953
2822 0.024590200440631576
2828 0.01723631846061879
2895 0.019070568368481016
2957 0.02922205247169618
2976 0.07421340627574656
3082 0.03337887237813276
3091 0.038696985016641934
3170 0.0383599211393075
3183 0.045625454764096025
3186 0.04856394113072434
3243 0.04856394113072434
3250 0.06462577462625578
3258 0.05388205376923352
3269 0.019716819183521046
3276 0.03977526919322316
3278 0.07521846259802448
3332 0.01947738425815398
3407 0.025072820866008157
3456 0.06593095141245947
3513 0.03904475110459076
3561 0.12510781440882038
3658 0.044999357978094866
3670 0.024402952946067816
3680 0.03486211248386714
3721 0.019418334456429848
3759 0.01793360821589044
3805 0.02517195015515753
3818 0.04775218376963955
3837 0.0590303380184016
3867 0.03402977939374979
3878 0.027010868832725646
3891 0.035662472666887324
3900 0.06906712252182512
3917 0.050393803411172625
3933 0.03447263692123758
3955 0.04231435724345419
3965 0.03740682360179907
3977 0.06805955878749959
4013 0.035208734658581035
4030 0.12652131914357478
4059 0.019127768037324733
4099 0.03425563712107261
4101 0.05043125570931607
4105 0.015215120106673663
4143 0.02431051601191047
4144 0.042801269034876833
4209 0.04440712122428777
4226 0.02761620028228524
4261 0.11068943629187071
4289 0.027370039098375556
4320 0.034185007974878195
4339 0.024496176586994094
4350 0.031276953602205095
4378 0.03977526919322316
4381 0.020533232745182838
4382 0.024685038363734892
4451 0.037293394589080965
4530 0.044999357978094866
4552 0.03814113673696203
4592 0.10959017657657764
4624 0.008203112321490798
4667 0.04944070587366419
4676 0.041461204519176405
4683 0.03681458684799198
4723 0.04856394113072434
4772 0.018299637412066576
4787 0.029663201151584426
4791 0.02825695086537819
4820 0.02086418576506871
4826 0.050393803411172625
4872 0.01819380362554117
4873 0.03546055521316296
4941 0.04042539528188052
4945 0.08462871448690838
4972 0.03476409252891276
4988 0.05523240056457048
5001 0.014667320378080105
5013 0.02385968235199918
5028 0.055344718145935355
5035 0.029078864658987066
5042 0.03904475110459076
5069 0.02951416876157749
5224 0.0144406837755344
5235 0.035718301497774434
5249 0.21308270208053104
5250 0.10208933818124936
5313 0.031276953602205095
5389 0.017629318879719302
5631 0.05388205376923352
5658 0.06462577462625578
5768 0.06462577462625578
5798 0.05703324024995999
5820 0.04944070587366419
5821 0.050393803411172625
5839 0.04015964939334376
5842 0.016311405456891206
5911 0.06462577462625578
5950 0.045625454764096025
5998 0.049370076727469785
6008 0.008434343091462659
6068 0.018900739979139915
6079 0.016223068593513062
6082 0.03653005885885922
6146 0.034962573474671355
6162 0.012556318168766453
6214 0.01767945037084996
6222 0.033808484762386515
6297 0.04097140675442854
6313 0.06462577462625578
6360 0.014329100008985901
6384 0.03199548732236361
6403 0.03425563712107261
6702 0.05703324024995999
6778 0.014859833447408145
6817 0.04067871336111504
6867 0.02148633028269127
7011 0.05703324024995999
7025 0.05395546556871119
7042 0.01609188484961351
7121 0.08598060153965527
7150 0.020931593434364612
7176 0.013071882112786601
7220 0.05426694785416539
7230 0.05651390173075638
7262 0.022007063055346377
7282 0.033435963271229344
7425 0.08858380125401545
7507 0.03183876377550911
7537 0.006480540682519596
7547 0.033808484762386515
7552 0.015135165651734025
7554 0.020664416489082398
7589 0.024218852617649098
7607 0.06462577462625578
7766 0.03940392137024069
7786 0.14325655130891865
7818 0.03181138699394489
7833 0.033252636482706606
7875 0.04440712122428777
7952 0.04482768109701755
8061 0.0418481714973684
8092 0.017729812352405207
8100 0.023771700258963
8107 0.03977526919322316
8247 0.03653005885885922
8302 0.0418481714973684
8321 0.031630329785893696
8332 0.037715399266216046
8402 0.033591572492230895
8410 0.06462577462625578
8444 0.027249002378538792
8483 0.07105325767772791
8515 0.01947738425815398
8524 0.05259189235439066
8532 0.1099697128471225
8538 0.055344718145935355
8613 0.06462577462625578
8625 0.027249002378538792
8630 0.06462577462625578
8652 0.06462577462625578
8708 0.020533232745182838
8776 0.0466841757494185
8786 0.02825695086537819
8837 0.02148633028269127
8880 0.031104450640346143
8942 0.044014126110692754
8961 0.1486842274567611
8962 0.03402977939374979
9139 0.031630329785893696
9202 0.03218273481692737
9211 0.0383599211393075
9230 0.024877213673494214
9247 0.06290443345658994
9265 0.03740682360179907
9280 0.055344718145935355
9287 0.03256711501704796
9292 0.042830864449742934
9338 0.049019995936231686
9405 0.06147458814552932
9473 0.028660200513218423
9520 0.04699645574653648
9563 0.020148852545062244
9591 0.0590303380184016
9625 0.022452367823703943
9664 0.016810418569772022
9675 0.01626714797570339
9749 0.042801269034876833
9754 0.05703324024995999
9758 0.042801269034876833
9849 0.021274998100120658
9913 0.05703324024995999
9946 0.09399291149307296
9965 0.06462577462625578
9979 0.05143780364210581
10004 0.01819380362554117
10012 0.0828020382773646
10110 0.04918040088126315
10172 0.025072820866008157
10237 0.033170223942161986
10318 0.04097683793664787
10334 0.02192163438528169
10392 0.035565855569929285
10428 0.0259990381159351
10460 0.019961605050498488
10492 0.05143780364210581
10646 0.02610695733068051
10647 0.16277573094517564
10694 0.04384526926581002
10723 0.028389724753969867
10813 0.05259189235439066
10816 0.17017361208337328
10831 0.04628951939293773
10876 0.18265029429429608
10901 0.0414010191386823
10922 0.12294917629105864
10930 0.055344718145935355
10960 0.01723631846061879
10979 0.02292869120280623
10981 0.02134499010626763
10988 0.03892004193052393
11011 0.017629318879719302
11067 0.013612916114363044
11084 0.028660200513218423
11095 0.03448625009556906
11110 0.04097140675442854
11112 0.03598225913026566
11125 0.029367136866817183
11145 0.049370076727469785
11163 0.06474647790484529
11187 0.03276448453145332
11202 0.03653005885885922
11249 0.031104450640346143
11257 0.030767386763011703
11268 0.043310835874070225
11276 0.04159438075534815
11319 0.006866857707274792
11332 0.03117786243982381
11421 0.0590303380184016
11497 0.023417293933363365
11634 0.02778759181279096
11736 0.015135165651734025
11840 0.06906712252182512
11871 0.04015964939334376
11893 0.013402286530415572
11917 0.030280474971589068
11921 0.05932640230316885
11930 0.018788966440990467
11977 0.014036983719104591
11993 0.03625273488951422
12004 0.11976963030299093
12030 0.04825589984844869
12156 0.09489098935768109
12162 0.044999357978094866
12177 0.02688190957068372
12180 0.044904735647407885
12186 0.016445261033302114
12216 0.0836963429947368
12265 0.013997436507550705
12286 0.027249002378538792
12340 0.04015964939334376
