401
36 0.0353618708395504
47 0.03065175422168557
103 0.012075726578436507
110 0.015340881582985615
146 0.03822315907830654
193 0.06203577803377448
194 0.0176809354197752
313 0.014023747488361556
368 0.050253560798114494
418 0.1839105253301134
435 0.013714183557661264
478 0.016046586200055408
485 0.04529430962666229
496 0.009396133530559828
501 0.02686605179337508
513 0.016967538387180802
547 0.009682147259676463
556 0.02943303025112911
574 0.034437456649996055
587 0.028611805090985164
603 0.02943303025112911
628 0.018792267061119656
636 0.022141769575376228
689 0.023080349365064593
744 0.030811955425082863
769 0.0404616512410448
806 0.034437456649996055
938 0.012334648370763967
943 0.01880521990556624
952 0.00562438159289828
958 0.032462138038648364
965 0.021355834497141325
1046 0.0191265840112961
1095 0.017312597168338086
1106 0.016046586200055408
1162 0.05193779150501425
1184 0.028871201152869532
1317 0.02843726026223491
1340 0.025126780399057247
1352 0.037003437643749575
1353 0.01623824144781221
1354 0.0322229626905454
1373 0.044370975644815715
1374 0.012260883771744922
1413 0.04069363927627333
1423 0.020642901423951678
1430 0.034437456649996055
1450 0.01395911224737882
1458 0.01719513857424415
1462 0.02564732782281862
1481 0.017555375542436275
1507 0.02943303025112911
1536 0.008381818144832638
1542 0.016967538387180802
1587 0.026252775247069923
1596 0.016857198995641195
1622 0.009770955950061909
1646 0.034437456649996055
1663 0.017312597168338086
1688 0.02109829959664857
1693 0.02686605179337508
1736 0.013126387623534961
1782 0.018075922966197647
1785 0.0322229626905454
1827 0.03822315907830654
1829 0.02686605179337508
1878 0.034437456649996055
1924 0.02843726026223491
1979 0.017555375542436275
2049 0.013895232991464715
2053 0.019294646936754107
2080 0.015497655754239802
2110 0.014570364718755257
2146 0.02134107797074676
2163 0.03671213429413149
2325 0.046160698730129186
2356 0.01124876318579656
2389 0.03065175422168557
2392 0.015177836217935274
2419 0.01395911224737882
2426 0.0322229626905454
2480 0.012753254275986843
2541 0.036924512308413426
2544 0.02686605179337508
2571 0.7644631815661307
2624 0.022437063874473768
2630 0.004550025872372406
2656 0.017986750260783245
2694 0.016436867486712626
2726 0.01946804607574809
2841 0.012857288166591775
2886 0.03822315907830654
2905 0.03822315907830654
2937 0.018075922966197647
3191 0.020865855405613937
3226 0.02134107797074676
3243 0.02421439545152323
3244 0.050253560798114494
3276 0.019832288628365894
3278 0.06250761217056823
3395 0.03822315907830654
3440 0.023432833863367968
3442 0.022520836972826818
3456 0.016436867486712626
3472 0.011392133789624788
3520 0.013707959303605648
3597 0.012600827244745559
3643 0.014942046474502245
3668 0.017312597168338086
3673 0.03761043981113248
3698 0.024651557833924424
3721 0.029046441779029385
3740 0.03822315907830654
3743 0.03822315907830654
3749 0.015177836217935274
3759 0.035767400346964406
3784 0.020865855405613937
3791 0.014570364718755257
3820 0.015682343647437605
3826 0.015340881582985615
3840 0.03822315907830654
3882 0.015682343647437605
3887 0.0093131707082188
3892 0.0353618708395504
3918 0.009909550038924913
3933 0.008594175464679558
3945 0.026222766302784254
3988 0.03671213429413149
3997 0.034437456649996055
3999 0.02564732782281862
4001 0.017555375542436275
4030 0.01577115233782305
4033 0.02540394227502548
4048 0.005985253521751422
4077 0.034437456649996055
4101 0.008381818144832638
4120 0.01865136144616328
4169 0.008865462630091652
4178 0.014089156822481382
4230 0.01664299059490226
4289 0.013646935047296338
4329 0.02843726026223491
4363 0.025126780399057247
4381 0.010238045060051068
4403 0.03065175422168557
4410 0.0179110542827878
4446 0.01147304807133207
4451 0.0061982682575048124
4494 0.02134107797074676
4509 0.022437063874473768
4552 0.009508748120682477
4592 0.01821419906376209
4593 0.034437456649996055
4616 0.0191265840112961
4636 0.03822315907830654
4667 0.024651557833924424
4676 0.031009365552356023
4699 0.011042159801188466
4772 0.027373066102017583
4777 0.03822315907830654
4790 0.02791822449475764
4791 0.014089156822481382
4800 0.019832288628365894
4826 0.025126780399057247
4861 0.04888122512475629
4931 0.022784267579249576
4941 0.00671881568126619
4988 0.013769673114125785
5001 0.021939753297183825
5034 0.023809646304433184
5108 0.017941061444624144
5249 0.015177836217935274
5250 0.016967538387180802
5313 0.015594955957221386
5340 0.027173170211920734
5371 0.019832288628365894
5374 0.034437456649996055
5389 0.00879012882717743
5395 0.03065175422168557
5444 0.019294646936754107
5500 0.0191265840112961
5522 0.02421439545152323
5540 0.03101788901688724
5556 0.01623824144781221
5622 0.011432441087845684
5684 0.06731119162342131
5771 0.03822315907830654
5839 0.020023943876122698
5842 0.008133005948592925
5847 0.03822315907830654
6013 0.009480376035477724
6034 0.011513959229813362
6057 0.007053125074212332
6068 0.009424070236584661
6079 0.00808896043472024
6082 0.01821419906376209
6119 0.012260883771744922
6146 0.03486527495121365
6150 0.02294609614266414
6155 0.013646935047296338
6156 0.017312597168338086
6162 0.0062606873839837806
6163 0.0322229626905454
6209 0.031310013296854455
6214 0.017630249632870142
6258 0.008740477447772944
6311 0.021861625394508137
6352 0.02109829959664857
6359 0.19111579539153267
6360 0.014289223073886654
6404 0.022141769575376228
6436 0.018038642178989223
6442 0.03822315907830654
6507 0.01395911224737882
6543 0.02943303025112911
6556 0.02564732782281862
6585 0.01821419906376209
6657 0.04575466308723358
6666 0.02652070719055567
6699 0.019294646936754107
6747 0.010077868943356503
6809 0.021861625394508137
6831 0.027595348732743673
6869 0.03267330314375963
6906 0.020865855405613937
6982 0.011272966572297897
7002 0.03101788901688724
7017 0.037003437643749575
7025 0.017935103695352714
7042 0.008023551100600412
7121 0.014290220537887161
7220 0.018038642178989223
7246 0.02943303025112911
7259 0.01111801677227394
7282 0.008335728300682892
7379 0.014428496635451605
7484 0.004325236362506145
7501 0.046160698730129186
7507 0.007937539651822647
7513 0.02943303025112911
7536 0.011352121785617134
7537 0.012925011535106706
7542 0.012521374767967561
7547 0.016857198995641195
7554 0.010303454394170897
7566 0.10928519438257255
7571 0.02564732782281862
7818 0.015861429006746995
7866 0.02421439545152323
7889 0.020642901423951678
7952 0.00447029286332456
7965 0.06887491329999211
8004 0.0322229626905454
8036 0.015682343647437605
8052 0.016967538387180802
8061 0.041731710811227875
8072 0.03065175422168557
8092 0.008840235730185223
8183 0.03822315907830654
8252 0.006550752755808188
8291 0.016336651571879815
8481 0.03822315907830654
8483 0.0354277605867327
8508 0.03065175422168557
8515 0.009711589994697357
8532 0.013707959303605648
8651 0.01821419906376209
8708 0.010238045060051068
8714 0.017312597168338086
8715 0.034437456649996055
8786 0.014089156822481382
8837 0.01071326762518389
8880 0.01550894450844362
8890 0.006567328228681281
8893 0.01821419906376209
8939 0.021861625394508137
8957 0.014498970053494377
8961 0.07413522455582762
9115 0.01550894450844362
9165 0.020642901423951678
9183 0.020222569915023116
9202 0.016046586200055408
9216 0.03822315907830654
9221 0.03065175422168557
9247 0.14114109282693846
9265 0.01865136144616328
9287 0.01623824144781221
9338 0.01999782676565717
9357 0.023809646304433184
9423 0.019832288628365894
9438 0.045058552431767256
9445 0.003349691192318787
9470 0.026818872291867323
9496 0.023432833863367968
9505 0.02943303025112911
9517 0.034437456649996055
9563 0.010046389812294266
9578 0.009565938319888315
9664 0.008381818144832638
9669 0.0191265840112961
9671 0.011156344046191759
9784 0.043190304689965056
9795 0.017312597168338086
9804 0.02647570601000233
9818 0.03966457725673179
9821 0.009594759569460244
9842 0.020222569915023116
9849 0.031823686786870344
9858 0.025126780399057247
9865 0.011513959229813362
9876 0.044283539150752456
9919 0.01719513857424415
9921 0.014290220537887161
9968 0.03822315907830654
9998 0.020428693023212745
10004 0.009071585738281287
10081 0.02647570601000233
10103 0.016967538387180802
10108 0.023809646304433184
10153 0.043723250789016274
10167 0.01155517915467513
10216 0.014570364718755257
10228 0.0191265840112961
10254 0.02109829959664857
10312 0.010504518109576677
10318 0.003405233509502072
10392 0.005911146358734461
10428 0.012963342258484617
10437 0.020642901423951678
10455 0.034437456649996055
10460 0.00995302661369247
10499 0.017432637475606826
10508 0.03287373497342525
10509 0.018356067147065745
10579 0.03730272289232656
10634 0.0322229626905454
10646 0.013017151699848304
10676 0.02843726026223491
10749 0.019019184124853802
10816 0.07272858437396028
10848 0.02530233011680428
10876 0.01821419906376209
10925 0.01221400267600095
10959 0.010270651808360955
11008 0.0322229626905454
11021 0.012963342258484617
11036 0.008716741249231209
11045 0.02109829959664857
11047 0.03822315907830654
11052 0.019832288628365894
11070 0.02943303025112911
11080 0.01501389131521788
11084 0.014290220537887161
11095 0.01719513857424415
11106 0.009741192311717111
11115 0.02686605179337508
11129 0.018501718821874787
11142 0.013126387623534961
11157 0.020642901423951678
11189 0.014790325214938572
11210 0.03822315907830654
11235 0.14790934700354655
11276 0.020739313176006344
11289 0.02943303025112911
11297 0.0454984821491125
11300 0.01960176535529976
11319 0.0034238738488235197
11499 0.015424266624345805
11559 0.03822315907830654
11710 0.01719513857424415
11736 0.007546522744702387
11768 0.012857288166591775
11773 0.01964713143505748
11815 0.11466947723491962
11828 0.010677917248570663
11857 0.09402609952783121
11893 0.016706236069707628
11917 0.01509810320888743
11921 0.029580650429877144
11929 0.021939753297183825
11945 0.012600827244745559
11960 0.052505550494139845
11965 0.012355870759304603
11993 0.054227768898592946
12004 0.03981210645476988
12005 0.0322229626905454
12024 0.010538760316536187
12030 0.012030401719807952
12053 0.03822315907830654
12064 0.020476090120102135
12072 0.015177836217935274
12103 0.01946804607574809
12108 0.03822315907830654
12137 0.025926684516969233
12139 0.02686605179337508
12174 0.11466947723491962
12180 0.022389884372966018
12204 0.004358370624615604
12265 0.006979241284990942
12267 0.034437456649996055
12291 0.013895232991464715
