171
76 0.02526644717895141
105 0.061101909733346095
390 0.02242618191916474
435 0.01569025900280838
441 0.08746146109574905
594 0.02256427343680915
641 0.03333961445702533
656 0.05540689092185605
711 0.018211430624931274
788 0.04167736265706994
809 0.08746146109574905
887 0.11010416622228592
937 0.029419787267594488
938 0.014111946717946595
952 0.012869596436734769
1046 0.13129519043453156
1061 0.058685697851135206
1149 0.04339198636482351
1184 0.02202083324445718
1232 0.0756882138074322
1274 0.04302972461795161
1413 0.023278591004963524
1524 0.01352576578577864
1746 0.04267766879666914
1759 0.021692805089744627
1895 0.04034118135590618
1979 0.04016985597345558
2086 0.08076870992514837
2126 0.0413609620816275
2167 0.025884807133366498
2292 0.05448075209305775
2356 0.012869596436734769
2392 0.034729618480069654
2454 0.04200198234177919
2479 0.06506956494620911
2578 0.024352626887562234
2609 0.0453798425388114
2630 0.02082255472426441
2644 0.023651668118317194
2675 0.02954053366768742
2768 0.030550954866673048
2798 0.0396143353981526
2828 0.0589950564929141
3127 0.08746146109574905
3179 0.04774482917670139
3189 0.03529349556199606
3243 0.05540689092185605
3278 0.05721146259883171
3520 0.031366275793118834
3591 0.015610404704337253
3661 0.022087484896791597
3759 0.02046056088360806
3805 0.02871882849834944
3887 0.021310209234831155
3897 0.03650384286748655
3918 0.011337416190930507
4048 0.02739067260078753
4059 0.021822984966764145
4101 0.01917910709797884
4105 0.017359021539132494
4169 0.02028577264712918
4317 0.033176250625025834
4356 0.03373070675777291
4378 0.0907596850776228
4446 0.026252397021521278
4451 0.014182752319194006
4455 0.05361853747110296
4592 0.04167736265706994
4667 0.05640719706145524
4827 0.046950804216227264
4861 0.04349684604913127
4941 0.030747716854731863
5001 0.03346806710421855
5146 0.054443308624760066
5249 0.06945923696013931
5310 0.030816861817101644
5342 0.05540689092185605
5347 0.052811989556733635
5769 0.0356840634482394
5979 0.07013672532624135
6013 0.021692805089744627
6068 0.021563967297209954
6156 0.0396143353981526
6214 0.02017059067795309
6230 0.029909934606521364
6452 0.014433779658260365
6666 0.06068414689185087
6735 0.05066435022653304
6817 0.023205293696960835
6982 0.025794574573933787
7163 0.0453798425388114
7205 0.022495036942876207
7277 0.036717474654057544
7483 0.013763814034410885
7484 0.00989691854287232
7507 0.01816251801771821
7542 0.028651157009035172
7580 0.1057613108346779
7660 0.04583265851618325
7739 0.033176250625025834
7745 0.04339198636482351
7854 0.03239000678529287
7952 0.05114416950091451
8166 0.020519371134208382
8352 0.027947834392283846
8414 0.0396143353981526
8451 0.05361853747110296
8483 0.10808678225394217
8532 0.06273255158623767
8629 0.07013672532624135
8647 0.7871531498617415
8672 0.0376105084166369
8708 0.023426488058763933
8746 0.05205435424957738
8837 0.049027765480543946
8858 0.05066435022653304
8942 0.025107989875363685
8961 0.1413622703849654
9027 0.019232173654104904
9247 0.03588402219713389
9273 0.018211430624931274
9287 0.037156016323550034
9330 0.03738119638310329
9338 0.02542145753516219
9438 0.06873471346639551
9444 0.02978558377766056
9520 0.05361853747110296
9546 0.02544002156907028
9575 0.03043722453419386
9656 0.02202083324445718
9804 0.03029058804941274
9824 0.06314311997781161
9905 0.1402734506524827
10081 0.03029058804941274
10218 0.02228959962864489
10298 0.026727631285659744
10312 0.024036226312119786
10318 0.007791786584230484
10392 0.01352576578577864
10420 0.022845120203947862
10460 0.022774314602700452
10499 0.03988900920631686
10647 0.03095196751339875
10816 0.027736013131639918
10979 0.07847844282459228
11021 0.029662458100037405
11036 0.02991820707791913
11103 0.04057154529425836
11104 0.0494135917130255
11125 0.033505142111242975
11143 0.08746146109574905
11145 0.056326615846092935
11212 0.04827670328290645
11217 0.01521861226709693
11257 0.03510269559342332
11319 0.007834439032423852
11667 0.1108137818437121
11828 0.024432994722027753
11893 0.02293612330273988
11908 0.060071070426782155
11977 0.016014878687517616
12024 0.02411457863892999
12030 0.055055444780355026
12137 0.029662458100037405
12138 0.02561604074917879
12177 0.0460045971354999
12184 0.07373193283096297
12196 0.04581838420830389
12200 0.036293801701595255
12204 0.009972735692639711
12265 0.007984879518651825
