343
169 0.03423670200458718
193 0.031087257370987043
194 0.07088190813438044
200 0.0356985578801873
201 0.024482636101511867
226 0.17528413357006273
230 0.04238745796820147
236 0.04014995524398758
247 0.03401096912218728
313 0.0843306610399715
337 0.024389463990805094
390 0.019645602709911714
398 0.04941337707164743
450 0.020785694540624566
456 0.015615251876712945
467 0.045600234876998165
485 0.06052747432462259
576 0.04567044455281554
594 0.01976657252559543
638 0.06847340400917436
641 0.029205899715128283
724 0.03518927270872127
744 0.061761726459298304
811 0.04328689541371743
862 0.03470263006224129
887 0.019290512438594122
926 0.04772578831364742
943 0.03769455173458567
952 0.02254783980120352
956 0.06399957440373519
958 0.02168982420586495
974 0.05700171460517757
1035 0.06144060750510757
1039 0.0645900521387077
1046 0.1533548693692856
1068 0.03197780152433522
1119 0.03769455173458567
1143 0.028241331577543372
1184 0.0964525621929706
1362 0.02723394024344185
1413 0.12235393938525692
1423 0.20689067173492026
1536 0.016801126457274964
1573 0.046970478026115814
1595 0.027980660764406286
1599 0.04941337707164743
1622 0.019585615398570694
1729 0.028110220346657167
1736 0.05262297381772255
1818 0.030263737162311295
1895 0.017669677893082658
1929 0.05804670024183561
1974 0.07735118980903434
1979 0.03518927270872127
1980 0.0427776102422514
2028 0.04772578831364742
2040 0.04497448417171744
2049 0.0278526165336601
2163 0.11038271174597525
2167 0.0680261988863435
2278 0.019645602709911714
2299 0.04053559127178745
2325 0.0462639324380473
2356 0.01127391990060176
2373 0.010701184586714142
2416 0.04497448417171744
2450 0.023079418057198275
2464 0.024114612979395232
2473 0.03446718750565438
2479 0.05700171460517757
2480 0.025563551264200804
2495 0.0427776102422514
2578 0.10666595733955864
2596 0.025877859653774402
2630 0.036481612339790526
2644 0.020719143229729522
2650 0.02642263158865715
2656 0.018026975798392054
2662 0.03446718750565438
2705 0.021403594648990727
2736 0.055314125847177556
2761 0.11799541691915187
2781 0.03953314505119086
2822 0.024576607982604953
2828 0.01722679092806471
2895 0.019060026937526914
2957 0.029205899715128283
2976 0.07417238413718161
3082 0.03336042190137185
3091 0.03867559490451717
3170 0.0383387173423214
3183 0.045600234876998165
3186 0.048537096968432114
3243 0.048537096968432114
3250 0.0645900521387077
3258 0.05385226997157743
3269 0.01970592053152276
3276 0.03975328304966522
3278 0.07517688490539204
3332 0.01946661795599892
3407 0.02505896163513068
3456 0.06589450747651464
3513 0.039023168761582606
3561 0.1250386599210292
3658 0.04497448417171744
3670 0.024389463990805094
3680 0.03484284213258227
3721 0.01940760079459235
3759 0.017923695250051514
3805 0.025158036129659517
3818 0.04772578831364742
3837 0.058997708459575936
3867 0.03401096912218728
3878 0.026995938328122488
3891 0.03564275990919669
3900 0.0690289450386377
3917 0.050365947775781524
3933 0.03445358185612942
3955 0.04229096759577141
3965 0.03738614663818731
3977 0.06802193824437457
4013 0.03518927270872127
4030 0.12645138332812325
4059 0.019117194988730924
4099 0.03423670200458718
4101 0.05040337937182489
4105 0.015206709809981723
4143 0.024297078152007892
4144 0.0427776102422514
4209 0.044382574782188544
4226 0.027600935175191136
4261 0.11062825169435511
4289 0.027354910059125555
4320 0.034166111899298815
4339 0.024482636101511867
4350 0.0312596649802573
4378 0.03975328304966522
4381 0.020521882813127036
4382 0.024671393483179538
4451 0.03727278032439263
4530 0.04497448417171744
4552 0.03812005387505383
4592 0.10952959960491597
4624 0.008198577976185777
4667 0.04941337707164743
4676 0.041438286459459045
4683 0.036794237248658414
4723 0.048537096968432114
4772 0.018289522120244272
4787 0.029646804546052005
4791 0.028241331577543372
4820 0.02085265289570654
4826 0.050365947775781524
4872 0.018183746834311596
4873 0.03544095406719022
4941 0.04040304977518548
4945 0.08458193519154282
4972 0.0347448763590538
4988 0.05520187035038227
5001 0.014659212882694558
5013 0.02384649369452235
5028 0.055314125847177556
5035 0.029062791050791258
5042 0.039023168761582606
5069 0.02949785453506067
5224 0.014432701555602173
5235 0.0356985578801873
5249 0.2129649186695653
5250 0.10203290736656184
5313 0.0312596649802573
5389 0.01761957411259188
5631 0.05385226997157743
5658 0.0645900521387077
5768 0.0645900521387077
5798 0.05700171460517757
5820 0.04941337707164743
5821 0.050365947775781524
5839 0.04013745078011729
5842 0.01630238917845284
5911 0.0645900521387077
5950 0.045600234876998165
5998 0.049342786966359076
6008 0.008429680931236286
6068 0.018890292422380106
6079 0.016214101144083247
6082 0.036509866534971985
6146 0.034943247592655685
6162 0.012549377549144829
6214 0.017669677893082658
6222 0.03378979681345393
6297 0.040948759434901984
6313 0.0645900521387077
6360 0.01432117946800041
6384 0.03197780152433522
6403 0.03423670200458718
6702 0.05700171460517757
6778 0.014851619538664125
6817 0.040656227830536594
6867 0.021474453517261124
7011 0.05700171460517757
7025 0.053925641192012014
7042 0.016082989913197038
7121 0.08593307497636624
7150 0.02092002330479719
7176 0.013064656510483115
7220 0.054236951302786246
7230 0.056482663155086744
7262 0.021994898450117102
7282 0.033417481236955524
7425 0.08853483574829334
7507 0.031821164607853565
7537 0.006476958504430823
7547 0.03378979681345393
7552 0.015126799550597767
7554 0.020652994044013245
7589 0.024205465425525426
7607 0.0645900521387077
7766 0.039382140492585684
7786 0.14317736494094224
7818 0.03179380295905555
7833 0.033234255783990585
7875 0.044382574782188544
7952 0.04480290218660512
8061 0.04182503953811731
8092 0.017720012036592337
8100 0.023758560234392177
8107 0.03975328304966522
8247 0.036509866534971985
8302 0.04182503953811731
8321 0.03161284583203081
8332 0.03769455173458567
8344 0.07661728257216782
8402 0.033573004443538036
8410 0.0645900521387077
8444 0.02723394024344185
8483 0.07101398234018151
8515 0.01946661795599892
8524 0.05256282170524757
8532 0.10990892608331863
8538 0.055314125847177556
8613 0.0645900521387077
8625 0.02723394024344185
8630 0.0645900521387077
8652 0.0645900521387077
8708 0.020521882813127036
8776 0.04665837064462021
8786 0.028241331577543372
8837 0.021474453517261124
8880 0.031087257370987043
8942 0.043989796900234204
8961 0.14860204089118975
8962 0.03401096912218728
9139 0.03161284583203081
9202 0.03216494551613508
9211 0.0383387173423214
9230 0.024863462566280074
9247 0.06286966245610495
9265 0.03738614663818731
9280 0.055314125847177556
9287 0.03254911324658716
9292 0.042807189297981454
9338 0.048992899685477764
9405 0.06144060750510757
9473 0.028644358325455414
9520 0.046970478026115814
9563 0.020137715082674958
9591 0.058997708459575936
9625 0.022439957072194257
9664 0.016801126457274964
9675 0.01625815616099222
9749 0.0427776102422514
9754 0.05700171460517757
9758 0.0427776102422514
9849 0.021263238150485822
9913 0.05700171460517757
9946 0.09394095605223163
9965 0.0645900521387077
9979 0.051409370926045805
10004 0.018183746834311596
10012 0.08275626869396811
10110 0.049153215965209905
10172 0.02505896163513068
10237 0.033151888797730934
10318 0.0409541876149857
10334 0.02190951700153054
10392 0.03554619621822199
10428 0.025984666910007902
10460 0.0199505710908751
10492 0.051409370926045805
10646 0.026092526471421074
10647 0.16268575517226697
10694 0.04382103339251568
10723 0.028374032074154697
10813 0.05256282170524757
10816 0.17007954706405526
10831 0.0462639324380473
10876 0.18254933267485995
10901 0.041378134346984057
10922 0.12288121501021514
10930 0.055314125847177556
10960 0.01722679092806471
10979 0.022916017159195567
10981 0.021333191467911728
10988 0.03889852852165147
11011 0.01761957411259188
11067 0.013605391450570605
11084 0.028644358325455414
11095 0.03446718750565438
11110 0.040948759434901984
11112 0.03596236960768483
11125 0.029350903913523938
11145 0.049342786966359076
11163 0.06471068869745684
11187 0.032746373663189644
11202 0.036509866534971985
11249 0.031087257370987043
11257 0.030750379808791268
11268 0.04328689541371743
11276 0.04157138908124913
11319 0.006863061988919983
11332 0.03116062859142163
11421 0.058997708459575936
11497 0.02340434981012798
11634 0.027772231967461997
11736 0.015126799550597767
11871 0.04013745078011729
11893 0.013394878294050632
11917 0.030263737162311295
11921 0.05929360909210401
11930 0.018778580668075383
11977 0.014029224648068023
11993 0.036232695858985545
12004 0.11970342654525061
12030 0.048229225958790464
12156 0.09483853749609245
12162 0.04497448417171744
12177 0.02686705034949123
12180 0.044879914144388515
12186 0.01643617076497056
12216 0.08365007907623462
12265 0.01398969929659675
12286 0.02723394024344185
12340 0.04013745078011729
