25
1742 0.14488313890041687
2254 0.4998116392605628
2460 0.21493089218533695
2656 0.23519738686158662
2819 0.2381715407987799
3278 0.16347174256963262
3891 0.11625749217355869
4169 0.1159260907993397
4356 0.09637959180423085
4624 0.02674164731712579
4827 0.08943580454719406
4945 0.275884462752224
5128 0.2545670283920164
5249 0.19846761448924874
6452 0.08248399902470317
7025 0.1172610243951554
7185 0.22187002278224804
7484 0.056557425620022
10392 0.07729501754199523
10647 0.35375932273245364
10981 0.13916673941278268
11084 0.18686102155512327
11736 0.0986794392378604
11965 0.16156717988819086
12030 0.15731129894893836
