200
8 0.04607266893752964
26 0.03477001765434868
79 0.09655299231659568
111 0.03291382947145942
132 0.03342089253894674
159 0.03807926998903627
230 0.028709904017383756
262 0.03435223932365892
280 0.23345340637762552
326 0.03773030918316741
344 0.04929501229247188
455 0.04234563827215229
590 0.04984299934165886
593 0.06843110989214343
646 0.051062602673183126
965 0.05798839349701025
975 0.0709871662137723
979 0.019601837353522028
1012 0.16815760922650988
1029 0.03291382947145942
1347 0.03206616162117705
1353 0.04409237835689547
1374 0.03329249216986693
1465 0.07128526219003255
1622 0.05306297335746711
1736 0.035642631095016274
1759 0.025742462843982874
1929 0.0262108222943234
1958 0.020708685321813716
1973 0.05385144547181741
2157 0.06267104107821178
2167 0.030717036505775116
2183 0.04700962152460956
2233 0.06575036400113998
2266 0.046282831775943015
2278 0.026612747977873205
2294 0.1187235774870484
2356 0.015272119337223035
2455 0.1912843934926778
2456 0.06954003530869736
2464 0.0653333091665152
2466 0.06465133165884594
2541 0.03342089253894674
2650 0.0715863845731088
2656 0.024420088851933384
2658 0.04188215836450194
2677 0.027279383802007725
2681 0.04637845605937734
2757 0.02613172797357463
2811 0.0935094710311375
2937 0.049082312092548964
3112 0.034215554946071716
3175 0.04637845605937734
3330 0.039563522690683625
3361 0.037238698058759664
3362 0.03880283544157372
3581 0.09038282139837903
3697 0.10387043222770143
3721 0.026290340715333493
3918 0.013453908511802988
4059 0.051793889939785204
4226 0.037389371179759455
4320 0.023141415887971507
4339 0.0331651939634711
4440 0.08331147892575096
4448 0.039369661760393616
4451 0.05049125363342694
4624 0.011106133656418337
4638 0.15580564834155217
4808 0.0935094710311375
4926 0.03039809625669066
5001 0.03971595514392804
5120 0.05547088735016474
5247 0.03594529772237854
5253 0.0466906812755251
5340 0.03689222462884845
5473 0.02843095880329325
5490 0.0593617887435242
5875 0.0466906812755251
5882 0.31549699472579307
5946 0.08749636266327829
6008 0.0114191953013328
6034 0.03126433662034255
6068 0.02558957334566748
6084 0.041432725486068786
6150 0.031153248835093548
6162 0.01699990715103249
6249 0.05193521611385071
6281 0.03137626281190024
6360 0.01940006349285987
6361 0.0483587466400115
6436 0.02449054100337345
6570 0.039369661760393616
6620 0.03995901679481034
6629 0.12354393768750194
6638 0.05507461190993041
6747 0.05472972081487923
6794 0.4049922348562161
6817 0.027537305954965206
7025 0.024349969808836386
7102 0.03242353192542112
7121 0.03880283544157372
7176 0.03539585079317019
7201 0.04165573946287548
7220 0.02449054100337345
7262 0.014897600697090316
7483 0.016333271326897967
7484 0.023488991562484466
7537 0.008773956538100768
7542 0.01699990715103249
7990 0.054911192625609395
8112 0.03148904016137634
8169 0.036411204624549866
8222 0.03381290170592023
8252 0.07115013530494971
8321 0.042824071697567995
8324 0.050790416019123215
8326 0.023733385162778224
8327 0.0326666545832576
8329 0.03995901679481034
8361 0.049082312092548964
8517 0.040572765757762135
8556 0.024210718551106514
8722 0.052391564427236546
8763 0.1867627251021004
8817 0.050644824342493365
8856 0.07295051772918702
8861 0.07992074204547467
8950 0.03278972707371452
8972 0.03807926998903627
8981 0.043829890973799655
8985 0.04577305975786138
9000 0.02988131400449726
9099 0.05028028093446867
9154 0.08322999438016226
9182 0.12995536743052774
9267 0.02543824397148759
9291 0.158586004076541
9292 0.08698259024551537
9338 0.07843468839837868
9393 0.056657932710352576
9445 0.009095557046934996
9483 0.07721688601230305
9568 0.055776663619840156
9575 0.01805965430482447
9618 0.03206616162117705
9631 0.0466906812755251
9645 0.0935094710311375
9669 0.05193521611385071
9944 0.0609243009934686
9987 0.03206616162117705
9998 0.05547088735016474
10140 0.03656981736630874
10167 0.03137626281190024
10318 0.018492746862656548
10464 0.05193521611385071
10576 0.036411204624549866
10597 0.05028028093446867
10619 0.020708685321813716
10641 0.05149249219277573
10672 0.06177196884375097
10749 0.01721452956523809
10909 0.0357931922865544
10914 0.06789181685390226
10951 0.00829241585794899
10959 0.027888331809920078
10980 0.03462944645981163
10990 0.06267104107821178
11036 0.011834466633455644
11080 0.020383924534176857
11106 0.02645066822265909
11217 0.03611930860964894
11219 0.11530992087984097
11225 0.16004604112699497
11242 0.06362815702664022
11249 0.04211208777626131
11305 0.07493080830982118
11310 0.04211208777626131
11332 0.04221147947358345
11497 0.015852251322599396
11593 0.08749636266327829
11764 0.03689222462884845
11770 0.061007298742465306
11846 0.038989380668359
11861 0.0357931922865544
11892 0.038989380668359
11893 0.018145257516278848
11908 0.035642631095016274
11929 0.01985797757196402
11930 0.17806770780041314
11957 0.024349969808836386
12006 0.03139063410809115
12012 0.06465133165884594
12024 0.028616338091952416
12030 0.0326666545832576
12051 0.05028028093446867
12078 0.0317172008153082
12124 0.04984299934165886
12204 0.023668933266911288
12304 0.0951516024459246
