163
194 0.06635090557565743
313 0.05262664691238215
322 0.16017250396560348
336 0.06835207377457136
360 0.09624623280601328
398 0.09250942596069806
456 0.029234148179183864
478 0.06021771475850235
479 0.050321332577604336
587 0.035790323171434865
947 0.10671595849954943
1046 0.07177596318229877
1143 0.10574421451972901
1274 0.07056998629654875
1373 0.055503368372244836
1413 0.0763551179008889
1458 0.06452786511645571
1524 0.0221826450117348
1536 0.03145428740484554
1542 0.06367375428112333
1545 0.12092249103840082
1595 0.052384091489295834
1926 0.0783028934218467
1956 0.10081971476120104
1971 0.02954826458100276
1979 0.06587971944395037
2105 0.04654821802741419
2450 0.04320821288702094
2630 0.01707479439616766
2761 0.11045276534486466
2819 0.2050562213237141
2851 0.06021771475850235
2895 0.035683295805292566
2904 0.06367375428112333
3048 0.15332472515014867
3082 0.06245583003622297
3233 0.09250942596069806
3244 0.09429278452165311
3273 0.07917518225752103
3278 0.04691422228996433
3448 0.08419913716019509
3472 0.0427510409056322
3709 0.05726121890994222
3759 0.06711181695890006
3765 0.07378501549307391
3805 0.047099704949911246
3891 0.13345743417106776
3955 0.07917518225752103
4030 0.05918409941228724
4143 0.04548785947387041
4162 0.08419913716019509
4200 0.06943104362931868
4209 0.08309099193533685
4269 0.08537063852218632
4378 0.07442424729735372
4398 0.10671595849954943
4429 0.055224511090467304
4538 0.1292327798389038
4547 0.048249297497371606
4554 0.05918409941228724
4655 0.04481025415620559
4676 0.03878941614940828
4787 0.055503368372244836
4795 0.06635090557565743
4827 0.10266755952446308
4861 0.05095434205879304
4941 0.02521357011175642
4945 0.07917518225752103
4972 0.09757161190554713
5005 0.02702023247743016
5057 0.07746621831197416
5139 0.0751434682517365
5249 0.11391514688896714
5589 0.12092249103840082
5627 0.04583525243521703
5802 0.019110216937114455
5837 0.14343931237775515
5938 0.06496864971866965
6013 0.03557682442797507
6082 0.06835207377457136
6209 0.03916549448148639
6258 0.032800221258356896
6279 0.05885082875153522
6352 0.07917518225752103
6747 0.037819024547571106
6772 0.04245182837931531
6791 0.035683295805292566
6934 0.04618863522463054
7025 0.03365235898234797
7042 0.030109825573027795
7201 0.11513886128689478
7220 0.03384663241834303
7272 0.023260121827396247
7507 0.059574104133888334
7536 0.042600888629365445
7537 0.012125860419282214
7726 0.07588884835969212
7818 0.05952287892780757
7952 0.016775581869850772
7968 0.06093693571288512
8039 0.0783028934218467
8045 0.05918409941228724
8061 0.0783028934218467
8092 0.03317458224207068
8247 0.06835207377457136
8380 0.049259141842944415
8524 0.09840566969904645
8532 0.051441594677803376
8690 0.14343931237775515
8880 0.17460035143394076
8961 0.09273527611426227
9027 0.03154131808356522
9139 0.11836819882457449
9193 0.16407940053432382
9247 0.05885082875153522
9281 0.14343931237775515
9405 0.11502624730005241
9438 0.11272690751539474
9445 0.037710964731069815
9485 0.06168231582084074
9546 0.08344473451564736
9578 0.03589791236359499
9604 0.08935000079058786
9675 0.030437763673832476
9679 0.14343931237775515
9758 0.08008625198280174
9849 0.03980804535004588
9923 0.038298477850096296
9929 0.07746621831197416
10133 0.11502624730005241
10254 0.07917518225752103
10281 0.09840566969904645
10298 0.043834084236303084
10392 0.06654793503520441
10426 0.05726121890994222
10428 0.04864728464398059
10501 0.05578607208249233
10618 0.06130623748876262
10743 0.09429278452165311
10749 0.02379097523280741
10763 0.10081971476120104
10804 0.11502624730005241
10816 0.04548785947387041
10857 0.10081971476120104
10951 0.02292071468452879
11045 0.07917518225752103
11067 0.05094276196657908
11101 0.14474789249211484
11145 0.04618863522463054
11319 0.012848705402326532
11424 0.06130623748876262
11626 0.09250942596069806
11795 0.07116410598333495
11926 0.0879359440055103
11965 0.046367638057131136
12089 0.04351875964690767
12118 0.08661318222234966
12156 0.05918409941228724
12162 0.08419913716019509
12180 0.08402208755420273
12265 0.026190864255532232
12275 0.03878941614940828
12340 0.0751434682517365
