36
435 0.07983608061380369
456 0.0907001641185642
956 0.12391244038771498
1308 0.14555333150512062
1413 0.11844746907717633
1423 0.24034217352512346
1929 0.11238681429419366
2181 0.14220578252559377
2656 0.1047085039924266
2662 0.20020039306123874
3278 0.14555333150512062
3680 0.10119117913478311
3790 0.2226879196376935
4169 0.10321923813237373
5249 0.17671324738267288
5312 0.12270118956232218
6008 0.04896324759707989
6352 0.24564430544919227
7484 0.050358071621098066
8483 0.1374933495324685
8961 0.14385753112404812
9247 0.18258715094283198
9537 0.2648659669304955
10298 0.1359970747172511
10392 0.06882258141459432
10647 0.31498317180273944
11084 0.16637887250888606
11189 0.17220151548935167
11634 0.08065659194214303
11921 0.17220151548935167
12004 0.11588158080882414
12030 0.14006814441133547
12180 0.13034101565129494
12193 0.1937718177976588
12204 0.050743848814428956
12214 0.3751670722739954
