215
25 0.04157250545254885
50 0.03809558094295053
76 0.023791585824168918
107 0.04770695413182099
110 0.066107339029948
226 0.09420670343374132
344 0.009778850802205103
391 0.0741994066565034
493 0.020426545544938255
543 0.13208536271102952
547 0.06258385360426721
628 0.020245035512310276
677 0.02683040783193524
679 0.033415780151560215
742 0.04834319919500245
937 0.027702485780781418
958 0.023314452881443102
1029 0.052233994923624495
1074 0.06341680231884794
1095 0.03730195439894351
1226 0.0594573090358898
1330 0.10622915524952857
1413 0.24111741988159932
1414 0.06127130292575292
1416 0.04273091546281301
1595 0.0601529814895408
1622 0.021052632931924376
1649 0.10622915524952857
1887 0.04157250545254885
1895 0.018993186332840747
1929 0.020798186972635573
1971 0.016965228964143726
1973 0.04273091546281301
2020 0.2378292361435592
2049 0.05987771128392379
2080 0.01669572862506196
2105 0.08017741697246893
2163 0.07910045766166471
2246 0.33865578629687065
2266 0.018362624760299418
2278 0.021117113461156446
2356 0.012118368125854604
2578 0.022931107351019574
2829 0.08714364153048122
2851 0.03457419016182437
2853 0.028522455893304464
2901 0.030215754703162043
2957 0.031393503529843714
3033 0.13208536271102952
3112 0.027149911633829384
3221 0.039550228830832354
3239 0.01600585098231811
3269 0.021181949256804885
3278 0.10774379261998199
3283 0.04447747268020384
3332 0.020924722247101877
3453 0.07460390879788702
3471 0.04357182076524061
3513 0.0838922271329897
3557 0.04972923075353748
3603 0.055260077017859295
3671 0.05788595605452612
3709 0.03287670877963144
3760 0.04901582038341449
3795 0.04273091546281301
3830 0.03064371703449013
3892 0.03809558094295053
4169 0.019101644862274694
4226 0.05933664528749441
4381 0.022059029402173403
4410 0.038591398136117325
4624 0.004406337232298419
4676 0.022271065177318552
4699 0.07137475747250675
4972 0.11204209518567965
5005 0.015513751387576026
5035 0.031239675625110874
5149 0.04273091546281301
5196 0.03437302856007735
5224 0.015513751387576026
5237 0.04770695413182099
5249 0.032702369781437216
5337 0.02563266296451758
5389 0.018939329638644094
5609 0.027816183932342815
5627 0.052632908444492754
5628 0.0838922271329897
5803 0.046529205305139314
5807 0.026519350061288055
5842 0.12266438700653398
5845 0.022931107351019574
5930 0.04545867969993214
5950 0.04901582038341449
5998 0.026519350061288055
6008 0.009061087679252145
6055 0.02131270245914273
6066 0.019489320721042074
6084 0.03287670877963144
6117 0.05130058373490115
6125 0.05495666592543483
6162 0.04046808339025578
6209 0.022486991733501493
6230 0.05632804415645314
6258 0.018832350109669785
6281 0.0746908326419561
6297 0.044015936382758684
6360 0.030787751965560117
6398 0.025824011361686217
6410 0.032519678538849864
6459 0.050488698588097465
6616 0.028282291085212165
6747 0.04342782357936651
6831 0.0594573090358898
6998 0.07512118971469398
7042 0.03457530194482313
7185 0.036558486114287546
7205 0.021181949256804885
7220 0.019433150365506587
7287 0.0741994066565034
7537 0.020886302595174874
7694 0.08235613195749203
7756 0.04233197328710883
7833 0.017861797384142914
7839 0.03865605197006132
7952 0.02889525914273829
8092 0.05714187193467783
8193 0.04357182076524061
8224 0.036119155916200164
8247 0.03924455795299685
8266 0.2470683958724761
8321 0.03398073666267485
8337 0.03837248000415068
8339 0.03457419016182437
8369 0.03457419016182437
8376 0.10080330472316652
8385 0.02816402207822657
8395 0.12363118444788793
8426 0.26417072542205905
8515 0.020924722247101877
8532 0.029535353238670462
8535 0.0594573090358898
8556 0.01921111232274554
8560 0.031393503529843714
8667 0.05649992449599108
8694 0.053114577624764285
8723 0.027589875666495223
8741 0.09196354649144896
8773 0.0594573090358898
8777 0.03680112702278701
8837 0.046165900648244475
8858 0.04770695413182099
8868 0.027702485780781418
8880 0.033415780151560215
8986 0.021578649758601607
9117 0.03477885040107052
9254 0.08235613195749203
9284 0.052172661683747325
9319 0.04598177324572448
9445 0.014434579270975164
9551 0.10827699709342622
9582 0.024545644480448575
9652 0.03924455795299685
9871 0.11299984899198216
9892 0.14312086239546298
9893 0.08235613195749203
9894 0.03730195439894351
9922 0.03049932666907268
10005 0.04447747268020384
10127 0.07127011652741211
10298 0.025167477212200057
10299 0.04770695413182099
10348 0.17257543373565007
10464 0.04121039481596264
10471 0.08235613195749203
10481 0.0741994066565034
10500 0.04770695413182099
10525 0.04447747268020384
10560 0.03236125409625706
10615 0.053114577624764285
10628 0.05517975133299045
10653 0.024037608732157566
10750 0.05051810970114315
10760 0.02285591433389102
10814 0.05788595605452612
10823 0.13208536271102952
10825 0.11428674282885158
10848 0.027258370163263334
10881 0.0254443762734002
10934 0.031393503529843714
10951 0.006580000182055462
10959 0.022129284340050525
10960 0.03703425178358377
11036 0.01878120777747093
11071 0.0841407896903922
11136 0.03730195439894351
11163 0.03477885040107052
11178 0.06127130292575292
11217 0.014330266432512857
11469 0.06604268135551476
11499 0.06646666409020648
11629 0.029928987786186582
11736 0.0487795178082748
11789 0.16471226391498406
11828 0.023006783927850757
11893 0.007199096126257763
11921 0.06373486673878913
11957 0.038643215323457554
11974 0.03417524798612019
12021 0.03495187532705789
12030 0.0259208651359342
12052 0.02901800983574438
12177 0.0433192016789511
12181 0.06604268135551476
12204 0.01878120777747093
12265 0.007518783508348308
