274
11 0.05738101460983791
68 0.02118493417748419
84 0.02065083642966158
98 0.05738101460983791
104 0.06107493051347486
105 0.04755184681155928
111 0.021585227914396186
120 0.049140394817318876
132 0.02191776508963365
141 0.040510692545501076
188 0.05493350049884203
201 0.021750075333757193
203 0.02508925455536435
234 0.03348738005581097
236 0.017834365294303076
262 0.04505710378149943
303 0.031261720722449086
326 0.02474392485096606
335 0.02166730236688896
347 0.0501785091107287
366 0.06132447292746553
374 0.011009970318651932
382 0.06806585944842376
390 0.017452913858865785
435 0.02442152121893669
464 0.024857677783993178
494 0.049140394817318876
513 0.030214930186213983
641 0.02594616512537107
674 0.037198849042113354
677 0.02217484873348593
682 0.057149890655682475
711 0.014172832945407313
846 0.02688593501255569
877 0.06132447292746553
900 0.06806585944842376
1013 0.04784169988554906
1064 0.027027919503584602
1073 0.07389446103064083
1205 0.09815019281695149
1347 0.042058637238377834
1352 0.03294692074781225
1358 0.046696169771252044
1374 0.065500676420649
1385 0.04110031336459082
1465 0.046749608174387676
1564 0.027926320698442423
1632 0.03634734114686813
1759 0.050646515749290674
1887 0.034358926843632585
1901 0.028084466701633587
1958 0.013580968840665248
1971 0.014021456116707355
1978 0.049140394817318876
2040 0.039954783250293814
2042 0.012921930566333338
2077 0.03800310724340732
2119 0.05738101460983791
2186 0.03243492017234305
2237 0.039954783250293814
2266 0.030352757137350823
2287 0.021263685740572778
2298 0.026472010208377337
2370 0.04567145816595763
2373 0.009506801880174207
2386 0.049140394817318876
2450 0.02050347353618265
2456 0.1368152113033507
2489 0.04110031336459082
2510 0.046696169771252044
2645 0.029451733702910446
2650 0.023473543665255746
2651 0.050639628088879673
2658 0.027466750249421017
2698 0.037570779851141545
2704 0.02142312808030735
2763 0.02452033420149085
2781 0.035120763935655344
2798 0.03082939333018331
2828 0.015304070970574723
2835 0.04239900829636064
2841 0.045791210896108415
2857 0.06806585944842376
2901 0.024972776936816543
2973 0.06806585944842376
3112 0.022438912870011776
3285 0.04175230760343223
3377 0.04567145816595763
3400 0.04333460473377792
3442 0.013367987375689287
3453 0.03082939333018331
3537 0.04784169988554906
3591 0.012148614935385245
3609 0.04130167285932316
3670 0.02166730236688896
3721 0.017241475859856564
3737 0.02191776508963365
3759 0.031846384542214605
3765 0.017506499475976982
3857 0.06806585944842376
3918 0.008823211587047988
3977 0.09064479055864196
4048 0.03197470602626848
4061 0.03845554997873302
4105 0.013509455541238164
4161 0.0356576217754024
4187 0.032188685124041154
4236 0.06806585944842376
4320 0.030352757137350823
4451 0.02207512231914876
4547 0.022895605448054208
4589 0.03194853057915864
4624 0.010925275032007981
4676 0.0184066341642718
4861 0.0048358445496822925
4953 0.06806585944842376
4979 0.050639628088879673
5122 0.046696169771252044
5176 0.04239900829636064
5184 0.03294692074781225
5261 0.03348738005581097
5343 0.04389824156792143
5351 0.052944020416754674
5368 0.06705027744569826
5373 0.03321339672933557
5389 0.015653014761507898
5425 0.03989405262668682
5433 0.02021528163902456
5461 0.027027919503584602
5473 0.018645315220036658
5667 0.027770705140147154
5700 0.1615912283016988
5786 0.05738101460983791
5802 0.018136636581816787
5942 0.07290530546635772
6034 0.0820138941447306
6057 0.012559846740819405
6079 0.014404409716778489
6141 0.34428608765902746
6142 0.34428608765902746
6150 0.020430621023983048
6155 0.024301768488785905
6162 0.04459485587318857
6170 0.06537510329265862
6186 0.024972776936816543
6209 0.01858509357312209
6235 0.06132447292746553
6256 0.054583086406507296
6398 0.021343080180675354
6410 0.01343846424134976
6558 0.034059648925779694
6570 0.025819029133260667
6584 0.01368923450302481
6642 0.3403292972421188
6657 0.04888654745295222
6747 0.017946156926297932
6775 0.03268755164632931
6778 0.05277599069886064
6868 0.029091479002857655
6892 0.03637837848997067
6897 0.06806585944842376
6913 0.06806585944842376
6975 0.06132447292746553
7045 0.05738101460983791
7047 0.10482568937383173
7083 0.02963699196901244
7176 0.023212963026895756
7193 0.015176378568675411
7255 0.041727999848330005
7259 0.019798399326870705
7262 0.00976999977177385
7471 0.02594616512537107
7484 0.0462129668134063
7537 0.011508101890734746
7552 0.01343846424134976
7566 0.03243492017234305
7580 0.041153751767726454
7589 0.021503840285455298
7605 0.024972776936816543
7631 0.03082939333018331
7739 0.025819029133260667
7758 0.034667707219400656
7781 0.23920849942774527
7832 0.04110031336459082
7857 0.052412844686915865
7952 0.007960470381450797
7980 0.04784169988554906
8171 0.015218756696302287
8224 0.014925915845930724
8255 0.06132447292746553
8324 0.0333088772484049
8385 0.023277056883491493
8437 0.034059648925779694
8454 0.04389824156792143
8495 0.030415468526004963
8513 0.06806585944842376
8556 0.0317552765077118
8718 0.046696169771252044
8719 0.02620553422685401
8774 0.024972776936816543
8870 0.04389824156792143
8879 0.05738101460983791
8890 0.011694764403154366
8944 0.026745993534852738
8985 0.06003688680889946
8986 0.08917182647151539
9000 0.03919294615827104
9045 0.039954783250293814
9099 0.01648716270635542
9148 0.029091479002857655
9151 0.024194300379824025
9194 0.04311976501092891
9267 0.016682662050695355
9338 0.03561111375217743
9341 0.014522299219614544
9388 0.05927398393802488
9503 0.03294692074781225
9505 0.052412844686915865
9507 0.06806585944842376
9563 0.01789010048925538
9575 0.023687414104327703
9582 0.04057306596525273
9618 0.042058637238377834
9620 0.028916235254444166
9626 0.04755184681155928
9659 0.0371568550469632
9821 0.017085860301561295
10101 0.052412844686915865
10211 0.037570779851141545
10222 0.06132447292746553
10299 0.07885787633457508
10318 0.03031933401579791
10320 0.06806585944842376
10470 0.052412844686915865
10476 0.07423177455289817
10560 0.026745993534852738
10611 0.054583086406507296
10653 0.019866650588734932
10654 0.036759829925407966
10723 0.025207144058200404
10750 0.020876153801716115
10897 0.16026923813637947
10898 0.03249637680226489
10979 0.020358310171158286
10985 0.022802535217225115
10997 0.026745993534852738
11036 0.007761164945876782
11219 0.17645000840740283
11240 0.06806585944842376
11319 0.02438824228899717
11332 0.05536544484021442
11400 0.04239900829636064
11419 0.04239900829636064
11497 0.051980347356922744
11510 0.034667707219400656
11544 0.06806585944842376
11634 0.012336256091344196
11637 0.015261320286785212
11734 0.185784275234816
11757 0.06806585944842376
11768 0.022895605448054208
11780 0.056168933403267174
11783 0.037570779851141545
11893 0.009916538765615173
11957 0.015968960660993972
11991 0.026074985086822107
12004 0.10634306429556803
12011 0.04311976501092891
12021 0.014443547656525954
12051 0.04946148811906626
12098 0.019798399326870705
12138 0.019935384195673398
12204 0.015522329891753565
12286 0.024194300379824025
