177
207 0.03678724985308649
260 0.06738879743265244
337 0.02145177423669663
344 0.01600330127631697
571 0.020299522197946177
625 0.034017153090138495
673 0.04131292474430045
674 0.012276275375744902
679 0.027342824221635705
696 0.034017153090138495
705 0.03719705728088017
747 0.05404013969564687
942 0.021699745566585767
952 0.009915986040590595
956 0.018763627084645854
959 0.03432286197800731
981 0.05404013969564687
1162 0.03052272841237738
1254 0.035302929695224396
1352 0.03261919244531612
1487 0.02991437743180751
1548 0.041977258563727186
1572 0.036394174004063626
1582 0.03463859587579766
1736 0.023142291163655022
1819 0.04736581082714408
1823 0.06864572395601462
1837 0.06738879743265244
2003 0.09043431369971049
2041 0.03073436377024286
2078 0.03854282798135245
2099 0.024167622849624794
2174 0.026759068455357284
2213 0.056810236458594864
2227 0.020445419249099494
2243 0.02257571474387798
2299 0.035653114510479686
2450 0.020299522197946177
2464 0.021210028790887948
2630 0.008021858454934817
2701 0.019601461474826776
2705 0.037651100527425804
2798 0.03052272841237738
2855 0.0826258494886009
2945 0.05404013969564687
2957 0.051376148922726135
3047 0.05404013969564687
3054 0.07614605291634478
3239 0.013096961014892996
3407 0.022040631471258537
3521 0.043461578721589275
3647 0.3762508424326741
3680 0.015323026030313826
3820 0.055297066219009046
3918 0.017470891373833314
4048 0.03165664849946615
4079 0.0313986975896696
4105 0.026750149642457942
4455 0.04131292474430045
4503 0.03463859587579766
4624 0.007211066379867779
4683 0.03236240332986586
4755 0.03678724985308649
4815 0.03496503463423458
4821 0.06738879743265244
4872 0.01599353032169786
5040 0.0508759119062973
5121 0.034017153090138495
5181 0.03988833487663959
5219 0.030315644707236626
5224 0.012694295188820917
5264 0.04623167548453727
5433 0.02001419699179001
5500 0.03372085213771261
5540 0.1913997695514499
5553 0.06738879743265244
5628 0.03432286197800731
5802 0.008978114275099987
5868 0.17719765244708077
5914 0.02880210139747579
6095 0.26955518973060977
6113 0.060714468564149665
6170 0.03236240332986586
6211 0.06738879743265244
6258 0.015409774555419448
6303 0.02915877258627366
6410 0.01330478968318138
6505 0.04010772619236287
6772 0.019944167438319796
6778 0.013062754864676248
6932 0.03207987066553
6960 0.06738879743265244
7188 0.022304456773474104
7193 0.12020333358466379
7208 0.021699745566585767
7272 0.010927768769256245
7380 0.04521715684985524
7418 0.058684376117406886
7452 0.03073436377024286
7484 0.015251093007992302
7554 0.018165358849667263
7744 0.18008258463603116
7833 0.014615609270289286
7837 0.027964267007294867
7952 0.015762572612800237
7988 0.027964267007294867
8092 0.015585651977584844
8098 0.014184094163991476
8324 0.0065955097013142144
8413 0.03496503463423458
8517 0.026343362698950466
8708 0.03610007970532804
8723 0.02257571474387798
8754 0.03920292294965355
8811 0.02812610310519942
8837 0.037775748485689875
8916 0.051891485718358034
8961 0.21783842355808272
9179 0.056810236458594864
9182 0.02812610310519942
9239 0.06738879743265244
9291 0.041187121916294867
9292 0.037651100527425804
9307 0.13477759486530488
9338 0.02350458952984152
9407 0.03288301774753169
9534 0.023045516267058048
9602 0.06326146684744995
9616 0.05295989369886555
9625 0.01973708373317904
9707 0.28405118229297427
9776 0.03342848449189386
9895 0.06738879743265244
9898 0.011233477657125065
9902 0.34086141875156917
9920 0.03211228482165143
9995 0.03186849911284966
10122 0.03762508424326741
10141 0.10487102120500867
10172 0.022040631471258537
10220 0.035302929695224396
10269 0.03117212193220502
10318 0.012007097095904513
10452 0.03854282798135245
10525 0.036394174004063626
10533 0.3849225167776072
10579 0.03288301774753169
10594 0.03678724985308649
10619 0.013445876766402147
10749 0.02235433486277008
10820 0.04521715684985524
10899 0.0313986975896696
10951 0.01076831290727013
10988 0.011404411515573004
11036 0.0076839633939449975
11071 0.04589940864145074
11080 0.013235013862201985
11177 0.035653114510479686
11179 0.03073436377024286
11319 0.006036412133299441
11322 0.03719705728088017
11332 0.009135785980765289
11424 0.02880210139747579
11433 0.11421907937451717
11497 0.020585316203456508
11634 0.024427090748684297
11637 0.015109513487305479
11710 0.06063128941447325
11727 0.04131292474430045
11846 0.02531529160438189
11893 0.003927158945905657
11930 0.03303343387366107
11965 0.13070305413484962
12006 0.01019076274706866
12177 0.023630937470398346
12186 0.02891289654408703
12265 0.012304652167140995
