224
8 0.04361176823199152
26 0.032912830672340354
79 0.09139576282689756
111 0.03115578792456963
132 0.031635766998676325
159 0.03604532438650438
230 0.02717640867878921
262 0.03251736732822424
280 0.22098385196036452
326 0.03571500278503092
344 0.04666199507581053
455 0.040083811173711376
500 0.0659214843812426
575 0.09824522077268864
590 0.047180712240116336
593 0.06477596747261766
646 0.04833517233665471
965 0.054891032702407534
975 0.0671954959795931
979 0.01855483537847838
1012 0.1591757293239537
1029 0.03115578792456963
1347 0.0303533969479507
1353 0.04173725182505805
1374 0.031514224937702964
1465 0.0674776696180506
1622 0.05022869629940478
1710 0.04173725182505805
1736 0.0337388348090253
1759 0.024367468808778565
1787 0.04874209996915752
1929 0.024810811559883555
1958 0.019602562765980925
1973 0.05097505338922432
2157 0.05932356386964595
2167 0.029076333274286673
2183 0.044498674938601025
2195 0.04681606783340438
2233 0.062238409497718736
2266 0.0438107055458313
2278 0.0251912690016095
2294 0.11238214031096384
2356 0.014456382586591248
2455 0.18106723200062638
2456 0.06582566134468071
2464 0.06184363100523874
2466 0.06119808027657941
2541 0.031635766998676325
2650 0.06776270801246169
2656 0.023115727388383044
2658 0.03964508733203337
2677 0.025822297499149285
2681 0.043901222205331596
2756 0.036213446400125276
2757 0.024735941940551558
2811 0.08851480654692798
2885 0.04793970899253859
2937 0.04646065592972124
3112 0.03238798373630883
3175 0.043901222205331596
3300 0.036213446400125276
3330 0.037450298014355655
3361 0.03524965031224472
3362 0.03673024170396057
3581 0.08555516209239478
3697 0.0983223529466793
3721 0.02488608262681411
3918 0.01273528869418761
4059 0.04902739901936111
4107 0.0709284945023401
4226 0.03539227546037198
4320 0.02190535277291565
4339 0.03139372616909003
4440 0.07886152449515796
4448 0.03726679186730544
4451 0.04779434102655189
4624 0.010512916619481776
4638 0.14748352942001897
4808 0.08851480654692798
4827 0.03515980690534277
4926 0.028774428727758556
5001 0.03759458852270331
5005 0.0185068420997686
5120 0.052507995271958055
5183 0.04681606783340438
5247 0.03402533496429045
5253 0.044196770392072905
5340 0.03492168322737018
5473 0.026912362894013137
5490 0.05619107015548192
5875 0.044196770392072905
5882 0.2986452083018592
5946 0.0828228791083743
6008 0.010809256558434477
6034 0.029594400195528444
6057 0.03625738148088606
6068 0.02422274566771901
6084 0.03921966021912528
6150 0.029489245993364603
6155 0.03507680105261388
6162 0.01609188327338861
6249 0.04916117647333965
6281 0.029700348021818306
6360 0.018363838958053855
6361 0.04577573861226506
6409 0.024008420583264627
6436 0.02318241644657968
6570 0.03726679186730544
6619 0.06119808027657941
6620 0.037824667409575206
6629 0.11694502838983639
6638 0.05213288627449661
6747 0.051806417006500766
6794 0.41284944390710443
6817 0.026066443137248305
7025 0.023049353646059985
7102 0.030691678867385865
7121 0.03673024170396057
7176 0.03350523589720786
7201 0.03943076224757898
7220 0.02318241644657968
7262 0.01410186828323766
7272 0.01593144700885063
7483 0.015460854775848822
7484 0.02223436322769288
7537 0.008305309152722474
7542 0.01609188327338861
7990 0.05197819577974559
8112 0.029807101542736286
8124 0.03901168574339684
8169 0.03446635616631223
8222 0.03200683759929738
8224 0.021543838708584676
8252 0.06734976032757442
8321 0.040536689814016744
8324 0.0480775241138266
8326 0.02246570291994829
8327 0.03092181550261937
8329 0.037824667409575206
8361 0.04646065592972124
8495 0.043901222205331596
8517 0.03840563391622955
8556 0.0229175402799543
8582 0.04251018209758134
8722 0.04959314964388527
8763 0.17678708156829162
8817 0.04793970899253859
8856 0.06905397809540663
8861 0.07565189860700328
8950 0.031038314265406892
8972 0.03604532438650438
8981 0.041488784801562664
8985 0.04332816221555722
9000 0.02828524960423905
9099 0.04759463710962185
9154 0.07878439232116731
9182 0.12301400148031809
9267 0.024079499319165282
9291 0.15011537673238617
9292 0.0823365490536113
9338 0.07995639101523537
9388 0.08555516209239478
9393 0.05363163643109227
9445 0.008609731865319966
9483 0.07309246488261362
9568 0.05279743897277792
9575 0.017095025663909882
9618 0.0303533969479507
9631 0.044196770392072905
9645 0.08851480654692798
9669 0.04916117647333965
9944 0.05767012321829927
9987 0.0303533969479507
9998 0.052507995271958055
10140 0.03461649685257479
10167 0.029700348021818306
10318 0.017504985249294076
10464 0.04916117647333965
10576 0.03446635616631223
10597 0.07139195566443277
10619 0.03920512553196185
10641 0.04874209996915752
10672 0.058472514194918196
10749 0.016295041961642956
10909 0.06776270801246169
10914 0.06426547994204307
10951 0.007849489226910707
10959 0.02639871948638896
10980 0.032779767871820666
10990 0.05932356386964595
11036 0.011202346811453861
11080 0.019295148576009384
11106 0.025037846487079674
11179 0.044807215278374564
11217 0.034190051327819763
11219 0.10915081891781862
11225 0.15149742815078474
11242 0.06022955694268892
11249 0.039862735418124594
11305 0.0709284945023401
11310 0.039862735418124594
11332 0.053275757681197244
11497 0.01500552771479088
11593 0.0828228791083743
11764 0.03492168322737018
11770 0.05774868777026671
11846 0.03690682290454989
11861 0.033881354006230845
11892 0.03690682290454989
11893 0.01717605651156762
11908 0.0337388348090253
11929 0.018797294261351655
11930 0.16855649523415697
11957 0.023049353646059985
11977 0.017989469562834304
12006 0.02971395169734057
12012 0.06119808027657941
12024 0.027087840433266987
12030 0.03092181550261937
12051 0.04759463710962185
12078 0.03002307534647724
12124 0.047180712240116336
12204 0.022404693622907722
12304 0.15011537673238617
