160
210 0.03585165249175655
230 0.04166533743769876
576 0.08978478891799943
711 0.031363289514853336
744 0.040473028218110906
749 0.15062403290726706
895 0.06967435090970703
975 0.10302034560101458
979 0.02844722738323555
1029 0.04776629731903226
1059 0.07177575546644649
1068 0.06286604363143027
1205 0.03102830530085429
1297 0.12078778802908875
1342 0.15062403290726706
1651 0.0909515431509104
1872 0.06967435090970703
1971 0.03102830530085429
2101 0.09901580845077945
2105 0.04887976808945718
2163 0.0723348077102509
2356 0.022163710655003013
2373 0.021037754475535218
2458 0.07123085797570884
2578 0.041939510588268156
2630 0.01793005244085392
2666 0.055520414116412266
2756 0.055520414116412266
2757 0.03792375144096204
2801 0.15062403290726706
2828 0.0338666242983931
2851 0.06323395517609655
3148 0.07815207761518572
3163 0.15062403290726706
3269 0.038740413689460504
3273 0.08314098178600285
3286 0.07123085797570884
3300 0.11104082823282453
3302 0.09714312338196558
3441 0.07537114380365628
3523 0.06517421424473
3580 0.06642829523959647
3591 0.0268838649894923
3599 0.053304736907824536
3605 0.11427068798708898
3730 0.08614898041479802
3759 0.03523668776193714
3830 0.05604537431877443
3882 0.0617986033225427
3918 0.039050053086961266
3933 0.0338666242983931
3934 0.0909515431509104
4059 0.03758302187714584
4078 0.052614122535049344
4162 0.17683316234786317
4226 0.054261441133511945
4230 0.06558417523539131
4283 0.13570591046817793
4320 0.03358405173262297
4451 0.02442519625533361
4524 0.13570591046817793
4791 0.055520414116412266
4861 0.010701318024753766
4961 0.15062403290726706
4972 0.06830591250917255
5001 0.028818951671351924
5051 0.04758619332858569
5186 0.08964676177626722
5196 0.12573208726286053
5598 0.1320041942582881
5609 0.10174799870742711
5882 0.15262199806114066
6057 0.027793886452472067
6066 0.07128941138570488
6114 0.052614122535049344
6150 0.09042249839698714
6155 0.10755554711928171
6180 0.04166533743769876
6214 0.06947461604166334
6281 0.045534898925477955
6299 0.0909515431509104
6348 0.1980316169015589
6410 0.02973819322219801
6584 0.030293126759404404
6638 0.039963600855093755
6791 0.07494126725121782
6794 0.09042249839698714
6817 0.039963600855093755
6952 0.030053543937382878
7042 0.031617994277607454
7176 0.025684169238233932
7181 0.06775999631914038
7201 0.12090604272913423
7220 0.03554197374952906
7262 0.1081009465723961
7270 0.13570591046817793
7272 0.07327558876600083
7388 0.09382544601094293
7441 0.10333470361302075
7565 0.09714312338196558
7625 0.06517421424473
7648 0.15062403290726706
8124 0.05981051689808888
8125 0.10874356845003212
8171 0.033677830971465254
8201 0.0528418738800512
8252 0.0258142137502764
8324 0.014741949821612201
8380 0.051726479156533126
8558 0.07349845873484241
8560 0.057416685271161734
8719 0.05799064731900008
8741 0.08409768601169029
8988 0.053539955656334695
9049 0.07742243820676403
9265 0.07349845873484241
9267 0.03691733062753449
9354 0.11206124582105474
9373 0.09542042011356965
9388 0.13116835047078262
9444 0.051296018782226366
9445 0.05279982173606999
9578 0.037696000095960185
9636 0.13285659047919293
9637 0.05475622847061786
9804 0.052165725040202525
9987 0.046536116716696614
10312 0.041394613097530515
10400 0.11598522529297635
10426 0.06012937163758274
10560 0.05918663839665222
10567 0.08614898041479802
10597 0.036484706990459574
10723 0.05578129368949772
10749 0.02498263953556218
10781 0.08050229767448047
10801 0.06967435090970703
10862 0.11371526605471464
10951 0.02406878857456061
10960 0.0338666242983931
10997 0.05918663839665222
11011 0.03463880761429072
11036 0.017174806484185862
11067 0.0802416449958288
11094 0.07069941612858689
11106 0.03838661446873536
11180 0.08509890380290895
11300 0.03862183321724552
11453 0.11598522529297635
11607 0.06917956357260112
11736 0.02973819322219801
11861 0.051944981553707976
11875 0.03850390250430307
11908 0.051726479156533126
11930 0.03691733062753449
12020 0.12697936826014392
12067 0.15062403290726706
12180 0.04411533167201722
12265 0.027502736412356406
12304 0.09205937252516774
