146
8 0.12980248985123527
84 0.0887154122005451
210 0.03479971374954831
347 0.10778273157432723
435 0.052457083975310737
479 0.05129141775092052
496 0.03594043812987035
642 0.046364765862894196
674 0.053268402911061816
942 0.047079051036612946
975 0.09999758137004065
1181 0.15962480371170445
1247 0.08828289483892351
1413 0.03891353874259554
1458 0.06577182114879417
1709 0.07134190887278093
1883 0.08469280443082865
2080 0.029639454142585963
2099 0.052433276052928315
2278 0.07497722682389472
2337 0.055189348783402654
2373 0.040840953361926044
2455 0.26945682893581807
2456 0.09795904964449538
2466 0.0910724732801442
2469 0.08582231227065457
2630 0.01740395906714691
3170 0.07315964668424611
3300 0.053891365787163616
3301 0.05657335185577016
3361 0.026228541987655368
3472 0.04357518742167349
3581 0.06365984176647393
3591 0.052190107908189114
3654 0.0789595974807676
3697 0.07315964668424611
3814 0.043270206732619595
3897 0.06102146402996111
3962 0.05686150547490728
4048 0.02289373955685781
4059 0.036480282281783544
4081 0.029404283109361502
4134 0.05805559081954713
4156 0.05745001780531898
4170 0.05466043936409827
4410 0.02283673868609976
4451 0.04741705215164568
4489 0.10555287667801785
4624 0.01564489136909333
4638 0.14631929336849223
4861 0.031161978161810554
5667 0.11930216783225597
5752 0.0887154122005451
5802 0.019478620100543423
5842 0.031108944562631802
5875 0.06577182114879417
5882 0.0493812834767103
6008 0.016085892313079445
6057 0.026978374086267617
6066 0.03459883906560162
6068 0.03604729670645106
6150 0.04388468650723514
6155 0.05219985679582933
6162 0.04789456149014999
6251 0.03206065723421383
6258 0.03343253774709756
6280 0.04152829770194904
6352 0.08070150651143816
6436 0.03449912142437405
6452 0.024128154655668012
6510 0.09611054306519104
6616 0.05020875030330118
6628 0.05805559081954713
6794 0.43884686507235143
6817 0.03879101166893879
6899 0.07735181928758328
7042 0.06138055424076141
7176 0.02493055899141634
7259 0.08505336639398839
7262 0.020985822049009197
7272 0.02370852607582284
7376 0.05775061013049324
7483 0.023008210014073723
7507 0.03036128124742895
7561 0.036811014353046886
7583 0.08828289483892351
7660 0.038307965728367394
7826 0.12275716104778713
8092 0.03381411559135868
8252 0.10022715124618896
8324 0.014309399936872316
8329 0.05628911881582671
8444 0.05196901680982101
8556 0.034104943576008295
8562 0.0910724732801442
8828 0.047445565808954863
8890 0.05024037879278789
8942 0.020985822049009197
9027 0.03214936567396894
9049 0.07515075317677428
9291 0.0446791094577229
9338 0.008499130144748478
9388 0.06365984176647393
9470 0.05129141775092052
9616 0.05745001780531898
9636 0.2579167763315759
9637 0.1062992048815884
9821 0.03670018753518305
9865 0.04404117267842843
9921 0.05466043936409827
9987 0.09034136103650868
10102 0.08828289483892351
10110 0.04689817712601992
10116 0.05129141775092052
10273 0.10276329823679715
10298 0.0446791094577229
10318 0.026050201153054214
10392 0.06783083359503293
10490 0.10170319012020987
10619 0.029171729989876282
10646 0.04979092025181769
10723 0.054144590780587996
10760 0.04057545735196819
10951 0.011681287952984823
10960 0.06574585824285581
10988 0.0494852688605671
11036 0.016670873106643544
11067 0.051924826938633255
11094 0.06862499417846164
11138 0.09429280525372585
11217 0.02544011611089106
11219 0.10828918156117599
11494 0.06067034977890062
11607 0.06714973626944376
11736 0.028865632115540586
11780 0.06032503933567638
11861 0.05042084152774399
11893 0.021300585746023747
11929 0.027973362426061417
11930 0.250838863556351
11977 0.026771190839334085
11985 0.10276329823679715
12029 0.045337142005942375
12170 0.2055265964735943
12274 0.05836508990510878
12304 0.0893582189154458
