38
29 0.13169827992697614
594 0.09643019516609601
696 0.18867687657929533
864 0.18238637033104393
958 0.10581267837818363
1184 0.09410776081178995
1254 0.19580846437512023
2450 0.11259173965004382
2694 0.1607314623743215
2895 0.09298334929218603
3054 0.21117286608359123
3055 0.14921099070702365
3490 0.17166903521898016
3680 0.08498949584293625
4530 0.2194056799962374
5914 0.3195029587688382
6008 0.041123759636854225
6114 0.13056190568485135
6666 0.08644615634913655
7388 0.23282777404031363
8961 0.12082455356268998
9025 0.20186107457536667
9097 0.2063142840642998
9291 0.11422263200370479
9292 0.10441632238394408
9534 0.2556449104899596
9625 0.10947216252026098
10525 0.20186107457536667
10533 0.15249864846167538
10601 0.20186107457536667
10801 0.17289684962562063
10816 0.11853203104028937
10822 0.22914303211839873
11067 0.13274638799324537
11163 0.15784386322788344
11319 0.03348109067323665
12006 0.05652328635446447
12175 0.13227566473391295
