322
61 0.05493133973582546
84 0.02240099610833847
118 0.07383444529272469
162 0.04677416779181361
214 0.02800719346672623
236 0.019345828868148996
309 0.07383444529272469
344 0.01753399552455419
352 0.07804623440159421
390 0.01893204939970686
435 0.02649124666927941
456 0.015048086041648515
457 0.03235359016503782
464 0.02696436753049659
485 0.029164519686003386
493 0.018312937041962324
496 0.018150208508511182
593 0.024340612138813847
628 0.018150208508511182
894 0.04526445044465965
937 0.024836009441401616
942 0.023775297051462155
956 0.02055834278477704
975 0.12624894454921873
978 0.04394397627179973
979 0.01394455594779038
1023 0.025144812679677903
1205 0.015209775399337055
1224 0.039461448341676274
1242 0.06643059071909127
1247 0.17833426996870144
1248 0.05685483655142155
1332 0.042770543142392266
1543 0.020626188832656833
1553 0.08561118111460618
1576 0.06652172584258736
1646 0.06652172584258736
1702 0.02696436753049659
1742 0.021402795278651545
1759 0.018312937041962324
1818 0.029164519686003386
1844 0.04334095362906355
1896 0.02856999484806505
1928 0.05493133973582546
1929 0.018646123387770684
1996 0.039875227810118416
2000 0.07265087521890427
2047 0.06224405918596279
2100 0.027603958750872213
2107 0.02979455905051048
2133 0.03760579757395997
2144 0.04458356749217536
2150 0.03277564740878585
2166 0.04030590083555079
2243 0.07420515450807068
2273 0.05685483655142155
2284 0.04334095362906355
2356 0.02172887354368065
2405 0.03727084804203802
2421 0.06652172584258736
2455 0.054431140895443174
2464 0.09295495809866643
2466 0.04599232690061794
2467 0.06224405918596279
2675 0.024937942834238433
2694 0.03175056752230164
2701 0.021476314907784573
2704 0.04647747904933321
2726 0.03760579757395997
2746 0.07383444529272469
2757 0.037179712918541934
2768 0.02579093440108912
2806 0.08281187625261663
2822 0.02368395428098311
2841 0.024836009441401616
2858 0.04526445044465965
2991 0.05065367307920088
3039 0.04458356749217536
3070 0.08788795254359946
3082 0.03214872889153895
3091 0.03727084804203802
3124 0.07383444529272469
3173 0.05920900639245003
3189 0.02979455905051048
3269 0.01899017640121885
3273 0.04075490579276529
3332 0.037519131200006675
3361 0.03973687000391911
3460 0.04334095362906355
3571 0.03663125682166239
3580 0.032562508359981084
3591 0.02635642162158439
3597 0.024340612138813847
3604 0.031180157035630363
3697 0.07389241260386749
3721 0.01870269201706073
3759 0.017272683811734853
3815 0.07383444529272469
3855 0.07383444529272469
3887 0.017989951896677514
3903 0.04496367920074628
3918 0.019141958641502626
4059 0.018422834119916333
4078 0.05158186880217824
4101 0.03238177629433298
4126 0.06224405918596279
4134 0.029318537371525056
4143 0.023414577329830308
4145 0.03491667820100955
4156 0.029012718159314797
4169 0.017125128622026968
4317 0.02800719346672623
4349 0.04075490579276529
4410 0.011532735558462976
4463 0.05685483655142155
4624 0.023702385548220524
4638 0.036946206301933744
4676 0.03993319512126121
4827 0.01321186322875546
4861 0.07343955748703458
4873 0.03415369347941997
4905 0.02579093440108912
4926 0.02162490925278373
5013 0.04596071734737062
5043 0.05330504635075528
5108 0.03465617054343177
5138 0.03867960745048061
5181 0.0437036004717321
5187 0.07383444529272469
5203 0.07383444529272469
5224 0.013908487454244882
5234 0.07383444529272469
5244 0.06224405918596279
5247 0.05114226856490343
5253 0.033215295359545635
5277 0.06652172584258736
5321 0.07383444529272469
5343 0.04761862028568812
5354 0.05656968340671302
5355 0.05920900639245003
5358 0.04853659240869565
5367 0.05685483655142155
5499 0.14766889058544938
5609 0.024937942834238433
5627 0.0235933955782898
5630 0.04458356749217536
5673 0.09523724057137624
5723 0.12448811837192558
5769 0.06024854827446292
5833 0.06350113504460328
5875 0.0996458860786369
5882 0.3740691425135765
6034 0.06672343260126852
6041 0.057431029457577755
6057 0.05449717814980221
6073 0.06652172584258736
6079 0.015625184340959677
6084 0.05894967376679261
6096 0.04853659240869565
6136 0.03830939318125778
6162 0.0120935681742212
6214 0.03405578537735302
6230 0.025249788909843744
6251 0.01619088814716649
6263 0.04030590083555079
6360 0.027602031981788948
6452 0.012184910944700245
6484 0.03081632704744116
6556 0.04954211710128422
6628 0.029318537371525056
6657 0.01767656180212863
6666 0.051229195895971656
6747 0.019467094847945562
6794 0.22162117433258974
6881 0.07383444529272469
6894 0.06652172584258736
7025 0.017322331075526238
7176 0.050360526189787674
7181 0.06643059071909127
7225 0.04761862028568812
7229 0.03012427413723146
7255 0.04526445044465965
7259 0.021476314907784573
7262 0.010598007863333812
7272 0.01197299515800898
7312 0.018043100745034502
7376 0.029164519686003386
7456 0.07383444529272469
7466 0.04458356749217536
7482 0.022645409141763356
7484 0.008354919773410636
7488 0.029958128591900692
7537 0.006241707122778666
7542 0.0120935681742212
7557 0.04075490579276529
7560 0.034401940793856035
7561 0.11153913875562581
7562 0.05493133973582546
7564 0.05920900639245003
7658 0.04171466024399337
7665 0.05920900639245003
7681 0.04677416779181361
7798 0.04030590083555079
7811 0.04954211710128422
7833 0.01601357264411031
7835 0.07347096994055513
7964 0.04599232690061794
8002 0.06652172584258736
8169 0.0518051518188166
8171 0.08254273638958952
8178 0.029958128591900692
8201 0.0259025759094083
8222 0.024054168550205934
8225 0.02601541146719807
8258 0.03518378168505171
8324 0.02167908400677414
8326 0.016883698770888647
8346 0.03727084804203802
8357 0.042770543142392266
8361 0.03491667820100955
8395 0.036946206301933744
8402 0.03235359016503782
8411 0.04222939765114689
8556 0.017223269088672975
8607 0.06652172584258736
8608 0.06224405918596279
8633 0.022811554687094122
8659 0.03344218634262796
8688 0.06652172584258736
8719 0.028426454891169142
8753 0.02248183960037314
8812 0.05065367307920088
8828 0.09584155976341475
8836 0.029958128591900692
8849 0.07383444529272469
8861 0.05685483655142155
8888 0.04677416779181361
8890 0.012685896417576215
8949 0.029633486851796408
8969 0.025355820195171835
9007 0.06652172584258736
9048 0.04526445044465965
9230 0.02396038994085369
9267 0.03619303740526279
9273 0.03074796284746936
9338 0.012876385956459749
9445 0.032352452943528495
9485 0.06350113504460328
9501 0.06652172584258736
9572 0.042770543142392266
9584 0.022241144200422842
9602 0.03465617054343177
9618 0.022811554687094122
9620 0.03136688800034327
9636 0.06512501671996217
9637 0.05368194805856528
9638 0.057431029457577755
9639 0.07383444529272469
9662 0.06652172584258736
9702 0.03830939318125778
9726 0.04677416779181361
9821 0.018533888030469552
9931 0.04954211710128422
9987 0.022811554687094122
10004 0.01752328999126428
10102 0.04458356749217536
10116 0.0259025759094083
10167 0.022320767401659076
10183 0.06058615624764528
10211 0.04075490579276529
10360 0.04526445044465965
10619 0.04419587039732228
10723 0.027343451093294436
10801 0.03415369347941997
10845 0.01965164808035925
10938 0.03830939318125778
10949 0.14766889058544938
10951 0.005899143778618126
11036 0.008418924160332807
11059 0.16479401920747638
11103 0.017125128622026968
11156 0.03367406433789774
11180 0.04171466024399337
11217 0.012847461965402394
11219 0.027343451093294436
11225 0.11385519298356694
11275 0.12448811837192558
11300 0.01893204939970686
11319 0.019841360510959978
11332 0.02001922325077781
11398 0.07383444529272469
11403 0.0518962869423127
11424 0.03155698366739251
11426 0.04853659240869565
11499 0.02979455905051048
11527 0.06652172584258736
11634 0.013381754566451562
11770 0.02169999870917746
11861 0.10185171183459407
11875 0.01887424090391096
11876 0.02979455905051048
11883 0.05685483655142155
11893 0.030119504928984884
11917 0.029164519686003386
11929 0.04238031480438704
11930 0.07238607481052559
11977 0.013519665341842926
12024 0.020357383869039
12029 0.022895619068815272
12030 0.023238739524666607
12051 0.0178844507766344
12052 0.02601541146719807
12089 0.02240099610833847
12137 0.025040870714900482
12159 0.03465617054343177
12204 0.008418924160332807
12227 0.032562508359981084
12265 0.006740787800737425
12303 0.05656968340671302
12304 0.1353798442359484
12341 0.04222939765114689
12342 0.07383444529272469
