99
210 0.04079372723976711
435 0.030746229565037156
450 0.04649607329883463
456 0.03493017250014845
740 0.09067514291143806
975 0.1758322247305326
1265 0.11266492899580771
1347 0.0529510223434021
1729 0.06288050000590893
1982 0.137438130080236
2278 0.043945771540833595
2317 0.3427744768855818
2333 0.09159936977137637
2356 0.025218931464573466
2373 0.023937764598424113
2623 0.12750865241772916
2630 0.020401672386930997
3279 0.09067514291143806
3300 0.06317378620761226
3301 0.06631772609548019
3361 0.030746229565037156
3442 0.03366008243227339
3581 0.14924963118019782
3589 0.13985115304935913
3661 0.086564139066091
3697 0.08576089715202342
3721 0.04341337872238223
3915 0.08651446753640359
4081 0.06893794089669796
4198 0.06317378620761226
4244 0.06631772609548019
4534 0.10060462057394488
4624 0.018339617268112264
4827 0.030667864361721853
4873 0.07927881336214387
5181 0.05072320490227393
5271 0.08978453184969322
5354 0.06565581809561485
5469 0.08502982479875124
5777 0.06631772609548019
5882 0.34732123776587426
6013 0.04250866509466251
6057 0.12650086052640444
6155 0.12238185264449795
6162 0.028072036623042515
6457 0.09067514291143806
6638 0.04547249902013495
6747 0.04518773877511648
6794 0.20577409851850575
6932 0.04079372723976711
7035 0.19407418003640714
7262 0.024600486852587502
7272 0.027792158089420392
7483 0.026971217359556134
7484 0.03878749604466827
7536 0.05090130827013172
7561 0.04315146066271416
7625 0.07415834234076045
7826 0.07195062264810426
7836 0.11266492899580771
8098 0.07214768095568083
8166 0.040209233978205514
8171 0.0383202490036638
8201 0.06012601484399161
8252 0.0881179461571502
8324 0.016774096539719
8329 0.0659845358518066
8374 0.07816548050352644
8385 0.0586107415768442
8502 0.14448320659900662
8514 0.0684180788109039
8662 0.08044518166138956
8890 0.029446970794726312
8905 0.06407532746598515
8942 0.024600486852587502
9388 0.22387444677029672
9445 0.06007816590057648
9575 0.02982200270509883
9637 0.06230425918086642
9658 0.041271578598838954
9987 0.1059020446868042
10088 0.15441268426151347
10392 0.026504744110217672
10447 0.1713872384427909
10619 0.10258908491750969
10801 0.07927881336214387
10899 0.0798550541871864
11067 0.030434262223409957
11150 0.10857392395265383
11434 0.11757917475522234
11494 0.1422408079695116
11607 0.07871582063325279
11852 0.1439012452962085
11861 0.0591054878004279
12030 0.05394261954882451
12137 0.058125792954966934
12175 0.060652682564780756
12303 0.1313116361912297
12304 0.1571243445550788
