233
68 0.03986460497472304
73 0.03204575569196316
111 0.0203089274879908
159 0.04699235217667736
234 0.03150732417620984
319 0.02490676206502898
326 0.046561711329571626
331 0.057698453723183295
344 0.030416662121784878
347 0.023605766569312174
390 0.016420950634366754
435 0.011488757625093812
450 0.017373906466123197
456 0.013052146274002422
464 0.023387882566589024
506 0.05398816586603263
615 0.051355674737220046
628 0.03148562225137025
671 0.0859419539920281
714 0.06776406435960965
732 0.04764538688006938
744 0.03441605656855099
774 0.07978404383483166
818 0.03458627925480806
846 0.05059242429890282
848 0.0986275119639546
942 0.02062180226539608
952 0.00942340557717704
1159 0.03458627925480806
1347 0.019785888231188018
1492 0.0646546755586606
1524 0.009903867410906571
1634 0.06991965781628579
1702 0.04677576513317805
1759 0.015883955761333786
1814 0.015696242598775705
1929 0.01617294911968879
2026 0.057698453723183295
2099 0.02296708678451319
2146 0.035756043549113825
2174 0.025429801321831765
2260 0.051355674737220046
2278 0.016420950634366754
2337 0.04834863119404061
2373 0.03577871881508063
2382 0.03176791152266757
2455 0.04721153313862435
2469 0.11277696011086644
2578 0.017831536611057058
2630 0.007623369516064307
2666 0.04721153313862435
2701 0.01862775125202799
2748 0.04906642482338832
2757 0.016124145293133406
2895 0.015931491950253153
2928 0.6478579903923916
3008 0.0646546755586606
3102 0.029838955074301926
3117 0.04209882253507707
3239 0.01244636438238291
3270 0.016124145293133406
3279 0.03388203217980482
3300 0.0944230662772487
3301 0.049561087140566285
3361 0.04595503050037525
3367 0.04209882253507707
3397 0.03261786045928801
3432 0.03989202191741583
3442 0.01257755940080583
3581 0.027884603454170962
3661 0.01617294911968879
3670 0.02038614900776825
3721 0.03244402926042172
3727 0.040570161426097456
3814 0.0568602994904645
3867 0.02842836909761162
3903 0.019499905712964977
4048 0.02005606144821579
4059 0.015979276371049282
4078 0.022370090615812216
4081 0.012879811693005684
4105 0.02542132555443219
4205 0.02490676206502898
4349 0.03534927899256531
4451 0.051924638026304176
4552 0.015931491950253153
4624 0.010279280779028701
4638 0.06409151138392633
4772 0.015287458689733403
4861 0.018199634804354672
5041 0.0265751311669369
5042 0.03261786045928801
5061 0.051355674737220046
5176 0.03989202191741583
5183 0.03051709458298355
5224 0.012063701137838827
5253 0.05761940653011979
5257 0.051355674737220046
5311 0.0450128957512568
5389 0.029454953454338472
5433 0.01901998397165158
5473 0.01754284718679786
5513 0.05398816586603263
5752 0.01942978509560425
5875 0.05761940653011979
5882 0.15141166372987652
6008 0.01409204659986895
6034 0.03858227107442799
6057 0.011817202844981603
6058 0.03177258030779501
6066 0.030310314337823975
6068 0.015789617855814314
6079 0.013552699726198271
6125 0.021367520230710785
6155 0.022864843309786238
6162 0.010489508124002154
6198 0.022179444224533062
6251 0.014043370021805005
6409 0.03129981972577202
6410 0.012643869080738597
6506 0.11539690744636659
6507 0.023387882566589024
6616 0.021992688848849255
6618 0.035756043549113825
6638 0.016991433656753645
6766 0.04297097699601405
6791 0.06372596780101261
6794 0.3652292229004097
6799 0.17574039609167488
6817 0.050974300970260934
6836 0.057698453723183295
6846 0.057698453723183295
6895 0.05398816586603263
6932 0.015243145306337507
6998 0.029207622295749486
7042 0.013443109245224771
7102 0.020006397594935783
7121 0.04788528007624862
7150 0.017486186350727666
7164 0.04393509902291872
7205 0.0164713678185923
7255 0.03926068913886339
7262 0.0275769453595124
7282 0.013966148502027553
7388 0.03989202191741583
7496 0.028617049922179644
7537 0.010827646006344229
7580 0.01936019772003667
7625 0.027710299216674034
7826 0.08065606185923792
7835 0.015931491950253153
7956 0.022179444224533062
8036 0.052550162946649534
8098 0.013479493769456806
8112 0.01942978509560425
8166 0.015024741244747536
8171 0.014318895655321762
8200 0.028617049922179644
8201 0.022466924279096648
8225 0.02256479361617411
8252 0.01097549997883068
8324 0.0438751263409317
8326 0.014644288010709182
8339 0.05377070790615861
8352 0.040928055479739295
8374 0.05841524459149897
8380 0.021992688848849255
8402 0.056124584901288695
8437 0.03204575569196316
8438 0.026423876553185045
8495 0.05723409984435929
8514 0.025565369664932176
8617 0.0450128957512568
8648 0.04297097699601405
8819 0.028617049922179644
8836 0.025984558793367057
8890 0.01100327145929244
8949 0.05140595341199983
8956 0.027206463945489336
9097 0.03534927899256531
9099 0.03102460564363654
9267 0.03139248519755141
9273 0.02666963144695023
9316 0.05398816586603263
9338 0.0335054848541679
9388 0.11153841381668385
9580 0.04532744204127765
9628 0.027206463945489336
9631 0.05761940653011979
9637 0.13968513398871488
9638 0.09962704826011592
9675 0.013589523501398276
9987 0.039571776462376036
10064 0.030998821373279726
10298 0.019570567807635154
10312 0.03519972210432213
10318 0.017115959816213156
10390 0.057698453723183295
10392 0.009903867410906571
10449 0.05398816586603263
10480 0.03989202191741583
10571 0.0445485418724328
10597 0.06204921128727308
10702 0.03322813293904255
10723 0.023716685452086442
10749 0.01062193729184416
10845 0.017045103580625776
10881 0.019785888231188018
10970 0.057698453723183295
11049 0.026728927993731496
11080 0.01257755940080583
11217 0.022286814729528835
11225 0.032917910152900146
11266 0.03422738244013421
11300 0.016420950634366754
11310 0.025984558793367057
11319 0.00573655101270041
11332 0.017363924517568585
11494 0.0265751311669369
11562 0.04764538688006938
11607 0.029413264563150573
11861 0.02208559011164837
11875 0.03274161942014229
11893 0.009330189494474098
11930 0.06278497039510282
11977 0.011726451399128469
12006 0.019369065287771457
12086 0.03759232003695548
12204 0.02190677857096282
12228 0.0450128957512568
12265 0.02338682756962694
12303 0.09813284964677664
12304 0.11742340684581093
