298
6 0.03305485056308503
68 0.021589842974937906
79 0.02151023086840463
88 0.0350156308783726
107 0.040182545603800676
132 0.02233668052411014
201 0.02216578570482266
214 0.026312509639274333
230 0.019188115732302856
326 0.15130114098267033
330 0.02089535753939015
344 0.01647303314425078
347 0.025568786840237806
390 0.03557298469857954
432 0.03669961134182097
435 0.024888291080287492
450 0.01881869456389686
493 0.01720484178511237
495 0.0242303539210662
576 0.02067427058925205
674 0.012636610888021503
677 0.022598677821609164
711 0.014443719071196485
714 0.03669961134182097
902 0.05160750605069861
932 0.03533031299023209
937 0.023333210398406117
952 0.01020704190242988
975 0.023721952535844925
1004 0.043943915421347395
1143 0.025568786840237806
1159 0.03746242255113911
1188 0.04654437922622649
1279 0.1169554821166914
1297 0.05562633590131389
1413 0.01846254892181176
1417 0.05007961785219755
1524 0.010727458224239596
1530 0.03331231059615359
1536 0.015211195686096312
1587 0.023821567987160123
1663 0.031418637199197526
1742 0.02010773616949496
1895 0.01599755402267023
1971 0.04286834690684566
2086 0.02135289972413877
2107 0.027991723738612917
2110 0.026442075588506492
2143 0.0584777410583457
2167 0.020529572340935155
2230 0.12962814853365134
2243 0.023238361311200693
2260 0.05562633590131389
2266 0.015466445516463045
2278 0.01778649234928977
2326 0.04252554937561122
2356 0.01020704190242988
2358 0.03208709183809215
2373 0.029065517702426966
2428 0.06118437508698404
2455 0.025568786840237806
2525 0.030203445406053207
2566 0.03599133481739836
2620 0.0350156308783726
2630 0.008257317532488618
2652 0.053414614233873586
2658 0.027991723738612917
2665 0.03099680102775733
2675 0.023428975916103177
2677 0.018232034951488896
2701 0.020176807208424186
2705 0.038756242614995225
2748 0.053146715385753496
2756 0.10227514736095122
2757 0.01746500511943191
2936 0.026573357692876748
2938 0.023525675746283867
2950 0.03786703603540442
3052 0.062496570908960984
3053 0.053414614233873586
3070 0.2064248780609667
3071 0.1169554821166914
3164 0.04875610089366679
3300 0.05113757368047561
3332 0.017624445350624608
3361 0.09955316432114997
3442 0.013623490444394579
3447 0.044737271043051516
3449 0.031418637199197526
3581 0.030203445406053207
3653 0.039190552993935174
3661 0.017517867399270127
3670 0.022081430693743406
3681 0.03872946269603777
3691 0.062496570908960984
3730 0.039674144218579406
3741 0.031418637199197526
3750 0.03669961134182097
3765 0.01784110215121096
3790 0.034710632845422494
3814 0.04105914468187031
3903 0.06336446619289747
3965 0.03384820618478915
4025 0.016088906318879683
4037 0.05160750605069861
4048 0.04344778709205739
4059 0.034616178228565164
4078 0.0242303539210662
4079 0.06464063597257616
4081 0.013950877585521278
4105 0.0137676624986745
4143 0.021997787547782807
4317 0.026312509639274333
4320 0.03093289103292609
4356 0.013376127952715942
4382 0.02233668052411014
4451 0.11248522665449394
4561 0.06936680591660807
4624 0.018556817345047903
4772 0.04967622272536825
4820 0.01887931648972791
4861 0.024641361545936272
5061 0.05562633590131389
5174 0.04654437922622649
5181 0.06158871702280547
5222 0.05007961785219755
5224 0.013066900496200365
5252 0.026058350739949953
5253 0.031205475134726095
5293 0.03099680102775733
5340 0.02465672735693687
5354 0.026573357692876748
5433 0.02060165741485044
5473 0.019001684142434087
5752 0.04209107397571036
5882 0.23428975916103179
5939 0.0584777410583457
6001 0.07670636052071342
6008 0.022895880203473055
6013 0.03440968357022474
6036 0.03255916457919105
6057 0.0639995188684081
6058 0.06882948120909248
6089 0.040182545603800676
6091 0.04559969770368486
6155 0.024766249509701757
6162 0.03408539983152541
6251 0.015211195686096312
6280 0.01970312268522965
6300 0.04128497561219334
6334 0.0584777410583457
6409 0.03390266595902606
6410 0.013695314338215905
6437 0.024988992680743578
6452 0.02289523133169554
6506 0.062496570908960984
6554 0.027991723738612917
6620 0.08011920607713596
6747 0.01828916279825698
6766 0.04654437922622649
6778 0.04033852580644991
6791 0.01725633101246314
6793 0.0584777410583457
6794 0.31231668889752556
6799 0.04758867620008333
6817 0.055213247661827836
6836 0.062496570908960984
6899 0.03669961134182097
6926 0.053414614233873586
6932 0.09906445494191929
6947 0.05007961785219755
6948 0.07657774441368922
6952 0.013840542635677303
6998 0.03163648451734885
7025 0.016274176273355936
7176 0.01182831682494362
7206 0.027840397837775397
7244 0.05007961785219755
7262 0.1095240773880509
7272 0.011248522665449394
7282 0.01512755254013571
7293 0.04654437922622649
7335 0.062496570908960984
7426 0.039190552993935174
7466 0.041885865886019696
7484 0.007849372959643719
7500 0.2923887052917285
7542 0.011361799943841806
7558 0.026573357692876748
7625 0.030014646288650127
7826 0.0873632994292538
7833 0.015044609345022848
7835 0.01725633101246314
7895 0.05007961785219755
7952 0.008112619284171719
7956 0.02402385366079444
8092 0.016043124925821564
8098 0.01460042832727195
8171 0.015509633619544739
8200 0.03099680102775733
8201 0.048670480254158
8222 0.04519735564321833
8225 0.024441248131969726
8252 0.02377641231008184
8324 0.06110192093076871
8326 0.01586208511693266
8338 0.039190552993935174
8339 0.029121099809751264
8352 0.02216578570482266
8374 0.2530918761387908
8381 0.05562633590131389
8454 0.044737271043051516
8502 0.0584777410583457
8514 0.027691347600815465
8606 0.0584777410583457
8633 0.04286250625605142
8741 0.03872946269603777
8763 0.031205475134726095
8811 0.0289516657013905
8819 0.06199360205551466
8836 0.028145395870725513
8890 0.011918287070315567
8936 0.06371845537678135
8949 0.11136159135110159
8972 0.07635024893592296
9008 0.04128497561219334
9267 0.0340030373529573
9273 0.014443719071196485
9332 0.03232031798628808
9338 0.03629175090330471
9388 0.030203445406053207
9433 0.01736011891341911
9438 0.027257191161815967
9485 0.029829376334173874
9496 0.04252554937561122
9628 0.05893782565851252
9631 0.06241095026945219
9636 0.09177656263047605
9637 0.12608428415222528
9638 0.24280174059427848
9663 0.03305485056308503
9703 0.04559969770368486
9726 0.043943915421347395
9865 0.02089535753939015
9987 0.02143125312802571
10040 0.04875610089366679
10064 0.033576637033359086
10292 0.06936680591660807
10298 0.02119802697982978
10318 0.018539297456061466
10321 0.023333210398406117
10331 0.062496570908960984
10364 0.06202281176775616
10392 0.021454916448479192
10429 0.031418637199197526
10490 0.02412656602011023
10495 0.04875610089366679
10501 0.02697797117714205
10597 0.016802282742553097
10619 0.041521627907031906
10624 0.031205475134726095
10679 0.039190552993935174
10702 0.03599133481739836
10749 0.011505241723376481
10780 0.043943915421347395
10881 0.02143125312802571
10912 0.05562633590131389
10951 0.005542193212710309
10963 0.02031641027646373
11106 0.053034501551710016
11115 0.04875610089366679
11142 0.023821567987160123
11154 0.02697797117714205
11179 0.0632729690346977
11217 0.02414015293652881
11242 0.04252554937561122
11249 0.028145395870725513
11494 0.028785079360317035
11499 0.027991723738612917
11607 0.031859227688390675
11787 0.06936680591660807
11846 0.026058350739949953
11861 0.02392219478013992
11875 0.01773218178066144
11893 0.008084859287674826
11929 0.01327197651478052
11930 0.0340030373529573
11974 0.028785079360317035
11977 0.025403211146424607
12006 0.010489883905772015
12030 0.06549776847228496
12105 0.019506845895668597
12180 0.04063282055292746
12204 0.015819009025967244
12265 0.012665820600263009
12303 0.13286678846438374
12304 0.16958421583863825
12341 0.039674144218579406
