130
84 0.028377853353646686
117 0.03795132037071297
210 0.022263125403761498
344 0.011106139014819962
432 0.04948584535500428
634 0.05284463714810413
677 0.030472112238238966
712 0.04948584535500428
769 0.028289170036056598
788 0.04457124104019024
952 0.01376320017155341
956 0.02604355779175551
975 0.06397347719973576
1188 0.0627605543579425
1222 0.15770305705802573
1373 0.03619281572086156
1405 0.09353437011601715
1424 0.0627605543579425
1524 0.014464930807919815
1536 0.020510813326491236
1553 0.05422664089027823
1587 0.03212106031714273
1736 0.03212106031714273
2003 0.0627605543579425
2113 0.047639480121311126
2358 0.04326631281738423
2495 0.05222290186693394
2701 0.027206456002328686
2756 0.03447701447587851
2958 0.06574284524336506
3173 0.8250735555434068
3269 0.024056985612040352
3361 0.03355943233507629
3442 0.018369947710003123
3867 0.0415205873541997
3903 0.028480266869119895
4060 0.07885152852901287
4277 0.07202439598215987
4451 0.015167535370064485
4501 0.09353437011601715
4552 0.023268478783708677
4606 0.09353437011601715
4624 0.005004411544662082
4772 0.022327846587728538
4861 0.013290588779717005
4941 0.016441346236855694
5312 0.025788980601824253
5351 0.036377162069356477
5687 0.04390285685172697
5802 0.012461451985255377
5882 0.06318337642389181
6008 0.01029095355136762
6034 0.02817535101941157
6057 0.03451884287295101
6068 0.023061266906332964
6074 0.058223593745752804
6230 0.03198673859986788
6280 0.026567738637080954
6729 0.046017504601251154
6753 0.07885152852901287
6794 0.11230095581208825
6932 0.022263125403761498
6947 0.06752747873510843
6948 0.05162880857777007
6952 0.018662621413594687
7025 0.021944138940393813
7026 0.0905496383761689
7426 0.05284463714810413
7536 0.027779325055857146
7542 0.03064055745651688
7552 0.018466795223436763
7561 0.07064956637399218
7589 0.029550029522503497
7835 0.06980543635112603
7861 0.027489821352816423
7952 0.01093907560985706
7956 0.09718146843707194
8324 0.009154442118113693
8326 0.021388474220977866
8374 0.0853174256163026
8444 0.03324719124628581
8447 0.028480266869119895
8586 0.031722078498578825
8633 0.05779590787376496
8635 0.06416868694200857
8828 0.030353312359383742
8836 0.03795132037071297
8853 0.061486743491151304
8912 0.11133752341960097
8949 0.03754006027992965
8972 0.034316953899669406
8978 0.05106000365636077
8988 0.03324719124628581
9027 0.020567564572574852
9267 0.022924889208995478
9338 0.005437320593991407
9461 0.0695876869047955
9637 0.06800494238633374
9638 0.07275432413871295
9703 0.061486743491151304
9978 0.04948584535500428
9987 0.02889795393688248
10141 0.029111796872876402
10178 0.06752747873510843
10191 0.039499400813316016
10211 0.05162880857777007
10280 0.0415205873541997
10508 0.040222003730786916
10515 0.044232871109507785
10619 0.018662621413594687
10988 0.015829106443382153
11003 0.054182242400320296
11080 0.018369947710003123
11217 0.032550641039130516
11257 0.03754006027992965
11319 0.008378425319328676
11497 0.014286013833780031
11813 0.046803901904147016
11861 0.06451349145996467
11875 0.07173035135699318
11883 0.07202439598215987
11893 0.010901643962941082
11985 0.06574284524336506
12007 0.037744108493337265
12030 0.02943911686628546
12078 0.028583471230379943
12265 0.03415724671746582
12291 0.03400247119316687
12303 0.07166316052259664
12304 0.028583471230379943
