75
84 0.0557492665779061
103 0.05805204687983719
111 0.058271761981325866
475 0.1655523446049051
769 0.02778752257885581
1664 0.055549601726654
1736 0.06310292508983151
2105 0.05963012357410338
2373 0.025664685986273934
2455 0.06773127786915863
2460 0.07901750637516143
2464 0.11566831032240686
2806 0.06869785823653903
3405 0.10509612767629777
3765 0.04726077364742403
3790 0.09194787116641272
4025 0.042619236935402705
4097 0.07759792815076126
4244 0.07110202828530915
4320 0.04097034894417454
4451 0.059594287287194236
4624 0.029494014553401598
4638 0.09194787116641272
4827 0.032880309499118736
5181 0.05438248507632127
5244 0.30981306649640644
5253 0.0826627684995631
5257 0.1473532098850257
5389 0.04225708220872794
5627 0.058716786218379856
5882 0.18618886627809797
6057 0.06781345119037009
6629 0.10936319241436863
6673 0.08894393570677421
6794 0.2206190808198405
6867 0.0515022520900718
6925 0.1185082638084445
7176 0.0313330084293999
7259 0.05344801628975178
7272 0.029797143643597118
7415 0.252123174343244
7482 0.056357536285628895
7537 0.031067421520552443
7561 0.09252899811960875
7765 0.36750295864956883
8151 0.30981306649640644
8169 0.06446363377968373
8171 0.04108475348861952
8324 0.017984215636562547
8888 0.11640667837154227
8942 0.02637521843717533
9291 0.1123064199032932
9292 0.10266462206919294
9338 0.032045408595891466
9474 0.126061587171622
9729 0.1144609141718623
9850 0.12079281724299393
9987 0.05677102201869987
10318 0.032740187357902455
10364 0.05476578825473054
10392 0.02841685287439337
10476 0.06679902130834844
10707 0.36750295864956883
10951 0.014681174779239374
11003 0.10644287422734246
11067 0.03262985480436869
11225 0.09445031631959593
11497 0.05613072867985003
11736 0.036278652825538056
11769 0.1144609141718623
11893 0.016062490206363418
11930 0.04503673142059623
11957 0.043110013867677405
12030 0.05783415516120343
12303 0.1407847376614947
