136
8 0.07182460541557567
210 0.03851198403822458
344 0.019212012720944548
374 0.02617205364701399
547 0.040985108778487
593 0.05334005582374058
674 0.029475413180362096
769 0.04893616889473926
975 0.27666213616728785
979 0.06111624378635362
1029 0.05131074168306852
1249 0.10856667353878512
1536 0.03548073781713388
1742 0.09380423864746713
1745 0.0824094041042085
1759 0.04013099911145121
1787 0.08027379396286898
1838 0.07594558677823818
1929 0.040861144195057646
2337 0.06107668973150677
2373 0.022598837382689474
2456 0.05420443086773124
2469 0.09497743412713776
2480 0.05398528856898336
2492 0.09141357223859074
2545 0.16180091984411268
2675 0.054649047251625595
2748 0.06198344671114027
2809 0.07960362125898468
3112 0.05334005582374058
3195 0.07045077518829214
3361 0.029026479862570644
3390 0.06915402377097381
3397 0.0824094041042085
3427 0.12037662451839119
3442 0.03177735022195626
3472 0.04822358409393284
3581 0.07045077518829214
3591 0.05775750390301662
3606 0.09497743412713776
3701 0.09141357223859074
3721 0.040985108778487
3730 0.09254156860431707
3784 0.08832641464945507
3897 0.06753094768607
3965 0.07895232919266969
4134 0.0642486890284009
4446 0.04856609909071641
4451 0.026237640469492996
4552 0.04025109984605088
4600 0.07135753216792563
4624 0.017313815022231335
4861 0.045981589166864074
4931 0.04822358409393284
4951 0.09770050010624044
4995 0.12782234885895605
5253 0.07278805062815209
5378 0.16180091984411268
5380 0.05398528856898336
5842 0.03442750090028082
6008 0.017801859879090415
6258 0.07399792822090523
6281 0.04891376488164374
6794 0.29139659454429845
6934 0.05210122344987196
6982 0.04771914213142386
7178 0.09919258808199975
7262 0.023224491143722523
7272 0.05247528093898599
7482 0.04962518530283626
7496 0.07230130971498701
7537 0.027356173662827
7542 0.02650186436735221
7707 0.08738263710239369
7733 0.09254156860431707
7823 0.07230130971498701
7952 0.018923017215209507
8092 0.037421246889939995
8222 0.05271234289197192
8252 0.02772972844525231
8376 0.0660143818473373
8398 0.1007876576953761
8560 0.06167722581822912
8836 0.13130058047460866
8942 0.023224491143722523
8969 0.05556478435932643
8972 0.059363362369654615
8988 0.05751282784295977
8999 0.1007876576953761
9049 0.1663349662950634
9117 0.06832824529591182
9338 0.009405777496592058
9582 0.04822358409393284
9595 0.08096397475057986
9637 0.058819352813337916
9752 0.16180091984411268
9770 0.16180091984411268
9937 0.11372560504070851
9987 0.09997855382573848
10110 0.10380210951721129
10276 0.12715703264903322
10318 0.014414557231982768
10334 0.04626867313975482
10392 0.025022236289182914
10410 0.08738263710239369
10619 0.03228363336040645
10628 0.05420443086773124
10749 0.026836448201307154
10933 0.11681276262984419
10951 0.012927392978831494
10954 0.16180091984411268
10959 0.04347628375213374
10960 0.036379659060573506
11011 0.074418282741719
11067 0.08619588600527671
11101 0.10885134050764818
11190 0.10250098505722827
11194 0.06325057693360746
11319 0.043480388711585695
11472 0.10435151958392312
11494 0.06714237821306362
11497 0.024712735824747912
11736 0.06388976480022864
11762 0.32360183968822537
11833 0.09629889889733703
11893 0.014143699413613967
11929 0.030957429563969668
11930 0.03965673962137105
11960 0.05556478435932643
12016 0.07182460541557567
12124 0.07770233075269718
12180 0.047388860236898665
12186 0.06942004360392717
12196 0.08476255276090805
12265 0.014771773016093314
12304 0.04944526735655254
