34
456 0.09312386083573496
744 0.12277505917889661
1029 0.14489921407651676
1413 0.12161263139798825
1458 0.20555016326457076
1814 0.11198883928567074
2373 0.06381809477673653
2748 0.17503845042180596
3591 0.08155228952118285
3725 0.15003366413401548
3749 0.18143539228422
4081 0.09189429588901883
6008 0.050271647241295875
6149 0.2801153829362828
6794 0.27429693503452784
6817 0.12122970966107148
7272 0.07409391013551193
7660 0.11972009398958025
7826 0.19182040313422627
8166 0.10719784190249852
8252 0.07830749910204772
8324 0.04471975143562021
8352 0.14600581631406004
8447 0.13912704223527356
8836 0.18539345071325686
8901 0.3851923154507597
8972 0.33527890146015205
10228 0.22863860324476967
11101 0.15369563149326024
11249 0.18539345071325686
11300 0.11715945328555696
11319 0.040928883799583156
11813 0.22863860324476967
12304 0.13963119894117365
