228
88 0.04017946272214996
114 0.09344655794884166
186 0.0416981616278511
210 0.018945617878744818
214 0.030192873115715526
230 0.022017829221821907
313 0.029203262504903755
335 0.025337827683093162
344 0.00945117372637392
374 0.025750204248432974
435 0.028558621923789964
493 0.019742077518082938
496 0.019566649659928072
503 0.04672327897442083
554 0.04672327897442083
627 0.040913481738208655
628 0.019566649659928072
754 0.07959648084485692
931 0.029901232846363302
938 0.012842928560145815
958 0.022533214686964006
979 0.04509836469907227
996 0.04737336146696574
1023 0.027107112308768305
1077 0.07959648084485692
1261 0.04879688536275004
1272 0.33161353026876017
1335 0.032475170631039184
1347 0.024591767006497792
1431 0.06382967359577414
1465 0.3006804552151824
1524 0.03692838001303676
1541 0.05746496887693389
1543 0.022235855335703915
1553 0.06921920430238997
1554 0.04879688536275004
1587 0.027334586837743854
1595 0.02906866510780622
1596 0.03510368450199649
1628 0.053408380861156006
1632 0.0212523610720761
1729 0.029203262504903755
1770 0.04444098145909717
1816 0.03580741495870422
1933 0.033814758003309714
1971 0.049190235997365814
1985 0.04879688536275004
2090 0.06710158172190957
2154 0.026665373394827017
2253 0.036052012500098124
2356 0.04684918698699335
2362 0.029758169987531828
2373 0.011117291104280025
2450 0.023976841720663625
2462 0.07959648084485692
2466 0.04958156525239249
2541 0.02563071976548
2586 0.04672327897442083
2644 0.021524789601531688
2658 0.06423944919861398
2701 0.023152325197248146
2847 0.06710158172190957
2900 0.07935232670860796
2933 0.03144051700169217
3239 0.015469514908462377
3300 0.029339471885182277
3314 0.04806286634669135
3323 0.03764157361207322
3361 0.014279310961894982
3442 0.015632576444430425
3599 0.028168608875556736
3675 0.06382967359577414
3685 0.07959648084485692
3725 0.026136285099937644
3748 0.053408380861156006
3759 0.018620642989993375
3797 0.03533345690901086
3884 0.05594626997123275
3887 0.01939388663200109
3918 0.03095369386810181
4025 0.018461572602390692
4051 0.052324385083638555
4059 0.01986055095721547
4161 0.0416981616278511
4352 0.07959648084485692
4381 0.06395957664108709
4410 0.02486549905883699
4440 0.06389216467229962
4453 0.27041506389879993
4506 0.06382967359577414
4616 0.11948845788207363
4699 0.022994359500755502
4754 0.061291784485697394
4791 0.029339471885182277
4827 0.014242916219431868
4861 0.016965166289826642
4959 0.061291784485697394
5053 0.06710158172190957
5108 0.03736073595298172
5224 0.014993904956469156
5345 0.04958156525239249
5351 0.030956471725338042
5370 0.03533345690901086
5380 0.02655756834772723
5598 0.20927077406411032
5601 0.053408380861156006
5769 0.032475170631039184
5777 0.06159919096421374
5842 0.016936293802196245
5882 0.05376819670672562
6008 0.008757461949128745
6057 0.02937506728398833
6067 0.06382967359577414
6093 0.06710158172190957
6119 0.05106449722166447
6199 0.0416981616278511
6214 0.03671349676560975
6233 0.36886682950869326
6380 0.07959648084485692
6409 0.019451183213202463
6616 0.05466917367548771
6631 0.050424420958466505
6638 0.021118555442691957
6673 0.03852825730037831
6695 0.1421200844008972
6794 0.07167494312840811
6867 0.02230946949117413
6943 0.07959648084485692
7028 0.053408380861156006
7035 0.022533214686964006
7150 0.021733480728526124
7176 0.013572664636099498
7208 0.02563071976548
7230 0.029339471885182277
7282 0.017358445874501315
7312 0.038902366426404926
7425 0.022994359500755502
7482 0.024412655473067178
7488 0.03229605909760857
7537 0.006728809561279567
7542 0.013037349487884889
7553 0.04806286634669135
7558 0.030492189003590534
7671 0.06710158172190957
7831 0.07959648084485692
7835 0.01980115997466122
7854 0.02947733232844033
7986 0.05186270875753664
8092 0.018409039726940402
8098 0.10052151299071103
8169 0.02792401133416283
8324 0.04674183676840794
8329 0.030644853675836914
8417 0.10266954894565357
8515 0.020223560941218785
8556 0.03713474388998919
8577 0.0363019862398027
8580 0.07959648084485692
8682 0.032475170631039184
8723 0.026665373394827017
8753 0.024236320974765597
8828 0.02583025729253208
8880 0.03229605909760857
8893 0.037929521835519155
8986 0.020855576158614848
9118 0.10084884191693301
9338 0.004627086107172816
9379 0.07959648084485692
9433 0.03984050740977149
9445 0.013950894549525073
9474 0.05460668259896222
9537 0.04737336146696574
9548 0.04552497723661462
9563 0.020920753112426277
9575 0.013850077103984731
9580 0.028168608875556736
9598 0.07959648084485692
9614 0.024412655473067178
9638 0.030956471725338042
9682 0.10921336519792443
9906 0.03465761370938372
9987 0.024591767006497792
10004 0.018890806460300943
10063 0.039829485960691205
10105 0.05186270875753664
10132 0.03510368450199649
10216 0.03034154643950387
10253 0.07171307722031553
10312 0.04374953272598088
10321 0.05354842016968467
10364 0.023723150593341562
10451 0.15919296168971384
10587 0.07171307722031553
10637 0.06710158172190957
10757 0.05594626997123275
10808 0.11208220785894515
10848 0.026344976226932083
10909 0.08235015985340839
10951 0.031797562974452374
10960 0.017896640132498774
10988 0.013470354974851238
11101 0.08032263025452702
11145 0.02563071976548
11156 0.0363019862398027
11249 0.03229605909760857
11319 0.03564963176706142
11416 0.04958156525239249
11419 0.04958156525239249
11629 0.028926104789121797
11634 0.014426065866632743
11677 0.08994013950797307
11736 0.031429984730639036
11745 0.04672327897442083
11764 0.08487872697163044
11812 0.05311513669545446
11893 0.009277151209735856
11988 0.04879688536275004
11990 0.07959648084485692
12006 0.02407370016068871
12007 0.03211972459930699
12021 0.06756136328495706
12052 0.028045652571916088
12075 0.07959648084485692
12175 0.028168608875556736
12177 0.013955876446588631
12204 0.0907593648202384
12275 0.021524789601531688
12281 0.07959648084485692
