404
84 0.015242674052632781
106 0.01793747857326747
152 0.02838458460687942
159 0.018432759386455413
214 0.019057390085587524
215 0.04460413348584761
230 0.027794795063720065
236 0.013163796926219854
319 0.019539364640199026
326 0.1461107234356402
335 0.015992941918030558
336 0.023940672708058976
337 0.015992941918030558
344 0.029827354253413717
390 0.012882242233891356
435 0.018025869754845932
450 0.013629836458868413
456 0.01023941388764584
457 0.022014879469336036
495 0.01754934489017212
496 0.012350241522499797
587 0.012535748600531098
637 0.029901514363387595
674 0.009152331965072485
747 0.04028854703851414
769 0.015195039339496239
788 0.023940672708058976
836 0.02742599953425058
932 0.025588724364618304
938 0.008106307023979006
942 0.016177811991363214
996 0.029901514363387595
1029 0.015932361605380425
1068 0.020968854528242563
1100 0.028734835751158573
1101 0.03371074836137058
1188 0.06742149672274116
1190 0.04526445964872614
1222 0.04235373736488659
1262 0.04526445964872614
1275 0.026851394991898522
1279 0.08470747472977318
1308 0.016431952670542135
1347 0.015522037102615863
1355 0.031295306890718966
1363 0.022302066742923805
1374 0.03223131628937718
1379 0.03627121950093098
1413 0.01337189046582003
1417 0.07254243900186196
1524 0.015539175761557358
1543 0.014035013077262747
1553 0.014563452029987023
1586 0.021091570754900594
1587 0.017253273055491587
1622 0.02568581331810452
1663 0.02275561066850677
1681 0.05024037225893814
1729 0.018432759386455413
1736 0.017253273055491587
1742 0.014563452029987023
1814 0.012313708494815813
1818 0.019844888384667223
1971 0.01034943480658652
2000 0.09887003285430165
2080 0.020370058702860575
2081 0.029901514363387595
2110 0.019151230957103676
2121 0.030336721818090127
2143 0.04235373736488659
2150 0.022302066742923805
2154 0.016830873319523862
2177 0.02072954155310381
2183 0.02275561066850677
2227 0.015242674052632781
2243 0.0841543665976193
2266 0.01120189938115121
2274 0.022601223547332374
2278 0.0901756956372395
2291 0.05024037225893814
2356 0.022177996149504678
2369 0.05024037225893814
2373 0.0070171047471139485
2377 0.023074717623170683
2464 0.031625426856502485
2483 0.05676916921375884
2525 0.02187548238168652
2596 0.033937859935075906
2650 0.0173261541327118
2665 0.022450086924038576
2670 0.05661993042621612
2677 0.01320493586084904
2690 0.03868666097158258
2701 0.01461347818676708
2705 0.014035013077262747
2717 0.037377824754674584
2757 0.0379481949807251
2782 0.028734835751158573
2791 0.03627121950093098
2822 0.01611565814468859
2889 0.0260674833651126
2938 0.017038966859124035
3005 0.10593790328490639
3037 0.06480382428892516
3041 0.07254243900186196
3052 0.04526445964872614
3070 0.029901514363387595
3071 0.08470747472977318
3112 0.01656247852904142
3120 0.021472831556239132
3160 0.037377824754674584
3164 0.03531263442830213
3168 0.03182730760211053
3173 0.04028854703851414
3269 0.012921794534754191
3283 0.02713294968422702
3287 0.030800026077531028
3361 0.13519402316134446
3362 0.018783010530734563
3389 0.02492560175317559
3441 0.025139907949543138
3449 0.02275561066850677
3484 0.020056042561468587
3548 0.038685349908763364
3581 0.02187548238168652
3591 0.017934128555204328
3597 0.01656247852904142
3599 0.01777969805829477
3605 0.03811478017117505
3670 0.015992941918030558
3681 0.028050630233382688
3691 0.04526445964872614
3695 0.02838458460687942
3721 0.0254523537207095
3805 0.016496918946027127
3814 0.13382078197009697
3819 0.015992941918030558
3878 0.017702089470566756
3891 0.01168604175231147
3897 0.020968854528242563
3903 0.030595367409085934
3916 0.05024037225893814
3965 0.024515277250411027
4048 0.007866994048840255
4081 0.010104217341044582
4115 0.03627121950093098
4134 0.019949689142963585
4317 0.019057390085587524
4322 0.05024037225893814
4361 0.04028854703851414
4381 0.01345684677624341
4410 0.015694813587992514
4451 0.09776375751041609
4503 0.025824113467319026
4504 0.029901514363387595
4600 0.04431407414803004
4624 0.013440166359643664
4655 0.03139005357048173
4690 0.02773152327871877
4772 0.011993017357325952
4820 0.01367374316727974
4827 0.02696988881877286
4861 0.03212464649650721
4926 0.014714588653280822
4941 0.00883118531031056
4965 0.021091570754900594
5013 0.0156368991441943
5051 0.01587228824689502
5066 0.024318587564593687
5155 0.025139907949543138
5181 0.05947590309782087
5222 0.03627121950093098
5224 0.009463978289397226
5354 0.03849262958035094
5373 0.024515277250411027
5385 0.08415189070014807
5473 0.02752474104142321
5609 0.016968929967537953
5652 0.10048074451787628
5882 0.20362715961045547
6001 0.018518733161900218
6008 0.011055216102462729
6013 0.012460969544703032
6034 0.015133903419520516
6041 0.019539364640199026
6046 0.03868666097158258
6057 0.05562360168995917
6066 0.011889226762184233
6079 0.02126419653569733
6084 0.12033625536881153
6090 0.03240191214446258
6091 0.03302654284359469
6114 0.03509868978034424
6122 0.019057390085587524
6146 0.022913391183479476
6155 0.01793747857326747
6162 0.00822902325063704
6252 0.02027359631475497
6258 0.011488449706559982
6360 0.018781699467915355
6409 0.012277360445279583
6410 0.009919120268883573
6437 0.01809880501295868
6455 0.05024037225893814
6484 0.020968854528242563
6511 0.06742149672274116
6570 0.03811478017117505
6584 0.010104217341044582
6616 0.051759819166474756
6658 0.04028854703851414
6729 0.024717508213575413
6747 0.013246311908802445
6766 0.03371074836137058
6793 0.04235373736488659
6794 0.2714423391226185
6799 0.03446710247083504
6817 0.0666489319471229
6818 0.024717508213575413
6835 0.03446710247083504
6892 0.026851394991898522
6923 0.032993837892054255
6926 0.03868666097158258
6932 0.07174952094369402
6934 0.016177811991363214
6947 0.07254243900186196
6952 0.010024304926452557
7005 0.03302654284359469
7025 0.02357383083672368
7042 0.01054612449240386
7163 0.0260674833651126
7176 0.008566907941476212
7181 0.022601223547332374
7206 0.020163995339331133
7229 0.06149384913848361
7259 0.01461347818676708
7262 0.0937478727699417
7269 0.02492560175317559
7272 0.008146979792534674
7297 0.05024037225893814
7312 0.012277360445279583
7322 0.09052891929745228
7328 0.022601223547332374
7430 0.04526445964872614
7457 0.04235373736488659
7460 0.03240191214446258
7466 0.030336721818090127
7491 0.05024037225893814
7500 0.04235373736488659
7507 0.010433071377242115
7537 0.01698858510476628
7542 0.00822902325063704
7552 0.009919120268883573
7561 0.0758963899614502
7616 0.028050630233382688
7660 0.013163796926219854
7779 0.05024037225893814
7826 0.23200727830390652
7827 0.037377824754674584
7835 0.12498261703614567
7844 0.02358166167929242
7861 0.014765682993151405
7952 0.04113014938662037
8081 0.03531263442830213
8097 0.04526445964872614
8098 0.010574668165980286
8112 0.015242674052632781
8124 0.019949689142963585
8166 0.08250840792853288
8171 0.011233179275724852
8201 0.01762531093712037
8222 0.032735138120165916
8224 0.011017029307818555
8252 0.07749255646778018
8321 0.02072954155310381
8324 0.019668602216124844
8326 0.011488449706559982
8329 0.019342674954381682
8345 0.05024037225893814
8352 0.03210807562801485
8371 0.03446710247083504
8374 0.022913391183479476
8376 0.020497949712827868
8385 0.03436224892760603
8444 0.017858154844103365
8447 0.045893051113628895
8453 0.02275561066850677
8454 0.03240191214446258
8455 0.0173261541327118
8459 0.04028854703851414
8515 0.025529752554476256
8518 0.21176868682443295
8598 0.04526445964872614
8601 0.02742599953425058
8606 0.04235373736488659
8633 0.015522037102615863
8719 0.038685349908763364
8727 0.017181124463803016
8741 0.028050630233382688
8811 0.020968854528242563
8828 0.01630375775595379
8863 0.02072954155310381
8890 0.008632070789325206
8949 0.040327990678662266
8952 0.05024037225893814
8972 0.1290293157051879
9036 0.03182730760211053
9049 0.1032964538692761
9050 0.06605308568718939
9145 0.029901514363387595
9233 0.028734835751158573
9273 0.020922336363960962
9332 0.023408671996667418
9338 0.029205628946288253
9388 0.02187548238168652
9445 0.008805642260484673
9515 0.03446710247083504
9529 0.05024037225893814
9549 0.03811478017117505
9567 0.018347803076032034
9578 0.012573432279960122
9631 0.022601223547332374
9632 0.020163995339331133
9636 0.04431407414803004
9637 0.0730553617178201
9638 0.3126298342431844
9662 0.31685121754108303
9796 0.02838458460687942
9922 0.018605749069080416
9987 0.015522037102615863
9995 0.023758923140946568
9998 0.026851394991898522
10016 0.024515277250411027
10040 0.03531263442830213
10064 0.07295576269378105
10116 0.01762531093712037
10172 0.016431952670542135
10216 0.03830246191420735
10249 0.05024037225893814
10280 0.04460413348584761
10312 0.04142129376156769
10318 0.0044758257368394914
10392 0.015539175761557358
10405 0.10048074451787628
10420 0.013122892402746677
10500 0.029103056177527682
10508 0.02160455496657148
10530 0.023940672708058976
10553 0.026851394991898522
10568 0.029901514363387595
10571 0.01747417431382657
10619 0.040097219705810226
10628 0.016830873319523862
10679 0.02838458460687942
10723 0.018605749069080416
10732 0.05024037225893814
10749 0.01666582796983327
10750 0.015408983987454118
10760 0.013942976887814167
10822 0.030800026077531028
10932 0.04526445964872614
10934 0.019151230957103676
10951 0.03612645296441055
10959 0.02699940991988001
10978 0.05024037225893814
10988 0.008502331274113028
11036 0.011457250939124098
11067 0.008921484921648029
11092 0.05024037225893814
11103 0.011652729746147472
11106 0.012803785448082765
11214 0.05024037225893814
11217 0.017484014924615845
11319 0.009000653053303727
11346 0.04526445964872614
11494 0.02084820085710702
11497 0.007673485716696363
11499 0.04054719262950994
11506 0.05024037225893814
11592 0.03371074836137058
11607 0.023074717623170683
11624 0.01777969805829477
11719 0.05024037225893814
11736 0.009919120268883573
11748 0.05024037225893814
11848 0.04028854703851414
11861 0.0346523082654236
11863 0.03868666097158258
11875 0.01284290665905226
11893 0.014639074659219174
11929 0.028837526763855755
11945 0.01656247852904142
11960 0.017253273055491587
11991 0.01924631479017547
12006 0.015195039339496239
12030 0.015812713428251243
12089 0.015242674052632781
12118 0.030336721818090127
12137 0.03407793371824807
12180 0.014714588653280822
12204 0.017185876408686147
12275 0.01358619666218758
12303 0.057738944370526415
12304 0.0614124725824619
12341 0.028734835751158573
