261
6 0.04067784401392894
132 0.027487887274354566
166 0.17072786975303852
214 0.03238060812523328
230 0.07083963461188773
247 0.0757873434234371
326 0.09309683915037677
337 0.027173772625298027
344 0.02027198614615594
373 0.05236312736055999
390 0.021888350696322847
429 0.07732858575052663
435 0.01531397064411211
474 0.05611573970763364
495 0.0298182729739569
496 0.020984422798507332
547 0.021623178409891624
594 0.0660693913889818
642 0.027070839991017136
711 0.01777467879450325
769 0.025818048121491372
818 0.04610187476149053
846 0.06743730922093812
887 0.04298544642305084
931 0.03206783599390152
938 0.02754701980779631
967 0.0719636721551194
975 0.14596312924139657
1068 0.035628397081903636
1143 0.03146537058842843
1196 0.08536393487651926
1198 0.08536393487651926
1205 0.03516966292705196
1241 0.08536393487651926
1279 0.0719636721551194
1297 0.06845468596330805
1417 0.06162880329411891
1492 0.043090812593491214
1524 0.013201386933477362
1543 0.07154110659114823
1575 0.023536255794477844
1759 0.021172561923505178
1823 0.0434780655878971
1971 0.03516966292705196
2080 0.01730548845836335
2086 0.02627723040423019
2110 0.032540054118260046
2228 0.04471955438090769
2252 0.04099467857486566
2260 0.06845468596330805
2278 0.043776701392645695
2326 0.05233264209760502
2356 0.03768286208630147
2373 0.07153701046247099
2455 0.03146537058842843
2469 0.05010878497711391
2480 0.02848189405927211
2630 0.010161591077805914
2705 0.023847035530382744
2748 0.06540322408018133
2756 0.03146537058842843
2827 0.08536393487651926
2933 0.03371865461046906
2936 0.032701612040090665
2938 0.028951084395412
3053 0.0657329048190049
3070 0.05080597157341749
3102 0.039773916116113424
3164 0.06000006150670244
3239 0.03318083033824609
3269 0.0219555544188126
3300 0.06293074117685686
3361 0.07656985322056056
3400 0.027173772625298027
3429 0.03764725030488492
3442 0.016765291924847617
3523 0.03693651851587772
3581 0.037168857822117596
3661 0.021557776404531864
3670 0.027173772625298027
3730 0.09764731181158735
3750 0.04516314671231965
3797 0.03789367171171855
3814 0.10105612061545378
3890 0.03482827785131916
3903 0.02599245222120884
3918 0.011065518975621432
3977 0.03789367171171855
4048 0.01336689075865056
4059 0.042599239577639676
4079 0.039773916116113424
4105 0.01694271243152859
4156 0.03354314877999893
4317 0.03238060812523328
4451 0.06921308712302794
4624 0.018269060267961566
4782 0.036708522255714034
4787 0.033031292778914235
4827 0.030549877575042617
4861 0.03638887887912589
4926 0.025001709403336767
4931 0.025442098203600657
4941 0.015005158079371238
5026 0.0657329048190049
5146 0.02656881667468589
5181 0.025264030153863446
5183 0.04067784401392894
5224 0.032160686318368936
5253 0.03840197212473664
5293 0.03814517432869695
5354 0.032701612040090665
5380 0.02848189405927211
5385 0.04766111525102803
5389 0.03926206011502873
5424 0.08536393487651926
5433 0.025352739234149935
5469 0.04235134711681188
5572 0.08536393487651926
5673 0.055054423241908165
5752 0.025898984754068297
5777 0.06606258555782847
5882 0.17299250394173832
6008 0.03756806349095398
6013 0.021172561923505178
6057 0.031503545181995024
6068 0.021046813956414574
6119 0.027382281032177214
6125 0.02848189405927211
6155 0.030477754919599538
6251 0.01871914816869242
6409 0.041721179616456563
6410 0.01685367959260491
6437 0.030751866337816805
6452 0.02817524910590939
6510 0.05611573970763364
6638 0.022648777588671523
6747 0.02250694523737139
6766 0.057278280362399285
6778 0.03309416989346231
6794 0.4099648703090951
6796 0.07690931041991365
6799 0.058563409433719515
6817 0.13589266553202914
6818 0.041997773236604544
6926 0.0657329048190049
6932 0.06095517566720756
6948 0.047118917331868924
6994 0.09620350798170456
7025 0.020027269602666493
7042 0.01791902893810794
7176 0.014556121675217212
7181 0.07680394424947327
7262 0.03675876413019969
7293 0.057278280362399285
7335 0.07690931041991365
7482 0.026181563680279994
7484 0.019319135522949338
7500 0.1439273443102388
7536 0.025352739234149935
7537 0.014432740118376313
7625 0.03693651851587772
7826 0.10751071646634847
7835 0.02123592541548573
7845 0.0657329048190049
7860 0.058563409433719515
7952 0.009983523028068703
7956 0.029564150349498535
8092 0.039485868010993505
8098 0.017967527788390263
8100 0.026470844703976166
8166 0.020027269602666493
8168 0.05317417883751329
8222 0.027810305467696462
8225 0.03007780286649724
8252 0.01462982247211379
8324 0.04177390620326114
8352 0.02727758129252907
8374 0.11679713812861545
8381 0.06845468596330805
8473 0.0461688938574388
8515 0.04337786597682394
8560 0.032540054118260046
8606 0.0719636721551194
8633 0.026373653394713547
8708 0.022864667202902204
8741 0.04766111525102803
8763 0.03840197212473664
8819 0.03814517432869695
8828 0.05540376604491348
8836 0.06927237627377121
8890 0.04400052162700885
8901 0.0719636721551194
8905 0.03191440699258245
8942 0.012252921376733228
8969 0.02931521426483389
8972 0.031319291659507816
9008 0.05080597157341749
9085 0.06000006150670244
9273 0.05332403638350976
9291 0.026086641451997992
9292 0.04769407106076549
9332 0.039773916116113424
9338 0.009924717096240042
9388 0.037168857822117596
9580 0.030209668418657715
9628 0.036264929924302074
9631 0.07680394424947327
9636 0.03764725030488492
9637 0.062064559433584514
9638 0.3319953606390268
9802 0.04944930303147126
9840 0.1538186208398273
9987 0.026373653394713547
10094 0.05317417883751329
10106 0.03764725030488492
10110 0.027382281032177214
10318 0.030419686760998578
10331 0.07690931041991365
10364 0.050884196407201314
10392 0.026402773866954724
10406 0.0719636721551194
10420 0.022297241881211197
10429 0.038664292875263316
10450 0.05010878497711391
10460 0.022228134360503766
10540 0.058563409433719515
10553 0.0456234822787232
10619 0.0510971997886717
10881 0.026373653394713547
10912 0.06845468596330805
11045 0.047118917331868924
11106 0.021755043962052103
11154 0.03319953606390268
11194 0.033370132478015076
11276 0.02315859575752758
11319 0.007646551235014702
11494 0.0354233931843938
11497 0.013038098754919809
11607 0.03920649079442242
11624 0.030209668418657715
11704 0.1369093719266161
11780 0.03522177793665604
11812 0.02848189405927211
11828 0.04769407106076549
11848 0.06845468596330805
11861 0.02943904725511294
11875 0.02182151521525617
11882 0.08536393487651926
11929 0.016332713088338446
11930 0.04184469830845619
12006 0.012909024060745686
12029 0.026470844703976166
12048 0.047118917331868924
12138 0.025001709403336767
12175 0.030209668418657715
12180 0.025001709403336767
12265 0.015586767627420213
12293 0.04882365590579368
12303 0.13080644816036266
12304 0.10434656580799197
12341 0.04882365590579368
