269
13 0.2138567536969918
57 0.04105286585233913
79 0.024535256243583006
84 0.04801042312746949
162 0.10024766649927297
201 0.025283003024714108
210 0.03766536028833029
276 0.046444754340741544
344 0.028184501489723325
347 0.02916457479237255
389 0.07128558456566393
435 0.028388379597388526
456 0.032251466614432595
495 0.055275830925580215
496 0.03890001971925936
517 0.03158563537846982
532 0.07912199401182426
576 0.11790866626669835
593 0.07825119130736397
615 0.06344917511950358
671 0.106180010619167
674 0.01441372192073798
694 0.039592056284727985
724 0.03633965250486849
858 0.04319235056088205
876 0.07912199401182426
938 0.012766369892794104
952 0.011642477949083962
965 0.02210330399089541
975 0.027058016607342736
1420 0.06344917511950358
1536 0.01735037555909495
1543 0.02210330399089541
1632 0.04225134497489742
1663 0.03583710092292718
1664 0.0239192373924073
1684 0.02916457479237255
1742 0.02293552600226051
1759 0.019624391965410094
2098 0.04850599964328266
2099 0.028375495382582848
2133 0.04029888324697583
2147 0.057122411381887325
2227 0.024005211563734745
2373 0.011051019226528878
2382 0.019624391965410094
2386 0.057122411381887325
2455 0.0583291495847451
2460 0.034024339228280354
2464 0.024902948782554092
2492 0.04470199626942613
2566 0.04105286585233913
2587 0.07128558456566393
2626 0.06344917511950358
2630 0.018837120139126133
2677 0.020796041293717593
2757 0.05976342771803999
2763 0.028503243058708144
2768 0.027637915462790107
2806 0.029580776971102462
2819 0.07540683627435059
2833 0.08059776649395166
2897 0.07128558456566393
2933 0.03125309525662633
2950 0.0863847011217641
3152 0.025576670160248994
3239 0.061509195027798676
3361 0.014194189798694263
3442 0.015539388258086909
3460 0.046444754340741544
3510 0.057122411381887325
3571 0.039254552145660364
3581 0.0689020287146316
3680 0.017990948347537502
3721 0.04008411737670858
3737 0.025477931113007106
3759 0.01850964248057921
3790 0.039592056284727985
3805 0.025980482694948414
3819 0.025186785005255292
3827 0.037703418137175294
3876 0.030012888767252232
3881 0.47473196407094564
3918 0.010256391383472582
3933 0.05336986654555736
4013 0.03633965250486849
4025 0.01835152033595966
4059 0.019742159166197218
4081 0.01591281648614913
4120 0.0386083448945812
4143 0.025091378961883758
4144 0.044176061951028835
4178 0.02916457479237255
4381 0.021192767930945093
4410 0.012358636002193588
4552 0.019683122222401008
4624 0.016933198770818562
4717 0.044176061951028835
4827 0.014158012010874205
4861 0.06745613732394047
4872 0.01877819546499511
4941 0.013907958078781778
4972 0.07176145660434238
5034 0.04928600193572697
5041 0.03283318075096197
5190 0.05102876000704239
5235 0.03686558682326579
5236 0.04066959019712232
5293 0.0353559411147217
5328 0.07912199401182426
5337 0.02462606435465514
5354 0.03031042038720224
5389 0.01819557925608042
5390 0.046444754340741544
5401 0.049993542609603245
5433 0.02349890834776321
5473 0.021673927739150577
5488 0.06344917511950358
5515 0.06763378428221752
5603 0.052012471397189175
5619 0.07912199401182426
5648 0.11489575334423328
5700 0.026834137033199163
5796 0.04029888324697583
5802 0.01054131147869001
5842 0.033670667913365496
5875 0.17796980732500342
5882 0.05344767623769914
5889 0.07912199401182426
6008 0.03482102949995008
6041 0.0615438708968417
6055 0.020475749361546825
6057 0.02919995800154571
6058 0.039254552145660364
6066 0.018723972104235438
6074 0.02462606435465514
6084 0.03158563537846982
6114 0.027637915462790107
6150 0.023749225932309475
6186 0.02902917737710544
6251 0.01735037555909495
6258 0.018092800829632927
6260 0.057122411381887325
6409 0.019335231726106454
6628 0.06283628539900003
6673 0.038298584448077766
6778 0.06134854762551661
6794 0.1899938074584758
6817 0.041985328987896295
6838 0.07128558456566393
6923 0.025980482694948414
6948 0.08734702073817505
6952 0.06314785967553205
6970 0.03799708527271019
7025 0.018562845162509466
7042 0.03321752452928849
7083 0.0344510143573158
7121 0.059161553942204924
7176 0.026983511800103725
7230 0.02916457479237255
7262 0.034070907340422174
7272 0.02566084833277491
7293 0.106180010619167
7323 0.06670157889936308
7467 0.03158563537846982
7470 0.025776773597245936
7483 0.01245143172737885
7537 0.006688698095233293
7561 0.019921142572679996
7580 0.0239192373924073
7655 0.04470199626942613
7660 0.020731252869726484
7837 0.03283318075096197
7839 0.03713802287453983
7861 0.023254013233486207
7911 0.025776773597245936
7941 0.052012471397189175
7968 0.03361318304340628
7971 0.0365995616307098
8092 0.01829930061703888
8098 0.01665371480516583
8166 0.03712569032501893
8171 0.08845391698202708
8252 0.027120135164974447
8324 0.0154877338362906
8326 0.018092800829632927
8327 0.024902948782554092
8364 0.16165553702816043
8383 0.04029888324697583
8390 0.0389268321258069
8439 0.044176061951028835
8447 0.04818368909479145
8473 0.04279295405729514
8476 0.039254552145660364
8603 0.03077193544842085
8727 0.027058016607342736
8754 0.023014310635001402
8811 0.06604638890283128
8836 0.09631061200458661
8873 0.13350078820138994
8890 0.02718875767012748
8942 0.05678484556737028
8944 0.031090422679646554
8946 0.054281163786901884
9000 0.022779584922381264
9023 0.07128558456566393
9034 0.039254552145660364
9099 0.09582610133004314
9267 0.05817742540413803
9338 0.036796026696456985
9445 0.006933865563470056
9626 0.055275830925580215
9637 0.08628945655364836
9638 0.09231580634526255
9652 0.07540683627435059
9658 0.01905328322240218
9671 0.04618729629376012
9865 0.02383391208893358
9898 0.03956808189702223
9959 0.07912199401182426
9987 0.02444517171080459
10090 0.07128558456566393
10144 0.03158563537846982
10191 0.033413079606409345
10192 0.09138652500575224
10195 0.030160675826549837
10291 0.2138567536969918
10318 0.021146514718659137
10428 0.026834137033199163
10480 0.04928600193572697
10568 0.04709096159182071
10624 0.035593961465000684
10644 0.04709096159182071
10653 0.02309364814688006
10703 0.07912199401182426
10963 0.023173546352539497
10979 0.023665169418360277
10980 0.026399254608669813
10988 0.0133900561223894
11011 0.01819557925608042
11036 0.036087333729342266
11103 0.01835152033595966
11145 0.025477931113007106
11219 0.02930161342837948
11276 0.021465203982219135
11332 0.021452871432698247
11484 0.04850599964328266
11497 0.012084733126519651
11505 0.03799708527271019
11768 0.07984381473346637
11805 0.07128558456566393
11811 0.04029888324697583
11824 0.05561276567334324
11861 0.027286419305790025
11893 0.02074915954842254
11917 0.03125309525662633
11929 0.015138440244602877
11930 0.11635485080827607
12006 0.023930193140938843
12048 0.08734702073817505
12089 0.04801042312746949
12129 0.030160675826549837
12138 0.0695206390576185
12204 0.018043666864671133
12218 0.06092641475574385
12229 0.03713802287453983
12265 0.021670559176970396
12303 0.09093126116160673
12304 0.02417914651824861
