268
84 0.026779553046496894
104 0.026400211392043113
110 0.07085145046786145
275 0.08826631792678129
326 0.09626214178519413
327 0.11845149622214786
344 0.03144185381283469
347 0.03253519660333942
374 0.028554977440545977
450 0.023945990526662183
464 0.03223489291082829
479 0.030965560739002432
496 0.02169789545107448
503 0.05181248910459087
547 0.022358368822569332
594 0.022771919288883505
641 0.03364641948981962
711 0.036758039605168075
887 0.022223478133300507
895 0.040829463200766636
921 0.045797446770446
938 0.04272543220636682
958 0.024987585762097114
964 0.0580236809478769
965 0.024657837326510085
975 0.21129624806756603
979 0.016670195106845823
1095 0.07995776605843671
1232 0.07638472830820013
1250 0.05181248910459087
1337 0.08826631792678129
1347 0.027270360472439383
1374 0.028313281559042138
1403 0.08826631792678129
1742 0.025586241287485077
1780 0.12408014021935102
1951 0.07078215271537744
1958 0.01761150337567109
1971 0.018182717641749602
1996 0.047669343506770434
2049 0.09626214178519413
2080 0.03578775388818927
2105 0.08593125015503175
2129 0.029690520416265718
2230 0.05498210668892788
2233 0.055916768233371494
2356 0.012988027828972709
2373 0.012328212763672242
2469 0.05181248910459087
2650 0.03043997805677641
2715 0.04272484627390108
2756 0.03253519660333942
2757 0.044446956266601015
2900 0.058663713296100053
2933 0.034865092526676036
3089 0.031100451428271267
3120 0.037725193737871476
3168 0.055916768233371494
3285 0.02707173968686779
3314 0.053297987503973576
3361 0.015834647308021463
3369 0.04986831618638556
3442 0.01733531366981239
3548 0.03398276366819915
3559 0.038677507012589464
3580 0.03892726090106851
3595 0.03223489291082829
3597 0.02909829146896447
3602 0.050483665505372005
3814 0.05224601984194822
3918 0.011441747821721996
4048 0.02764273299027927
4059 0.022023809173265622
4156 0.034683619478922456
4356 0.017020555392490012
4410 0.05514781613557232
4431 0.02107029536937417
4446 0.026493982524541975
4451 0.07156633959683631
4624 0.014167657724845987
4676 0.02386932062962723
4690 0.04872096563492028
4729 0.06204007010967551
4772 0.02107029536937417
4790 0.03223489291082829
4800 0.045797446770446
4861 0.0125420349034213
4926 0.05170354047292024
4940 0.08826631792678129
5013 0.02747215932511166
5051 0.027885709791425826
5158 0.07441044481853705
5181 0.05224601984194822
5243 0.04669869860204855
5252 0.0663162917959671
5354 0.03381347039852619
5385 0.04928159834217498
5389 0.06089546163001629
5525 0.03749794147752403
5707 0.07078215271537744
5752 0.05355910609299379
5777 0.06830872063649936
5807 0.05684495684982972
5842 0.018781035007813685
5875 0.1191229300341131
5882 0.23849902380060878
6008 0.019422690863434924
6057 0.048862003705845494
6119 0.028313281559042138
6125 0.11780112619359254
6156 0.03997888302921836
6162 0.01445740845079789
6209 0.04820148577620472
6252 0.035618281023366075
6258 0.020183830427423926
6281 0.0266836426282288
6295 0.03727471159297923
6300 0.052533380120833716
6349 0.07952423532107937
6398 0.027677239603383887
6436 0.041655492741356416
6616 0.030311934731388407
6638 0.02341883848473498
6657 0.021131668528060615
6685 0.08826631792678129
6747 0.02327218381809772
6778 0.017109687630758187
6794 0.23844584272087777
6804 0.04238850209552155
6817 0.04683767696946996
6818 0.04342570208462439
6833 0.08826631792678129
6923 0.1159324445286782
6948 0.04872096563492028
6951 0.07952423532107937
7035 0.09995034304838846
7042 0.03705655573347491
7176 0.030102062783871134
7235 0.04238850209552155
7241 0.1776772443332218
7259 0.025674131254467117
7262 0.03800856610001748
7272 0.028626535838734524
7277 0.037055364164744066
7411 0.08826631792678129
7482 0.02707173968686779
7484 0.049939970568538994
7507 0.01832965708116586
7536 0.026214735119617843
7537 0.022385182273157403
7547 0.03892726090106851
7552 0.017426706527866053
7553 0.053297987503973576
7626 0.06055457171029279
7660 0.023127214874618964
7747 0.06372418929462982
7807 0.06566836221283512
7826 0.037055364164744066
7833 0.019143627185723894
7835 0.02195794918432547
7952 0.041291855578098245
8092 0.020414195904364038
8156 0.04431313993979413
8166 0.10354099471348101
8169 0.030965560739002432
8171 0.01973535084830633
8252 0.1058906661674771
8258 0.04206089512512725
8320 0.043070406498888936
8324 0.034555378838281
8343 0.05411195760853161
8352 0.028205022016883
8374 0.04025608450028736
8376 0.07202488615628264
8385 0.030185178295366575
8391 0.051130584701223475
8397 0.04495632453651551
8447 0.05375239683532829
8455 0.03043997805677641
8515 0.022426359063895653
8557 0.08826631792678129
8571 0.03601244307814132
8577 0.04025608450028736
8586 0.02993542440688753
8721 0.05181248910459087
8722 0.044555904898271645
8942 0.012669522033339159
8944 0.034683619478922456
8949 0.07085145046786145
8950 0.027885709791425826
8972 0.03238415097498171
8975 0.16233587282559483
9027 0.01940915613469894
9099 0.021380192021999655
9273 0.018379019802584037
9338 0.0051310792773157895
9444 0.030059683138331975
9445 0.007735229501361468
9578 0.02209001488551612
9582 0.05261426460745585
9618 0.027270360472439383
9627 0.04928159834217498
9637 0.2566990447605177
9638 0.06865664778637401
9658 0.02125531813829452
9664 0.019355601237997927
9848 0.06204007010967551
9898 0.01471368755761113
9978 0.04669869860204855
9987 0.027270360472439383
10064 0.08544969254780216
10127 0.038192364154100066
10141 0.02747215932511166
10167 0.0266836426282288
10172 0.02886897316565683
10269 0.040829463200766636
10318 0.00786348985307249
10392 0.027300471043897174
10460 0.06895168002347261
10500 0.10226116940244695
10619 0.03522300675134218
10709 0.04495632453651551
10749 0.0439197960909806
10750 0.02707173968686779
10760 0.07348842228811027
10845 0.046985620610252715
10848 0.029214533390644684
10925 0.028205022016883
10938 0.045797446770446
10951 0.05641764606694846
10959 0.04743473013179442
10981 0.02457672991372339
10987 0.07995776605843671
11011 0.020298487210005427
11036 0.010064508964498418
11052 0.045797446770446
11067 0.07836990343289846
11071 0.030059683138331975
11094 0.04143015573806604
11099 0.08758259503026357
11217 0.0460759808472013
11244 0.10570819539073172
11249 0.03581382229256972
11319 0.015813069613755143
11332 0.011966116336994277
11497 0.02696279105519716
11629 0.032076804584822156
11677 0.04986831618638556
11736 0.052280119583598156
11756 0.08826631792678129
11861 0.12175991222710564
11893 0.010287640476586207
11929 0.016888027105914565
11957 0.020708198942696203
12006 0.013347932279814193
12016 0.03918206066247834
12021 0.09365038359704865
12035 0.06566836221283512
12072 0.03504921490942985
12097 0.07078215271537744
12186 0.07574062799072784
12265 0.008058359709184209
12274 0.0352360651302439
12279 0.05922574811107393
12303 0.13525388159410476
12304 0.1888151306476567
12335 0.08826631792678129
12341 0.050483665505372005
