391
26 0.01564742147683867
73 0.02337221177460309
84 0.01417089540201976
90 0.01996298345801705
327 0.031340399151963697
347 0.017216600558999366
352 0.01645737863437867
435 0.008379196259931573
479 0.01638599873326471
628 0.0229636847446458
642 0.014812088025854273
677 0.015216694153196056
785 0.022257299974297772
818 0.025225114084036587
833 0.09341550672560321
931 0.01754624569085935
938 0.02260895205201015
958 0.013222642796497187
965 0.013048150317792629
975 0.07986522470562894
978 0.02779900894963823
979 0.05292805091560911
1023 0.01590663685953049
1082 0.03745568421989082
1084 0.046707753362801606
1095 0.021155564796506057
1106 0.05882559228123827
1113 0.019842728724651457
1170 0.046707753362801606
1188 0.031340399151963697
1205 0.02886516321370034
1224 0.02496335672563884
1340 0.030704303097399563
1363 0.0207339115152337
1413 0.024863309477600633
1416 0.07270369599560447
1468 0.05002864951911226
1499 0.03745568421989082
1517 0.046707753362801606
1524 0.00722327439366177
1536 0.010242374102011122
1564 0.01916343538571974
1595 0.017057689310255718
1596 0.04119815902516238
1742 0.027078864862774138
1743 0.03204357071720867
1759 0.023169569252219267
1818 0.018449508045164986
1823 0.02378946995717514
1838 0.021923532571068178
1895 0.01077186411894563
1971 0.019243442142466895
2081 0.02779900894963823
2102 0.022257299974297772
2157 0.028203615076980014
2183 0.042311129593012115
2229 0.046707753362801606
2341 0.046707753362801606
2342 0.18683101345120642
2356 0.01374570990959615
2373 0.032618508095432444
2377 0.021452233954488763
2397 0.042081718791346215
2428 0.02059907951258119
2455 0.017216600558999366
2456 0.01564742147683867
2458 0.0220883300090529
2546 0.09341550672560321
2590 0.061408606194799126
2630 0.01668005664883042
2650 0.016107876943778302
2666 0.017216600558999366
2701 0.013585941031692196
2748 0.017893022761240118
2763 0.016826199383033362
2798 0.021155564796506057
2806 0.0174622954375975
2809 0.04595902559927029
2810 0.028634342400622625
2816 0.03474962746854974
2817 0.046707753362801606
2828 0.010501869485421879
2895 0.011619454611272742
2950 0.025497558325638943
3059 0.02337221177460309
3089 0.01645737863437867
3102 0.021762706544765788
3144 0.02705669382857501
3178 0.0267143645805083
3269 0.012013207008567115
3300 0.03443320111799873
3301 0.018073410962178984
3359 0.035966433723419095
3361 0.025137588779794717
3367 0.030704303097399563
3389 0.023172974378182828
3442 0.036693206395130594
3449 0.021155564796506057
3472 0.013920905235272028
3493 0.03474962746854974
3501 0.039375662040005144
3520 0.016750786635621566
3523 0.020210195317445726
3591 0.00833655102131767
3597 0.01539789869040103
3599 0.016529530225050663
3604 0.03944920501155709
3605 0.07086952869446243
3673 0.022979512799635143
3721 0.023662688125846536
3759 0.01092671925946822
3765 0.012013207008567115
3791 0.03560924937132843
3797 0.0207339115152337
3868 0.028203615076980014
3891 0.010864345374297242
3915 0.023577580505524613
3918 0.006054612312475461
3962 0.018165467002842467
4023 0.03372083243901766
4025 0.021666751360091992
4048 0.0073138315107624755
4067 0.03204357071720867
4081 0.00939374591130126
4097 0.019724602505778545
4101 0.010242374102011122
4105 0.018540758101027635
4169 0.010833375680045996
4170 0.0174622954375975
4226 0.016826199383033362
4286 0.02779900894963823
4297 0.01564742147683867
4356 0.018013482878707784
4391 0.0801430937415249
4410 0.014591243041848346
4431 0.033449208571625665
4451 0.022722390720367695
4503 0.024008307829167227
4522 0.02705669382857501
4534 0.02741753614575327
4552 0.011619454611272742
4624 0.02249123374409785
4638 0.02337221177460309
4699 0.026986491384971292
4700 0.02279150157429787
4814 0.03204357071720867
4827 0.01671567915774898
4850 0.028634342400622625
4861 0.06636849555938121
4872 0.011085253011272646
4876 0.022608641995017404
4905 0.0489461225675775
4941 0.016420452589373403
5066 0.022608641995017404
5076 0.046707753362801606
5186 0.02779900894963823
5193 0.039375662040005144
5335 0.046707753362801606
5340 0.01660247037331029
5467 0.046707753362801606
5469 0.023172974378182828
5503 0.03474962746854974
5560 0.030704303097399563
5571 0.04290446790897753
5627 0.0149252086515013
5667 0.019056649793424713
5678 0.046707753362801606
5679 0.14012326008840484
5752 0.02834179080403952
5822 0.046707753362801606
5823 0.042081718791346215
5875 0.02101203330472011
5882 0.047327312285991865
6008 0.041111503268723246
6063 0.01949444324492192
6066 0.011053243563172964
6079 0.039538036944811575
6083 0.03012359289709434
6114 0.0163153741891925
6119 0.014982496188957358
6146 0.021302251077826153
6150 0.07009890241378329
6155 0.016676216506370755
6162 0.02295121459848266
6209 0.038260060500480975
6214 0.02154372823789126
6258 0.021361293767861722
6279 0.01916343538571974
6280 0.026533976379569436
6281 0.028240285263384582
6285 0.02958939129709424
6295 0.019724602505778545
6299 0.028203615076980014
6398 0.014645922833558948
6436 0.07714970833768292
6452 0.023124565217347428
6457 0.0247114793944122
6488 0.47209165414624726
6568 0.07491136843978163
6584 0.00939374591130126
6587 0.024008307829167227
6628 0.018546939806727426
6657 0.022364425863371333
6698 0.017379388071615723
6747 0.024629812311671877
6759 0.046707753362801606
6778 0.018107814820936482
6791 0.011619454611272742
6794 0.5467714388275097
6829 0.07875132408001029
6932 0.02223483344473703
6934 0.015040279728578947
6952 0.018638904971686972
6994 0.01754624569085935
7035 0.013222642796497187
7067 0.039375662040005144
7083 0.020337322154183445
7115 0.03745568421989082
7176 0.015929062832177134
7178 0.028634342400622625
7181 0.04202406660944022
7205 0.012013207008567115
7208 0.015040279728578947
7220 0.011021386905383273
7259 0.013585941031692196
7262 0.02011293518039352
7312 0.01141408588035122
7376 0.018449508045164986
7396 0.017297497999612776
7452 0.021302251077826153
7483 0.01470080246079898
7507 0.01939895358231683
7537 0.011845532895835864
7542 0.015300809732321775
7560 0.021762706544765788
7561 0.047039856647237255
7655 0.026388741116221182
7823 0.08348609501673417
7835 0.04647781844509097
7836 0.030704303097399563
7847 0.046707753362801606
7851 0.18683101345120642
7852 0.046707753362801606
7858 0.06268079830392739
7911 0.015216694153196056
7912 0.03372083243901766
7952 0.02185034848552413
7986 0.015216694153196056
8051 0.09191805119854057
8098 0.009831117294362899
8124 0.018546939806727426
8125 0.03372083243901766
8166 0.02191625234906985
8171 0.0522166281319051
8201 0.03277199746652942
8222 0.030433388306392112
8224 0.010242374102011122
8227 0.046707753362801606
8241 0.046707753362801606
8252 0.024014572691295536
8324 0.03199983031559152
8361 0.0220883300090529
8371 0.03204357071720867
8391 0.02705669382857501
8412 0.015775770761997286
8438 0.019271957405014344
8473 0.02526178427044116
8514 0.018645815054212058
8553 0.03745568421989082
8556 0.010895459449929258
8633 0.014430615221969312
8721 0.05483507229150654
8723 0.01564742147683867
8727 0.015973044941125787
8776 0.014222037086256334
8809 0.046707753362801606
8828 0.015157369699156136
8836 0.018951545934069215
8869 0.021923532571068178
8890 0.016050224761872314
8936 0.021452233954488763
8943 0.02446876329610686
8944 0.018353478228179742
8972 0.017136671973310386
8981 0.019724602505778545
9052 0.046707753362801606
9085 0.03282964964843541
9109 0.023172974378182828
9267 0.011447878140571886
9338 0.013576027130113895
9388 0.04067464430836689
9445 0.04502563608231126
9485 0.020085444822956797
9578 0.011689339617737103
9582 0.013920905235272028
9584 0.014069772904791058
9636 0.08239631805032475
9637 0.050938891326673064
9675 0.019822732485617885
9798 0.020210195317445726
9865 0.014069772904791058
9892 0.02705669382857501
9898 0.02335805907531928
9920 0.022257299974297772
9957 0.046707753362801606
9962 0.046707753362801606
9987 0.07215307610984656
10012 0.05045022816807317
10064 0.022608641995017404
10072 0.03745568421989082
10080 0.02705669382857501
10110 0.04494748856687207
10152 0.08416343758269243
10172 0.015276550672220932
10183 0.01916343538571974
10191 0.019724602505778545
10312 0.025672521732284202
10364 0.027841810470544057
10392 0.02889309757464708
10428 0.015840883055386352
10460 0.036487055766376356
10490 0.01624548918272814
10508 0.040170889645913595
10576 0.01638599873326471
10619 0.018638904971686972
10674 0.035966433723419095
10709 0.02378946995717514
10749 0.0077469905914497456
10760 0.012962585592773067
10844 0.036330934005684934
10845 0.012431654738800316
10897 0.015711287582728047
10933 0.03372083243901766
10951 0.026122635051933636
10960 0.031505608456265634
10979 0.013970159755029684
10980 0.015584160745990325
10995 0.042081718791346215
11004 0.035966433723419095
11036 0.005325820918704774
11103 0.010833375680045996
11106 0.011903495653595261
11110 0.02496335672563884
11129 0.022608641995017404
11145 0.06016111891431579
11177 0.0247114793944122
11217 0.016254637857409847
11300 0.011976435801854889
11310 0.018951545934069215
11339 0.02378946995717514
11361 0.039375662040005144
11424 0.01996298345801705
11607 0.021452233954488763
11629 0.016974033950951418
11634 0.02539593909211443
11768 0.015711287582728047
11794 0.03745568421989082
11828 0.013048150317792629
11857 0.022979512799635143
11858 0.03372083243901766
11861 0.032215753887556604
11875 0.011939866082217875
11876 0.018848071657711733
11893 0.021775580327896237
11927 0.03204357071720867
11929 0.017873223294568447
11930 0.04579151256228754
11977 0.03421022217101365
12006 0.02118991513884511
12007 0.018848071657711733
12029 0.02896758888930815
12030 0.014700852831997515
12052 0.01645737863437867
12089 0.04251268620605928
12109 0.0432113300273595
12124 0.022430659257119616
12138 0.01367994198192364
12175 0.016529530225050663
12180 0.01367994198192364
12186 0.020039776524207097
12204 0.010651641837409548
12224 0.030704303097399563
12227 0.02059907951258119
12229 0.021923532571068178
12265 0.02558537979011667
12291 0.016979630442224353
12293 0.0534287291610166
12298 0.046707753362801606
12300 0.046707753362801606
12303 0.035786045522480235
12304 0.05709429476353312
