1213
21 0.018576745719908073
25 0.020012156195641867
26 0.0309894746276891
38 0.008867024656691678
42 0.011906026988027452
50 0.05501530696033393
57 0.006856597049065217
68 0.004113013712405603
71 0.01114041223563701
75 0.026601073970075037
76 0.003817594717729446
79 0.012293541174170532
88 0.013341437463761244
103 0.004174928712191117
104 0.023715157628681656
105 0.013848147675201806
106 0.009436282047674766
110 0.015911362328830485
117 0.01072378333568783
121 0.010597199923990745
132 0.08936111954267699
152 0.007466070135291357
162 0.016743236800249462
169 0.005905103979490182
170 0.013713194098130434
173 0.009831585171600302
188 0.037328312481522734
189 0.0058661698513728525
192 0.03292673955072719
200 0.00615724307125465
201 0.008445469534540872
210 0.009436230315826855
214 0.06516528489980207
215 0.02346467940549141
220 0.005717996740482406
230 0.018277340695298478
236 0.003462507289046963
262 0.008747748949418599
319 0.00513948922709974
326 0.019215939281779365
330 0.015922837824229548
335 0.00420666455695525
336 0.006297176583697583
337 0.00420666455695525
343 0.02151054518017489
344 0.023536696614421634
352 0.004656226024051869
373 0.04458371064187929
374 0.027788335837502856
390 0.003388449235742372
428 0.016743236800249462
435 0.04030182165698687
456 0.010773197253119123
465 0.013214854052064157
476 0.016463369775363595
477 0.00906597041920986
479 0.009272061538710368
481 0.016743236800249462
485 0.0052198519217027655
508 0.02393863738775199
514 0.007757143355173155
516 0.008522758107563595
522 0.02181017805987539
524 0.005165898585074648
526 0.01595909159183466
547 0.016736994800075806
587 0.042865031639547295
593 0.01306941370022133
595 0.02228082447127402
626 0.008101409904301238
628 0.006497031446598876
635 0.006922857823645091
639 0.008867024656691678
641 0.010074794856659252
671 0.008867024656691678
672 0.013214854052064157
679 0.005361891667843915
689 0.00797954579591733
690 0.010597199923990745
706 0.00513948922709974
711 0.0027516279144284197
724 0.006069402195333936
744 0.010652586123690334
769 0.013988765678956985
776 0.02119439984798149
783 0.013214854052064157
785 0.006297176583697583
800 0.010597199923990745
818 0.042821096336355696
836 0.014427862087053777
846 0.010439703843405531
847 0.008867024656691678
887 0.01996322223191086
894 0.008101409904301238
895 0.012225623768963096
937 0.013335411624043834
938 0.06609890495637116
942 0.02553174844076486
952 0.00777804699302838
958 0.0037410340287839287
965 0.0036916655091432456
979 0.02495790019689505
996 0.00786507206219134
1023 0.022502033326793177
1029 0.029335109732919806
1057 0.020149589713318504
1058 0.009288372859954036
1059 0.01889152975109275
1060 0.026429708104128313
1064 0.020989671736471698
1068 0.011030983241983913
1087 0.07798288564945907
1106 0.005547769985028509
1143 0.009742059820032246
1163 0.00868705632340735
1205 0.0027222383979462242
1213 0.01573014412438268
1224 0.028251165344352097
1247 0.03989772897958664
1249 0.008867024656691678
1250 0.01551428671034631
1258 0.017734049313383356
1260 0.009540511951718506
1272 0.00786507206219134
1274 0.006501509620382734
1285 0.013214854052064157
1308 0.017288554727458917
1325 0.01114041223563701
1347 0.02449680752896501
1364 0.038162047806874023
1401 0.00906597041920986
1413 0.07034485333637722
1416 0.006856597049065217
1443 0.009540511951718506
1465 0.027229036143318324
1481 0.012138804390667873
1524 0.02452385568164103
1530 0.006346224492366333
1536 0.002897837492918543
1543 0.011074996527429737
1553 0.02681463514144123
1564 0.01084368155288462
1573 0.016202819808602477
1575 0.003643554924055257
1586 0.005547769985028509
1592 0.007466070135291357
1595 0.0048260697308555684
1616 0.040703406882913545
1622 0.010134308095625101
1632 0.02469867923729715
1638 0.011889715666783781
1664 0.019974801894533944
1666 0.0076550515564030395
1704 0.013845715647290181
1709 0.006448316291136447
1710 0.022456123038433532
1711 0.010597199923990745
1726 0.0056480539920715795
1736 0.009076345381106108
1742 0.0229839729783782
1746 0.006448316291136447
1749 0.010597199923990745
1755 0.008371618400124731
1768 0.011906026988027452
1782 0.031246852643091325
1797 0.02019200352143705
1800 0.011906026988027452
1814 0.003238906347269427
1816 0.03566914700035135
1818 0.02609925960851383
1838 0.012405489982871793
1887 0.006670718731880622
1896 0.020453776591051676
1900 0.010597199923990745
1901 0.038167811604781936
1928 0.019663170343200604
1929 0.013349097334138128
1958 0.002636718651161883
1971 0.010888953591784897
1973 0.006856597049065217
2000 0.0195045288611482
2041 0.00602696808787409
2063 0.017734049313383356
2064 0.01114041223563701
2071 0.026429708104128313
2072 0.009540511951718506
2080 0.06161687141037258
2084 0.007136849389392615
2091 0.014681753782197568
2096 0.004636030769355184
2099 0.01895695551251222
2100 0.01976217385832623
2107 0.015997848206366884
2117 0.01114041223563701
2121 0.00797954579591733
2129 0.004445137208014611
2149 0.008867024656691678
2151 0.00906597041920986
2154 0.017708271215822344
2167 0.003911024857666059
2172 0.01158126049152838
2175 0.008867024656691678
2177 0.02181017805987539
2183 0.029927333370466033
2194 0.025831222173430056
2202 0.005247417934117924
2222 0.03102857342069262
2224 0.0076550515564030395
2227 0.008018639349667305
2253 0.005985466674093207
2263 0.019663170343200604
2266 0.008839393028272306
2274 0.005944857833391891
2278 0.010165347707227117
2279 0.013112489996309264
2284 0.01551428671034631
2289 0.027966114411130855
2308 0.017734049313383356
2319 0.013214854052064157
2330 0.021410548168177848
2331 0.010175851720728386
2333 0.007062791336088024
2337 0.014965048558982633
2343 0.0062027449914358965
2356 0.02333414097908514
2363 0.007378229259370644
2373 0.036914541406352745
2378 0.018748111585854793
2379 0.00868705632340735
2381 0.02710920388221155
2393 0.02296515466920912
2428 0.011656044650711817
2434 0.0246289722850186
2435 0.007558197592654972
2455 0.07793647856025797
2456 0.017708271215822344
2459 0.008231684887681797
2460 0.011365403077492014
2463 0.011906026988027452
2484 0.013214854052064157
2525 0.011507928544102635
2526 0.02119439984798149
2539 0.00906597041920986
2541 0.004255291406794143
2585 0.011906026988027452
2596 0.004463381198391052
2607 0.008101409904301238
2630 0.011011530836405905
2650 0.04557342787336145
2656 0.021764893288406324
2658 0.07465662496304547
2663 0.03292673955072719
2666 0.004871029910016123
2675 0.004463381198391052
2677 0.04167993802321634
2679 0.009076345381106108
2689 0.01813194083841972
2705 0.0036916655091432456
2712 0.013214854052064157
2713 0.0173741126468147
2727 0.013214854052064157
2756 0.03409720937011286
2757 0.006654407410636954
2781 0.003409313959800676
2783 0.019668734994463897
2806 0.004940543464581558
2810 0.008101409904301238
2829 0.006991528602782714
2832 0.004739238878128055
2841 0.004445137208014611
2853 0.018306838015704884
2855 0.008101409904301238
2858 0.008101409904301238
2871 0.013214854052064157
2877 0.018576745719908073
2885 0.006448316291136447
2889 0.020569791147195652
2895 0.016437249257083834
2900 0.06587159413428535
2901 0.004848416007217943
2932 0.018576745719908073
2933 0.015659555765108298
2936 0.010124815145930936
2937 0.006249370528618264
2946 0.013214854052064157
2948 0.02228082447127402
2949 0.04644186429977018
2983 0.05953013494013725
2984 0.010124815145930936
3048 0.007062791336088024
3056 0.009288372859954036
3059 0.006612614506980202
3060 0.014125582672176049
3089 0.027937356144311216
3097 0.005944857833391891
3101 0.00797954579591733
3112 0.01742588493362844
3191 0.014427862087053777
3195 0.0057539642720513175
3239 0.010273186934985952
3246 0.006991528602782714
3269 0.006797705557890546
3270 0.00998161111595543
3276 0.006856597049065217
3280 0.006556244998154632
3285 0.056742904453300914
3300 0.019484119640064492
3301 0.025567220738814594
3323 0.037496223171709586
3330 0.020149589713318504
3332 0.003357578166956106
3338 0.026429708104128313
3339 0.007062791336088024
3342 0.008576838488962743
3347 0.005483755776227824
3361 0.004741390783174925
3378 0.013341437463761244
3389 0.006556244998154632
3407 0.004322138681864729
3413 0.011906026988027452
3428 0.0076550515564030395
3430 0.011906026988027452
3435 0.008867024656691678
3441 0.013225229013960404
3442 0.02595368714523166
3448 0.007757143355173155
3452 0.013713194098130434
3453 0.059854666740932067
3454 0.007136849389392615
3463 0.020351703441456773
3471 0.013983057205565428
3472 0.007877181740162435
3492 0.011906026988027452
3502 0.011906026988027452
3504 0.013214854052064157
3505 0.009288372859954036
3518 0.007558197592654972
3548 0.0050877534342551696
3557 0.00797954579591733
3571 0.026224979992618528
3580 0.023312089301423634
3581 0.011507928544102635
3584 0.02606116897022205
3591 0.004717259859988754
3595 0.0048260697308555684
3597 0.02178235616703555
3599 0.0327364772703955
3602 0.015116395185309944
3605 0.010025428446123396
3606 0.007757143355173155
3609 0.004009319674833652
3619 0.012793160996583754
3620 0.010597199923990745
3624 0.08749118740065571
3627 0.010175851720728386
3630 0.013983057205565428
3633 0.0072942937381299125
3642 0.009540511951718506
3643 0.010331797170149296
3647 0.014756458518741288
3652 0.006112811884481548
3653 0.007466070135291357
3674 0.008371618400124731
3683 0.005037397428329626
3687 0.006556244998154632
3688 0.006991528602782714
3695 0.007466070135291357
3709 0.005275392346732506
3721 0.0033473989600151612
3725 0.030374588496244106
3729 0.0072942937381299125
3737 0.004255291406794143
3738 0.00797954579591733
3749 0.010494835868235849
3750 0.02097458580834814
3759 0.0092743703059425
3765 0.006797705557890546
3797 0.0058661698513728525
3805 0.004339226928034872
3814 0.046932298291992705
3819 0.02944665189868675
3830 0.014751260359066695
3833 0.009831585171600302
3876 0.015038142669185095
3878 0.013968678072155608
3882 0.00542184077644231
3887 0.0032198330708075812
3890 0.01617488495659263
3891 0.018442857318874663
3892 0.012225623768963096
3897 0.005515491620991957
3903 0.008047578009504508
3918 0.022269121500797684
3922 0.008867024656691678
3927 0.007466070135291357
3928 0.006991528602782714
3964 0.011906026988027452
3977 0.011732339702745705
3996 0.008522758107563595
4013 0.006069402195333936
4015 0.011906026988027452
4023 0.009540511951718506
4025 0.006130094821345184
4048 0.024831307614059914
4059 0.02637848100895218
4060 0.01114041223563701
4065 0.00906597041920986
4073 0.009540511951718506
4078 0.036928393800538147
4080 0.03626388167683944
4081 0.005315476437318184
4095 0.00797954579591733
4097 0.0055806097399758925
4101 0.002897837492918543
4103 0.008867024656691678
4105 0.0026228344833519315
4143 0.02514437977107412
4145 0.049994964228946115
4147 0.008231684887681797
4170 0.04446489118123401
4172 0.009831585171600302
4200 0.02558632199316751
4206 0.016743236800249462
4226 0.019042300525188915
4259 0.0055806097399758925
4266 0.008522758107563595
4297 0.004427067803955586
4301 0.04185809200062366
4320 0.020625250399302048
4321 0.023812053976054903
4323 0.03179159977197223
4339 0.008445469534540872
4356 0.06370611142503085
4381 0.014158355772724942
4382 0.017021165627176572
4410 0.10733442452692349
4411 0.02296515466920912
4416 0.019837843520940607
4431 0.04416375788096082
4440 0.05834166187237844
4446 0.11106382791548237
4448 0.005012714223061698
4451 0.01714336802579052
4453 0.13468543703084368
4477 0.013214854052064157
4502 0.022883547519631103
4503 0.006792582840264532
4504 0.02359521618657402
4508 0.01114041223563701
4514 0.006670718731880622
4520 0.03571808096408236
4547 0.013335411624043834
4552 0.006574899702833534
4570 0.004940543464581558
4580 0.03878571677586577
4583 0.014125582672176049
4589 0.012405489982871793
4596 0.018544123077420736
4600 0.17484066976067728
4616 0.006612614506980202
4624 0.01626192667181431
4649 0.11893368646857741
4650 0.013214854052064157
4658 0.007378229259370644
4662 0.007378229259370644
4673 0.013214854052064157
4676 0.02144167305386659
4679 0.025568274322690786
4683 0.019038673477098998
4699 0.01908797358864723
4700 0.006448316291136447
4706 0.010175851720728386
4712 0.038257241861104546
4729 0.009288372859954036
4754 0.010175851720728386
4756 0.12074884717940247
4758 0.009288372859954036
4790 0.0048260697308555684
4791 0.009742059820032246
4795 0.006112811884481548
4820 0.0071932795151160136
4824 0.009831585171600302
4827 0.03310514233354119
4832 0.03179159977197223
4834 0.01114041223563701
4850 0.008101409904301238
4859 0.03052755516218516
4861 0.003755479205603495
4876 0.006396580498291877
4879 0.0076550515564030395
4898 0.00868705632340735
4903 0.009288372859954036
4904 0.006792582840264532
4905 0.018464196900269073
4926 0.007740832033929487
4941 0.006968668009524432
4948 0.013214854052064157
4957 0.033486473600498924
4965 0.01664330995508553
4972 0.032960142946884666
4976 0.013214854052064157
4977 0.01114041223563701
4978 0.009288372859954036
5001 0.010113611564360976
5005 0.0024893344977960055
5013 0.004113013712405603
5038 0.010597199923990745
5041 0.010967511552455648
5042 0.02019200352143705
5043 0.05724307171031103
5046 0.011906026988027452
5059 0.0173741126468147
5072 0.06607427026032078
5075 0.013214854052064157
5105 0.028621535855155516
5108 0.031013724957179484
5119 0.007378229259370644
5121 0.040024312391283734
5128 0.006730667840479016
5129 0.01820820658600181
5139 0.013845715647290181
5143 0.07143616192816472
5146 0.004113013712405603
5155 0.006612614506980202
5181 0.08604254686865329
5188 0.007757143355173155
5219 0.005944857833391891
5260 0.01114041223563701
5276 0.013214854052064157
5293 0.023620415917960727
5310 0.004656226024051869
5314 0.011906026988027452
5315 0.013214854052064157
5325 0.009831585171600302
5340 0.00469727629977908
5342 0.008371618400124731
5348 0.02119439984798149
5350 0.008101409904301238
5354 0.010124815145930936
5357 0.008101409904301238
5366 0.009831585171600302
5368 0.004339226928034872
5370 0.0058661698513728525
5372 0.008101409904301238
5373 0.006448316291136447
5380 0.07936505417602256
5388 0.010175851720728386
5389 0.003039002331335771
5399 0.01573014412438268
5400 0.04115842443840899
5412 0.011906026988027452
5423 0.013112489996309264
5425 0.0025817842076247205
5433 0.043172333165330375
5439 0.010175851720728386
5440 0.007062791336088024
5441 0.009288372859954036
5471 0.011889715666783781
5472 0.046020997329866274
5473 0.03981946801562687
5525 0.01684209227882515
5579 0.0076550515564030395
5598 0.08106882344069866
5609 0.03570704958712841
5616 0.010175851720728386
5627 0.008445469534540872
5636 0.00868705632340735
5648 0.006396580498291877
5670 0.00906597041920986
5672 0.014427862087053777
5684 0.01551428671034631
5695 0.008231684887681797
5704 0.00797954579591733
5752 0.07216775414700573
5761 0.007378229259370644
5764 0.02119439984798149
5802 0.001760596335418687
5807 0.08085053672908872
5827 0.011906026988027452
5842 0.08997810894283566
5875 0.023779431333567563
5920 0.008101409904301238
5929 0.019081023903437012
5931 0.008522758107563595
5938 0.005985466674093207
5950 0.01573014412438268
5952 0.026429708104128313
5971 0.017153990221447216
5999 0.013225229013960404
6008 0.0174472911810979
6010 0.007263432801089702
6013 0.00327764079915174
6034 0.14728624987412334
6055 0.006839666841031588
6057 0.014630818704815376
6058 0.026224979992618528
6063 0.011030983241983913
6064 0.011906026988027452
6068 0.0032581742523618124
6072 0.03409103243025438
6073 0.011906026988027452
6075 0.008371618400124731
6079 0.008389764280766925
6088 0.006448316291136447
6090 0.008522758107563595
6091 0.00868705632340735
6096 0.02606116897022205
6106 0.010175851720728386
6110 0.05285941620825663
6117 0.04115842443840899
6119 0.06782308673586884
6125 0.017636678705782793
6143 0.061240412451224316
6147 0.013983057205565428
6150 0.007933130565391598
6162 0.05411252761411637
6180 0.003655468139059696
6182 0.011906026988027452
6187 0.026429708104128313
6198 0.009153419007852442
6199 0.006922857823645091
6203 0.008522758107563595
6209 0.007216519444637717
6214 0.030476441693704028
6221 0.01595909159183466
6224 0.014756458518741288
6230 0.027115171567915205
6233 0.02296515466920912
6243 0.010175851720728386
6244 0.008522758107563595
6251 0.011591349971674172
6252 0.005332616068788962
6258 0.03626203692302297
6262 0.011906026988027452
6279 0.00542184077644231
6281 0.05992440568360182
6294 0.005828022325355908
6297 0.007062791336088024
6360 0.029641191674181066
6403 0.017715311938470545
6409 0.012917382506065389
6410 0.08348965314354588
6430 0.013214854052064157
6436 0.012472962959675515
6444 0.009540511951718506
6452 0.010904247951834973
6501 0.010597199923990745
6508 0.019837843520940607
6521 0.06105511032437032
6525 0.008522758107563595
6548 0.0062027449914358965
6549 0.010175851720728386
6570 0.025063571115308488
6571 0.009288372859954036
6582 0.013214854052064157
6584 0.02391964396793183
6585 0.025188706334790333
6616 0.08622528112050803
6618 0.014756458518741288
6621 0.02609925960851383
6631 0.008371618400124731
6638 0.007012335847097488
6657 0.006327485320200252
6666 0.003056325740133364
6673 0.04477606348804314
6698 0.004917086786355565
6712 0.013112489996309264
6723 0.007757143355173155
6732 0.051749222928746036
6747 0.003484211416681956
6778 0.07940925754076912
6779 0.018576745719908073
6791 0.003287449851416767
6794 0.027765956978870594
6807 0.005944857833391891
6828 0.01708713070375674
6840 0.01114041223563701
6858 0.011906026988027452
6867 0.0037038871590249905
6868 0.0056480539920715795
6869 0.05648053992071579
6877 0.013341437463761244
6882 0.03342123670691103
6883 0.010597199923990745
6904 0.01704551621512719
6905 0.013713194098130434
6923 0.017356907712139488
6934 0.034042331254353145
6970 0.006346224492366333
7025 0.012401370449635962
7035 0.02244620417270357
7042 0.024965767717117147
7083 0.02301585708820527
7102 0.02476981905005249
7150 0.014433038889275433
7176 0.10365528596936463
7181 0.07728315183409458
7185 0.0058661698513728525
7188 0.0043738744747092995
7208 0.004255291406794143
7215 0.006792582840264532
7216 0.02786511857986211
7220 0.09042898145764748
7229 0.005391628318864209
7230 0.004871029910016123
7257 0.010597199923990745
7260 0.00906597041920986
7262 0.03414287571097826
7272 0.010714605016119075
7276 0.013214854052064157
7310 0.038162047806874023
7311 0.013214854052064157
7312 0.0064586912530326945
7352 0.008231684887681797
7353 0.01551428671034631
7376 0.0052198519217027655
7379 0.01995339807864351
7396 0.004893917927399189
7399 0.007558197592654972
7425 0.003817594717729446
7444 0.03626388167683944
7460 0.008522758107563595
7461 0.023941866696372827
7467 0.010550784693465012
7481 0.00797954579591733
7483 0.00831848868682266
7484 0.005981438337328753
7488 0.005361891667843915
7492 0.016463369775363595
7502 0.018576745719908073
7536 0.003924757560484579
7537 0.048036924750475586
7542 0.030303015463905167
7557 0.0072942937381299125
7558 0.005062407572965468
7560 0.00615724307125465
7561 0.003327203705318477
7580 0.011984881136720365
7592 0.009831585171600302
7616 0.007378229259370644
7620 0.10045942080149678
7624 0.01704551621512719
7660 0.003462507289046963
7688 0.05285941620825663
7707 0.01427369877878523
7712 0.013214854052064157
7717 0.01813194083841972
7731 0.00906597041920986
7756 0.006792582840264532
7773 0.005717996740482406
7782 0.021641793130580667
7833 0.02579491483338969
7835 0.026299598811334136
7837 0.005483755776227824
7838 0.02019200352143705
7839 0.012405489982871793
7854 0.014681753782197568
7861 0.007767710984618639
7880 0.007558197592654972
7908 0.01114041223563701
7911 0.04735724065128844
7912 0.009540511951718506
7926 0.013214854052064157
7930 0.013214854052064157
7939 0.030620206225612158
7941 0.02606116897022205
7944 0.012225623768963096
7952 0.08500304017464122
7964 0.008231684887681797
7971 0.024451247537926192
7979 0.007466070135291357
7984 0.021101569386930023
7986 0.03444162956457341
7988 0.005483755776227824
8034 0.01114041223563701
8037 0.013214854052064157
8039 0.021641793130580667
8041 0.019663170343200604
8042 0.013214854052064157
8045 0.010905089029937694
8092 0.042788560361867095
8098 0.002781482106506031
8100 0.004097847058056844
8112 0.01603727869933461
8119 0.02097458580834814
8147 0.015116395185309944
8156 0.009951559507311183
8166 0.024802740899271924
8169 0.03708824615484147
8171 0.017728151842222813
8178 0.005361891667843915
8193 0.006991528602782714
8222 0.025831222173430056
8224 0.002897837492918543
8225 0.004656226024051869
8239 0.011656044650711817
8252 0.03850134689733131
8258 0.012594353167395166
8299 0.026429708104128313
8301 0.026429708104128313
8320 0.012896632582272895
8324 0.06854864866841015
8326 0.02417469128201531
8329 0.0050877534342551696
8332 0.013003019240765468
8337 0.00615724307125465
8338 0.014932140270582714
8339 0.01664330995508553
8341 0.02019200352143705
8346 0.006670718731880622
8348 0.008371618400124731
8357 0.0076550515564030395
8361 0.037496223171709586
8369 0.005547769985028509
8380 0.05899624497718971
8383 0.006730667840479016
8390 0.006501509620382734
8395 0.013225229013960404
8397 0.07403734624526917
8402 0.00579063024576419
8405 0.028251165344352097
8413 0.013713194098130434
8426 0.010597199923990745
8432 0.027966114411130855
8437 0.006612614506980202
8440 0.006792582840264532
8444 0.00939455259955816
8446 0.011906026988027452
8451 0.008101409904301238
8455 0.01822937114934458
8460 0.010597199923990745
8473 0.014294448702577726
8483 0.004082801254827502
8495 0.023620415917960727
8498 0.007378229259370644
8514 0.021101569386930023
8515 0.03357578166956106
8517 0.005165898585074648
8531 0.013214854052064157
8556 0.0678174759881443
8559 0.01114041223563701
8560 0.005037397428329626
8562 0.008231684887681797
8571 0.005391628318864209
8586 0.035854425453819866
8587 0.12716639908788893
8595 0.00906597041920986
8618 0.011906026988027452
8621 0.006922857823645091
8625 0.01409182889933724
8668 0.008371618400124731
8680 0.00786507206219134
8708 0.0035395889431812356
8710 0.00906597041920986
8714 0.023941866696372827
8716 0.01664330995508553
8719 0.010175506868510339
8722 0.006670718731880622
8723 0.04427067803955586
8727 0.040672757351872806
8728 0.011906026988027452
8741 0.014756458518741288
8753 0.004023789004752254
8754 0.019219103357339624
8763 0.005944857833391891
8774 0.01454524802165383
8776 0.004023789004752254
8817 0.006448316291136447
8819 0.04133572785643127
8836 0.005361891667843915
8837 0.0037038871590249905
8838 0.006730667840479016
8839 0.02119439984798149
8844 0.008231684887681797
8868 0.022225686040073054
8869 0.012405489982871793
8873 0.003716188429337043
8880 0.005361891667843915
8896 0.005682701538746007
8898 0.006991528602782714
8905 0.004940543464581558
8931 0.006991528602782714
8942 0.0037936528567753623
8944 0.025963412781730134
8950 0.008349857424382235
8965 0.01704551621512719
8974 0.006670718731880622
8975 0.016202819808602477
8976 0.013003019240765468
8981 0.04464487791980714
8985 0.005828022325355908
8986 0.006925014578093926
8988 0.01409182889933724
8996 0.011161219479951785
8999 0.008231684887681797
9000 0.011413851251178634
9014 0.011906026988027452
9015 0.013214854052064157
9026 0.020351703441456773
9027 0.005811711004112241
9040 0.014427862087053777
9042 0.00579063024576419
9077 0.0058661698513728525
9085 0.009288372859954036
9095 0.007558197592654972
9099 0.14084182333343573
9115 0.005361891667843915
9116 0.009540511951718506
9117 0.016741829219927677
9156 0.011906026988027452
9182 0.022061966483967826
9193 0.007558197592654972
9230 0.004288419244481372
9233 0.007558197592654972
9267 0.009716719041808283
9273 0.011006511657713679
9291 0.020191850340272
9292 0.0036916655091432456
9302 0.05570206117818505
9317 0.020351703441456773
9321 0.0925039783644491
9330 0.016944161976214737
9332 0.0123144861425093
9338 0.014595859916524113
9345 0.011906026988027452
9357 0.008231684887681797
9359 0.05087925860364193
9388 0.04027774990435923
9434 0.004718141023837383
9438 0.005192682556346026
9444 0.009000813330717271
9445 0.03011021887326448
9485 0.02273080615498403
9522 0.016743236800249462
9563 0.013893312674405446
9565 0.05298599961995372
9567 0.0048260697308555684
9568 0.003550862041230112
9575 0.011497163291410754
9578 0.03968666593236674
9582 0.007877181740162435
9584 0.011942128368172161
9602 0.0062027449914358965
9604 0.016463369775363595
9614 0.01621225841522883
9616 0.015578047669038078
9618 0.004082801254827502
9620 0.028070153798041918
9623 0.011906026988027452
9625 0.0038704160169647436
9627 0.007378229259370644
9628 0.005614030759608383
9637 0.019215939281779365
9638 0.00513948922709974
9652 0.006297176583697583
9653 0.006730667840479016
9656 0.016636018526592387
9663 0.006297176583697583
9664 0.005795674985837086
9669 0.006612614506980202
9670 0.009288372859954036
9682 0.027197911257629583
9702 0.006856597049065217
9705 0.013214854052064157
9715 0.013983057205565428
9717 0.013214854052064157
9720 0.006297176583697583
9763 0.013214854052064157
9769 0.010175851720728386
9772 0.007466070135291357
9789 0.006112811884481548
9804 0.004576709503926221
9814 0.005012714223061698
9821 0.023220305517059423
9834 0.009288372859954036
9849 0.01833728497015542
9857 0.010597199923990745
9865 0.011942128368172161
9888 0.005944857833391891
9892 0.0076550515564030395
9894 0.005985466674093207
9906 0.05753964272051317
9914 0.020351703441456773
9920 0.006297176583697583
9922 0.07830268683838702
10004 0.0031363101439779036
10063 0.006612614506980202
10065 0.026224979992618528
10080 0.0076550515564030395
10081 0.004576709503926221
10086 0.008101409904301238
10094 0.008231684887681797
10095 0.009831585171600302
10097 0.02786511857986211
10100 0.044269375556223865
10103 0.011732339702745705
10105 0.04735724065128844
10107 0.01813194083841972
10116 0.013908092308065551
10127 0.005717996740482406
10135 0.005614030759608383
10150 0.006670718731880622
10167 0.007989920757813577
10172 0.021610693409323645
10174 0.0056480539920715795
10177 0.010597199923990745
10190 0.009831585171600302
10191 0.0055806097399758925
10192 0.010175506868510339
10204 0.010175851720728386
10211 0.0072942937381299125
10221 0.007378229259370644
10227 0.026429708104128313
10240 0.01114041223563701
10253 0.011906026988027452
10266 0.005391628318864209
10269 0.006112811884481548
10280 0.0058661698513728525
10289 0.011906026988027452
10298 0.0242302204083264
10299 0.0076550515564030395
10312 0.018158582002724254
10318 0.03178677411841148
10321 0.013335411624043834
10328 0.007757143355173155
10330 0.040703406882913545
10334 0.007557852740436924
10364 0.007877181740162435
10391 0.013214854052064157
10392 0.010218273200683763
10420 0.013806992269042088
10428 0.004481803181727483
10438 0.013214854052064157
10450 0.03102857342069262
10452 0.015116395185309944
10457 0.016202819808602477
10461 0.03102857342069262
10490 0.06434787681634864
10491 0.00786507206219134
10492 0.017734049313383356
10494 0.05670986933010867
10500 0.015310103112806079
10530 0.03148588291848792
10541 0.010597199923990745
10559 0.006670718731880622
10560 0.010385365112692052
10576 0.013908092308065551
10619 0.08437499683718025
10628 0.10182255949097847
10637 0.01114041223563701
10638 0.0057539642720513175
10713 0.009288372859954036
10720 0.011906026988027452
10723 0.019575671709596756
10726 0.01551428671034631
10749 0.026301933012326396
10750 0.004053064603807208
10760 0.02933965595224867
10815 0.00797954579591733
10816 0.01257218988553706
10845 0.003517242666818861
10848 0.026243246848255797
10874 0.007757143355173155
10875 0.021410548168177848
10881 0.016331205019310006
10890 0.006922857823645091
10899 0.0123144861425093
10909 0.0820321701720506
10925 0.004222734767270436
10934 0.015112192284988876
10944 0.00797954579591733
10951 0.05912625374810917
10959 0.05326293061845168
10960 0.32386685755534617
10963 0.015481664067858975
10979 0.003952526271446943
10980 0.07054671482313117
10985 0.008854135607911172
10987 0.005985466674093207
10988 0.015654730107777143
10997 0.005192682556346026
10998 0.01573014412438268
11001 0.0072139310435268885
11004 0.010175851720728386
11021 0.013445409545182448
11036 0.02260222588788597
11038 0.04238879969596298
11050 0.011906026988027452
11067 0.004693282150045978
11071 0.027002439992151815
11080 0.002595368714523166
11082 0.04261379053781797
11101 0.017780548832058443
11103 0.015325237053362958
11104 0.02986428054116543
11106 0.0033678125460197927
11125 0.005062407572965468
11132 0.013225229013960404
11133 0.013214854052064157
11134 0.011906026988027452
11142 0.004538172690553054
11145 0.004255291406794143
11154 0.01541846768129922
11159 0.005905103979490182
11163 0.027903048699879463
11202 0.012594353167395166
11211 0.018576745719908073
11217 0.02989262455766796
11226 0.008522758107563595
11233 0.020768573470935272
11242 0.016202819808602477
11244 0.10023245458791762
11249 0.01072378333568783
11256 0.01114041223563701
11260 0.006448316291136447
11263 0.010175851720728386
11266 0.007062791336088024
11300 0.003388449235742372
11310 0.005361891667843915
11315 0.00615724307125465
11319 0.009469859487477318
11332 0.008957577741861419
11336 0.01114041223563701
11337 0.013214854052064157
11339 0.013461335680958033
11381 0.010597199923990745
11385 0.006991528602782714
11424 0.033888323952429474
11463 0.008371618400124731
11464 0.010597199923990745
11474 0.01573014412438268
11494 0.01645126732868347
11496 0.01114041223563701
11497 0.038349156184353625
11499 0.015997848206366884
11503 0.013214854052064157
11508 0.008231684887681797
11532 0.009288372859954036
11605 0.047548079881851724
11629 0.0888444263738033
11634 0.05029626199475397
11677 0.04479642081174814
11678 0.009288372859954036
11736 0.046962929893244555
11745 0.01551428671034631
11764 0.13152373639381423
11768 0.004445137208014611
11769 0.008231684887681797
11770 0.007767710984618639
11771 0.006249370528618264
11780 0.054525445149688476
11811 0.006730667840479016
11812 0.017636678705782793
11821 0.007136849389392615
11833 0.00786507206219134
11852 0.03328661991017106
11857 0.006501509620382734
11875 0.0135124107941668
11892 0.009928590406192806
11893 0.020022877562000236
11908 0.009076345381106108
11912 0.026429708104128313
11917 0.0052198519217027655
11923 0.019663170343200604
11929 0.06573847516834634
11930 0.05830031425084969
11945 0.00435647123340711
11949 0.00797954579591733
11957 0.009301027837226972
11960 0.009076345381106108
11965 0.00854356535187837
11977 0.08227127220871118
11984 0.006922857823645091
11987 0.018576745719908073
11991 0.020249630291861873
11995 0.005905103979490182
12006 0.007993580387975421
12016 0.01759850955411856
12021 0.08132141280269797
12024 0.014574219696221028
12039 0.013983057205565428
12051 0.025607604242442863
12052 0.037249808192414954
12072 0.010494835868235849
12074 0.013214854052064157
12088 0.009540511951718506
12089 0.004009319674833652
12105 0.011148565288011128
12115 0.05087925860364193
12122 0.009831585171600302
12124 0.006346224492366333
12131 0.02296515466920912
12153 0.013214854052064157
12156 0.016357633544906543
12157 0.004409169676445698
12159 0.012405489982871793
12177 0.03707196468040334
12186 0.14457940973166716
12193 0.0057539642720513175
12196 0.006922857823645091
12200 0.005483755776227824
12203 0.013214854052064157
12204 0.07082030778204271
12205 0.004519195261319201
12227 0.04079615627749136
12232 0.005452544514968847
12263 0.10594187004132036
12264 0.05022971040074839
12265 0.009651704066254506
12275 0.007147224351288863
12296 0.008101409904301238
12304 0.0040383700680544
12340 0.006922857823645091
