206
29 0.03992185230710067
76 0.032731540887901034
104 0.06777685156758291
116 0.04362170997028397
119 0.21176313598148616
159 0.041569663234497074
164 0.08724637665685395
344 0.026906727213106316
368 0.07448164623777076
374 0.054981561665265855
456 0.023091984119363126
464 0.04137806928266909
493 0.02810204900353986
496 0.055704669083053
525 0.10407646741498253
526 0.06841554664589647
576 0.03376894553685136
594 0.05846199375573224
674 0.02064039081842253
797 0.11148612867905844
855 0.07773040445774713
938 0.018281389454356974
952 0.0166719807892378
979 0.021398566143676186
1012 0.12238076321450486
1178 0.18102578444455636
1205 0.02334010391809899
1452 0.08429468181696156
1524 0.017522018537936754
1536 0.024845666813571386
1549 0.06401307576477658
1622 0.057926791488547236
1752 0.07448164623777076
1905 0.03462443888795376
1916 0.04872271456825323
1918 0.05097040718930911
1958 0.022606869173301496
1994 0.05574306433952922
2030 0.04813394059371148
2042 0.10754917311380639
2103 0.08724637665685395
2253 0.05131858189828291
2450 0.03413006459766133
2566 0.05878753593750256
2608 0.08179905938913075
2630 0.013487339484666372
2640 0.08179905938913075
2705 0.06330368176370663
2726 0.05770783593145483
2763 0.04081652744235151
2781 0.02923099687786612
2828 0.07642543053660891
2832 0.04063359329280491
3221 0.05441167064984632
3320 0.0717771241376196
3341 0.07963725291103622
3400 0.036067373078711135
3434 0.057193840380756714
3472 0.03376894553685136
3680 0.10305185770316691
3891 0.026354427462706404
3903 0.03449942282287833
3933 0.02547514351220297
3966 0.04406528566232788
3975 0.04996867534211268
3985 0.05441167064984632
4025 0.02627930203797372
4033 0.07530321877784986
4078 0.07915476373076909
4105 0.08995131278376282
4191 0.053581257861434695
4596 0.07949740184833871
4624 0.012124135679795062
4699 0.0981946226637031
4782 0.04872271456825323
4791 0.041763551779196724
4820 0.03083710293731171
4861 0.016099485443151283
4872 0.026890299077060597
4931 0.06753789107370271
4941 0.039832278132030885
4988 0.04081652744235151
5001 0.021678184493095956
5005 0.02134321737188841
5018 0.0475658296723628
5146 0.03526442340117533
5219 0.15291122156792733
5312 0.09371804169272198
5313 0.04622709214042241
5471 0.15291122156792733
5472 0.04384197867395569
5520 0.06119038160725243
5802 0.03019022981785754
5842 0.04821625869230039
5845 0.03154772798298593
5998 0.03648429311382115
6057 0.020907110194983192
6066 0.05362530289260271
6198 0.039240088415907884
6230 0.07749393815394585
6303 0.04902533085526149
6409 0.02768797272392268
6438 0.09085895917617598
6630 0.04009687563314317
6764 0.06563337691498607
6817 0.030061409666277735
6867 0.06351325531061255
6869 0.048425651188169244
6932 0.026968320914714336
7121 0.04235955159629494
7176 0.038640278497834454
7193 0.12631293424340695
7254 0.04215843720903881
7262 0.016263133304770756
7374 0.045230500632998966
7399 0.06480296412657445
7461 0.05131858189828291
7484 0.038463032612687485
7488 0.045972134115616965
7537 0.01915637661268062
7542 0.018558139782868886
7739 0.04297833392044603
7773 0.24512665427630748
7932 0.24539717816739223
7944 0.10482084502461585
7951 0.03513438655765091
7984 0.045230500632998966
8036 0.04648612966631508
8098 0.023848051464251695
8208 0.17980205989217055
8252 0.019417961298675325
8324 0.03326755723094773
8352 0.03620515688891127
8374 0.05167440940814562
8633 0.03500538587528265
8635 0.15546080891549427
8754 0.0329563986689349
8786 0.08352710355839345
8823 0.07105534620697607
8837 0.03175662765530628
8840 0.10208066544131573
8890 0.019467094871984378
8905 0.04235955159629494
8942 0.016263133304770756
8986 0.0296870692899277
9112 0.05097040718930911
9232 0.045972134115616965
9246 0.060555417872479846
9287 0.04813394059371148
9338 0.07903763952396572
9340 0.06841554664589647
9341 0.04834761384185354
9393 0.06185126928668206
9444 0.03858587819583422
9534 0.07749393815394585
9568 0.030444610987660124
9575 0.019715024678759303
9584 0.03413006459766133
9653 0.05770783593145483
9776 0.22481639202831888
9849 0.09433284104039964
9859 0.1855538078600462
9933 0.07057735312399098
10004 0.0806708972311818
10122 0.06325993997263102
10144 0.045230500632998966
10162 0.0665086981926074
10169 0.07963725291103622
10218 0.11550067747201365
10420 0.029594821177211756
10499 0.05167440940814562
10570 0.0665086981926074
10571 0.03940785675640255
10686 0.05399114051326544
10749 0.01879243475448127
10760 0.03144428034679988
10816 0.035930752014945874
10818 0.04406528566232788
10896 0.06325993997263102
10897 0.038112005342200356
10898 0.054093441167127096
10914 0.03705743261106956
11011 0.05211199009920304
11036 0.012919228563317689
11049 0.04728907934385088
11096 0.06841554664589647
11125 0.043404397982898274
11179 0.05167440940814562
11249 0.045972134115616965
11332 0.12288169647873788
11505 0.05441167064984632
11624 0.04009687563314317
11637 0.05080796152070479
11656 0.05399114051326544
11812 0.03780362459012174
11813 0.056695662613416596
11893 0.04952118596759558
11929 0.021678184493095956
11992 0.07773040445774713
12006 0.017133969335105043
12064 0.03034795696935732
12098 0.0329563986689349
12177 0.019865625764570755
12232 0.04674937936862778
12259 0.07057735312399098
12270 0.07372070391582233
