235
10 0.09516110706084208
29 0.037215741541644934
76 0.03051282682410121
104 0.0631825840905924
116 0.040664803611077355
117 0.042855903784312456
119 0.1974087293372774
159 0.038751855274839
164 0.08133236351683426
203 0.03893260104564946
280 0.047515367915239186
289 0.043335058043518365
303 0.0485108115987206
344 0.02508284931249054
368 0.06943289290933245
374 0.051254625480556794
456 0.021526689344450418
464 0.038573248557462206
493 0.026197145975623046
496 0.05192871691700114
525 0.0970216231974412
526 0.0637779850949243
576 0.031479910790858164
594 0.054499135783727407
628 0.02596435845850057
674 0.019241277787111294
682 0.04434157036810901
797 0.10392901908663295
855 0.07246143340178927
938 0.017042181803635686
952 0.015541867227668336
979 0.01994806004588124
1012 0.11408515863504107
1178 0.1687549153390326
1205 0.02175799029286549
1452 0.0785807499036627
1524 0.03266856999417239
1536 0.023161498305509117
1549 0.059673936585450844
1622 0.05400021230956495
1752 0.06943289290933245
1905 0.03227741435357637
1916 0.045420035589304
1918 0.047515367915239186
1958 0.02107445801230335
1994 0.051964509543316474
2030 0.04487117177671243
2042 0.10025893084397641
2091 0.03911553772761655
2103 0.08133236351683426
2228 0.05533221243201836
2253 0.04783994153173447
2450 0.031816551323704256
2566 0.05480261102341494
2608 0.07625429374263021
2630 0.012573097472646299
2640 0.07625429374263021
2681 0.04719762793774494
2705 0.05901262899902113
2726 0.053796098698824284
2763 0.038049770943414676
2781 0.08174870367559112
2828 0.07124491739962399
2832 0.037879237021884796
2984 0.040462222160341184
3221 0.050723364641916124
3320 0.06691169738216524
3341 0.07423902575023023
3400 0.03362253896081504
3434 0.10663388887923675
3472 0.031479910790858164
3680 0.09606646686043911
3803 0.03427597831386055
3891 0.024567987311442
3903 0.03216087252754559
3933 0.02374830579987466
3966 0.041078311435871505
3975 0.046581538662214615
3985 0.050723364641916124
4025 0.024497954278692148
4033 0.07019877499000579
4078 0.07378924219581663
4105 0.08385394500587239
4191 0.04994924155091649
4320 0.023550157332420746
4382 0.03401119798772667
4596 0.07410865451986652
4624 0.011302298711095494
4699 0.09153848047230365
4782 0.045420035589304
4791 0.03893260104564946
4820 0.028746803729945435
4861 0.015008178593437282
4872 0.025067534760941545
4931 0.06295982158171633
4941 0.03713223916999746
4988 0.038049770943414676
5001 0.020208724409404688
5005 0.019896463101689976
5018 0.04434157036810901
5146 0.03287401738821245
5219 0.19006147166095674
5312 0.08736534544027388
5313 0.04309357942827149
5346 0.056450656726859304
5471 0.14254610374571755
5472 0.040870141356493084
5473 0.028933128213522608
5520 0.057042579317520534
5532 0.0637779850949243
5700 0.035821634944290644
5802 0.028143779034631836
5842 0.04494790992647858
5845 0.029409258914374032
5998 0.03401119798772667
6057 0.01948991753723794
6066 0.04999030098081301
6186 0.038751855274839
6198 0.03658019115255279
6230 0.07224099601381738
6303 0.04570213897060399
6361 0.049212895930144926
6409 0.025811137939667814
6438 0.08470006640553615
6630 0.037378900876428554
6764 0.06118440529722204
6817 0.028023690982863333
6867 0.059207996561017474
6869 0.04514310871001872
6932 0.025140267872681685
7121 0.039488200895610566
7176 0.036021039470075226
7193 0.11775078666210373
7254 0.03930071908743056
7262 0.015160733551935287
7374 0.04216454207605744
7399 0.06041028220622242
7461 0.04783994153173447
7484 0.035855808232801795
7488 0.042855903784312456
7537 0.01785785778194292
7542 0.017300172555623734
7739 0.040065038935814666
7773 0.22851069485301992
7932 0.22876288122789062
7944 0.09771554302151143
7951 0.032752795118206814
7984 0.04216454207605744
8036 0.043335058043518365
8092 0.0244282447253065
8098 0.022231506512727102
8208 0.1676141412008633
8224 0.023161498305509117
8252 0.018101710897533443
8324 0.04135001225577308
8352 0.03375098306780652
8374 0.04817164920247555
8515 0.026836060067069553
8633 0.03263253877296556
8635 0.14492286680357855
8754 0.030722442575349698
8786 0.07786520209129892
8823 0.06623884531331183
8837 0.029603998280508737
8840 0.09516110706084208
8890 0.0181475139417214
8905 0.039488200895610566
8914 0.07087132286152834
8942 0.015160733551935287
8986 0.027674725344002758
9112 0.047515367915239186
9232 0.08571180756862491
9246 0.056450656726859304
9287 0.04487117177671243
9338 0.09210007159607769
9340 0.0637779850949243
9341 0.045070361140874385
9363 0.10562214771614799
9393 0.05765866859305087
9444 0.035970326703456734
9470 0.03705432725993326
9534 0.07224099601381738
9568 0.05676183385164015
9575 0.018378637776818713
9584 0.031816551323704256
9653 0.053796098698824284
9776 0.20957716780498437
9849 0.08793847049086363
9859 0.17297600577915262
9933 0.06579325308732428
10004 0.07520260428282464
10122 0.05897185225402653
10144 0.04216454207605744
10162 0.062000392746483356
10169 0.07423902575023023
10218 0.10767144088449052
10318 0.018819379947730884
10420 0.027588730288108758
10499 0.04817164920247555
10570 0.062000392746483356
10571 0.03673658728243902
10686 0.05033134022498587
10749 0.01751858579559463
10760 0.029312823496954545
10816 0.06699035756651629
10818 0.041078311435871505
10896 0.05897185225402653
10897 0.035528575416247474
10898 0.10085341281701574
10914 0.03454548710920392
11011 0.04857956839862745
11036 0.012043496064042876
11049 0.044083579616120964
11096 0.0637779850949243
11125 0.040462222160341184
11179 0.04817164920247555
11249 0.042855903784312456
11332 0.12887115304217595
11505 0.050723364641916124
11624 0.037378900876428554
11637 0.047363933658861684
11656 0.05033134022498587
11812 0.035241098315298064
11813 0.05285253575215309
11893 0.052319633437325146
11929 0.020208724409404688
11992 0.07246143340178927
12006 0.01597253978729648
12064 0.02829081461953308
12098 0.030722442575349698
12177 0.018519030337823532
12191 0.05897185225402653
12232 0.043580463311961824
12259 0.06579325308732428
12270 0.09163137495372486
