109
79 0.07268562023143295
104 0.14021598144142788
119 0.12516947793915414
203 0.08639996201890257
289 0.09616997756345172
338 0.1116962588423098
496 0.05762059365181567
674 0.08540121262652399
679 0.09510662940060885
797 0.11532061897454836
979 0.04426911082293387
1133 0.10921418618342911
1174 0.19126816733850244
1178 0.22470245322730367
1595 0.0856024802042565
1958 0.046768834419693525
2042 0.1334979053696181
2253 0.10616729990585264
2398 0.1436988729204644
2578 0.06526558167091508
2726 0.11938531614914907
2820 0.15117254264352303
2828 0.10540537564991383
2838 0.1436988729204644
3080 0.10921418618342911
3152 0.07577080571712809
3285 0.07189129081491147
3434 0.11832196798630619
3609 0.07111536451766927
3677 0.10842608737874776
3680 0.10659625693002092
3737 0.07547829159709665
3759 0.05483475821919951
3803 0.0760658970872743
3874 0.11345943718531626
3880 0.11084829826324756
3891 0.054521740484294416
3966 0.09116176295795043
3985 0.11256624681700333
4001 0.10765610740266636
4033 0.1557864445223791
4105 0.093045127593037
4289 0.1673761864697836
4624 0.02508227431863466
4699 0.06771464037557007
4827 0.041943066501439835
4873 0.10842608737874776
4926 0.06865155891888151
4931 0.06986081134161774
5040 0.08848092025661244
5312 0.06462760707029155
5373 0.1143771015436478
5627 0.07490081774243457
5802 0.031228602435391353
6198 0.08117944964732664
6251 0.05140043357366394
6452 0.03868285049722142
6630 0.08295196132015528
6666 0.10842324220671552
6732 0.07060789035690938
6867 0.06569775094257241
6869 0.10018243767960773
7193 0.10452590602279858
7399 0.13406363684894493
7580 0.07086066630279111
7911 0.07636361152621224
7951 0.1453712404628659
7988 0.0972681957490697
8092 0.05421162110335776
8208 0.12399082041470609
8324 0.022941181634582673
8413 0.12161898727002342
8483 0.07241874508355385
8823 0.07349924697473594
8986 0.12283254416019002
9099 0.05677690536740177
9232 0.09510662940060885
9341 0.05001049745152995
9445 0.04108311028657061
9470 0.08223166143305938
9534 0.08015928995449158
9575 0.04078621934389732
9578 0.05866189992254998
9776 0.23254880038901546
9849 0.06505157037502063
10004 0.11126069119879119
10318 0.02088216133821532
10364 0.06986081134161774
10418 0.09407600488848847
10428 0.07949604741313722
10578 0.07163064627887253
10749 0.038877575777419085
10897 0.07884568418509295
10898 0.05595394863709332
10925 0.07490081774243457
10951 0.03745545583148495
11067 0.08324715860893239
11080 0.04603538933291159
11106 0.05973662273445792
11319 0.04199294169596241
11332 0.03177703241307471
11629 0.08518266330475881
11637 0.05255546713143072
11650 0.14600962728330433
11768 0.07884568418509295
11771 0.11084829826324756
11893 0.034149622533322155
12205 0.08015928995449158
12270 0.05083751857767496
