49
79 0.15114084677714107
104 0.14578098184529667
338 0.23225869284066256
374 0.0788397597662367
493 0.12088918859016812
496 0.11981496874633314
525 0.22385769264624547
674 0.17758136411396544
711 0.10148826130166448
1178 0.15574707874606925
1205 0.10040428809706273
1905 0.14894715762638308
1958 0.09725006424194374
2042 0.09253084904687091
2705 0.13615965729439772
2781 0.12574568828777755
2828 0.10958878578641627
3080 0.22709752668109545
3152 0.15755611220774213
3680 0.11082693168455499
3891 0.11337128304500864
4105 0.09673797463736318
4624 0.0260777590364124
4926 0.142752510256264
5312 0.13438519512777153
5802 0.06493605476191021
6068 0.12017120416469479
6867 0.13661042826900227
7193 0.10867441108799765
7484 0.05515333066614062
7537 0.0412033803076588
7944 0.2254587717209764
8124 0.19354045642011314
8324 0.047703378017259664
8483 0.1505859125865021
8986 0.25541523449961895
9338 0.11333451294993772
9776 0.12088918859016812
10004 0.11567649163103103
10578 0.14894715762638308
10897 0.16394994545708724
10898 0.11634938452210852
10988 0.0824847476887746
11011 0.11208748867596777
11112 0.2287757734894184
11233 0.25533568694963255
11332 0.13215289548839243
11637 0.1092826583816859
11893 0.04260597502261385
