246
29 0.030705577218024718
79 0.05404667153993732
104 0.10426005954803147
116 0.03355129350139388
119 0.023267991796255487
159 0.06394595594188415
193 0.035359103658459054
203 0.0321221058128861
280 0.0392034858940431
289 0.035754439274408786
338 0.04152685905870219
343 0.023641954615170827
346 0.04984268775002459
374 0.014096211220307284
434 0.06125236374005255
448 0.055206807808950764
449 0.05342491238750501
456 0.017761017100110604
464 0.0318256149969722
493 0.021614468913543634
496 0.021422403008464253
525 0.04002479622196254
526 0.2104851081847522
628 0.021422403008464253
674 0.06350157394601205
711 0.018145666246723625
846 0.10326725899080637
855 0.059785726321148897
952 0.025646244546138616
1012 0.09412819690772224
1033 0.042182380195258384
1111 0.05342491238750501
1154 0.11957145264229779
1205 0.03590371296506397
1353 0.03702184002732615
1356 0.03637202167354457
1385 0.05262127704618805
1524 0.02695384418004985
1530 0.041850306489997706
1536 0.019109848285815575
1538 0.04657572111508626
1645 0.048655882915827044
1651 0.05262127704618805
1675 0.1085680268301103
1684 0.0321221058128861
1698 0.02517520601166138
1752 0.05728696960969154
1887 0.043990190352323544
1958 0.13910315818389538
2042 0.016544119317796875
2139 0.08958765138728103
2154 0.029194388674778617
2162 0.08877105193654657
2166 0.14271724496941193
2186 0.04152685905870219
2249 0.04984268775002459
2358 0.04031106229995085
2398 0.05342491238750501
2409 0.0504813931838622
2459 0.05428401341505515
2460 0.03747469087703583
2481 0.23389509777555634
2596 0.029433858092957007
2644 0.04713251635110102
2705 0.024344763284380826
2781 0.02248279024952744
2787 0.15702907425556312
2820 0.05620350168366847
2828 0.0391880106282082
2838 0.05342491238750501
2877 0.06125236374005255
3014 0.04438552596827328
3080 0.04060406466480658
3152 0.028170357739749134
3176 0.05186637768086466
3239 0.016936685046966046
3283 0.04706409845386112
3285 0.0534560339291891
3341 0.06125236374005255
3540 0.0511546396272844
3543 0.11957145264229779
3591 0.015554033045235135
3605 0.06611289179393029
3680 0.05944614148582498
3709 0.03478868212609069
3713 0.058473774443889084
3725 0.02861512023193458
3737 0.028061605729958236
3803 0.02828006792936973
3819 0.02774093497968007
3891 0.020270299616058394
3903 0.053069916862387614
3918 0.01129647497430488
4025 0.020212517489306824
4105 0.0345926706919516
4272 0.055206807808950764
4302 0.05262127704618805
4320 0.019430519036093732
4382 0.028061605729958236
4410 0.02722380944633077
4505 0.07851453712778156
4624 0.0046625915733316415
4822 0.04657572111508626
4861 0.012382792001793475
4883 0.03637202167354457
4926 0.025523537143794527
4941 0.015318340974566587
5001 0.016673604290173432
5005 0.016415966975987278
5089 0.06483458837753298
5146 0.08137005774163286
5224 0.016415966975987278
5312 0.024027497052502747
5347 0.05262127704618805
5373 0.0425235529334199
5425 0.03405125693555228
5471 0.3136278871523448
5472 0.033720711434141036
5500 0.043607020859442965
5701 0.06710486113775359
5802 0.04644115336989288
5807 0.028061605729958236
5842 0.018542577171166925
5849 0.055206807808950764
6010 0.023949427668431087
6014 0.03616273899977601
6057 0.016080538587224462
6063 0.03637202167354457
6068 0.021486096374809728
6079 0.01844215706263752
6119 0.02795379530782484
6150 0.02615759543222619
6252 0.03516604512505831
6279 0.07150887854881757
6361 0.04060406466480658
6452 0.014381656979709662
6554 0.03516604512505831
6681 0.05186637768086466
6732 0.052501738942271614
6817 0.04624299136673012
6867 0.04885071840620129
6869 0.03724620692579908
6899 0.13831733271270097
6982 0.05140285250891343
7083 0.037944634421221764
7121 0.06516102872459116
7176 0.044579797275471296
7193 0.019430519036093732
7262 0.012508660461324539
7461 0.03947128171998619
7467 0.03478868212609069
7542 0.028547693115152532
7628 0.06483458837753298
7739 0.033056445896965145
7773 0.3016595664220106
7911 0.08517226000038494
7944 0.04031106229995085
7951 0.02702333576996866
7952 0.010191895950875725
8166 0.04089054483004464
8208 0.023048888912221857
8224 0.03821969657163115
8252 0.029870342963372015
8324 0.06823327665606897
8339 0.036584882001689335
8352 0.05569382061690724
8385 0.05960385013226425
8413 0.04521596869555384
8444 0.030976284096224375
8638 0.20965035130175116
8708 0.04668378255415515
8823 0.08197748702621145
8837 0.024425359203100645
8970 0.11694754888777817
8986 0.022833574741134732
8996 0.036801444433613634
9010 0.09043193739110768
9027 0.03832544642030128
9161 0.05262127704618805
9211 0.043607020859442965
9338 0.06079117584185526
9341 0.018593092558786755
9393 0.09514482997960795
9568 0.046832463902886125
9575 0.060654621731691005
9616 0.03424325073116269
9652 0.04152685905870219
9776 0.0648434067406309
9813 0.0392034858940431
9849 0.04837023947819927
9922 0.03227304130903533
10004 0.020682461033492767
10081 0.15090601954389649
10105 0.02839075333346165
10216 0.0332192197961332
10218 0.022209108332257196
10318 0.007763649201155421
10325 0.027428315397737036
10420 0.022762622834233543
10483 0.047572414989803975
10494 0.05342491238750501
10571 0.030310241602074975
10578 0.02663111354970228
10760 0.04837023947819927
10794 0.03478868212609069
10816 0.027635853968138266
10844 0.0338924662395554
10845 0.0231945283031077
10897 0.05862709545471454
10898 0.04160554279818501
10914 0.028502431445009812
10951 0.034813328830677504
10960 0.0195940053141041
10988 0.014747919442198231
11011 0.04008152536778492
11036 0.00993672255477245
11067 0.030949944594572905
11080 0.01711521177481157
11099 0.04323529098700016
11112 0.04090412800289983
11145 0.05612321145991647
11186 0.07346567507139748
11217 0.030327310865845503
11317 0.05428401341505515
11319 0.03122459049824463
11332 0.023628371442315648
11339 0.04438552596827328
11424 0.07449241385159816
11428 0.13420972227550718
11472 0.05620350168366847
11624 0.0308401950261217
11629 0.015834766938325022
11637 0.019539271045884633
11650 0.05428401341505515
11736 0.017205444241906623
11812 0.17445815465332093
11893 0.04062808410014815
11957 0.02044527241502232
12002 0.058473774443889084
12006 0.013178457112240747
12024 0.024027497052502747
12029 0.08107000730990599
12064 0.023341891277077576
12089 0.026439540140755644
12259 0.1085680268301103
12270 0.01890056561204701
