389
10 0.06552735675385048
29 0.025626532185037416
76 0.042021892149552
79 0.02255337455273945
104 0.06526071190545324
116 0.028001535247426886
117 0.029510313436011883
119 0.13593444457658055
159 0.0266842907138988
164 0.05600496846252528
169 0.03249999815402259
203 0.05361750229413586
222 0.044587835853400544
245 0.047811065724706184
262 0.048145100525817115
280 0.0981563758820605
289 0.05968051226118886
303 0.03340424839757075
335 0.023152274847400962
338 0.10397355985087747
374 0.023529081245360055
390 0.01864905246192362
455 0.029673975431909503
464 0.026561303219851465
485 0.02872856742384704
493 0.01803919461739561
496 0.053636695667292934
524 0.05686324747605509
525 0.03340424839757075
567 0.06552735675385048
571 0.02190868279761177
576 0.02167687418404122
578 0.043287100174744374
587 0.018147448949977697
594 0.03752777183428075
628 0.01787889855576431
640 0.039703406817590305
673 0.044587835853400544
674 0.11924483663634475
682 0.030533334366101193
711 0.01514417061072673
717 0.04269309153560101
743 0.049896500199168727
797 0.07156488739053211
887 0.018311974633551397
913 0.02745444462005811
937 0.024464759902047408
938 0.011735142238276234
952 0.04280813916119182
979 0.013736112236882208
1012 0.07855834301526472
1057 0.027724390237735555
1174 0.029673975431909503
1178 0.23240720674501097
1205 0.044947257431206145
1362 0.025852461125491343
1416 0.03773674302966891
1444 0.03639393311558146
1452 0.05411022414472574
1524 0.022495377647063355
1536 0.04784659855149974
1549 0.04109110804103423
1595 0.026561303219851465
1622 0.03718421617909684
1645 0.040607657061138475
1726 0.031085268769813275
1905 0.022226030263460206
1916 0.03127595892647628
1918 0.03271879196068683
1929 0.01836740048203237
1958 0.043535228978052544
1994 0.03578244369526606
2030 0.03089801465945581
2042 0.1380753741120828
2086 0.022388413597780522
2091 0.02693472022826997
2096 0.025515383297119113
2100 0.0271913338082544
2103 0.05600496846252528
2167 0.021525158760279318
2174 0.028880282847608935
2181 0.023240720674501097
2228 0.038101423323023534
2252 0.03492779890130327
2253 0.0658845827388081
2298 0.056572548416931136
2356 0.010702034790297955
2373 0.010158352263821042
2398 0.044587835853400544
2409 0.126393622694613
2422 0.049896500199168727
2450 0.04381736559522354
2566 0.03773674302966891
2608 0.05250824065015897
2613 0.06552735675385048
2630 0.017315516160699432
2640 0.05250824065015897
2644 0.019668136160688545
2670 0.027322056562767854
2677 0.01911620175697646
2681 0.03249999815402259
2705 0.04063573567853847
2726 0.03704366479416214
2763 0.026200839734003032
2781 0.0750555436685615
2788 0.040607657061138475
2820 0.04690681548115802
2828 0.08176469119116997
2832 0.026083411117839735
2838 0.044587835853400544
2864 0.04690681548115802
2984 0.027862038898507635
3014 0.07408732958832429
3080 0.06777539875493305
3133 0.03166816856561512
3152 0.02351066629217854
3221 0.03492779890130327
3239 0.014135168389185498
3263 0.07273076541741819
3270 0.018311974633551397
3285 0.044613809544888326
3320 0.04607498589275056
3400 0.046304549694801925
3434 0.0367137220995796
3472 0.02167687418404122
3609 0.022066145233606855
3670 0.046304549694801925
3680 0.13230156395766177
3737 0.023419903078078858
3760 0.043287100174744374
3803 0.070806687577423
3820 0.05968051226118886
3826 0.029190524452013734
3831 0.04607498589275056
3882 0.02984025613059443
3891 0.03383473183538405
3903 0.0664373408228698
3918 0.009427911986509028
3966 0.028286274208465568
3985 0.06985559780260654
4025 0.033738283198681676
4033 0.024169223722420415
4078 0.025405410609978075
4091 0.06552735675385048
4105 0.05774131406546644
4161 0.038101423323023534
4191 0.06878948494364424
4268 0.05411022414472574
4320 0.01621649441451114
4382 0.023419903078078858
4410 0.011360343823241779
4414 0.03520494391099461
4451 0.011794022406867596
4581 0.04530483198659125
4596 0.10206153318847645
4624 0.011674040729271208
4699 0.021010946074776
4708 0.024976800506456724
4782 0.03127595892647628
4815 0.03773674302966891
4820 0.019794873365026038
4827 0.0130143718342841
4852 0.07273076541741819
4861 0.010334540058354847
4872 0.01726135123847969
4926 0.021301659351562103
4931 0.04335374836808244
4941 0.012784516481118967
4965 0.030533334366101193
4988 0.052401679468006064
4995 0.11491426969538816
5001 0.013915604124578469
5005 0.02740116579288405
5018 0.030533334366101193
5219 0.06543758392137367
5224 0.013700582896442026
5312 0.10026540490833084
5337 0.02263684746702671
5346 0.03887157722918284
5373 0.03548968287203329
5425 0.042628198727738056
5471 0.03271879196068683
5472 0.028142929564017642
5473 0.019923175265712547
5498 0.06552735675385048
5520 0.03927917150763236
5532 0.043917130763147315
5599 0.06552735675385048
5622 0.02175357063515108
5687 0.03413812889183769
5700 0.024666558902051917
5766 0.03465785328362583
5789 0.05112053942671504
5802 0.029069451367743557
5807 0.023419903078078858
5998 0.023419903078078858
6005 0.07273076541741819
6066 0.01721150787215899
6068 0.017932056328732914
6084 0.029034245988900184
6180 0.020118647899200134
6186 0.0266842907138988
6198 0.025188896071215595
6230 0.04974470836099385
6251 0.015948866183833246
6285 0.04607498589275056
6303 0.0314702135907909
6361 0.033887699377466524
6409 0.017773391842889005
6437 0.026200839734003032
6438 0.058323948090282754
6452 0.012002770468954127
6502 0.03465785328362583
6570 0.027588540957446967
6616 0.024976800506456724
6626 0.048801559798957554
6630 0.025738882705836335
6666 0.016821140026902926
6696 0.03340424839757075
6732 0.04381736559522354
6764 0.04213120756487099
6778 0.028196501375988767
6867 0.040770264587758495
6869 0.06217053753962655
6903 0.058323948090282754
6911 0.039703406817590305
6932 0.017311434814722308
6966 0.03578244369526606
7129 0.13105471350770095
7150 0.019858826317351544
7176 0.02480386763986499
7193 0.1297319553160891
7205 0.018706310578980312
7207 0.07273076541741819
7254 0.02706223498091926
7272 0.011794022406867596
7356 0.03317070324427581
7374 0.029034245988900184
7376 0.02872856742384704
7399 0.04159815113538984
7484 0.0658402411191302
7488 0.029510313436011883
7537 0.0122968117320108
7542 0.011912793093408744
7552 0.014359471814920364
7554 0.039210684967000434
7580 0.021987115788446022
7615 0.07273076541741819
7698 0.03927917150763236
7739 0.027588540957446967
7773 0.0944106407723727
7854 0.02693472022826997
7911 0.02369460599588809
7932 0.2100329626006359
7944 0.03364316287258493
7951 0.06766012365821834
7952 0.017012085313175634
7984 0.05806849197780037
7988 0.03018101852626511
8049 0.048801559798957554
8098 0.0306169590377636
8124 0.05776056569521787
8169 0.025515383297119113
8208 0.13465441881814652
8224 0.015948866183833246
8252 0.012464727497120826
8277 0.03608369151117666
8320 0.03548968287203329
8324 0.028473365732575532
8341 0.03704366479416214
8374 0.03317070324427581
8413 0.03773674302966891
8483 0.04494113353668357
8515 0.036958293912203385
8582 0.0314702135907909
8625 0.025852461125491343
8633 0.022470566768341783
8635 0.09979300039833745
8754 0.02115528620003856
8786 0.02680875114706793
8823 0.0684174961053163
8837 0.08154052917551699
8890 0.012496267193427613
8914 0.048801559798957554
8942 0.0626375308227069
8986 0.09528323370186573
9000 0.020939520900449923
9022 0.043917130763147315
9112 0.03271879196068683
9135 0.05250824065015897
9160 0.027862038898507635
9202 0.030533334366101193
9232 0.029510313436011883
9246 0.03887157722918284
9332 0.033887699377466524
9338 0.10992721382941471
9340 0.043917130763147315
9341 0.03103517523829048
9358 0.03492779890130327
9393 0.039703406817590305
9434 0.05193458916141618
9444 0.024768947138697848
9470 0.07654614989135734
9534 0.024872354180496926
9568 0.0390858518955769
9575 0.03796625296135147
9578 0.018202001946410362
9584 0.02190868279761177
9613 0.030355683510968682
9614 0.022306904772444163
9616 0.028579035031698334
9625 0.021301659351562103
9658 0.01751421826240969
9664 0.015948866183833246
9685 0.05600496846252528
9731 0.03639393311558146
9776 0.2525487246435385
9849 0.08073852446964563
9859 0.039703406817590305
9898 0.012123965101450147
9933 0.04530483198659125
10004 0.12082945866935782
10122 0.040607657061138475
10162 0.04269309153560101
10169 0.05112053942671504
10172 0.023787811301869875
10218 0.05560642212680585
10298 0.022226030263460206
10318 0.03239727504779801
10325 0.022891366031994185
10348 0.038101423323023534
10420 0.03799486214087063
10570 0.04269309153560101
10578 0.022226030263460206
10657 0.03548968287203329
10686 0.03465785328362583
10749 0.012063191115640524
10750 0.022306904772444163
10760 0.02018463111741141
10788 0.03520494391099461
10816 0.04612915081497031
10845 0.019357894556283742
10896 0.040607657061138475
10897 0.048929519804094816
10898 0.06944704370955504
10914 0.023787811301869875
10925 0.023240720674501097
10951 0.0058109631707163835
10980 0.02426680492722318
10985 0.024365311086141324
10988 0.012308449034007272
11011 0.033451593909785825
11036 0.01658615557399019
11071 0.049537894277395696
11080 0.014284164804544763
11095 0.0981563758820605
11096 0.043917130763147315
11112 0.03413812889183769
11144 0.04109110804103423
11233 0.038101423323023534
11257 0.029190524452013734
11319 0.019544771158824553
11332 0.14789981400131616
11484 0.044587835853400544
11497 0.01110856596998368
11505 0.03492779890130327
11624 0.025738882705836335
11629 0.013215519829060452
11634 0.013181723630311531
11637 0.048921772885832465
11650 0.04530483198659125
11656 0.06931570656725165
11692 0.049896500199168727
11813 0.03639393311558146
11828 0.020317867839269234
11893 0.04874238448721163
11946 0.05411022414472574
11991 0.027862038898507635
11992 0.049896500199168727
12021 0.015433438803458994
12051 0.017617113379775454
12064 0.03896176410066216
12098 0.04231057240007712
12109 0.03364316287258493
12177 0.012752091113295677
12186 0.015602423371537716
12191 0.040607657061138475
12232 0.03000924069867315
12270 0.1104194083939077
