157
29 0.10431301601725465
104 0.08854809326959592
119 0.03952302188781792
289 0.060732507489388445
337 0.04712076529814118
343 0.040158235309184165
479 0.1038605835288475
547 0.11248722018492588
674 0.13482975448395917
679 0.06006099022485468
938 0.023883997870394708
958 0.04190502571716281
1107 0.1187040620127961
1122 0.04879881809878853
1178 0.09460155008359881
1397 0.12478883047902033
1440 0.10686761884965312
1645 0.0826469057704761
1971 0.03049303192552523
2042 0.14050924455310856
2154 0.04958960243317723
2194 0.04822454706171169
2227 0.044910215408237024
2450 0.0891794786388844
2489 0.08938252611882538
2644 0.1200889719029567
2656 0.03482835440547388
2679 0.0508341388619685
2819 0.07053754246954588
2828 0.06656477341753089
3014 0.0753932754363738
3471 0.07831529562352738
3602 0.08466281302406668
3609 0.044910215408237024
3618 0.10404329406581074
3627 0.11398434891803738
3680 0.03365841469637394
3765 0.03807209771808741
3876 0.05614969466034776
3878 0.052156508008627325
3891 0.03443114053044453
4025 0.03433299178257131
4033 0.04919051479687692
4191 0.07000204507708133
4244 0.05727801641647589
4267 0.08938252611882538
4282 0.1187040620127961
4356 0.02854404656109634
4596 0.05193029176442375
4624 0.007919880255261132
4708 0.101668277723937
4815 0.07680386584633649
4827 0.05297511063150517
4872 0.07026247621870188
4898 0.09730767371746145
4905 0.05170646938782647
4931 0.08823589971662815
5035 0.05614969466034776
5292 0.08810025369927015
5598 0.19459045881457096
6014 0.12285209119264041
6180 0.04094656322208322
6222 0.06528233198232263
6436 0.03492883448619187
6584 0.0595410720915569
6630 0.052385169881233075
6666 0.0342352963792601
6732 0.0445897393194422
6761 0.1480255979067668
6762 0.09220685090266775
6867 0.08297785342672481
6868 0.06326642472873203
6906 0.08080652663806427
6966 0.0728263698609237
7193 0.19802813303693406
7201 0.05941013834272962
7220 0.03492883448619187
7262 0.021247216585308096
7376 0.058469938347457305
7483 0.023294794946207963
7484 0.03350040729686476
7486 0.09730767371746145
7523 0.1480255979067668
7537 0.05005427616583053
7554 0.03990185620392272
7580 0.04474937039574427
7655 0.16726170284381328
7854 0.054819003256169514
7951 0.04590185094057857
7966 0.07754608295568241
7984 0.059092071939749156
8054 0.10404329406581074
8252 0.025368889354000213
8273 0.08466281302406668
8291 0.06326642472873203
8312 0.04540022227786932
8332 0.0728263698609237
8346 0.07472175817184003
8455 0.05104887184555407
8483 0.0457333160471748
8495 0.06614575869107892
8727 0.050621564035337276
8823 0.04641566609925023
8942 0.021247216585308096
8986 0.038785120872194295
9027 0.032549810722679706
9061 0.1480255979067668
9115 0.06006099022485468
9233 0.08466281302406668
9287 0.06288531500869705
9438 0.058165601913938346
9445 0.012972241266877176
9553 0.11398434891803738
9575 0.02575699230181018
9622 0.1187040620127961
9776 0.25700042995146477
9849 0.08216171169200427
9920 0.07053754246954588
9977 0.12478883047902033
10004 0.07026247621870188
10035 0.10155206305127384
10318 0.013187338210940317
10346 0.11012806253203497
10420 0.03866460192952004
10568 0.08810025369927015
10608 0.13336482995978147
10628 0.04958960243317723
10647 0.052385169881233075
10657 0.07223052715730315
10749 0.04910332147085147
10760 0.041080855846002136
10816 0.04694227464215645
10818 0.05756975921031778
10897 0.0995840121126726
10898 0.07067119470670609
10925 0.04730077504179941
10951 0.03548036210630169
10960 0.033282386708765446
10985 0.09917920486635445
11021 0.0502027183245383
11084 0.05534127713009596
11101 0.14937601816900892
11106 0.03772440193424772
11189 0.05727801641647589
11319 0.03977857815920998
11332 0.06020274438800643
11637 0.0663788301096774
11783 0.08170670577520377
11893 0.004313180181198197
11929 0.02832179214604118
11945 0.04879881809878853
11965 0.04785018300182406
11977 0.027104646588614466
12200 0.06142604559632021
12205 0.050621564035337276
12237 0.11012806253203497
12270 0.06420901940469899
