376
25 0.029684106778299617
84 0.017841116994981924
88 0.029684106778299617
106 0.02099530913772773
110 0.09440553506374814
117 0.023859942413893727
173 0.04374968212030339
220 0.025444578406710498
305 0.0588049286003291
326 0.06413191925926663
335 0.018719284219309934
344 0.020947242526412613
347 0.021675651122595913
435 0.021098768504924106
456 0.01198494309454701
459 0.0588049286003291
474 0.0773132604919255
479 0.02062992578705604
493 0.014585210885589577
495 0.02054100968699577
496 0.014455606880942528
547 0.01489562851507698
587 0.014672737646261362
674 0.02142508916768016
681 0.0789149467379347
769 0.017785361916367967
818 0.0317583468664174
921 0.030511248805546003
938 0.028464606311070367
942 0.01893566938872377
952 0.017305809669672233
956 0.016373548616867947
958 0.016647269662405227
965 0.032855168256293685
975 0.1407701269632393
1108 0.04528163773337325
1113 0.024981939011824023
1143 0.06502695336778773
1205 0.024227438909822444
1250 0.03451860000468358
1328 0.02780914464015556
1347 0.01816810350939619
1374 0.01886292007673421
1524 0.01818816382284621
1536 0.012895119854904038
1553 0.03409221382293179
1575 0.016213496291090684
1595 0.021475582312529752
1625 0.1176098572006582
1710 0.024981939011824023
1742 0.03409221382293179
1780 0.08266487101422283
1895 0.027123492559653694
1896 0.022754372982575658
1958 0.02346632833171721
1996 0.0317583468664174
1999 0.029684106778299617
2002 0.0196204140423046
2054 0.04528163773337325
2062 0.0588049286003291
2080 0.03576386261926394
2086 0.01810168029356147
2102 0.02802187734567974
2108 0.03363330900456146
2150 0.02610393560975432
2183 0.02663479589127372
2186 0.02802187734567974
2238 0.03945747336896735
2252 0.028240136189545725
2266 0.013111505024317871
2278 0.045234895804818806
2284 0.03451860000468358
2356 0.04326452417418057
2358 0.02720147078416144
2363 0.032832465881556853
2373 0.024639965335546708
2378 0.02780914464015556
2381 0.024126710630696793
2393 0.03406430055395162
2455 0.021675651122595913
2460 0.05057503577812754
2464 0.03701666378319278
2483 0.0332233499894219
2555 0.03663026774063581
2630 0.021000143866159254
2677 0.07728001162760147
2679 0.02019446601472312
2701 0.0171046611069332
2715 0.028464215950198612
2748 0.06758179425239279
2757 0.014805761422650146
2763 0.04236827430549011
2984 0.022527264750797596
3031 0.04034276436908948
3039 0.035508271142705515
3051 0.04034276436908948
3089 0.062159378638448635
3133 0.02560463073248776
3239 0.022857385402426
3286 0.02780914464015556
3342 0.019083085328559783
3347 0.02440222688894165
3361 0.06329630551477232
3363 0.027399185625016004
3407 0.0192331338345788
3580 0.02593418250201151
3609 0.017841116994981924
3624 0.02780914464015556
3661 0.014850574825119246
3675 0.04715659987151731
3725 0.019309175014601002
3729 0.03245896025567961
3746 0.04034276436908948
3765 0.01512459344624297
3805 0.019309175014601002
3819 0.03743856843861987
3876 0.022306133750675358
3918 0.007622739676050157
4048 0.027624279192654384
4105 0.011671380850392352
4144 0.032832465881556853
4320 0.013111505024317871
4356 0.011339461847990331
4381 0.03150171379240842
4391 0.06726661800912292
4410 0.01837033347763816
4446 0.03530172748310247
4551 0.04957384648470929
4568 0.0664466999788438
4624 0.028316399296317064
4676 0.06360902905354834
4772 0.014037486142921466
4790 0.15032907618770827
4791 0.08670260449038365
4827 0.021044992503541776
4861 0.01253366206365928
4872 0.01395630200367597
4904 0.030226391253347546
4926 0.017223008035842126
4972 0.013333610283012231
5005 0.011077317753832088
5053 0.04957384648470929
5181 0.05221114132696173
5224 0.011077317753832088
5243 0.09333504676040899
5249 0.04670108890134761
5271 0.03080610337622992
5340 0.020902462966012166
5372 0.03605055561775344
5404 0.04245443210504171
5571 0.054016603034301905
5627 0.01879079523005993
5667 0.023992267873802087
5777 0.022754372982575658
5807 0.07574267755489508
5842 0.012512331414922074
5875 0.026454090151461936
5882 0.23833980608792835
6008 0.019409724619950584
6014 0.02440222688894165
6045 0.0321013533914916
6057 0.021701948577748105
6058 0.029174708815079702
6068 0.014498586478723891
6079 0.012444569006976101
6125 0.0196204140423046
6127 0.10596152847184642
6162 0.009631837961114399
6180 0.048799527124086556
6196 0.0349988731794856
6258 0.040340712121368166
6277 0.02209067340576808
6360 0.010991722856980924
6398 0.018439175179837942
6409 0.014370301650317226
6410 0.023220097024102104
6436 0.013875894758060156
6452 0.009704587273103958
6584 0.01182669937714534
6620 0.022640051585792714
6628 0.023350544450673805
6629 0.0349988731794856
6636 0.04374968212030339
6638 0.015602136322711999
6657 0.028156748535250475
6747 0.031008863628642247
6794 0.3706681385725759
6807 0.07936227045438582
6809 0.10089992701368437
6923 0.05792752504380301
6934 0.01893566938872377
6982 0.017343045692267366
6994 0.2209067340576808
7016 0.02802187734567974
7035 0.016647269662405227
7061 0.04034276436908948
7176 0.020054644787568243
7181 0.10581636060584775
7220 0.04162768427418047
7241 0.11837242010690206
7259 0.0342093222138664
7277 0.024687084441140105
7312 0.014370301650317226
7445 0.0588049286003291
7482 0.03607155609897566
7536 0.01746482308534065
7537 0.029826984430693492
7542 0.028895513883343195
7558 0.04505452950159519
7561 0.059223045690600586
7580 0.017777219401531142
7589 0.018578062524535754
7602 0.0349988731794856
7833 0.012753898160129855
7838 0.029950874995102687
7861 0.01728281250927407
7911 0.05747332394225437
7952 0.006877381644772415
7977 0.03605055561775344
7985 0.03865663024596275
7990 0.031111682253469667
8036 0.024126710630696793
8108 0.03865663024596275
8113 0.02528751788906377
8151 0.04957384648470929
8163 0.04715659987151731
8166 0.0275924993557974
8169 0.02062992578705604
8224 0.012895119854904038
8239 0.02593418250201151
8252 0.04031237159592476
8312 0.01803577804948783
8320 0.028694435640277682
8324 0.07482000560894751
8326 0.026893808080912105
8329 0.04528010317158543
8343 0.03605055561775344
8360 0.03605055561775344
8374 0.026819473502133626
8391 0.10219290166185487
8440 0.030226391253347546
8447 0.01790550422993781
8453 0.02663479589127372
8461 0.035508271142705515
8473 0.015902257263387086
8497 0.08749936424060678
8515 0.014940925083242764
8517 0.13792674346081274
8556 0.013717352449906838
8571 0.023992267873802087
8577 0.026819473502133626
8618 0.05298076423592321
8643 0.0588049286003291
8714 0.05326959178254744
8727 0.02011001813760561
8753 0.01790550422993781
8763 0.10581636060584775
8836 0.07157982724168119
8837 0.01648196938626946
8942 0.008440709390288868
8949 0.023601383765937036
8954 0.030511248805546003
8974 0.029684106778299617
8976 0.02893114123808586
8985 0.02593418250201151
9000 0.01693020861816976
9099 0.01424394599033732
9117 0.024833218438331812
9230 0.07633234131423913
9273 0.02448900039381988
9291 0.19767427535395793
9292 0.04928275238444053
9330 0.025133339379006896
9338 0.01709217953305114
9445 0.005153377066346463
9563 0.06182400930208117
9575 0.010232271409038058
9578 0.0735842266129494
9582 0.03505276017253582
9584 0.035427608117328466
9604 0.03663026774063581
9636 0.02593418250201151
9637 0.10688653209877773
9638 0.06861081382761536
9658 0.014160752310258613
9843 0.0588049286003291
9849 0.06527943353111455
9866 0.029174708815079702
9870 0.027601665134581087
9922 0.02177750077017519
9987 0.01816810350939619
10102 0.035508271142705515
10105 0.019157774647418125
10125 0.04715659987151731
10127 0.25444578406710494
10150 0.029684106778299617
10167 0.017777219401531142
10183 0.024126710630696793
10216 0.022415971825139828
10280 0.02610393560975432
10298 0.053911166005624886
10318 0.020955307538393992
10321 0.0593413991042456
10364 0.05257914025880373
10392 0.04547040955711553
10418 0.023601383765937036
10420 0.01535997278833916
10460 0.01531236646809602
10476 0.06413191925926663
10501 0.022870271275871785
10576 0.02062992578705604
10619 0.05866582082929303
10749 0.039013756457867727
10750 0.03607155609897566
10845 0.015651417948123855
10848 0.019463353524657872
10933 0.04245443210504171
10934 0.022415971825139828
10951 0.04698331887364992
10959 0.015801021182790875
10960 0.026443647608708966
10985 0.01970005912246605
11021 0.03988725339891978
11036 0.006705193384702501
11067 0.07309641273869401
11103 0.013639189160251974
11106 0.01498646716246193
11156 0.05363894700426725
11157 0.0317583468664174
11187 0.025133339379006896
11190 0.03725295946129955
11217 0.020464542818076116
11219 0.02177750077017519
11249 0.023859942413893727
11306 0.0588049286003291
11310 0.023859942413893727
11319 0.010535008726208162
11540 0.0699977463589712
11629 0.02137026045316492
11634 0.0319734150655907
11711 0.04034276436908948
11736 0.06966029107230631
11812 0.0392408280846092
11828 0.016427584128146842
11846 0.04418134681153616
11861 0.04055954249069685
11875 0.03006451485724805
11893 0.005140386315253379
11908 0.02019446601472312
11917 0.023227878140059804
11929 0.09000934911434956
11930 0.028825692019592303
11957 0.041388749033696104
11977 0.043070572385312145
11991 0.022527264750797596
12007 0.02372966859434371
12012 0.03663026774063581
12021 0.07487029141131002
12029 0.054705167998384666
12030 0.07403332756638556
12035 0.04374968212030339
12039 0.062223364506939334
12052 0.04143958575896576
12054 0.04957384648470929
12064 0.01575085689620421
12072 0.023350544450673805
12159 0.055203330269162174
12175 0.020810631526867827
12177 0.01031043469869292
12180 0.017223008035842126
12186 0.08830507570802432
12204 0.020115580154107502
12265 0.01610596018270861
12303 0.022527264750797596
12304 0.08985194334270814
12340 0.03080610337622992
