173
79 0.045314810734259255
104 0.08741564893724303
178 0.06618848523384482
188 0.05896913292567528
210 0.10434771838686854
289 0.05995579755294137
308 0.11252659951719866
335 0.04651813635800642
343 0.0396446503826887
344 0.01735156595291039
423 0.1820552292091856
429 0.06618848523384482
435 0.026215622851797585
472 0.11718595205367614
496 0.03592273530051725
634 0.08256129384922987
674 0.1064843300318598
878 0.07189499114061922
887 0.03679288271249616
1073 0.10576405424540154
1133 0.06808802292173377
1199 0.12319290222580932
1205 0.09030916676155396
1524 0.022599140942049043
1536 0.03204486543051031
1632 0.0390175607256216
1688 0.08066175616134094
1710 0.12416214549920115
1986 0.07731371886009122
2042 0.027742453486594012
2163 0.07017781719873835
2172 0.0640339451183201
2356 0.08601119621540697
2373 0.020410418366907816
2398 0.08958700783433961
2464 0.04599391176530032
2510 0.10025331054295027
2596 0.09871392044380009
2630 0.01739538656960749
2820 0.09424636037081709
2829 0.07731371886009122
2832 0.05240744950804773
3285 0.04481959741619556
3339 0.07810175638964885
3340 0.07442906848043748
3400 0.04651813635800642
3604 0.06171149644337542
3609 0.08867171451946784
3670 0.04651813635800642
3680 0.03322795617884446
3759 0.034185946029629224
3891 0.06798159919614391
3918 0.01894279928215966
4061 0.08256129384922987
4147 0.0910276146045928
4431 0.03488368929440393
4451 0.02369684819950377
4552 0.03635327666083263
4624 0.007818592659144554
4664 0.10025331054295027
4699 0.04221572441409013
4860 0.11718595205367614
4926 0.042799832884629345
4972 0.03313453089460835
5005 0.02752755776965933
5059 0.09606320283698434
5112 0.05082654758832874
5297 0.0395177167626556
5337 0.04548252662544526
5368 0.1439521125540556
5425 0.057099770229438775
5433 0.043400752519921086
5461 0.11605398989237385
5471 0.06573942456748838
5472 0.05654548607432875
5595 0.16512258769845975
5609 0.049356960221900045
5628 0.07442906848043748
5796 0.07442906848043748
5802 0.01946902570755278
5842 0.031093621534711072
5942 0.10434829044796888
5950 0.08697353680117917
6008 0.03215593808552509
6072 0.18849272074163417
6198 0.05061016724583316
6251 0.03204486543051031
6252 0.05896913292567528
6258 0.03341607020965578
6263 0.07977308944332098
6459 0.08958700783433961
6502 0.06963543563428592
6584 0.02938979972982522
6705 0.08958700783433961
6732 0.04401947974965501
6747 0.03852910532487179
6886 0.21100177106417786
6952 0.02915736115675078
7006 0.08465108812623445
7176 0.024918279190321326
7201 0.17595102067988752
7272 0.04739369639900754
7282 0.0318686574971036
7484 0.11575189339317118
7537 0.012353532615880855
7542 0.023935485267708556
7554 0.03939155011781744
7605 0.053614751994237646
7698 0.07892070512572896
7772 0.09606320283698434
8092 0.03379746010385804
8098 0.0615163686840072
8208 0.03865015213454943
8224 0.03204486543051031
8324 0.0286047033919871
8394 0.08958700783433961
8483 0.04514843123887471
8556 0.034088144838217684
8754 0.04250573624546096
8823 0.045822054694807615
8957 0.0554315944604049
8986 0.11486729024744857
9000 0.04207221514683263
9010 0.15164323761111967
9143 0.09424636037081709
9206 0.09805332858970255
9322 0.11718595205367614
9445 0.07683803320724357
9470 0.05126615363999227
9473 0.05463351580721419
9563 0.03840875619520467
9625 0.042799832884629345
9813 0.06573942456748838
9923 0.0390175607256216
9933 0.0910276146045928
10081 0.05061016724583316
10105 0.09521560364420892
10174 0.06245730844551464
10392 0.045198281884098086
10515 0.06910678673471031
10578 0.04465710230668261
10653 0.08530453356998433
10848 0.04836717700509899
10862 0.055162164706789814
10897 0.14746564360396994
10898 0.2093021357664236
10951 0.04670213686187009
10959 0.03926614123517539
10988 0.024730447193347743
11036 0.04998798509421188
11067 0.025949625417774763
11101 0.09831042906931328
11138 0.09424636037081709
11153 0.06573942456748838
11164 0.0910276146045928
11233 0.0765543436770967
11319 0.013089949559957178
11332 0.11886561921684084
11736 0.028851414054044944
11812 0.04875747839113237
11828 0.04082317408896778
11893 0.021290093925272417
11945 0.048174728488939556
11957 0.03428420746363625
11960 0.050184019471266245
11977 0.026758004416249995
12006 0.022098651879772533
12021 0.031009255697949142
12064 0.03914148106674153
12204 0.04998798509421188
12265 0.04002392629858153
12270 0.15846962062177575
12275 0.0395177167626556
