308
29 0.02616730530095683
79 0.023029297652412822
103 0.046924970419098586
201 0.023731148206584455
237 0.078582724517391
289 0.03046994758361891
330 0.022371001560704967
340 0.06691012023639582
352 0.07850191590287049
452 0.04359400454135758
456 0.015135945942787487
460 0.06691012023639582
474 0.04881997862796951
587 0.05559119357376697
622 0.06691012023639582
640 0.04054123125916263
674 0.05411606695220035
736 0.030996251553478724
740 0.0392913622586955
744 0.01995532232208752
887 0.1869839537552774
910 0.07426553580125284
956 0.020678374924389505
958 0.021024060916886255
1055 0.032752628137169136
1171 0.07426553580125284
1232 0.03213430053549573
1259 0.07426553580125284
1261 0.045528731904120386
1338 0.07426553580125284
1347 0.02294474245157708
1425 0.06260747795373373
1442 0.14853107160250567
1536 0.016285420423764664
1587 0.05100772586586256
1595 0.027121801948332015
1596 0.032752628137169136
1607 0.07426553580125284
1621 0.07426553580125284
1623 0.04247595862192544
1645 0.08292912612622497
1657 0.1878224338612012
1665 0.04359400454135758
1684 0.02737447154134635
1698 0.04290864145259702
1736 0.02550386293293128
1818 0.02933479993355686
1858 0.0392913622586955
1971 0.015298579341528317
2003 0.04983137418678247
2042 0.08459343096864885
2080 0.015055554485882385
2105 0.14460171183596215
2129 0.024981017207051596
2148 0.05955470467153878
2266 0.0165586961666056
2294 0.04247595862192544
2356 0.021855739955536958
2361 0.06691012023639582
2381 0.03046994758361891
2450 0.0671130046821149
2630 0.026521364335352363
2650 0.02561159605683481
2658 0.02996851785200935
2689 0.05094942010621461
2784 0.07426553580125284
2788 0.08292912612622497
2794 0.06260747795373373
2806 0.027765127492211373
2828 0.033396038477449985
2895 0.018474984564591537
2937 0.03512054305706841
2938 0.025187074585569198
3080 0.0346028002990962
3189 0.02996851785200935
3195 0.032336432771908626
3246 0.11787408677608649
3261 0.044843873541824716
3285 0.04555525369450725
3405 0.04247595862192544
3424 0.10189884021242922
3602 0.04247595862192544
3633 0.04099285778107597
3668 0.03363744221621894
3687 0.03684513243308832
3695 0.04195821586395323
3706 0.07426553580125284
3759 0.15636179043894863
3805 0.02438581701349914
3887 0.018094988204335666
3917 0.04881997862796951
3939 0.0346028002990962
3966 0.028883173411643516
4033 0.024679244599508023
4105 0.029479887928646146
4170 0.055530254984422746
4174 0.04195821586395323
4356 0.04296227696639804
4410 0.04640028280067855
4427 0.07426553580125284
4432 0.0571867897516395
4457 0.0552520623888767
4570 0.027765127492211373
4655 0.02320045654943488
4672 0.14853107160250567
4712 0.026875008928392726
4735 0.0571867897516395
4815 0.038533066775911846
4827 0.01328900214156652
4861 0.03165786102848133
4872 0.017625601642194563
4941 0.013054296362497313
4942 0.0552520623888767
4965 0.031177651211054817
5001 0.0142092523071735
5021 0.05955470467153878
5034 0.04626085814661531
5069 0.057184851732903566
5090 0.06691012023639582
5112 0.02583040012944857
5139 0.03890544258175828
5350 0.045528731904120386
5361 0.04881997862796951
5609 0.02508354574918465
5622 0.02221261620908216
5802 0.009894292412496807
5806 0.06260747795373373
5842 0.04740597525256593
5998 0.04782822346292527
6057 0.013703841475701412
6066 0.017574706477202134
6121 0.06691012023639582
6125 0.024778884970638695
6138 0.05219928910668175
6162 0.03649253339603601
6180 0.020543193203807843
6251 0.03257084084752933
6258 0.016982276098315197
6270 0.0552520623888767
6280 0.02109457028965002
6281 0.04490217930147267
6297 0.03969184833676565
6396 0.04146456306311248
6410 0.014662486528742835
6436 0.017524054249482855
6562 0.04359400454135758
6616 0.02550386293293128
6657 0.08889884173670332
6719 0.03387067405660127
6721 0.05955470467153878
6729 0.036537527661859005
6732 0.04474200312140993
6778 0.014395753092865657
6857 0.06691012023639582
6868 0.03174123257835617
6923 0.02438581701349914
6952 0.029635941889968476
6982 0.021902765829642346
7002 0.030133042412110657
7188 0.024580531128981432
7193 0.21526305016587277
7252 0.14853107160250567
7256 0.030642498077464036
7262 0.010659885494852228
7272 0.048171603214737416
7282 0.032391740686615635
7374 0.029646928951948752
7399 0.04247595862192544
7484 0.016807401778095633
7492 0.04626085814661531
7507 0.030844422564793184
7537 0.025112600058137327
7580 0.022451089650736333
7660 0.03891756322449133
7671 0.06260747795373373
7745 0.03684513243308832
7758 0.03782536314847594
7823 0.0331858156943056
7929 0.06260747795373373
7952 0.034742151375105425
7974 0.05094942010621461
7988 0.030817900774406326
8054 0.05219928910668175
8156 0.03728420033782999
8170 0.06260747795373373
8208 0.039284544871535695
8225 0.05233461060191366
8258 0.03538920605410357
8283 0.04302026365048547
8312 0.04555525369450725
8394 0.045528731904120386
8463 0.07426553580125284
8562 0.04626085814661531
8564 0.047047263901622685
8565 0.07426553580125284
8633 0.02294474245157708
8659 0.03363744221621894
8716 0.06235530242210963
8867 0.056899971709014105
8873 0.020884432302907117
8890 0.012759964415461305
8898 0.0392913622586955
8969 0.02550386293293128
8973 0.0571867897516395
8986 0.019458781612245665
9007 0.06691012023639582
9017 0.02605381094038477
9117 0.03136220580296636
9139 0.030642498077464036
9155 0.06691012023639582
9206 0.04983137418678247
9222 0.05955470467153878
9233 0.04247595862192544
9319 0.04146456306311248
9325 0.07426553580125284
9338 0.047489075877519604
9341 0.0316900819691557
9438 0.02918211209700197
9463 0.047896646824019666
9503 0.035947841431308816
9530 0.07426553580125284
9534 0.1015888502892484
9548 0.04247595862192544
9575 0.051689893125849255
9578 0.05575830610804529
9582 0.022134301303374255
9584 0.022371001560704967
9656 0.01869839537552774
9658 0.0715352187445254
9758 0.04146456306311248
9776 0.0184198591338229
9801 0.07426553580125284
9814 0.028170716538189013
9865 0.022371001560704967
10004 0.017625601642194563
10103 0.03296701162169184
10110 0.023822235646197783
10116 0.02605381094038477
10167 0.022451089650736333
10176 0.06260747795373373
10203 0.06260747795373373
10231 0.053616273711472345
10276 0.02918211209700197
10318 0.006616184983388251
10392 0.011485038445715225
10408 0.07426553580125284
10428 0.025187074585569198
10460 0.03867638741191922
10468 0.09105746380824077
10554 0.04881997862796951
10646 0.025291623426910475
10706 0.07426553580125284
10728 0.07426553580125284
10749 0.012317749531911344
10766 0.045528731904120386
10890 0.03890544258175828
10898 0.01772813018432762
10951 0.06526945234380438
10959 0.01995532232208752
10960 0.016698019238724993
10969 0.17866411401461635
10985 0.02487946981433989
11003 0.04302026365048547
11011 0.01707874604961334
11029 0.23821881868615513
11036 0.008468078972604355
11071 0.07587487028073144
11136 0.03363744221621894
11142 0.02550386293293128
11145 0.04782822346292527
11153 0.0668184530104836
11159 0.0995574470829168
11238 0.05955470467153878
11257 0.029806505215593363
11263 0.0571867897516395
11300 0.019042586246985155
11310 0.030133042412110657
11319 0.006652402156971115
11339 0.03782536314847594
11376 0.047896646824019666
11378 0.0552520623888767
11497 0.011342979810670709
11605 0.03817331633926336
11611 0.07024108611413682
11629 0.013494394777291977
11679 0.08391643172790646
11736 0.02932497305748567
11754 0.034858514396954
11783 0.04099285778107597
11828 0.020746617098862604
11829 0.1105041247777534
11871 0.03890544258175828
11893 0.015147680481321
11908 0.1275193146646564
11930 0.018202177212276557
11938 0.07426553580125284
12006 0.011230686471158068
12007 0.02996851785200935
12078 0.022695045717962794
12089 0.02253178678152082
12144 0.20073036070918748
12175 0.07884607995408574
12186 0.015931666947749976
12193 0.032336432771908626
12204 0.008468078972604355
12264 0.047047263901622685
12265 0.013560289259561655
12291 0.026997688000624877
