91
29 0.07407503821063978
104 0.0628800090617612
289 0.08625506163411602
374 0.03400611482908586
493 0.05214338096642458
496 0.05168003552410655
587 0.05245629664945904
594 0.0542381449138796
641 0.08013902354786952
644 0.20192182223845473
674 0.153193065972567
952 0.030934877583077076
1122 0.06930629471405357
1178 0.06717870602139613
1536 0.04610116044782761
1720 0.4204653355735704
1916 0.09040504723092511
1958 0.041947069112757335
2030 0.0893125765127302
2042 0.11973456111169864
2080 0.042619626323667614
2266 0.046874756003814924
2630 0.025025772351470583
2644 0.05685193482736309
2705 0.0587300234649521
2781 0.0542381449138796
2828 0.04726915511263299
3133 0.0915387528683486
3285 0.06447945478728032
3680 0.04780320711522799
3803 0.06822366821483619
4048 0.09875916948781417
4398 0.1564088692205933
4583 0.11236064043970644
4624 0.01124817314140583
4708 0.07219694957305076
4815 0.10908033368244582
5005 0.039602361889391126
5146 0.06543317406275817
5199 0.16858889264406954
5312 0.05796464106935529
5380 0.07014466449283153
5425 0.04107312721580569
5471 0.09457564321203578
6066 0.04975090246651891
6079 0.044490402489472426
6180 0.05815416620239371
6666 0.04862252064549236
6732 0.0633283701306037
6868 0.08985384582219717
6966 0.10343131348628196
7272 0.03409133370592972
7415 0.28845769159423407
7484 0.02378939892004249
7537 0.05331701490123488
7773 0.09096655206418938
7911 0.06849068894137235
7951 0.13038378113043986
7967 0.4204653355735704
8092 0.04862252064549236
8208 0.055603817989240814
8324 0.02057599560678692
8444 0.07472809945108282
8823 0.13184326831487764
8837 0.0589244554313796
8890 0.0361212146520543
8942 0.030176260653149864
8976 0.10343131348628196
9022 0.12694511750135384
9338 0.02444240363556139
9341 0.044854523722732714
9445 0.018423765397840998
9568 0.05649000714873819
9923 0.056132388235343375
10004 0.04989497772563292
10269 0.09724759313195648
10318 0.0374585116668643
10420 0.05491322127728756
10816 0.06666954749418627
10897 0.07071686529699077
10951 0.016796939820158816
11629 0.19100128906296093
11637 0.047137112553035425
11893 0.006125774115835776
11953 0.07974634300273745
11957 0.04932277692147369
12059 0.2102326677867852
12064 0.05631066551789611
12098 0.06115063178699801
12204 0.023971641949828364
12270 0.045596280765998
