293
79 0.03008567755301582
104 0.1160750308518977
105 0.03389022737712334
106 0.03463976753689238
110 0.03893948128308082
119 0.07771431008154607
127 0.07004477282912665
133 0.09318574414874439
137 0.045881787184728316
262 0.032112222647438064
280 0.04364610814898491
289 0.03980620824369808
338 0.046232770893446844
343 0.026321111106702152
344 0.03456046333463847
347 0.0357622510424614
374 0.03138724760728238
392 0.04986995712359557
435 0.0348104632101824
464 0.03543216125780465
496 0.023850035199564815
513 0.043068394725135246
514 0.11390318399385292
522 0.040031629730614075
525 0.044560491106998786
571 0.029225673733166018
576 0.02891644642948307
600 0.06377885063256922
674 0.12372098747152999
677 0.03160805377798578
681 0.06510014671029875
773 0.07780279140754762
878 0.047732948369092566
887 0.024427748623414486
938 0.03130881408402546
952 0.028552531427981132
958 0.027466018597146896
965 0.02710356354644922
982 0.09702115093311803
1057 0.036983692311586984
1122 0.1279378043546859
1174 0.03958439365572028
1178 0.06200516261348733
1205 0.03997239794590322
1242 0.04364610814898491
1277 0.19404230186623606
1378 0.09702115093311803
1536 0.021275416865930694
1575 0.02675034403158267
1623 0.055490966947513536
1624 0.08741197117033282
1663 0.04394425116648467
1664 0.08799090456088682
1665 0.05695159199692646
1710 0.08243446708154199
1914 0.09107894126454517
1916 0.041721402410223284
1958 0.019358327925126484
2002 0.032371353855500634
2042 0.1105136042635422
2080 0.01966870915825178
2091 0.03593029086948737
2162 0.04941538800648329
2169 0.05947913688638078
2183 0.04394425116648467
2282 0.0681936116447624
2326 0.05947913688638078
2356 0.014276265713990566
2373 0.013551005857885948
2398 0.05947913688638078
2409 0.16860615551147223
2460 0.041721402410223284
2578 0.027014411367876412
2596 0.03276936538345638
2630 0.01154924808827689
2768 0.03389022737712334
2781 0.05006117554821434
2820 0.06257260182084443
2828 0.06544331878975482
2838 0.05947913688638078
2901 0.03559622371685303
2933 0.038323241342566705
2938 0.03290461636835031
3014 0.04941538800648329
3080 0.04520540347963825
3269 0.02495378361095017
3285 0.17854135556172918
3295 0.05082641330355621
3315 0.05858443188197718
3329 0.09702115093311803
3330 0.036983692311586984
3361 0.0174052316050912
3406 0.09702115093311803
3576 0.07780279140754762
3595 0.03543216125780465
3599 0.03433507140369946
3670 0.06176919325743181
3680 0.13236540889974377
3683 0.07396738462317397
3725 0.03185784640974993
3737 0.031241606469235815
3760 0.05774398571783872
3765 0.02495378361095017
3819 0.06176919325743181
3830 0.03610039258630531
3836 0.09702115093311803
3891 0.04513474600937177
4022 0.08741197117033282
4033 0.03224118279590751
4048 0.030384520762251368
4101 0.021275416865930694
4105 0.019256392789455453
4200 0.046962577076943006
4282 0.07780279140754762
4289 0.03463976753689238
4339 0.031002581306743666
4356 0.018708765840556543
4410 0.015154434666005771
4446 0.029121829682135843
4547 0.032635421191794384
4596 0.0340369283861997
4624 0.015572899048890492
4699 0.02802811380670892
4708 0.033318471459162856
4795 0.04487919746471995
4827 0.017360869596065094
4861 0.006893018140751426
4872 0.09210496571603666
4924 0.15560558281509523
4926 0.028415918562281737
4941 0.017054247896372672
5005 0.018276259206658343
5041 0.04026077736081035
5042 0.04941538800648329
5219 0.08729221629796982
5224 0.036552518413316686
5293 0.043354242295273994
5312 0.02675034403158267
5371 0.05033993826674299
5373 0.04734241223414124
5425 0.056865026499230795
5433 0.028814884685933555
5471 0.04364610814898491
5472 0.0750840280934745
5622 0.029018757712974425
5627 0.031002581306743666
5684 0.05695159199692646
5700 0.03290461636835031
5802 0.025851981734791793
5842 0.04128772276837881
6013 0.024063866420785403
6066 0.022959751536608595
6072 0.12514520364168885
6222 0.04278832225026468
6230 0.03317914248747946
6360 0.01813503778858736
6361 0.04520540347963825
6369 0.09702115093311803
6452 0.016011416882532634
6502 0.09246554178689369
6505 0.05774398571783872
6584 0.03902529983870126
6616 0.033318471459162856
6681 0.05774398571783872
6732 0.1753540423989961
6747 0.02558047182427951
6869 0.04146702617253514
6911 0.05296342205805921
6952 0.019358327925126484
7193 0.04326485341290119
7262 0.027852336844201863
7277 0.04073075850395777
7371 0.06146296048015002
7374 0.038731009444921055
7452 0.0442489472996776
7461 0.04394425116648467
7467 0.07746201888984211
7483 0.030536445701176404
7484 0.032936006866027295
7488 0.07873214471281349
7537 0.01640366109445391
7542 0.015891389154469377
7745 0.048134805955053504
7772 0.06377885063256922
7773 0.08396106723657171
7861 0.028514588843522138
7885 0.06257260182084443
7911 0.03160805377798578
7944 0.04487919746471995
7951 0.09025703265904746
7952 0.02269372647715062
7984 0.038731009444921055
7988 0.04026077736081035
8098 0.020421155936333344
8156 0.0243542040690171
8208 0.025660837939149528
8252 0.01662765682304675
8324 0.018991404108422115
8326 0.02218579526487071
8339 0.04073075850395777
8412 0.03276936538345638
8413 0.05033993826674299
8455 0.03345921496235003
8515 0.02465075261690893
8525 0.08741197117033282
8571 0.03958439365572028
8656 0.09702115093311803
8672 0.041721402410223284
8727 0.03317914248747946
8746 0.05774398571783872
8823 0.030422449967828866
8833 0.09795050423838392
8942 0.027852336844201863
8986 0.025421123909058502
9017 0.0340369283861997
9103 0.0681936116447624
9112 0.04364610814898491
9113 0.08741197117033282
9246 0.1037075614347296
9273 0.04040394334220293
9338 0.016920040238696844
9341 0.020700101282784187
9362 0.09702115093311803
9386 0.06510014671029875
9445 0.025507381068385706
9470 0.0680738567723994
9568 0.026069809071486046
9575 0.01688203306073488
9582 0.02891644642948307
9584 0.029225673733166018
9627 0.10833934173956801
9656 0.024427748623414486
9675 0.02058784871812765
9866 0.048134805955053504
9978 0.051330582173008496
10004 0.04605248285801833
10105 0.03160805377798578
10106 0.04278832225026468
10140 0.03418519841978011
10167 0.02933030152029561
10269 0.04487919746471995
10318 0.07779098170561108
10392 0.015004155514294456
10420 0.025342131581428357
10460 0.025263586804797945
10560 0.038123768606307354
10576 0.0340369283861997
10580 0.07470932647308397
10619 0.019358327925126484
10653 0.02831794560334176
10656 0.06146296048015002
10657 0.04734241223414124
10735 0.05947913688638078
10749 0.016092016621143852
10750 0.02975689259362153
10794 0.038731009444921055
10816 0.030767607613847323
10875 0.10479500402609979
10897 0.13054168476717753
10898 0.16212129934469813
10951 0.03875844916639939
10960 0.021814439596584936
10997 0.038123768606307354
11036 0.03318831915439101
11067 0.12060040309190401
11071 0.03304119989671535
11160 0.05947913688638078
11215 0.05774398571783872
11257 0.03893948128308082
11300 0.024877402613373414
11310 0.039366072356406746
11474 0.05774398571783872
11497 0.08891141316377561
11624 0.03433507140369946
11629 0.08814598173387433
11634 0.017584113003007395
11637 0.0217535027248838
11650 0.06043559306634142
11812 0.032371353855500634
11818 0.040031629730614075
11893 0.03675111768931581
11945 0.03198445108867148
11957 0.09104869637086167
12021 0.02058784871812765
12024 0.02675034403158267
12051 0.023500819858217878
12064 0.025987043954067812
12177 0.03402198641840864
12186 0.0416265404100873
12204 0.04425109220585467
12237 0.07218178158362965
12270 0.10521208917619959
12271 0.05929801575603355
