62
79 0.07477794720483291
104 0.21637835429035768
119 0.0643863021543212
374 0.03900649969319216
496 0.05927925903758444
674 0.043929785208417574
679 0.09784436714585261
952 0.03548365636644738
1174 0.09838700470370682
1958 0.04811512125688672
2042 0.045780257901080944
2398 0.14783538612488278
2820 0.15552419277188934
2828 0.05421978646091446
2838 0.14783538612488278
3270 0.06071516566897169
3285 0.0739607522358313
3373 0.15552419277188934
3680 0.21932946977864057
3737 0.07765100835884285
3891 0.056091202337805145
4926 0.07062776147496584
5291 0.13969019170920946
5310 0.08496730572600347
5312 0.06648797621991034
5373 0.1176695587578409
5802 0.03212754843061169
6066 0.0570664591221246
6666 0.05577215586587523
6732 0.0726404078350328
6867 0.06758892523469755
6869 0.10306628755184637
7193 0.05376739344882155
7206 0.09678407509482577
7535 0.19337882678593782
7745 0.11963905323651447
7911 0.07856181309171852
7951 0.07477794720483291
8208 0.0637800089848117
8324 0.023601566081779664
8413 0.1251199092781514
8611 0.6517873250878774
8635 0.1654367885778835
8942 0.06922697919622467
8986 0.06318419979770541
9000 0.0694270555710763
9341 0.05145009874319968
9445 0.06339859195473237
9470 0.08459878057899298
9575 0.04196029072974399
9923 0.0643863021543212
10004 0.05723171974006559
10418 0.09678407509482577
10897 0.0811153346500869
10951 0.019266823959001634
11319 0.021600874885004735
11629 0.13145209490726117
11637 0.05406832787511842
11650 0.15021265782178242
11893 0.035132652961216856
12133 0.1456115969658952
12271 0.07369260479080585
