76
160 0.17174855781627982
343 0.06944090145933582
493 0.06348579169330308
526 0.15455866376141214
734 0.20526093862417086
769 0.03870762619305454
785 0.1219722554564353
1205 0.05272800482476669
1348 0.19043147387618548
1971 0.05272800482476669
2042 0.04859321396977167
2078 0.14639742038490047
2183 0.11593463522818963
2326 0.15691909306829444
2393 0.14827341929508364
2828 0.11510261434452668
3142 0.23061207605555023
3591 0.04568514294060714
3597 0.08438204250860219
3874 0.12389764527250831
3903 0.07793820196515029
4381 0.06855955856568513
4431 0.061101682255937886
4782 0.110070269517456
4861 0.018185303482399467
4941 0.04499287065938302
5001 0.04897353587435292
5035 0.09709304664065468
5224 0.048216806253733126
5471 0.23029613626648424
5472 0.09904412041863513
5802 0.03410161730819026
6001 0.09434871273239115
6066 0.06057289289655035
6125 0.08540277741590961
6214 0.05903090507722282
6279 0.10501756452889997
6298 0.1970996952476592
6508 0.12808208490903156
6554 0.10328933939652966
7166 0.2559632134869296
7176 0.043646437869632425
7225 0.1650803364448061
7262 0.036740306485731365
7272 0.12452099979449845
7397 0.14827341929508364
8036 0.10501756452889997
8156 0.12850353300218748
8324 0.025051758186066166
8659 0.11593463522818963
8837 0.07174190920927531
9575 0.04453852990671188
9616 0.1005789173685382
10081 0.08864791598951814
10306 0.1219722554564353
10460 0.06665091890344424
10499 0.11673849088892971
10794 0.2043619054972596
10839 0.20526093862417086
10898 0.061101682255937886
10951 0.040901337916472665
10988 0.043317434509359425
11067 0.0454529265398497
11101 0.08609944534166196
11319 0.02292813503780017
11332 0.06940100510630176
11616 0.23061207605555023
11893 0.022374821824188536
11921 0.09904412041863513
11953 0.09709304664065468
11957 0.06005163998453024
11977 0.04686886956956618
12186 0.05491000131020119
12259 0.15944243560780857
12265 0.023368411587162775
12286 0.09098321718805844
