89
119 0.11793288500245283
133 0.10605830158915086
220 0.09555933981177828
291 0.29637198506578055
344 0.026223067178995932
493 0.10955207046188886
571 0.06652574054654928
641 0.08418514288626848
674 0.040231898197457386
711 0.045985291500578326
938 0.035633772921552266
977 0.37235783327106825
1133 0.1029000381871678
1178 0.14114095018758702
1208 0.09326332397564208
1335 0.09010506057365898
1524 0.03415362006629431
1814 0.0541287038633626
1914 0.10366046769596833
2042 0.08385320650175693
2056 0.17710073554616054
2154 0.07398529517389756
2450 0.13305148109309856
2627 0.0921750679408258
2678 0.10143203872993767
2828 0.09931143158721423
3285 0.06773494203174865
3548 0.08502669402737616
3661 0.05577263271689924
3680 0.050216731415669215
3805 0.07251729571666744
4267 0.13335441814039578
4320 0.04924140396573423
4429 0.08502669402737616
4570 0.08256651642424316
4708 0.15168416700584017
4931 0.06582185342447497
5219 0.09935064946991914
5802 0.029423140852202025
6066 0.05226276347581037
6222 0.0973980908167377
6436 0.052112136471015175
6621 0.08723432806837804
6729 0.10865343149028872
6966 0.10865343149028872
7188 0.07309632659698702
7272 0.07162512524258109
7396 0.08178730899308595
7452 0.10072287860299034
7554 0.059531645030058616
7951 0.13696669560693492
8208 0.058411185402704444
8225 0.07781499449320768
8385 0.07552493211385532
8483 0.1364638037415532
8727 0.07552493211385532
8754 0.06423805091035299
8823 0.13849987047883963
8942 0.03169982241349931
9233 0.12631283383000794
9332 0.1029000381871678
9341 0.047119172676694784
9444 0.0752109365123415
9445 0.03870791666419217
9575 0.07685638056119169
9625 0.06468251315352798
9776 0.1643281056928333
9849 0.06129065563408004
9923 0.058966442501226415
10004 0.10482822583009269
10299 0.12793146029203323
10420 0.05768572132417291
10578 0.13497873298415605
10619 0.04406492431004339
10818 0.0858913042104958
10985 0.07398529517389756
11011 0.050787901716152606
11249 0.08960810073463103
11629 0.16051576472350773
11637 0.04951700656987731
11739 0.120559440526887
11828 0.06169522909344624
11852 0.27814351490109324
11893 0.006435056810027099
11945 0.07280548308571878
11953 0.08377263639021847
12138 0.06468251315352798
12205 0.07552493211385532
12270 0.047898380107852
