182
29 0.044260926507591156
104 0.07514346336117106
116 0.04836291874129262
119 0.03353992883966208
289 0.10307733984663661
337 0.03998750701441694
343 0.03407898207833128
435 0.02253524076299627
479 0.08813791087864735
547 0.06363908392569376
587 0.03134340996571528
674 0.13730267033822005
679 0.05096880860727331
938 0.02026837905394552
952 0.018484045048109573
1023 0.17111898575436765
1107 0.1007343467862504
1122 0.04141153202147885
1178 0.08028053287351532
1205 0.025876921147137657
1327 0.07700998760152837
1404 0.12561711587573893
1440 0.09068973373683971
1971 0.025876921147137657
2042 0.14308632807488372
2154 0.04208260546262914
2194 0.040924195557862614
2227 0.03811159564776204
2450 0.11351890207166614
2489 0.07585157769676186
2644 0.10190960558344395
2656 0.05911190352183967
2679 0.04313874088108236
2819 0.05985939439722908
2828 0.056488032974532185
3014 0.06398005446806257
3471 0.06645973199432467
3591 0.022420549485963497
3597 0.04141153202147885
3602 0.07184634647251126
3609 0.03811159564776204
3618 0.08829296224150612
3627 0.0967291155619998
3643 0.04910574710904778
3680 0.028563120425773324
3695 0.07097060577636828
3713 0.08428773101725552
3765 0.03230864916821806
3876 0.04764961466312598
3891 0.02921886910715855
3946 0.09345660337052325
3985 0.06032563161804368
4025 0.02913557836009185
4026 0.12561711587573893
4033 0.04174393270222397
4048 0.01967001952003056
4191 0.05940496192776698
4244 0.04860712827421056
4267 0.07585157769676186
4282 0.1007343467862504
4320 0.02800835720997464
4356 0.02422297801955924
4410 0.01962104507277239
4596 0.044068955439323675
4624 0.0067209491453885575
4708 0.08627748176216472
4815 0.13035421240859474
4827 0.022477803517872732
4872 0.05962596835744684
4898 0.08257699680202521
4905 0.043879015849048804
4931 0.07487853044231528
4941 0.02208080829353417
4988 0.04525284316779239
5035 0.04764961466312598
5040 0.04741800985248481
5292 0.07476341885539046
5312 0.06926945379668069
5598 0.11008858178983806
6014 0.10425443702407966
6180 0.03474797095716758
6222 0.05539973070351639
6584 0.05052759697009755
6630 0.04445497297896951
6666 0.029052672329163337
6732 0.037839634023888714
6762 0.15649669838419086
6778 0.024349827478852254
6867 0.0704164602367634
6868 0.05368899648828607
6906 0.06857383428103471
6966 0.061801733423100566
7193 0.25207521488977175
7220 0.029641220917884868
7374 0.05014656757453732
7376 0.04961861410798663
7394 0.04936034887835629
7483 0.019768371129312727
7484 0.04264354886725646
7537 0.05309616966688113
7542 0.0205752091543374
7554 0.03386141427769973
7580 0.07595019950413048
7655 0.14194121155273656
7854 0.04652036662307555
7951 0.03895311493452151
7966 0.06580696464735117
7984 0.05014656757453732
8054 0.08829296224150612
8098 0.05288015421171996
8208 0.0664482006628183
8224 0.02754612246967267
8252 0.021528483983070373
8273 0.07184634647251126
8312 0.038527424062529035
8332 0.061801733423100566
8339 0.05273572165955309
8346 0.06341019315201758
8483 0.03881009327115258
8495 0.05613244973629043
8515 0.03191630297229776
8727 0.042958346158772115
8837 0.0352082301183817
8942 0.018030760257524075
8986 0.03291373310936143
9027 0.027622339670328813
9115 0.05096880860727331
9233 0.07184634647251126
9287 0.10673116020521377
9438 0.04936034887835629
9445 0.0440338848802545
9470 0.044068955439323675
9494 0.11317573133099468
9534 0.042958346158772115
9553 0.0967291155619998
9584 0.037839634023888714
9622 0.1007343467862504
9776 0.3115643823563696
9849 0.06972386806141553
9920 0.11971878879445816
9923 0.03353992883966208
9977 0.10589798791526753
10004 0.05962596835744684
10035 0.08617885995479609
10167 0.03797509975206524
10184 0.05368899648828607
10318 0.022382012510831037
10346 0.09345660337052325
10392 0.03885294543982507
10420 0.03281145862304812
10568 0.07476341885539046
10608 0.11317573133099468
10628 0.04208260546262914
10647 0.04445497297896951
10657 0.061296090865307545
10749 0.04166993891808247
10760 0.03486193403070777
10816 0.039836036716491226
10818 0.048854706320563275
10897 0.08450873744693539
10898 0.11994562805469179
10925 0.04014026643675766
10951 0.06021851383877076
10960 0.028244016487266092
10985 0.08416521092525828
11021 0.04260290635017475
11084 0.0939271547660454
11101 0.21127184361733847
11106 0.03201358843422524
11142 0.04313874088108236
11189 0.04860712827421056
11319 0.033756798369055555
11332 0.1532673110212106
11783 0.06933774206845805
11893 0.003660240271116962
11929 0.024034369028920588
11945 0.04141153202147885
11965 0.040606503657572256
11977 0.023001477983810862
12186 0.026947762935757714
12200 0.05212721851203983
12270 0.08173334826765385
