36
44 0.38571688767143625
262 0.1592002851273076
429 0.21785901873623564
674 0.08762314007325282
1465 0.16518041166259695
1524 0.07438494252470287
1543 0.1343692428871803
1553 0.13942844316000993
2042 0.09131412620445528
2398 0.29487512139535543
2984 0.18426151315197695
3285 0.1475234472997515
3361 0.08628857194531225
3595 0.1756592882669637
4339 0.1536991019869469
4440 0.1930472577696362
5005 0.09060679818725403
5394 0.30471017034969927
6732 0.14488986459892067
7833 0.10432036909800763
8169 0.16874225005951274
8324 0.04707610840618555
8326 0.10998880303993136
8942 0.06904068920642757
8950 0.1519590571723446
9027 0.10576732989047122
9324 0.3299831954573577
10749 0.07977814748253999
11011 0.1106136082433785
11080 0.09446623165609783
11629 0.087398904640933
11764 0.17097146490384263
11892 0.18069041906869074
11893 0.014015244358516978
11957 0.11284627182188568
12064 0.12883395996986635
