97
319 0.06759340269498412
552 0.07926532443057223
942 0.05596463246334188
956 0.04839224912795302
978 0.10343965317050977
1144 0.10654791514517543
1308 0.05684379274236017
1332 0.10067751086518116
1553 0.0503800044586286
1712 0.1465161881186539
1905 0.05311173196006665
1916 0.07473760845309199
1999 0.08773178765147946
2174 0.06901285669779869
2266 0.03875123422698635
2320 0.3131707611938032
2373 0.02427458597854012
2382 0.0431067922583416
2455 0.06406268632901299
2630 0.020688738433628315
2656 0.040892423675638744
3025 0.08696761399561011
3191 0.18975198681917466
3332 0.04415811048348489
3361 0.06235770178319498
3589 0.14181895827976068
3643 0.06794073261234272
3730 0.09940370938706758
3749 0.06901285669779869
3918 0.0450582248323288
4048 0.027214646255605504
4059 0.04336547880863701
4320 0.03875123422698635
4568 0.19638413970896706
4820 0.04730219458375965
4861 0.0617390189570072
4992 0.10654791514517543
5278 0.10654791514517543
5609 0.05870138245125118
5627 0.05553645488606088
5875 0.07818542889010918
5878 0.34759755766651423
5882 0.05870138245125118
6010 0.04776351467800098
6150 0.05216737162430042
6620 0.06691298522060783
6794 0.3130042297458025
6809 0.09940370938706758
6932 0.04136772400761396
7035 0.24600617729665647
7176 0.029635889856301938
7220 0.041010398644649525
7262 0.02494663320636022
7272 0.05636642705687131
7465 0.1192335974040507
7558 0.06657964217169697
7561 0.13127589725219438
7658 0.09819206985448353
7911 0.05662106762366461
8098 0.0365814250806496
8103 0.10067751086518116
8169 0.060972030653753645
8252 0.029785942785776096
8324 0.10206072007890339
8367 0.26766101171955725
8447 0.05291996510543327
8448 0.1192335974040507
8556 0.04054182466273505
8863 0.07171063520656423
8942 0.02494663320636022
9139 0.07171063520656423
9230 0.11280064461998086
9338 0.010103234545637912
9445 0.015230877110414785
9563 0.045680428388520745
9898 0.02897165067844079
9987 0.053696080903524804
10318 0.015483425228696904
10364 0.05179945846144316
10462 0.09195100668944753
10476 0.06318092443831431
10809 0.1293027898822984
10981 0.04839224912795302
10997 0.06829298935925272
11257 0.06975421575925457
11497 0.05309046836208518
11624 0.0615061089641093
11852 0.1459260382062479
11861 0.05993714406856082
11893 0.010128321844066472
11917 0.06865031472221717
11930 0.042597365486816266
11945 0.05729532671381283
12175 0.1230122179282186
12180 0.050902838175505984
12204 0.019817291676732122
12304 0.1062234639201333
