274
50 0.044495368887232385
104 0.028770575278291112
105 0.0336003817805055
106 0.03434351151073155
114 0.11292902893865094
137 0.04548938397561243
210 0.06868664646355496
220 0.04162149581433353
236 0.025203710176653425
245 0.063233383090924
289 0.07893153264149569
337 0.03062045663825382
352 0.0338928300883074
373 0.029502397272852064
374 0.031118808702825056
392 0.04944344515851057
435 0.01725637365608096
456 0.03920923749423628
479 0.06749165626336438
493 0.047716121220199824
547 0.024365832672968827
638 0.04298345587108877
639 0.06454337880628958
674 0.03504653309088206
711 0.0200291946499647
738 0.06454337880628958
942 0.030974413158149097
968 0.13198302376932808
979 0.018166941775695784
983 0.04899276373608641
1023 0.16379307796634057
1160 0.063233383090924
1178 0.09221229676295298
1205 0.03963053468833485
1327 0.11794088514769827
1356 0.04014745405359239
1374 0.030855411965200637
1440 0.06944571609384126
1513 0.09619137918022205
1524 0.01487583272795272
1572 0.05194937326303423
1688 0.053095416116743004
1709 0.046937517053986896
1838 0.0451499950796836
1905 0.029395435239453375
2042 0.018261406421945296
2080 0.03900098571147923
2086 0.029610198232727383
2113 0.04899276373608641
2125 0.07713738434954492
2129 0.03235630730385997
2164 0.09619137918022205
2356 0.028308336385717146
2373 0.026870222218820804
2381 0.039465766320747844
2435 0.055016381390951004
2596 0.03248910594008755
2630 0.022900946678559346
2644 0.026012446484551078
2650 0.033173055592121865
2675 0.03248910594008755
2677 0.0758474271982806
2678 0.04417938826024686
2828 0.043255743941559024
2829 0.050891578236885025
2900 0.03196544062518803
2936 0.036849439615255226
3080 0.044818785030723673
3089 0.0338928300883074
3112 0.0634218092230745
3246 0.050891578236885025
3280 0.047723133840999056
3449 0.04356841870140444
3490 0.04417938826024686
3560 0.05646451446932547
3591 0.05150564623295355
3597 0.0634218092230745
3609 0.029183976423591915
3721 0.024365832672968827
3723 0.04387050892607012
3725 0.09475614815097455
3760 0.2290005250253505
3878 0.0677856601766148
3903 0.029289299175943202
3918 0.03740716263195804
3985 0.04619438732376085
4033 0.06393088125037606
4048 0.0150623288310909
4105 0.03818340563143173
4106 0.04062145109132041
4171 0.05572138473909942
4320 0.08578966297124209
4356 0.07419503774815196
4381 0.025764790200046524
4382 0.030974413158149097
4410 0.12019861295807986
4416 0.04813344944314499
4431 0.11481054262374486
4446 0.028872765726179046
4451 0.046795188042693434
4502 0.03331402659124545
4530 0.05646451446932547
4547 0.03235630730385997
4552 0.02392946104041162
4580 0.05646451446932547
4596 0.06749165626336438
4623 0.0485563921035292
4624 0.010293141395390393
4699 0.02778840383728387
4712 0.03480947314809876
4756 0.06761038693420635
4772 0.022962108524748975
4815 0.049909406795877784
4931 0.05733827802064382
5001 0.03680866398660557
5040 0.0363103684867581
5041 0.03991644774317199
5139 0.05039172126316411
5219 0.04327282554702076
5288 0.06454337880628958
5297 0.052024892969102156
5373 0.046937517053986896
5469 0.09544626768199811
5627 0.03073743225431766
5802 0.02563088309811719
5807 0.061948826316298194
5842 0.10233652554376521
5950 0.11450026251267525
6008 0.010583286271750298
6060 0.05897044257384913
6114 0.0336003817805055
6119 0.030855411965200637
6125 0.03209449839899496
6162 0.015755478317421627
6170 0.04619438732376085
6202 0.06944571609384126
6214 0.044367814392397356
6230 0.03289537843235709
6232 0.042700053007460444
6251 0.042186918445830494
6281 0.11631781844987138
6395 0.09619137918022205
6409 0.023506518380027406
6410 0.05697413152120853
6502 0.045837365902096666
6570 0.036487720004543193
6666 0.0444942012994112
6747 0.025361695271523804
6778 0.018645894483903185
6779 0.06761038693420635
6869 0.04111238013233009
7042 0.04038370793521216
7185 0.042700053007460444
7193 0.021447415742810522
7220 0.022697782072129753
7282 0.02097747075461824
7296 0.06454337880628958
7344 0.045837365902096666
7378 0.11144276947819884
7396 0.03562299766434503
7425 0.11115361534913548
7461 0.13070525610421332
7484 0.01088477407473213
7492 0.05991871867850267
7536 0.02856844587186687
7537 0.048790107180903215
7542 0.031510956634843254
7552 0.018991377173736175
7554 0.025929397579759865
7624 0.0620374507017659
7952 0.011249819382583187
7968 0.04086472384782554
7984 0.07679952628303524
8052 0.042700053007460444
8068 0.05039172126316411
8069 0.06454337880628958
8092 0.0222471006497056
8098 0.02024650434547421
8100 0.029828370304440317
8156 0.024145915150504214
8208 0.0508827481131105
8222 0.03133772643248696
8312 0.029502397272852064
8376 0.039245848798283224
8556 0.06731532962954838
8577 0.04387050892607012
8662 0.0451499950796836
8719 0.037033933015209665
8723 0.06444955897493665
8727 0.03289537843235709
8823 0.06032452495773983
8833 0.0485563921035292
8898 0.050891578236885025
8986 0.05040742035330685
9017 0.03374582813168219
9099 0.023299829493738603
9338 0.005591777293547983
9341 0.06156919204969804
9445 0.025289229623083945
9469 0.0620374507017659
9494 0.173328763529767
9534 0.03289537843235709
9575 0.016737649758428865
9578 0.0722201530955008
9584 0.028975721652718608
9618 0.029718851382944653
9659 0.05251045328642734
9776 0.21472254549089922
9804 0.0666280531824909
9849 0.05339109231931284
9898 0.016034767646788354
10004 0.0228293098885214
10010 0.09619137918022205
10053 0.0620374507017659
10100 0.05370638567558543
10105 0.09401317929746089
10106 0.04242237584769566
10108 0.05991871867850267
10127 0.08324299162866707
10156 0.06944571609384126
10172 0.03146099678276922
10318 0.008569519516653835
10392 0.02975166545590544
10420 0.05025078685913943
10437 0.05194937326303423
10476 0.03496837147189382
10567 0.055016381390951004
10749 0.06381755968431853
10756 0.07407037622162814
10848 0.03183758340620788
10869 0.15427476869908985
10890 0.05039172126316411
10898 0.11481054262374486
10925 0.03073743225431766
10934 0.036667389908422277
10951 0.08453933000753233
10959 0.0516936949403949
10960 0.043255743941559024
10980 0.03209449839899496
10985 0.032224779487468325
10988 0.016278760182923704
11021 0.032623200193220035
11036 0.021936317743986692
11101 0.09706892191157993
11132 0.14440034832943496
11144 0.05434578244606224
11268 0.05434578244606224
11300 0.024664639048156304
11319 0.008616429295723744
11332 0.026081007136635633
11497 0.014691833301005054
11629 0.05243526882929469
11736 0.13293964021615323
11833 0.05725013125633763
11877 0.04387050892607012
11878 0.07407037622162814
11886 0.04732471313524734
11893 0.03643680437667565
11908 0.06606703159073195
11911 0.0485563921035292
11930 0.02357611119668451
11965 0.062188907351963675
11977 0.03522679015549026
11991 0.036849439615255226
12021 0.12247062894042422
12040 0.08109144553244305
12051 0.023299829493738603
12138 0.028172891899241756
12157 0.06418899679798992
12186 0.020635265063531343
12200 0.07983289548634398
12264 0.12187459909975136
12275 0.052024892969102156
12291 0.03496837147189382
