340
79 0.023477597172126444
104 0.0452900356204514
106 0.02703141742226577
188 0.030551899610426862
203 0.027907356331391783
210 0.054062538459754596
214 0.02871910142098788
289 0.06212618083461721
343 0.04107977575688614
344 0.008989843919617853
352 0.026676690805268532
374 0.024493287690364744
423 0.14148418359897216
429 0.03429224504249383
435 0.027164621145182297
456 0.015430589635312431
493 0.0187784290792689
496 0.01861156418929611
547 0.01917809114010638
571 0.02280648636821172
640 0.04133042660399666
674 0.05516951665742485
738 0.05080141597667022
763 0.08266085320799332
769 0.011449308481566922
785 0.036078109568077596
855 0.05194122632228088
895 0.03502183780399501
938 0.012216040734107812
958 0.021433325522074182
965 0.06345144254285337
1073 0.05479634187211081
1133 0.035276395255788504
1205 0.04678916680490938
1319 0.05830001564183237
1444 0.03788533282231812
1468 0.02703141742226577
1487 0.06721752703924082
1524 0.01170861179548984
1536 0.016602440346147888
1549 0.042774994920950646
1632 0.08085997125549724
1665 0.04444262665711874
1698 0.043743921956809345
1702 0.02764976814906985
1710 0.09649258560799927
1895 0.017460720499995214
1905 0.09254735410717115
1971 0.015596388934969795
1986 0.04005622704507866
2042 0.028746722626485043
2080 0.01534863323916934
2105 0.024569433192772872
2125 0.06071402554636104
2151 0.05194122632228088
2163 0.03635911738158203
2172 0.033175978106720586
2227 0.022970401512412846
2252 0.03635911738158203
2333 0.040464509180117667
2356 0.04456238885957382
2373 0.010574634932118417
2378 0.03580421664634592
2398 0.04641501636463014
2464 0.023829439322355355
2510 0.05194122632228088
2596 0.025571834262442715
2630 0.018025094750132097
2668 0.05321542588119889
2673 0.07571122487668533
2756 0.027907356331391783
2781 0.019532817757103624
2802 0.06382622559948312
2820 0.04882902626915881
2832 0.027152292339561367
2901 0.055555591181252695
2937 0.03580421664634592
2938 0.051354756883116866
2975 0.10931998839630576
3080 0.035276395255788504
3089 0.026676690805268532
3280 0.03756237771876066
3285 0.023221027220550288
3340 0.03856169008247075
3400 0.024101040011310037
3407 0.024762620336300036
3472 0.04513035677687272
3548 0.029149019948340106
3591 0.04053955351919869
3609 0.04594080302482569
3624 0.10741264993903775
3667 0.042774994920950646
3670 0.024101040011310037
3680 0.017215399499179492
3715 0.08092901836023533
3753 0.038916416699468
3759 0.017711733908333405
3765 0.01947288301903549
3891 0.052831885707426134
3918 0.00981426168735515
3939 0.035276395255788504
3982 0.05465999419815288
4061 0.042774994920950646
4081 0.030453702347901297
4105 0.015026878889545136
4147 0.047161394532990716
4171 0.08771543409348836
4191 0.03580421664634592
4356 0.043798601565634
4410 0.035477649971435724
4431 0.09036617298640283
4451 0.07366400264225757
4502 0.02622112064816157
4536 0.06821262521152319
4552 0.11300776565106127
4584 0.049770332099520344
4589 0.03553708720876737
4624 0.01215243532500708
4664 0.05194122632228088
4699 0.10935980489202336
4712 0.027398170936055406
4860 0.06071402554636104
4872 0.017968710184631222
4926 0.02217458749617977
4972 0.017166995872342123
5001 0.014485856530234906
5005 0.014262023872029435
5041 0.031417817034305844
5059 0.049770332099520344
5074 0.05321542588119889
5112 0.02633322727367236
5247 0.02622112064816157
5297 0.04094824717493031
5337 0.11782245376073229
5368 0.24860523199505233
5377 0.05632762593432096
5425 0.07395845764033153
5433 0.067457771628262
5440 0.040464509180117667
5461 0.03006377805359851
5471 0.03405958677338199
5472 0.029296208512055187
5525 0.06432839040533285
5595 0.08554998984190129
5609 0.025571834262442715
5627 0.024193110290875373
5628 0.03856169008247075
5752 0.022970401512412846
5796 0.03856169008247075
5802 0.02017379905109605
5807 0.04875927094560604
5842 0.096657606092032
5942 0.05406283484453154
5950 0.04506097738392281
6008 0.024989980610016255
6010 0.020807017316021623
6014 0.031417817034305844
6035 0.05632762593432096
6055 0.01959308639515637
6066 0.01791682426957919
6072 0.04882902626915881
6125 0.025261242808860152
6162 0.04960388642292445
6198 0.02622112064816157
6199 0.039662794867828574
6214 0.017460720499995214
6230 0.02589160707665511
6251 0.016602440346147888
6252 0.030551899610426862
6258 0.0346257227050346
6263 0.04133042660399666
6280 0.021505207464615036
6281 0.045776266983987644
6452 0.012494636195600794
6459 0.04641501636463014
6502 0.036078109568077596
6570 0.02871910142098788
6584 0.0913611070437039
6705 0.04641501636463014
6732 0.02280648636821172
6733 0.04088880640697941
6747 0.019961924138323525
6778 0.014675987831017619
6804 0.03635911738158203
6886 0.16397998259445862
6934 0.07313890641840906
6952 0.030212849562797208
7006 0.04385771704674418
7035 0.042866651044148364
7042 0.06357118525369648
7176 0.012910157001067485
7193 0.016881035807640866
7201 0.0911601994714679
7220 0.017865186020935536
7262 0.01086739601556686
7272 0.036832001321128786
7282 0.03302229408045639
7296 0.05080141597667022
7337 0.07571122487668533
7461 0.03429224504249383
7484 0.051403748530932936
7488 0.06143925377142488
7536 0.022485923876087336
7537 0.01280072707835915
7542 0.03720291481719334
7552 0.01494791362981442
7554 0.1224525399973778
7589 0.047838434738287396
7605 0.027777795590626347
7616 0.042271732434358195
7620 0.047963108845279816
7698 0.04088880640697941
7833 0.03284123540796309
7861 0.022251585632975607
7901 0.03429224504249383
7942 0.05465999419815288
7952 0.03541845900768517
7968 0.06432839040533285
7986 0.02466559553750427
8039 0.04133042660399666
8092 0.01751045940393829
8098 0.03187162210440917
8208 0.04004927694734142
8224 0.033204880692295775
8324 0.014820092869934612
8337 0.07055279051157701
8339 0.031784570548095484
8352 0.024193110290875373
8394 0.04641501636463014
8424 0.07571122487668533
8475 0.04005622704507866
8483 0.02339139597858627
8550 0.07571122487668533
8556 0.01766106312459386
8651 0.036078109568077596
8716 0.031784570548095484
8719 0.029149019948340106
8723 0.025363785686097685
8754 0.02202221606811483
8770 0.06821262521152319
8780 0.09954066419904069
8786 0.027907356331391783
8823 0.02374040019790947
8837 0.0636615052674772
8869 0.03553708720876737
8876 0.05632762593432096
8957 0.02871910142098788
8986 0.07935030291378779
8999 0.047161394532990716
9000 0.021797608846893034
9010 0.07856634042651528
9099 0.018339051227072724
9143 0.04882902626915881
9273 0.01576476887186762
9323 0.05830001564183237
9338 0.004401229213471985
9341 0.03230697653280599
9426 0.047161394532990716
9445 0.04644473676984084
9470 0.02656098710821984
9473 0.02830561698118377
9534 0.02589160707665511
9563 0.01989957127089326
9625 0.02217458749617977
9658 0.018231939534725173
9675 0.032131782173968615
9796 0.042774994920950646
9813 0.03405958677338199
9923 0.04042998562774862
9933 0.047161394532990716
10081 0.02622112064816157
10103 0.06721752703924082
10105 0.12332797768752135
10108 0.047161394532990716
10174 0.032359122864667376
10192 0.05829803989668021
10195 0.02886051771641988
10298 0.023136838526792786
10312 0.020807017316021623
10318 0.026979915445226266
10392 0.02341722359097968
10420 0.03955186687774349
10460 0.019714640399269963
10560 0.029750185298137756
10578 0.023136838526792786
10653 0.06629440056112046
10656 0.047963108845279816
10713 0.05321542588119889
10760 0.06303535251468514
10820 0.05080141597667022
10848 0.05011805542950872
10897 0.1018692393991735
10898 0.2530252843619279
10925 0.024193110290875373
10951 0.0846872972641688
10959 0.04068756468296616
10960 0.017023071010510354
10979 0.0226450178102257
10980 0.025261242808860152
10985 0.05072757137219537
10988 0.012812841269421983
11036 0.04316461360247556
11067 0.013444497338824607
11101 0.15280385909876026
11153 0.03405958677338199
11154 0.05889085465358887
11159 0.03383182693883451
11163 0.03197271776954196
11164 0.047161394532990716
11277 0.06071402554636104
11319 0.006781901056022408
11322 0.041790844707655976
11332 0.09237639130682268
11421 0.05830001564183237
11474 0.04506097738392281
11497 0.02312757555579109
11545 0.06821262521152319
11629 0.027514166471309172
11736 0.11958330903851536
11811 0.03856169008247075
11812 0.025261242808860152
11828 0.02115048084761779
11893 0.026472947321290106
11929 0.014485856530234906
11945 0.024959320165157367
11957 0.035525286287396006
12006 0.011449308481566922
12021 0.06426356434793723
12064 0.020279195925464198
12072 0.03006377805359851
12173 0.3028448995067413
12175 0.026793645377331685
12177 0.03982399053766134
12186 0.03248360106549464
12204 0.017265845440990225
12265 0.04147278135598883
12270 0.08210308851990773
12271 0.023136838526792786
12275 0.020474123587465157
12286 0.026911878166747363
