87
29 0.08737346133065876
119 0.06620963243963394
133 0.11908605755287804
289 0.10174012021204104
587 0.06187358545557596
641 0.09452609197616037
674 0.09034763092404711
1122 0.16349720519752123
1178 0.1584781112393962
1208 0.10471939867149577
1814 0.06077764632235517
1905 0.07577947658842223
1914 0.11639368382326717
2030 0.10534653965464537
2042 0.0470766909607153
2452 0.19094850255011478
2624 0.1455617621392445
2705 0.06927361170671145
2720 0.1663885369733971
2828 0.11151043039957088
2885 0.12100179656252681
3014 0.1263000857887587
3269 0.06377901981471094
3677 0.11470610104652217
4048 0.03882968174224575
4079 0.11553984634998077
4266 0.15992842102062677
4356 0.04781746791817308
4624 0.01326751689572552
4872 0.058852442229027316
5035 0.09406291491605767
5312 0.0683708229838129
5425 0.14534051061767644
5802 0.033037355797805784
6014 0.1029019469385795
6023 0.10866040549684115
6063 0.10349746583971776
6066 0.11736500332171
6119 0.07954319946604489
6621 0.09794982624915223
6778 0.04806787560732193
6867 0.06950294933934
7188 0.08207517210442687
7205 0.06377901981471094
7272 0.040211627279833
7467 0.19798406985844
7484 0.028060223481888035
7536 0.0736475530122139
7537 0.020962941778454054
7554 0.06684426207134612
7854 0.183667436493099
7861 0.07288003114931578
8092 0.05735154554139503
8208 0.13117233978617368
8823 0.1555126124006914
8976 0.12199996230275112
8986 0.1949204646621116
9099 0.06006541047112006
9341 0.05290709378844956
9445 0.06519395166463132
9568 0.06663145338033682
9776 0.06150449315415017
9821 0.06224656301049854
9849 0.06881934214417323
9923 0.06620963243963394
10004 0.058852442229027316
10461 0.1455617621392445
10578 0.07577947658842223
10653 0.07237743349489076
10898 0.11838957655823998
10899 0.3466195390499423
11011 0.05702647408204725
11067 0.044034407300321515
11112 0.11639368382326717
11159 0.11080848986719143
11598 0.1455617621392445
11629 0.13517463491488185
11637 0.05559946751806042
11739 0.1353684554439091
11852 0.10410316504276255
11893 0.02167653641871965
11953 0.09406291491605767
12021 0.05262018905860571
12098 0.07212878306715728
12186 0.10639268124725607
12270 0.05378201578514417
12271 0.07577947658842223
