547
15 0.02440673455849952
25 0.026052297692679496
29 0.07273902041365314
69 0.02422463988121222
76 0.02981900993095811
79 0.016004022317018043
88 0.026052297692679496
104 0.10805533352624129
105 0.036055691570617734
119 0.08267997625814145
125 0.04350855547167724
129 0.023703873475244573
132 0.03323783326947381
150 0.06214136208526866
159 0.01893534748427088
161 0.0464986415851656
178 0.023376065742038404
184 0.03269511180065534
193 0.020940711719557976
203 0.01902366542291756
230 0.014276324335150008
236 0.027045442712555507
245 0.03392704542148762
262 0.017082039352214445
280 0.023217469097594513
289 0.04234968243380327
303 0.023703873475244573
337 0.03285801177833356
343 0.07000733967484585
344 0.012256251068732514
374 0.11687473124182825
381 0.0464986415851656
435 0.009258681794680899
449 0.031639820391254216
450 0.028002935869938343
456 0.010518602013560328
479 0.018105883124472987
496 0.06343491764858716
508 0.031163883665801022
513 0.02291015547596048
522 0.021294753773332575
524 0.06052579933194747
525 0.047407746950489146
547 0.026146338260583518
568 0.04350855547167724
576 0.01538205191393186
587 0.038632645945718753
594 0.039944929075203896
628 0.012686983529717434
640 0.02817379755231267
644 0.04956998978522074
673 0.031639820391254216
674 0.1692338343651929
682 0.021666654072780553
684 0.03328538352543419
694 0.025825373334877746
788 0.02459343971404547
795 0.0464986415851656
797 0.025391456436700776
878 0.025391456436700776
887 0.025988594302702932
913 0.038963707481847895
938 0.008327333802556904
952 0.030376935960676973
958 0.02922099884995337
1004 0.03269511180065534
1073 0.0186765679592922
1113 0.04385086719551846
1122 0.10208442900153845
1178 0.11544237339204917
1205 0.03189486829723244
1335 0.0421136946878081
1353 0.02192543359775923
1356 0.0215405918622883
1396 0.03269511180065534
1413 0.013736488779751884
1444 0.05165074666975549
1452 0.03839696949855572
1465 0.03544740249653574
1524 0.01596286733284538
1536 0.04526967966418102
1543 0.028835384219200268
1563 0.04350855547167724
1575 0.014229797620976132
1583 0.02703701957088075
1622 0.013193081686722702
1664 0.031204402777269397
1675 0.03214860554400227
1684 0.01902366542291756
1688 0.028487651715159924
1698 0.014909504965479055
1752 0.03392704542148762
1754 0.04350855547167724
1814 0.012649454391548515
1887 0.026052297692679496
1905 0.015771736665098294
1914 0.19379711904969776
1918 0.023217469097594513
1929 0.03910088308949081
1933 0.02192543359775923
1958 0.06178576731495058
2030 0.19732890237983303
2037 0.05161022755828711
2042 0.20575629883950813
2131 0.03974149247786409
2181 0.016491767627435597
2222 0.030295297411945844
2266 0.02301466132323076
2278 0.013233489786370503
2356 0.007594233990169243
2373 0.014416866616049313
2398 0.06327964078250843
2450 0.062186179298274295
2456 0.0172897843500909
2459 0.03214860554400227
2578 0.014370267767802423
2630 0.012287203691780135
2644 0.013956638254454723
2650 0.017798569502838958
2656 0.012143165248211494
2658 0.020826376720232322
2678 0.047407746950489146
2681 0.02306221157919115
2705 0.028835384219200268
2715 0.024981658806907465
2735 0.031639820391254216
2781 0.039944929075203896
2783 0.025605223860174907
2798 0.023376065742038404
2812 0.04956998978522074
2820 0.03328538352543419
2822 0.03311013619931806
2828 0.058020760463476984
2835 0.03214860554400227
2838 0.031639820391254216
2841 0.017360353881290775
2852 0.05161022755828711
2895 0.0256780792658962
2933 0.04077195925710011
2937 0.02440673455849952
3014 0.05257285438004631
3060 0.027583525827533817
3080 0.0240469334573924
3133 0.044943879708824595
3152 0.05004996841800149
3269 0.013274120521299454
3285 0.07914562873218225
3286 0.02440673455849952
3295 0.02703701957088075
3296 0.0464986415851656
3330 0.019673408919488846
3332 0.03933877117945332
3340 0.026286427190023155
3390 0.022058310341064594
3400 0.03285801177833356
3442 0.020272273825570872
3454 0.027872757397441068
3456 0.02219362532533597
3471 0.027305211298457494
3472 0.03076410382786372
3520 0.018508959386885158
3521 0.03328538352543419
3543 0.03540688338506737
3557 0.031163883665801022
3582 0.02817379755231267
3591 0.00921156048588993
3595 0.01884807475287341
3609 0.062633124802392
3618 0.036275469638922545
3652 0.023873408751708167
3661 0.03910088308949081
3670 0.03285801177833356
3677 0.04774681750341633
3680 0.17602885578194083
3683 0.019673408919488846
3687 0.025605223860174907
3721 0.026146338260583518
3737 0.016618916634736906
3759 0.02414718871474523
3790 0.025825373334877746
3805 0.01694672436794307
3814 0.01527439365542853
3820 0.04234968243380327
3878 0.018184755103413285
3918 0.006690108102543138
3966 0.020072125465702795
3975 0.022761171424319545
3985 0.04956998978522074
3996 0.03328538352543419
4034 0.04350855547167724
4048 0.04848897428160706
4061 0.029158519430513924
4105 0.010243403672882154
4156 0.02027987046357925
4169 0.011970453379092921
4173 0.03462990650474257
4178 0.01902366542291756
4267 0.031163883665801022
4272 0.03269511180065534
4289 0.03685312466304563
4320 0.02301466132323076
4339 0.016491767627435597
4350 0.02105684734390405
4397 0.08968974259719568
4411 0.02989658086573189
4440 0.02071378736175622
4448 0.019577009380324303
4451 0.008369115555880002
4488 0.04350855547167724
4493 0.041387055612044074
4530 0.030295297411945844
4552 0.0770342377976886
4570 0.019295148585377994
4583 0.055167051655067634
4596 0.07242353249789195
4624 0.00828397577152553
4664 0.03540688338506737
4708 0.03544740249653574
4772 0.04928007712458472
4782 0.02219362532533597
4795 0.023873408751708167
4814 0.03540688338506737
4815 0.05355648009180416
4827 0.04617541751696638
4829 0.041387055612044074
4861 0.022000371963397155
4872 0.01224876790816925
4876 0.024981658806907465
4905 0.018027845785308867
4926 0.01511579701098464
4931 0.03076410382786372
4949 0.04350855547167724
4972 0.011702261651516182
4988 0.055776862506369145
5001 0.009874603840048903
5005 0.02916607010424268
5013 0.032126510487560225
5040 0.038963707481847895
5074 0.036275469638922545
5138 0.02703701957088075
5146 0.04818976573134033
5186 0.030716809833296433
5196 0.0215405918622883
5199 0.041387055612044074
5217 0.029518320531621046
5224 0.02916607010424268
5243 0.027305211298457494
5252 0.019387910308271535
5297 0.013956638254454723
5312 0.05691919048390453
5313 0.02105684734390405
5329 0.026528234418132696
5368 0.03389344873588614
5372 0.031639820391254216
5373 0.025183711438824318
5380 0.017219883734464484
5425 0.040332332067213636
5433 0.015328026326259538
5440 0.08275057748260145
5441 0.07255093927784509
5461 0.06148091366116015
5465 0.028487651715159924
5472 0.05991122150109869
5532 0.031163883665801022
5595 0.05831703886102785
5627 0.016491767627435597
5631 0.036275469638922545
5649 0.02989658086573189
5752 0.015658281200598
5766 0.02459343971404547
5802 0.02062787310807684
5807 0.03323783326947381
5842 0.01098146510810012
5845 0.014370267767802423
5920 0.031639820391254216
5942 0.018426562331522817
5999 0.025825373334877746
6008 0.0056783239564137
6013 0.012800730665059795
6055 0.013356059805797592
6063 0.0215405918622883
6066 0.024426797457864788
6068 0.012724704633622446
6090 0.03328538352543419
6119 0.03311013619931806
6162 0.02536018803914747
6170 0.02478499489261037
6180 0.028552648670300017
6186 0.01893534748427088
6198 0.035748411300677574
6209 0.014091953238726094
6214 0.02380497105426977
6222 0.022761171424319545
6251 0.02263483983209051
6361 0.0240469334573924
6409 0.012612115275146347
6437 0.018592287502123047
6505 0.030716809833296433
6584 0.010379719194396021
6621 0.020385979628550054
6630 0.01826447976891688
6638 0.013693236692512144
6657 0.037067714402367585
6666 0.02387278229771968
6695 0.030716809833296433
6698 0.019203539211847618
6732 0.07773272412284288
6747 0.0136074861945259
6778 0.030012633113589347
6867 0.014465423407202778
6868 0.13234986204638757
6869 0.022058310341064594
6923 0.03389344873588614
6952 0.010297627885825097
6966 0.07617436931010232
7006 0.11958632346292757
7026 0.024981658806907465
7102 0.016122967794602344
7121 0.019295148585377994
7176 0.026401480430023543
7188 0.03416407870442889
7193 0.08055131463130766
7208 0.016618916634736906
7215 0.026528234418132696
7216 0.036275469638922545
7230 0.01902366542291756
7256 0.04258950754666515
7272 0.016738231111760003
7315 0.04350855547167724
7374 0.041205782281278136
7399 0.029518320531621046
7452 0.023538148304644343
7467 0.061808673421917204
7482 0.01582912574643645
7483 0.01624380762649796
7484 0.08760124946305595
7537 0.052355388926939805
7542 0.016906792026098315
7552 0.010189575260641574
7554 0.08347247669877622
7566 0.09837375885618188
7580 0.031204402777269397
7589 0.016305062471889648
7605 0.01893534748427088
7707 0.027872757397441068
7739 0.019577009380324303
7745 0.025605223860174907
7773 0.044662939415172014
7833 0.022386952997536246
7837 0.02141664844501117
7911 0.05044154287391311
7944 0.04774681750341633
7951 0.1760442454871985
7954 0.0372601915171238
7984 0.08241156456255627
7988 0.02141664844501117
8040 0.027872757397441068
8054 0.036275469638922545
8098 0.03258899203135515
8156 0.02591035051458835
8208 0.054600947221860485
8220 0.027872757397441068
8224 0.02263483983209051
8239 0.04552234284863909
8246 0.027872757397441068
8252 0.017690104562666394
8274 0.03462990650474257
8283 0.02989658086573189
8304 0.03974149247786409
8305 0.03839696949855572
8324 0.02525610854592741
8326 0.011801694075664662
8329 0.01987007283378594
8332 0.025391456436700776
8339 0.021666654072780553
8385 0.017649585451198022
8413 0.02677824004590208
8444 0.03669015151898406
8483 0.03189052274156505
8510 0.029518320531621046
8543 0.026286427190023155
8556 0.012039053499215661
8586 0.01750355177356503
8595 0.03540688338506737
8601 0.02817379755231267
8625 0.055035227278476095
8727 0.017649585451198022
8754 0.030023859327711698
8823 0.11328217460147737
8837 0.043396270221608337
8862 0.036275469638922545
8867 0.0197710853108312
8868 0.017360353881290775
8890 0.008867433056431196
8893 0.04918687942809094
8914 0.03462990650474257
8927 0.023538148304644343
8942 0.014816000724937245
8950 0.032610124943779295
8976 0.025391456436700776
8978 0.02817379755231267
8986 0.054090885425111014
8988 0.01834507575949203
9000 0.014858821193911373
9001 0.02677824004590208
9010 0.05355648009180416
9022 0.031163883665801022
9025 0.027872757397441068
9027 0.03404620205151447
9113 0.0464986415851656
9117 0.02179490877912202
9126 0.02422463988121222
9160 0.0197710853108312
9178 0.05161022755828711
9202 0.021666654072780553
9211 0.025825373334877746
9228 0.031163883665801022
9233 0.029518320531621046
9323 0.03974149247786409
9332 0.0240469334573924
9338 0.09300604619746392
9341 0.044045527285923286
9358 0.02478499489261037
9380 0.03540688338506737
9434 0.07370624932609127
9438 0.02027987046357925
9445 0.004522868565923411
9473 0.03859029717075599
9513 0.031163883665801022
9532 0.0464986415851656
9568 0.02773557653439913
9575 0.044901836328022846
9618 0.07972630685391262
9622 0.041387055612044074
9656 0.012994297151351466
9664 0.011317419916045256
9675 0.04380667708263435
9776 0.1664094986457773
9804 0.017874205650338787
9821 0.02591035051458835
9849 0.014323146459011452
9865 0.015546544824568574
9898 0.03441298021289465
9923 0.013779996043023575
9978 0.027305211298457494
10005 0.027872757397441068
10099 0.0464986415851656
10116 0.018105883124472987
10122 0.05763091889673219
10127 0.022331469707586007
10144 0.020602891140639068
10181 0.047407746950489146
10184 0.022058310341064594
10217 0.028487651715159924
10254 0.028487651715159924
10269 0.023873408751708167
10298 0.015771736665098294
10308 0.07948298495572818
10318 0.0551743646163198
10325 0.04873158985406437
10334 0.014758486860664414
10420 0.04044210458700457
10476 0.018761822778586644
10499 0.047076296609288686
10565 0.03392704542148762
10576 0.036211766248945974
10578 0.015771736665098294
10653 0.015063680470860966
10657 0.025183711438824318
10723 0.019113053908090694
10749 0.025680358304391495
10750 0.01582912574643645
10788 0.024981658806907465
10816 0.032733547584266234
10825 0.023873408751708167
10845 0.013736488779751884
10875 0.027872757397441068
10897 0.10416212328774466
10898 0.036960057843438546
10909 0.017798569502838958
10914 0.033759973440595184
10951 0.032987980242174024
10960 0.011604152092695396
10979 0.01543647621803447
10985 0.0691591374003636
10988 0.017468312120432088
11011 0.0474749403216921
11021 0.03500710354713006
11036 0.023539289283645574
11049 0.0215405918622883
11112 0.02422463988121222
11153 0.023217469097594513
11159 0.02306221157919115
11161 0.023538148304644343
11194 0.02017526644398249
11202 0.07378031914213641
11204 0.025605223860174907
11217 0.008980367265604569
11235 0.13314153410173676
11257 0.02071378736175622
11319 0.013869097641037716
11322 0.028487651715159924
11332 0.034983558941107176
11339 0.026286427190023155
11497 0.04729626706937966
11592 0.03462990650474257
11611 0.02440673455849952
11629 0.037511277752373055
11634 0.01870767486816251
11650 0.03214860554400227
11656 0.02459343971404547
11736 0.010189575260641574
11739 0.02817379755231267
11764 0.01834507575949203
11766 0.04350855547167724
11784 0.03462990650474257
11812 0.03443976746892897
11828 0.043253076328800405
11877 0.023538148304644343
11886 0.025391456436700776
11892 0.019387910308271535
11893 0.04361084974613942
11911 0.026052297692679496
11929 0.009874603840048903
11945 0.06805628600102563
11953 0.019577009380324303
11957 0.04843319104537183
11960 0.01772370124826787
11965 0.016683322806000496
11968 0.03392704542148762
11977 0.009450236973245797
12002 0.03462990650474257
12006 0.023414021517197466
12021 0.021903338541317176
12029 0.016004022317018043
12064 0.04147128453344806
12083 0.019970407167032897
12098 0.015011929663855849
12101 0.036275469638922545
12139 0.036275469638922545
12186 0.04428632730835812
12200 0.04283329689002234
12204 0.029424111604556966
12265 0.004711806135184225
12270 0.1007412884889131
12271 0.015771736665098294
12275 0.013956638254454723
