237
104 0.03282554967291587
137 0.05190073604153882
159 0.04026587289997458
210 0.026122486875873086
230 0.030358495487631105
236 0.0287559644651865
247 0.04871827196622492
346 0.06277048486880359
390 0.02814091572408367
393 0.08450998252333311
427 0.07923351483797653
448 0.06952590742310004
449 0.0672818382398607
450 0.029774015435991202
495 0.038336077415773974
496 0.026978774311695392
525 0.050406107275513194
526 0.13253952480133815
674 0.03998605178069872
741 0.09887900888246337
769 0.049789739283733356
791 0.06836376601071176
836 0.059911366944461426
855 0.0752924691427833
897 0.09887900888246337
942 0.0353400002564229
952 0.04844724305294621
1020 0.058064324859310894
1111 0.0672818382398607
1178 0.03506961885615521
1335 0.04477722627103169
1353 0.04662426835618223
1524 0.03394491638864468
1536 0.024066407668180512
1675 0.06836376601071176
1684 0.040453680327078266
1752 0.07214560493004273
1958 0.2408761041026213
1996 0.059271207336938095
2030 0.04662426835618223
2042 0.041670400942811825
2106 0.08450998252333311
2107 0.04428713223670503
2139 0.05641208941259594
2227 0.03329721628710941
2356 0.03229816203529747
2630 0.03919296827483346
2644 0.029678685460175297
2645 0.047487701066073945
2687 0.09252061342625573
2705 0.030659112988465957
2756 0.040453680327078266
2828 0.024676141468466896
2838 0.0672818382398607
2937 0.05190073604153882
2984 0.04204306305346569
3080 0.1022712434544787
3152 0.035476959491431814
3269 0.056454633347877994
3270 0.027632274398737673
3285 0.06732103183774957
3341 0.07713951122793385
3397 0.055897888174860966
3442 0.0431088366311726
3510 0.07923351483797653
3591 0.019588313551857393
3595 0.04008028809816394
3677 0.05076662275587687
3709 0.08762378369133259
3721 0.02779999506412379
3737 0.0353400002564229
3809 0.07713951122793385
3826 0.04404771181930554
3903 0.06683476681888052
3918 0.0426793925119983
3977 0.09743654393244984
4048 0.017185239379201418
4059 0.054768019185008676
4205 0.042683222660989006
4272 0.06952590742310004
4320 0.024470251429158135
4404 0.18504122685251145
4426 0.0880092600551986
4530 0.06442272031551854
4624 0.005871937229209324
4676 0.029678685460175297
4700 0.053552971488253776
4772 0.026198427618608352
4822 0.05865615859583527
4861 0.007797270703782784
4872 0.026046912114040983
4883 0.04580590532271004
4904 0.05641208941259594
4905 0.038336077415773974
4941 0.01929148955974453
4980 0.08450998252333311
5001 0.020998270218769124
5005 0.08269523600660805
5013 0.03415839052033145
5089 0.08165086459899096
5123 0.09252061342625573
5231 0.09887900888246337
5351 0.042683222660989006
5372 0.0672818382398607
5373 0.053552971488253776
5469 0.05444931445729419
5471 0.1481153161598016
5472 0.04246691946986743
5520 0.059271207336938095
5606 0.1505849382855666
5628 0.055897888174860966
5635 0.09887900888246337
5802 0.014621671936688495
5805 0.06277048486880359
5849 0.06952590742310004
5868 0.21643681479012816
5869 0.1505849382855666
5943 0.05540001357340431
6013 0.027220656732825307
6023 0.048090919001086536
6057 0.020251379884125276
6155 0.039183945129123515
6198 0.03800936283331495
6252 0.04428713223670503
6258 0.025096212997930866
6263 0.059911366944461426
6655 0.09252061342625573
6673 0.05312330809799238
6681 0.06531906328455896
6698 0.04083618057583847
6732 0.06611921946083477
6817 0.05823712807044833
6867 0.030760613231026353
6869 0.04690682974364771
6899 0.058064324859310894
6982 0.03236765633312483
7116 0.09887900888246337
7121 0.041030987214274055
7176 0.07485673069019495
7193 0.024470251429158135
7259 0.03192275464341463
7272 0.017796860793718904
7312 0.02681956753583313
7379 0.2071400715618143
7461 0.04970902661555315
7483 0.01727116689681891
7496 0.049041618117196664
7537 0.00927777814266885
7674 0.0880092600551986
7773 0.047487701066073945
7911 0.10726355858675239
7944 0.05076662275587687
7947 0.058064324859310894
8036 0.04502813934759621
8098 0.02310008151268174
8112 0.03329721628710941
8169 0.07700404645200486
8312 0.033660515918874784
8324 0.04296553871020483
8327 0.03454245215035732
8352 0.07013923771231043
8385 0.03753170968240857
8413 0.05694372448506569
8439 0.12255171220555593
8625 0.03901066455134844
8762 0.09252061342625573
8873 0.030862774717614123
8905 0.08206197442854811
8970 0.07364023369606834
9010 0.05694372448506569
9027 0.02413299686687219
9034 0.10889862891458837
9161 0.06626976240066908
9169 0.0493717720532672
9179 0.09252061342625573
9183 0.058064324859310894
9211 0.054917460646570306
9230 0.03561512543127983
9287 0.04662426835618223
9319 0.06127585610277796
9338 0.019139676026680923
9341 0.02341561997978355
9388 0.09557281953714102
9568 0.05897949327147699
9575 0.05729004876392683
9584 0.03305960973041738
9637 0.03989687392861212
9776 0.027220656732825307
9798 0.047487701066073945
9804 0.03800936283331495
9859 0.059911366944461426
10004 0.026046912114040983
10081 0.03800936283331495
10105 0.035754519528917464
10172 0.03589516381451996
10183 0.04502813934759621
10191 0.04634670831869658
10218 0.027969528961023622
10221 0.06127585610277796
10243 0.09887900888246337
10318 0.009777322345695233
10364 0.06541963360552933
10620 0.06357485260216898
10897 0.0738333218826115
10914 0.03589516381451996
10959 0.029489746635738494
11011 0.07571632555918505
11024 0.09887900888246337
11067 0.019488746660366343
11099 0.05444931445729419
11142 0.03768931636309789
11173 0.08165086459899096
11264 0.0880092600551986
11319 0.029492531009280586
11332 0.029756909168559303
11472 0.07078111577172619
11497 0.016762525571472908
11629 0.019941861953515373
11637 0.0492144213283341
11650 0.06836376601071176
11736 0.043336109114505396
11768 0.03691666094130575
11812 0.036617952238809176
11828 0.09197733896539788
11893 0.019187201674248373
11957 0.05149640682308883
12002 0.07364023369606834
12004 0.02857776103923763
12006 0.016596579761244453
12024 0.06051911356520306
12064 0.11758449629083927
12098 0.03192275464341463
12175 0.03883927778828839
12177 0.019242560556777723
12259 0.06836376601071176
12270 0.023802842930801642
12304 0.10061543541721339
