323
44 0.057634187222899674
50 0.03324528622046627
104 0.02149630475653199
105 0.025104956703266616
111 0.02279180509512113
113 0.05534263271727229
169 0.03211564099627383
215 0.06380778581518584
230 0.05964215168866202
262 0.04757571852431873
326 0.026127067767276736
343 0.01949796167970463
373 0.022043094956951986
374 0.011625408756440416
404 0.034514729662083535
432 0.07604859233707688
435 0.012893321162875952
493 0.035651712683096665
503 0.042188187035595674
525 0.03300919723756831
526 0.1735910012660824
571 0.021649582504430154
674 0.03927820083684291
769 0.010868519796887546
846 0.05677762523856158
915 0.05051596876971014
938 0.023192716096695622
942 0.02314293052752111
996 0.08555034141192809
1029 0.04558361019024226
1178 0.022965867202197794
1205 0.0148052314401855
1288 0.057634187222899674
1465 0.39490264805526154
1521 0.036279531863331056
1524 0.0333440083210868
1536 0.01576024891540504
1543 0.14054306783967044
1553 0.06250059502808118
1595 0.026247179293957597
1622 0.018372230851771653
1632 0.01918954755610392
1663 0.03255270348633802
1675 0.04476904006524629
1726 0.030717642731940935
1797 0.03660557253195937
1814 0.01761519421685748
1958 0.014340121681685487
2080 0.014570043639198728
2086 0.02212363982837397
2139 0.03694230494383599
2161 0.032331847265386106
2222 0.042188187035595674
2227 0.021805182730647122
2249 0.04110619581089322
2287 0.022452289265836933
2373 0.010038215783042514
2434 0.06697386148999906
2459 0.04476904006524629
2464 0.0904825766344641
2541 0.02314293052752111
2630 0.017110736377484108
2658 0.2320167554454791
2677 0.018890126391081282
2704 0.022620644158616025
2705 0.02007758111995292
2748 0.02753253198501908
2757 0.05428623107702109
2798 0.03255270348633802
2815 0.06058851480903198
2828 0.016159542262261895
2885 0.03506996858240613
3045 0.05051596876971014
3195 0.03129364893631226
3224 0.057634187222899674
3285 0.04408618991390397
3330 0.027396511208893994
3362 0.02686975890451414
3407 0.023506487730781647
3442 0.014115234918485365
3595 0.07874153788187278
3618 0.05051596876971014
3658 0.042188187035595674
3680 0.016342114510181617
3718 0.07187062412927875
3721 0.01820524475852306
3887 0.017511461835243394
3891 0.03343458961691965
3918 0.009316413966187093
4013 0.03300919723756831
4048 0.033762037195746344
4059 0.10759698250694587
4081 0.014454439208689574
4101 0.01576024891540504
4105 0.014264610911601652
4169 0.016669640808969825
4178 0.02649170080925413
4198 0.05298340161850826
4244 0.027810100732253217
4302 0.0433977503165206
4339 0.022965867202197794
4356 0.01385894379439224
4381 0.01925049383862045
4410 0.011225992139827624
4411 0.041632948115273065
4434 0.0802548313815157
4440 0.46152490192817724
4446 0.02157265766187911
4453 0.05425951613851005
4616 0.03596352482370062
4624 0.00769065276579097
4787 0.027810100732253217
4820 0.0195607717743576
4822 0.03841186738950179
4827 0.02572091799150786
4861 0.025530799786726687
4877 0.04724563414394738
4931 0.02142051534639543
4972 0.03259233250497629
5005 0.013538554668728851
5181 0.021270594166091252
5193 0.06058851480903198
5219 0.032331847265386106
5224 0.013538554668728851
5241 0.03694230494383599
5247 0.024891002746579727
5357 0.04406052339702553
5433 0.021345281175017758
5471 0.032331847265386106
5472 0.055620201464506434
5473 0.07875022531473858
5598 0.03149306138571727
5641 0.03324528622046627
5687 0.03373439858608371
5731 0.06475240567608921
5802 0.01915044342793892
5842 0.015292409828685656
6008 0.00790743823585715
6063 0.029996685821784115
6068 0.01771998511043811
6119 0.023054017258138514
6147 0.03802429616853844
6162 0.04708763175156699
6280 0.020414313531829542
6289 0.029002094430684886
6294 0.03169642285207631
6437 0.025890978784378772
6471 0.05051596876971014
6507 0.026247179293957597
6562 0.08437637407119135
6570 0.027262268533104473
6616 0.04936283100690769
6620 0.027670378597838875
6638 0.01906872947477953
6666 0.016622206921116454
6698 0.026742186848291667
6723 0.12656456110678702
6732 0.04329916500886031
6757 0.04012741569075785
6804 0.034514729662083535
6845 0.07187062412927875
6865 0.07187062412927875
6875 0.06058851480903198
6876 0.06475240567608921
6899 0.03802429616853844
7035 0.020346077942160368
7083 0.03129364893631226
7102 0.08980915706334773
7164 0.049306405488785204
7176 0.012255263902875055
7193 0.04807413622299471
7215 0.03694230494383599
7235 0.034514729662083535
7282 0.01567358664193159
7352 0.04476904006524629
7425 0.02076246275251114
7537 0.01822707754224043
7620 0.04553008584269133
7664 0.06058851480903198
7708 0.09644882852816551
7753 0.03424797652244456
7773 0.09329410515361554
7839 0.03373439858608371
7944 0.03324528622046627
7946 0.06058851480903198
7947 0.07604859233707688
7952 0.008405447008437875
7966 0.07530164322411352
7980 0.05051596876971014
8098 0.07563717851571126
8112 0.021805182730647122
8169 0.10085451524878626
8171 0.08034729533266877
8178 0.029161313410141523
8208 0.0190088493140872
8212 0.04553008584269133
8225 0.025323463211712603
8324 0.028136629038848705
8326 0.032869264838753263
8361 0.03398797735770368
8395 0.03596352482370062
8483 0.022204821424752753
8515 0.018260605639021963
8553 0.057634187222899674
8556 0.016765170971920505
8560 0.027396511208893994
8586 0.07312452879758319
8638 0.057634187222899674
8672 0.030906077715348902
8710 0.049306405488785204
8722 0.036279531863331056
8774 0.02636871229180999
8890 0.012348481654543192
8942 0.010316125984897971
8950 0.022705868037456913
8970 0.048224414264082756
8980 0.0463520779026529
8985 0.06339284570415261
8986 0.056493827083268805
9010 0.03729045416451759
9011 0.057634187222899674
9024 0.06475240567608921
9027 0.015803855853379657
9115 0.029161313410141523
9160 0.02753253198501908
9161 0.0433977503165206
9234 0.06475240567608921
9273 0.029930139947421646
9324 0.049306405488785204
9338 0.06266952311697194
9341 0.015334070812647397
9433 0.017986738250077083
9445 0.006298390882320687
9448 0.039233859449463365
9496 0.04406052339702553
9563 0.037780252782162564
9568 0.019311803981695148
9613 0.029996685821784115
9628 0.03053260315886722
9675 0.015250917172390759
9772 0.04060514919818906
9776 0.05347756902464499
9804 0.024891002746579727
9849 0.019945920105499084
9898 0.01198058254662801
9972 0.05051596876971014
10004 0.017057212029933183
10081 0.024891002746579727
10105 0.02341438470567768
10167 0.021727087917321544
10266 0.029323039877942294
10298 0.021963176900219504
10299 0.041632948115273065
10318 0.05122261237119935
10426 0.028690876115068646
10453 0.051887258518435835
10483 0.039233859449463365
10490 0.024997422543084288
10619 0.014340121681685487
10687 0.04724563414394738
10726 0.042188187035595674
10735 0.04406052339702553
10749 0.023841054593500013
10794 0.028690876115068646
10848 0.023787859262159365
10897 0.024175430483122724
10898 0.017156434236232053
10909 0.07435702336321014
10934 0.027396511208893994
10951 0.011484481085128785
10960 0.03231908452452379
10988 0.024325769406124395
10994 0.05534263271727229
11011 0.04958397423601935
11025 0.04012741569075785
11036 0.008195000741202886
11071 0.024476020287516446
11080 0.014115234918485365
11112 0.03373439858608371
11132 0.03596352482370062
11145 0.02314293052752111
11237 0.02649170080925413
11264 0.057634187222899674
11276 0.01949796167970463
11300 0.03685700355731776
11332 0.019486759383273135
11408 0.049306405488785204
11455 0.06475240567608921
11497 0.03293157571745248
11499 0.029002094430684886
11508 0.04476904006524629
11540 0.042775170705964045
11624 0.050868970066296974
11629 0.013059228138962577
11736 0.014189651319934488
11764 0.05109344046369685
11812 0.04795963319603128
11818 0.029654340172018418
11828 0.02007758111995292
11833 0.042775170705964045
11857 0.03535926710642938
11875 0.018372230851771653
11876 0.029002094430684886
11892 0.026998935682743544
11893 0.006282513754141285
11929 0.013751032975240792
11977 0.013160074302514917
11995 0.03211564099627383
12004 0.01871457650153735
12006 0.010868519796887546
12021 0.015250917172390759
12029 0.06685994967977818
12064 0.01925049383862045
12105 0.020210952065470505
12109 0.03324528622046627
12118 0.0433977503165206
12120 0.04406052339702553
12138 0.021049737945139337
12177 0.01260128010486327
12186 0.01541790326563935
12204 0.032780002964811546
12205 0.02457820439888677
12291 0.05225413553455347
