165
119 0.03196913058199858
289 0.04912492440510754
374 0.03873506756917106
380 0.052466364249773155
432 0.06334717824620767
435 0.021479832533129
464 0.04372690392018931
484 0.06848151775155546
493 0.02969726761158766
638 0.053503560609373696
674 0.043624093721083404
682 0.050265913804698754
797 0.05890733088439296
887 0.03014633539486108
938 0.019319136297474556
1143 0.04413426841014241
1230 0.08415787799860516
1362 0.04255996305519797
1505 0.0921989352233211
1536 0.026256036214940385
1587 0.04111839494243296
1632 0.03196913058199858
1854 0.05940326416723899
1896 0.046330677636281146
1905 0.036589902303106166
1916 0.05148846951032485
1971 0.024665009731167312
2091 0.04434164671025983
2266 0.05339324560367566
2287 0.037404746792794
2382 0.02969726761158766
2579 0.1078752954703708
2630 0.014252951092428051
2763 0.04313348604148181
2781 0.030890300444858174
2828 0.0269212452882064
2984 0.04586825758703995
3115 0.1078752954703708
3152 0.03870475170395173
3221 0.05750036035730038
3285 0.0367230430550739
3293 0.11973400420625359
3339 0.06399285865824327
3400 0.49549168436070157
3505 0.08415787799860516
3680 0.08167621324596391
3903 0.03645778967531077
3933 0.0269212452882064
3966 0.09313332138381572
4025 0.055542104077118425
4169 0.08331315611567765
4230 0.052134149922360457
4320 0.02669662280183783
4448 0.04541800791020213
4738 0.07229916926272234
4872 0.028416732450594832
5018 0.050265913804698754
5062 0.08415787799860516
5297 0.03237893461284911
5312 0.03301265521993448
5346 0.06399285865824327
5357 0.1468066531399449
5471 0.05386375286662671
5472 0.046330677636281146
5473 0.09839638854517507
5532 0.07229916926272234
5636 0.07870961224913026
5637 0.09601658673448797
5802 0.015951992220270366
5811 0.10093839555290496
6008 0.02634704385729987
6066 0.028334677136059847
6125 0.03994955513740031
6295 0.05056346043983455
6396 0.06685090351324745
6403 0.10700712121874739
6410 0.023639474283265252
6621 0.0472947918673045
6666 0.027692028802062223
6696 0.1649765843320939
6732 0.03606746475425506
6778 0.0464188709547905
6869 0.05117454326619775
6952 0.023890152764843527
7026 0.05795661407009544
7101 0.04997345368670601
7193 0.02669662280183783
7254 0.04455156959285901
7357 0.10093839555290496
7484 0.02709759639491819
7537 0.010121896141158165
7773 0.051808263873283134
7838 0.06098363314099035
7955 0.08034022648743827
7988 0.19874363639282727
8036 0.04912492440510754
8092 0.027692028802062223
8098 0.02520179102454724
8166 0.05618169280303499
8208 0.031668093484689186
8277 0.11880652833447798
8278 0.08907968681702214
8397 0.06098363314099035
8447 0.07291557935062154
8708 0.03207066500632838
8828 0.03885548836437642
8837 0.06711859834863862
8914 0.08034022648743827
8931 0.06334717824620767
8957 0.04541800791020213
8969 0.08223678988486592
8986 0.03137226190146047
9109 0.05940326416723899
9232 0.048581751790956716
9311 0.11973400420625359
9338 0.04176211371697032
9341 0.025546038056911184
9560 0.11973400420625359
9575 0.08333660848437352
9618 0.03699247382474536
9625 0.035068144213278064
9626 0.041824000110250684
9627 0.06685090351324745
9798 0.051808263873283134
9888 0.05386375286662671
9922 0.04434164671025983
9950 0.1078752954703708
10012 0.06466386624038858
10140 0.04218802448764171
10218 0.06102854862600941
10220 0.06272498239555985
10312 0.03290539154390702
10318 0.02133378052372435
10321 0.04027544118647765
10378 0.08034022648743827
10415 0.07028407816367349
10657 0.058425369427790676
10750 0.0367230430550739
10794 0.0477980193307277
10818 0.04656666069190786
10875 0.06466386624038858
10898 0.08574609976853433
10914 0.07832201083349359
11011 0.05507013796586501
11036 0.01365259123744978
11142 0.04111839494243296
11194 0.09361188863342651
11202 0.057055958740777436
11319 0.010725281104496292
11332 0.27594634031578963
11376 0.07722097808113933
11465 0.09601658673448797
11624 0.04237298304888752
11680 0.10093839555290496
11690 0.08644239986732548
11783 0.13218080104130628
11813 0.05991400359578161
11893 0.0034888177535563015
11945 0.039472077627956334
11957 0.028090846401517496
12007 0.048316498411193586
12109 0.05538551095645481
12117 0.1078752954703708
12191 0.06685090351324745
12270 0.051936983252882374
