349
15 0.03691278740090696
76 0.045098321999969306
84 0.0236816114681761
108 0.06259385422065315
111 0.04950627376879926
119 0.10420444879717243
133 0.03748486898198711
178 0.03535400210697158
188 0.03149784803708684
210 0.01857880789321261
262 0.051669811499845564
289 0.032024866342279946
301 0.06580241426386557
302 0.06010510170109077
303 0.03584977908750987
326 0.05675082619672159
330 0.02351262118053905
344 0.009268187617394966
374 0.0757549478203113
416 0.06259385422065315
429 0.03535400210697158
432 0.04129644861671199
435 0.02800569259935564
456 0.015908351809648003
462 0.04129644861671199
464 0.028505860732890714
496 0.019187815750967827
517 0.031159848061427606
522 0.06441244459848884
525 0.03584977908750987
547 0.019771883518703157
556 0.06010510170109077
571 0.0470252423610781
576 0.023263841819058474
587 0.019476026765082838
628 0.019187815750967827
674 0.05687767615477644
711 0.016252877909313925
784 0.04581866000689418
785 0.03719516059986163
846 0.030831790716789396
928 0.043084773540366175
938 0.012594273991607119
952 0.011485532572166118
956 0.021733617733072422
965 0.021805342389322975
979 0.014741735343139157
1001 0.07032462565404775
1029 0.04950627376879926
1073 0.028246473562759437
1178 0.04988435555256968
1205 0.016079284589994036
1298 0.05807164283047096
1322 0.07805539708744234
1347 0.02411564077205151
1353 0.06632012710483176
1397 0.06580241426386557
1536 0.017116485381789302
1575 0.02152117044097175
1632 0.020840889759434485
1698 0.022549160999984653
1702 0.028505860732890714
1704 0.04089083498581048
1725 0.04645615611924229
1814 0.019131056617735637
1895 0.018001339620113143
1901 0.06441244459848884
1914 0.10991216129164463
1958 0.015574150158106261
1995 0.03464935861775703
2030 0.03316006355241588
2042 0.04445516869977015
2066 0.044643558834301565
2080 0.015823857878196963
2086 0.04805494630788355
2096 0.02738336883524613
2249 0.044643558834301565
2278 0.060043058265603466
2358 0.036106184531755396
2373 0.010902046955727163
2378 0.03691278740090696
2525 0.03398660055664921
2598 0.04521564041538171
2630 0.00929159401761042
2675 0.02636358982251637
2677 0.020515702129364835
2694 0.06713135436663477
2705 0.021805342389322975
2763 0.028119007654115267
2768 0.027265345029030132
2781 0.10068796593573996
2809 0.038402082466248114
2822 0.025037913519547022
2828 0.017550139619816
2832 0.055985964138097796
2933 0.030831790716789396
2984 0.029901823491162417
3039 0.047132311353863934
3089 0.05500530990419553
3102 0.036368623595628306
3195 0.03398660055664921
3239 0.015170006464025235
3269 0.020075802748717498
3285 0.023939997053680127
3339 0.04171737199004381
3340 0.03975563777567455
3369 0.0440993950290229
3400 0.024847256815183905
3407 0.025529321001259906
3442 0.015329910932220032
3453 0.03535400210697158
3472 0.023263841819058474
3559 0.034203173295665495
3571 0.038725384685847686
3591 0.01393157995106881
3653 0.0440993950290229
3670 0.07454177044555171
3679 0.049448143423438416
3680 0.017748422986367637
3759 0.018260124909798017
3830 0.0290434657931352
3866 0.07032462565404775
3874 0.037782303824836695
3966 0.030357117140104962
4025 0.018104134316528176
4048 0.024444936084546065
4059 0.019476026765082838
4078 0.027265345029030132
4081 0.031396610389276804
4082 0.05354943144028877
4099 0.03487932853028715
4184 0.056352377852599694
4255 0.07805539708744234
4302 0.047132311353863934
4317 0.02960830271945642
4320 0.034807413441240005
4451 0.03797239436197819
4552 0.1359244996444856
4596 0.02738336883524613
4624 0.029233631538454305
4664 0.05354943144028877
4699 0.022549160999984653
4795 0.036106184531755396
4827 0.02793431240654559
4874 0.036637387097214875
4895 0.13160482852773114
5005 0.014703604893660217
5013 0.024294094908885344
5186 0.04645615611924229
5196 0.06515605649715701
5224 0.04411081468098065
5293 0.03487932853028715
5354 0.029901823491162417
5368 0.0256302551345529
5377 0.05807164283047096
5389 0.03590059077270315
5433 0.023182133427172718
5440 0.20858685995021906
5441 0.10972616557451709
5461 0.1239784530098123
5466 0.07805539708744234
5472 0.030203278209928363
5577 0.05237433026769617
5595 0.0881987900580458
5609 0.02636358982251637
5627 0.02494217777628484
5762 0.043580550520904475
5845 0.021733617733072422
5942 0.027868364620542593
5971 0.033774153264548544
5998 0.05026895630802922
6008 0.017175813871715396
6079 0.01651844154124458
6114 0.027265345029030132
6125 0.026043381831153938
6141 0.06580241426386557
6162 0.038354792087910705
6170 0.03748486898198711
6198 0.02703297942416792
6360 0.02917997904930577
6409 0.0190745848737509
6436 0.018418328209276726
6452 0.025762990660875642
6540 0.05131132195429908
6554 0.03149784803708684
6584 0.031396610389276804
6621 0.06166358143357879
6657 0.018687091710863305
6682 0.06580241426386557
6698 0.0290434657931352
6729 0.038402082466248114
6732 0.02351262118053905
6778 0.015130386011669347
6791 0.019417785663497944
6867 0.021877531286061815
6869 0.033361026567947503
6892 0.04171737199004381
6952 0.015574150158106261
7006 0.04521564041538171
7017 0.037782303824836695
7056 0.07805539708744234
7176 0.0665494074901608
7188 0.025834905749922782
7193 0.017403706720620003
7230 0.028771424364821368
7262 0.011203872512737205
7379 0.029464389166467028
7396 0.028906615663820273
7461 0.03535400210697158
7463 0.04521564041538171
7466 0.047132311353863934
7480 0.049448143423438416
7484 0.05299531225257683
7488 0.03167076848707473
7496 0.03487932853028715
7542 0.012784930695970236
7554 0.08416261172570706
7589 0.024659804577330177
7605 0.028637852162233697
7772 0.05131132195429908
7773 0.033774153264548544
7833 0.050787099431806725
7944 0.036106184531755396
7951 0.14522706557032575
7952 0.018257542963893474
8045 0.03220622229924442
8098 0.016429215900498832
8200 0.03487932853028715
8208 0.08257856665986477
8224 0.017116485381789302
8277 0.07745076937169537
8278 0.05807164283047096
8312 0.023939997053680127
8321 0.03220622229924442
8324 0.02291842924981675
8327 0.024567246821155807
8601 0.04261009996368176
8723 0.026149099642671328
8727 0.026693263447949995
8754 0.11352034145147574
8811 0.03257802824857851
8823 0.1223772543292491
8828 0.05066030478832834
8837 0.08751012514424726
8868 0.02625582912325461
8869 0.07327477419442975
8890 0.013411121033798079
8903 0.047132311353863934
8942 0.02240774502547441
8969 0.026805356307145502
8972 0.028637852162233697
8980 0.05034087139707635
8986 0.020451787079896543
9017 0.02738336883524613
9027 0.017163844882289166
9079 0.1561107941748847
9117 0.032962657591804924
9162 0.056352377852599694
9330 0.033361026567947503
9338 0.06352500204374276
9341 0.016653632840243487
9358 0.11245460694596132
9386 0.10474866053539234
9388 0.06797320111329842
9445 0.006840394212343975
9478 0.07032462565404775
9534 0.026693263447949995
9563 0.020515702129364835
9568 0.020973666870550835
9575 0.09507346048442195
9582 0.023263841819058474
9625 0.02286115744506395
9656 0.019652597401851532
9776 0.1548787769156356
9805 0.047132311353863934
9898 0.02602312528506256
9922 0.028906615663820273
10004 0.018525057689860003
10141 0.024294094908885344
10144 0.031159848061427606
10150 0.03940153992046933
10174 0.06672205313589501
10181 0.03584977908750987
10218 0.019892459240182372
10228 0.03905833913072229
10318 0.06258435308646462
10325 0.024567246821155807
10364 0.023263841819058474
10420 0.020388236220720665
10452 0.044643558834301565
10493 0.04129644861671199
10576 0.02738336883524613
10628 0.026149099642671328
10653 0.022782336299980204
10712 0.07032462565404775
10749 0.025892678765828746
10750 0.023939997053680127
10794 0.06231969612285521
10896 0.043580550520904475
10897 0.13127914561627305
10898 0.18632818389121766
10914 0.07658796300377972
10951 0.02494553907951277
10960 0.017550139619816
10963 0.02286115744506395
10979 0.023346153230360416
10981 0.021733617733072422
10985 0.07844729892801398
11011 0.0718011815454063
11021 0.02647240186227089
11036 0.017800430836272328
11049 0.03257802824857851
11080 0.015329910932220032
11138 0.05034087139707635
11163 0.09888797277541478
11217 0.013581922926345993
11221 0.05237433026769617
11249 0.03167076848707473
11298 0.07032462565404775
11319 0.013983764779866535
11332 0.02116367792872946
11412 0.07805539708744234
11424 0.033361026567947503
11451 0.054863082787258544
11494 0.03239057601072478
11497 0.04768730387382771
11629 0.014183030276857765
11739 0.04261009996368176
11750 0.03316006355241588
11770 0.02294053959945891
11811 0.03975563777567455
11828 0.06541602716796893
11829 0.05807164283047096
11893 0.011371917982900494
11930 0.038262113235471275
11945 0.025732111053507745
11957 0.018312610397759332
11984 0.04089083498581048
12029 0.024204510928387626
12052 0.027502654952097767
12064 0.020907080728839095
12098 0.022704068290295146
12138 0.02286115744506395
12177 0.02737134773244554
12204 0.017800430836272328
12265 0.028504574870590476
12270 0.3724387291665826
12271 0.07155960512453584
12336 0.04581866000689418
