50
103 0.09949821133160479
1143 0.11608791354307696
1553 0.18258708577583982
1729 0.11554897191442702
1999 0.1589786623614016
2110 0.12005283645242741
2150 0.13980440094093413
2701 0.09160714058990115
3189 0.1270885797434873
3361 0.1129983131861596
3363 0.14674134926778834
3472 0.09386573370600125
4449 0.3149405491282082
5609 0.10637270151085987
6008 0.034650776591540824
6452 0.051974691877049166
6584 0.06334005133358067
6794 0.2835972860608259
6809 0.1801293370983876
7561 0.07929496291718278
8112 0.09555136477844085
8252 0.10795013912328663
8443 0.3149405491282082
8753 0.095896202390126
8828 0.1022029533150974
9137 0.3149405491282082
9139 0.1299467521112772
9267 0.07719063256885071
9273 0.06557766002956575
9278 0.1589786623614016
9338 0.018308058647679138
9445 0.027599853307717245
9652 0.15007628865316372
9987 0.09730260085436682
10312 0.08655220503830366
10392 0.048705018765798976
10476 0.11449007392693446
10597 0.07628605762688179
10862 0.11888391129980243
10880 0.3149405491282082
10981 0.08769153394644111
11101 0.10593790500650131
11217 0.054800800767799515
11300 0.08075458561958691
11875 0.08050800369785573
11917 0.12440114920014711
12006 0.04762637912932949
12180 0.09224096921048391
12265 0.028752805050600908
12304 0.19248740573374853
