285
15 0.051289950192767955
76 0.03133183446746429
79 0.03363192669450928
104 0.03243924722814331
119 0.05791641720928929
129 0.04981291073604854
150 0.04352934308117365
169 0.09692895871806542
184 0.06870770244922461
236 0.028417554309518638
262 0.035897344049282943
289 0.13349469779558543
303 0.04981291073604854
368 0.07129657044800733
374 0.08771728747095452
390 0.05561948735031226
435 0.01945681537043214
457 0.04752496839960103
464 0.039608609377356885
479 0.038048918073184015
493 0.05380062922127487
524 0.04239765907878589
547 0.027472835087674192
567 0.09771536643782519
587 0.027061745077251207
594 0.02798098502703879
645 0.0783010673757155
674 0.11854644619660411
711 0.022583211866502598
717 0.06366457141611662
878 0.05335931084261706
887 0.027307088217204626
937 0.036482212881286426
938 0.017499618187266197
1068 0.04526684555409987
1073 0.039248193489708434
1113 0.0460755778077773
1178 0.03465690742751605
1205 0.08936802271788036
1208 0.04580128419300568
1362 0.03855157353113553
1444 0.05427117293715304
1622 0.027724827382345527
1645 0.12110948118405587
1651 0.065489876869887
1814 0.026582412495745993
1896 0.04196715404395271
1914 0.20362913686254314
1929 0.02738974006465806
1958 0.0432802528418286
2030 0.0460755778077773
2042 0.12354002766890937
2154 0.03633391333176278
2181 0.03465690742751605
2228 0.0568174076637567
2252 0.05208485184788056
2298 0.08436182340831565
2307 0.07277360990472674
2373 0.04544485676078134
2402 0.10845719629380457
2409 0.06282668170385995
2413 0.06870770244922461
2450 0.0980116583573126
2458 0.051289950192767955
2514 0.08351543976070615
2630 0.012910577280407433
2644 0.02932941640405462
2646 0.065489876869887
2670 0.04074305604748764
2677 0.028506363633729045
2679 0.03724577542629876
2705 0.06059661184281888
2706 0.0914317987829503
2726 0.05524006245450787
2781 0.08394295508111639
2828 0.024385744083752645
2833 0.05524006245450787
2838 0.06649004224985186
2933 0.04284046590800452
2949 0.07623170672586639
3014 0.05524006245450787
3197 0.060554740592027936
3285 0.0665287746038976
3286 0.051289950192767955
3351 0.05920630921501211
3397 0.05524006245450787
3400 0.03452501569812048
3434 0.05474804701390759
3670 0.06905003139624095
3680 0.12330628422666981
3701 0.061275669864861215
3723 0.04946464473899758
3737 0.06984821377152074
3759 0.050744523135863216
3795 0.05627359100056272
3891 0.050454854024396874
3918 0.014059042209895947
4025 0.05031102838660709
4033 0.07208300989236259
4048 0.06793199010546452
4097 0.04580128419300568
4105 0.0430523520405625
4161 0.0568174076637567
4169 0.025155514193303544
4191 0.051289950192767955
4272 0.06870770244922461
4382 0.03492410688576037
4431 0.025890115442906512
4448 0.04114044152991825
4451 0.03517484233622069
4583 0.057965872593245205
4596 0.07609783614636803
4624 0.005802834236881789
4635 0.09771536643782519
4708 0.07449155085259752
4815 0.05627359100056272
4827 0.058221673011575666
4841 0.07623170672586639
4926 0.03176535041830914
4931 0.032324876342517114
4988 0.03907108088006914
4995 0.04284046590800452
5001 0.04150231059509339
5017 0.0699481390709915
5018 0.09106352228916666
5040 0.04094047508239093
5219 0.048790747929163415
5224 0.020430512452479867
5235 0.05053384000888182
5312 0.08971035549434475
5368 0.071225968117859
5373 0.052922741560137224
5380 0.036187019486323135
5425 0.06356780229839794
5440 0.057965872593245205
5471 0.048790747929163415
5473 0.029709734500769715
5539 0.060554740592027936
5802 0.04334879710188656
5833 0.04663917390526234
5942 0.03872281488301818
6010 0.029806290480809162
6068 0.026740548405271895
6125 0.036187019486323135
6180 0.03000122619150824
6198 0.07512411095747411
6230 0.037090023515648926
6360 0.020272645029620985
6396 0.060554740592027936
6398 0.03400839503722041
6613 0.1613799378539418
6657 0.0519310553650747
6666 0.025083933536418784
6731 0.07129657044800733
6732 0.06534110557154173
6764 0.06282668170385995
6778 0.08409408224931897
6867 0.06079722334787769
6868 0.04635481391490889
6869 0.04635481391490889
6966 0.05335931084261706
7121 0.040548120336788555
7150 0.029613776394408056
7188 0.035897344049282943
7193 0.09672910811912389
7204 0.10845719629380457
7205 0.02789512782868992
7254 0.04035560625038745
7272 0.017587421168110344
7312 0.05300789114063874
7374 0.04329629831871139
7399 0.062031780048747355
7425 0.03133183446746429
7484 0.036818229091770856
7537 0.009168594034122826
7552 0.02141305738181047
7554 0.029235777541136872
7580 0.032787513225194256
7589 0.034264552681913675
7605 0.03979201015290242
7660 0.028417554309518638
7753 0.051682304938370324
7773 0.046928849342302535
7818 0.045006382537893075
7911 0.0353337479517979
7951 0.06726385338901857
7952 0.025368673979830867
7984 0.04329629831871139
7988 0.045006382537893075
8098 0.02282823174773607
8166 0.025445189630343732
8169 0.038048918073184015
8208 0.11474209533335229
8224 0.02378318584214108
8324 0.021229952680132655
8339 0.04553176114458333
8412 0.03663194529888591
8413 0.05627359100056272
8425 0.0699481390709915
8483 0.033508442498027535
8527 0.08697353658184578
8556 0.05059935018040379
8727 0.037090023515648926
8754 0.031547076603427364
8823 0.06801679007444082
8837 0.09119583502181655
8873 0.030499570888746746
8986 0.028417554309518638
9112 0.048790747929163415
9211 0.05427117293715304
9232 0.0440062171579282
9267 0.026582412495745993
9287 0.0460755778077773
9319 0.060554740592027936
9338 0.08826735720150446
9341 0.0462801136976042
9358 0.05208485184788056
9434 0.03872281488301818
9445 0.019009319163006386
9473 0.040548120336788555
9568 0.029142701077183576
9575 0.056615839615285976
9622 0.08697353658184578
9625 0.03176535041830914
9627 0.060554740592027936
9776 0.10760125844254974
9789 0.05016918354529686
9898 0.03615887321742124
9921 0.040548120336788555
9923 0.028958208604644646
9981 0.055748212393872475
10004 0.05148076605061405
10032 0.0914317987829503
10110 0.03478993128860393
10140 0.038214664943653595
10172 0.03547273708670489
10174 0.04635481391490889
10200 0.08697353658184578
10318 0.057973556567057556
10334 0.031014474885600374
10392 0.016772720424213444
10420 0.05665850204817948
10461 0.06366457141611662
10578 0.03314378603444258
10653 0.063311658445613
10794 0.04329629831871139
10897 0.036482212881286426
10898 0.025890115442906512
10951 0.00866539448121249
10960 0.04877148816750529
10985 0.03633391333176278
11011 0.0748252695992953
11021 0.03678313854362163
11084 0.040548120336788555
11159 0.04846447935903271
11217 0.03774389307685731
11299 0.065489876869887
11319 0.009715150894417617
11322 0.05986586341885879
11332 0.1470335977436434
11497 0.03313051672245046
11629 0.03941435842174742
11637 0.024317624481046875
11650 0.0675592375197361
11656 0.051682304938370324
11739 0.05920630921501211
11750 0.0460755778077773
11811 0.05524006245450787
11812 0.036187019486323135
11828 0.03029830592140944
11893 0.05688420010593832
11953 0.0822808830598365
12051 0.026270900807857107
12080 0.08351543976070615
12098 0.06309415320685473
12100 0.08697353658184578
12138 0.03176535041830914
12157 0.036187019486323135
12177 0.03803221487065401
12186 0.046533130362482036
12191 0.060554740592027936
12204 0.02473352123442691
12232 0.13425067467959942
12270 0.14113633695560568
12271 0.13257514413777033
