270
41 0.08152089164555645
78 0.09361256295271594
104 0.027999258482184725
119 0.024994672724681435
176 0.08434097694475573
189 0.0831105954465216
214 0.07101902509427119
262 0.03098404250231169
330 0.028198905041515523
335 0.02979954595846795
352 0.0659683792316337
362 0.08422542935105934
373 0.11484584358797728
374 0.07571134397732238
381 0.08434097694475573
390 0.024003399216010884
435 0.01679374366999006
496 0.023012125707340337
517 0.03737029529142885
524 0.0365946536070226
578 0.055715299665721925
595 0.15783489361577605
674 0.017053481368105826
730 0.07506939093679549
736 0.03907113196642818
862 0.04240038320683629
878 0.04605597430194095
884 0.06037427479196755
963 0.06422233066306009
968 0.06422233066306009
1020 0.04952721451823216
1057 0.03568436564032263
1122 0.030860759867818423
1149 0.13933114097328508
1159 0.05055665088062109
1178 0.05982677109808566
1205 0.09642017702050831
1376 0.05495074465509985
1465 0.0321479128722073
1467 0.09361256295271594
1476 0.07208460691666851
1536 0.04105591990101544
1553 0.027135986631219154
1587 0.0321479128722073
1595 0.034187343629674495
1709 0.09135831729427923
1746 0.04567915864713962
1883 0.054227537656243094
1887 0.04725463291291478
1895 0.021589173859858188
1971 0.019284035404101663
2042 0.01777183228734676
2049 0.03403089656957198
2080 0.018977699775431147
2102 0.044608501693870754
2139 0.04811790476388036
2163 0.044955951648282866
2356 0.013774705927802501
2373 0.0392247786202345
2420 0.06964586079992778
2423 0.06758393033798839
2512 0.06037427479196755
2658 0.03777566180265127
2726 0.04767930576064478
2775 0.09361256295271594
2777 0.07506939093679549
2781 0.04830240522218438
2828 0.04209609101465435
3041 0.06758393033798839
3191 0.051102688784007325
3311 0.09361256295271594
3342 0.030378687113002553
3400 0.08939863787540385
3517 0.08434097694475573
3591 0.016708273275955712
3595 0.034187343629674495
3599 0.03312879719887606
3606 0.05495074465509985
3688 0.04952721451823216
3695 0.052888814193160445
3903 0.02850407579469103
3939 0.04361722818520022
3975 0.041285064872660863
3988 0.044955951648282866
4000 0.06579780492883526
4039 0.09361256295271594
4048 0.014658519484092403
4072 0.06037427479196755
4094 0.09361256295271594
4105 0.018579869079143187
4178 0.03450583656084504
4198 0.03450583656084504
4267 0.05652621892087502
4287 0.08434097694475573
4339 0.02991338554904283
4356 0.018051481591102127
4391 0.05354143490074805
4440 0.037571443009074994
4448 0.035509512547135594
4500 0.3156697872315521
4509 0.05495074465509985
4519 0.061538145161863164
4580 0.05495074465509985
4624 0.010017190262464904
4690 0.05167196921479652
4719 0.057389490771840586
4827 0.03350188041153772
4861 0.006650849721213139
4926 0.02741759853070174
4931 0.05580108328368245
4941 0.016455090868907122
5001 0.017910926135052053
5005 0.03526833992523685
5017 0.06037427479196755
5018 0.03929978832339419
5040 0.035336915685910526
5043 0.13516786067597678
5046 0.08434097694475573
5047 0.12562604181741657
5127 0.09361256295271594
5138 0.04904075832206791
5255 0.06758393033798839
5261 0.04605597430194095
5297 0.025315072980987806
5312 0.025810539666650645
5387 0.09361256295271594
5511 0.06579780492883526
5766 0.044608501693870754
5789 0.13159560985767052
5802 0.012471869506417965
6013 0.06965533355982602
6050 0.09361256295271594
6068 0.023080545657823328
6162 0.015333086170606027
6172 0.07208460691666851
6198 0.09726271017401018
6209 0.025560512365443988
6214 0.021589173859858188
6252 0.03777566180265127
6280 0.053179897455665856
6360 0.03499581998989707
6410 0.036964466179536616
6452 0.0463466911017635
6502 0.044608501693870754
6507 0.034187343629674495
6616 0.0321479128722073
6621 0.0369768530699686
6681 0.055715299665721925
6732 0.028198905041515523
6778 0.018146012522741502
6804 0.044955951648282866
6814 0.09361256295271594
6952 0.018678222986650183
6963 0.09361256295271594
6966 0.04605597430194095
6994 0.035166517570668035
7017 0.04531266801882924
7042 0.019650526032412047
7141 0.06964586079992778
7176 0.04788799363477372
7205 0.024077096764177203
7259 0.027229200047845906
7312 0.022876326864247065
7537 0.00791368037840609
7542 0.015333086170606027
7660 0.04905603653178704
7707 0.05055665088062109
7790 0.05652621892087502
7844 0.04393955874977963
7861 0.02751280228602048
7898 0.07506939093679549
7947 0.04952721451823216
7952 0.010948220455241024
7968 0.039769172314107676
8055 0.061538145161863164
8092 0.06495201943775164
8105 0.09361256295271594
8156 0.02349858190350458
8165 0.06758393033798839
8208 0.02475931056161175
8247 0.044608501693870754
8252 0.03208697394605514
8283 0.054227537656243094
8291 0.040010189125815734
8324 0.009162095046087896
8326 0.021406354551704667
8423 0.06422233066306009
8428 0.08434097694475573
8465 0.08434097694475573
8535 0.06758393033798839
8723 0.031360858157113015
8727 0.03201347886470063
8786 0.03450583656084504
8833 0.04725463291291478
8908 0.06422233066306009
8965 0.18112282437590266
9115 0.037983046904954555
9161 0.05652621892087502
9186 0.09361256295271594
9247 0.0768154395053691
9273 0.019492227484846563
9332 0.04361722818520022
9338 0.016325598251245067
9423 0.048571374331354424
9434 0.06684557723810484
9534 0.03201347886470063
9553 0.07208460691666851
9584 0.028198905041515523
9691 0.08434097694475573
9726 0.05930361783869869
9740 0.09361256295271594
9906 0.04076044582277823
9923 0.024994672724681435
9929 0.05055665088062109
10023 0.10006406366147691
10087 0.06964586079992778
10100 0.052266559153902936
10166 0.09361256295271594
10284 0.07506939093679549
10296 0.07506939093679549
10303 0.06964586079992778
10318 0.03335910939479403
10348 0.04904075832206791
10420 0.02445180113002223
10460 0.024376015821600254
10490 0.06511903353617371
10499 0.04269437462701266
10578 0.05721473286540856
10579 0.04567915864713962
10613 0.08434097694475573
10628 0.031360858157113015
10709 0.14303791728193435
10749 0.031053330217066463
10760 0.05195971856783189
10890 0.04904075832206791
10897 0.03148885981481799
10944 0.05652621892087502
10951 0.007479354197808628
11070 0.07208460691666851
11071 0.031880382531194254
11095 0.04211271467552967
11144 0.10577762838632089
11157 0.05055665088062109
11194 0.10978396082106778
11257 0.037571443009074994
11300 0.04800679843202177
11332 0.038072693362793626
11497 0.01429795665164897
11629 0.03401967997588286
11634 0.016966340531215127
11637 0.0209892494954947
11736 0.018482233089768308
11764 0.033274985223971126
11886 0.04605597430194095
11892 0.035166517570668035
11893 0.008183068137170454
11921 0.03622307218087536
11945 0.061721519735636846
11965 0.030260835503454934
11977 0.017141193624402164
11997 0.05495074465509985
12016 0.0415552977232608
12021 0.019864547736764087
12024 0.025810539666650645
12064 0.025074056169279744
12124 0.044955951648282866
12186 0.020082049620960104
12267 0.08434097694475573
12270 0.04060629347999931
12275 0.025315072980987806
