245
14 0.06012715620244188
15 0.04709000832270681
84 0.030210866197119577
103 0.03145875683054674
104 0.02978291880211269
119 0.05317385878045459
150 0.039964888253361086
210 0.023701169158952668
222 0.06104542178643283
262 0.16478922514942862
303 0.04573391809355913
319 0.038726874870083756
335 0.03169789150614767
337 0.03169789150614767
374 0.04832066845291977
380 0.043633326783560585
429 0.04510145049131078
432 0.052682288333809786
435 0.017863569652212478
464 0.10909562623207071
496 0.02447808651224857
522 0.08217159325535531
525 0.04573391809355913
642 0.03157782177866198
674 0.018139853639438486
676 0.09957604281029
769 0.015058227275620286
842 0.07188928631323133
857 0.08971382115832797
887 0.025071013065603828
937 0.03349482114437256
965 0.027817291158225056
1070 0.06308148610025864
1073 0.07206861192632545
1122 0.06565341763600996
1205 0.04102500507167803
1351 0.08394479131812993
1362 0.03539472960319997
1413 0.05300597418412307
1416 0.05166555745532281
1468 0.035551948642310725
1524 0.03079853037104387
1536 0.02183566985418564
1542 0.044202529816172634
1587 0.0683917168263261
1698 0.028766187923625713
1905 0.03042976556502846
1916 0.08564013336369551
2002 0.03322380003061859
2042 0.03780793254332736
2052 0.05496367214327281
2072 0.07188928631323133
2080 0.020186652150883524
2227 0.030210866197119577
2252 0.04781981845927941
2298 0.038726874870083756
2373 0.04172354769397219
2450 0.029995283614182754
2464 0.031340679984676385
2630 0.02370675694947583
2644 0.026927740373626028
2666 0.036703990898348644
2670 0.037406759826396366
2677 0.0261720843112007
2697 0.09957604281029
2816 0.0740825696661679
2828 0.02238888685879886
2833 0.05071666068992215
3181 0.05496367214327281
3350 0.03833703738093566
3369 0.056258034821071244
3373 0.06422034801420587
3400 0.09509367451844301
3454 0.05377730374689581
3540 0.058451318174007824
3680 0.06792551673752258
3723 0.04541417029427276
3790 0.049827109905323116
3820 0.04085443903796012
3848 0.0766766732785929
3933 0.02238888685879886
4025 0.046191246755847376
4161 0.05216484300930726
4191 0.04709000832270681
4267 0.06012715620244188
4414 0.0481992590328977
4581 0.12405412932253856
4624 0.015982985642394795
4708 0.03419585841316305
4738 0.06012715620244188
4861 0.028298137586462085
4931 0.029677913319834565
4937 0.0766766732785929
4941 0.01750334336682072
4995 0.23599452390667647
5146 0.03099221738599809
5224 0.056272602984127916
5312 0.054909540380841095
5337 0.03099221738599809
5425 0.019454157705602007
5455 0.06545836139748319
5471 0.08959091273905578
5472 0.07706124204771433
5648 0.0481992590328977
5727 0.06422034801420587
5766 0.04745023460809857
5802 0.02653275100528363
5845 0.027725791304174508
5942 0.07110389728462145
6066 0.02356435869843463
6072 0.06422034801420587
6079 0.02107273940618857
6136 0.05166555745532281
6258 0.02277002156568931
6277 0.037406759826396366
6285 0.12616297220051728
6437 0.035871696441597094
6452 0.03286610223883129
6484 0.0415601131581097
6558 0.049827109905323116
6628 0.0395401349717966
6657 0.04767861579427172
6733 0.05377730374689581
6775 0.04781981845927941
6778 0.019301983225405786
6817 0.026419537126921296
6867 0.027909383248462476
6911 0.16307437908673153
7028 0.06681445162663087
7129 0.3588552846333119
7176 0.03395909518884917
7193 0.04440416191922737
7230 0.036703990898348644
7256 0.041085796627677654
7328 0.04479545636952789
7344 0.04745023460809857
7356 0.04541417029427276
7394 0.03912769512957219
7425 0.028766187923625713
7443 0.048589096522045794
7465 0.06831353982596985
7483 0.0156702862992759
7484 0.03380332224622208
7486 0.06545836139748319
7537 0.033671248870523716
7542 0.016309862659238672
7552 0.03931924466817801
7589 0.06291751366109348
7605 0.03653359151714718
7660 0.052181094499674265
7697 0.06998937785440391
7725 0.06012715620244188
7772 0.06545836139748319
7773 0.2154301084129031
7854 0.03687645577687092
7861 0.02926547347761016
7944 0.04606101705718853
7952 0.03493699246216216
7988 0.04132097848250877
8092 0.023029904192863465
8166 0.023361578378656555
8208 0.10534629501305788
8216 0.06545836139748319
8324 0.009745755695226644
8327 0.031340679984676385
8352 0.031818983115938504
8447 0.060639789833199044
8515 0.025299889501200604
8556 0.023227979479055357
8571 0.040626783328911176
8590 0.09957604281029
8603 0.038726874870083756
8754 0.057927609374903676
8786 0.07340798179669729
8823 0.031223574975715623
8827 0.09957604281029
8837 0.027909383248462476
8863 0.041085796627677654
8890 0.03421739974493841
8986 0.052181094499674265
9109 0.09880471324751726
9112 0.04479545636952789
9160 0.038146052254735746
9267 0.024405678324070732
9329 0.0766766732785929
9338 0.023154135429318254
9358 0.09563963691855883
9444 0.03391128536175303
9445 0.026179075849088452
9534 0.0681057208859435
9578 0.049840897855164636
9669 0.049827109905323116
9698 0.09957604281029
9776 0.07409264587725972
9795 0.04510145049131078
9821 0.0499910636735022
9825 0.056952229974668846
9849 0.02763487611771951
9920 0.04745023460809857
9923 0.026586929390227294
9924 0.08394479131812993
10004 0.023632599492410523
10023 0.05321926444829661
10144 0.03975092665342453
10162 0.058451318174007824
10318 0.026613159605140244
10334 0.02847481572897363
10420 0.026009474789635067
10428 0.033771105131598554
10460 0.025928861665949633
10576 0.034933234717565854
10653 0.029063651962257762
10788 0.0481992590328977
10845 0.05300597418412307
10897 0.03349482114437256
10898 0.047540141766572196
10925 0.031818983115938504
10952 0.06104542178643283
10980 0.03322380003061859
11036 0.02270818584150693
11049 0.0415601131581097
11067 0.0176823165224723
11080 0.019556519141842386
11095 0.04479545636952789
11318 0.056258034821071244
11319 0.01783922716848281
11332 0.12149421054025072
11497 0.030417582827283594
11637 0.04465269063031461
11828 0.027817291158225056
11893 0.023211629363834644
11929 0.01905192093177427
11930 0.024405678324070732
11953 0.037771604900424506
12006 0.015058227275620286
12051 0.024119675161264457
12064 0.02667136986518515
12109 0.09212203411437705
12175 0.035239228839348755
12186 0.042722706647507186
12204 0.011354092920753464
12205 0.03405286044297175
12265 0.009090892089189291
12270 0.2591584221430165
12271 0.18257859339017077
