253
22 0.06088885252651504
36 0.035122683730247094
55 0.05481738850095036
69 0.0356394168036883
76 0.021934941629967314
79 0.04709040255612613
84 0.023036545140564687
104 0.045420448981900216
117 0.03080808452876208
119 0.060819606599565736
178 0.10317297028515039
181 0.0759292365253915
210 0.036145474919645294
262 0.05026237114903289
293 0.10418158378145156
326 0.027602491730808858
344 0.009015730314900973
374 0.08597335772526932
435 0.013621421046975796
455 0.03097894386628463
464 0.027729386086176804
496 0.01866515647763272
576 0.045260310340609795
642 0.02407888314417846
674 0.06916047267257826
717 0.044570599891287546
769 0.011482276943280195
887 0.01911727788396003
938 0.02450243402651705
952 0.011172676737716476
979 0.0286803668017984
1029 0.02407888314417846
1073 0.2747706439507726
1159 0.04100654636050588
1205 0.04692389693790275
1208 0.03206478370726663
1353 0.03225681250263564
1373 0.029380567399775678
1542 0.1348221619060368
1562 0.24355541010606016
1572 0.2460392781630353
1622 0.058229192194045765
1664 0.02295404022810229
1698 0.04386988325993463
1814 0.018609943413411996
1876 0.08289887641948787
1929 0.019175141187539733
1958 0.03029984793266938
1971 0.01564129897930092
2042 0.014414749630529073
2080 0.030785659734247767
2152 0.043427507444072214
2167 0.02247176777771727
2202 0.030150347169743134
2227 0.046073090281129374
2289 0.04017156957339293
2370 0.1018953988870209
2373 0.010605084757752225
2398 0.04654866912561583
2645 0.0657083498991334
2781 0.01958906280940649
2820 0.04896963020918217
2841 0.05108128672861732
2938 0.051502633703697016
3080 0.035377974184179255
3133 0.0330608353637469
3152 0.024544591707828387
3285 0.04657578505864767
3310 0.0759292365253915
3339 0.08116205472637027
3340 0.07734545813674737
3400 0.024170439330591386
3408 0.20522713357785985
3609 0.023036545140564687
3616 0.034157661882836504
3643 0.029681957438724045
3660 0.06401001420805866
3670 0.04834087866118277
3680 0.03452994301918455
3686 0.036463814025161245
3713 0.05094769944351045
3730 0.043427507444072214
3765 0.019528955488328607
3791 0.028943622025723006
3794 0.0759292365253915
3887 0.018500353151266084
3891 0.03532267729560856
3898 0.06840904452595328
3903 0.023119682280742324
3918 0.009842522006413243
4081 0.015270697128555707
4099 0.03392924621030569
4105 0.01507014902084936
4178 0.027987715997673062
4205 0.029530215892411064
4207 0.05209079189072578
4272 0.048101219362623376
4451 0.012312686547120434
4552 0.20777748432572135
4624 0.040624761504645855
4664 0.10418158378145156
4676 0.020533079144535955
4712 0.02747706439507726
4717 0.042393454544873393
4860 0.12177770505303008
4861 0.01078902073927622
4872 0.01802045136487042
4874 0.0356394168036883
4926 0.022238439565503646
4991 0.039028477126177595
5005 0.01430309159142365
5013 0.02363234506949721
5146 0.02363234506949721
5219 0.034157661882836504
5224 0.01430309159142365
5337 0.04726469013899442
5389 0.017461345082442816
5401 0.07196427938190335
5425 0.029668568867415923
5438 0.044570599891287546
5439 0.05846789144294869
5461 0.2110524301882019
5472 0.029380567399775678
5473 0.020799334070047217
5595 0.17159266473446996
5609 0.025645468756628702
5628 0.038672729068373685
5766 0.03618199704529051
5786 0.06401001420805866
5802 0.020231889818996845
5807 0.024449837012045558
5845 0.04228322609282807
5942 0.2710925480884473
6010 0.0208669314457575
6057 0.01401083570580594
6079 0.0160684936803402
6082 0.03618199704529051
6136 0.039396286712410127
6230 0.0259661623616294
6232 0.0337055404765092
6243 0.05846789144294869
6251 0.016650247331153147
6360 0.014192571005427358
6409 0.018555009910207667
6410 0.014990956379426002
6505 0.045190731168619616
6558 0.03799442422697877
6705 0.04654866912561583
6719 0.03462944680828297
6732 0.04574431600031666
6734 0.06840904452595328
6775 0.14585525610064498
6804 0.036463814025161245
7006 0.08796801204919896
7054 0.05481738850095036
7101 0.06338126266005925
7256 0.09398685914604434
7282 0.01655869114474022
7305 0.0759292365253915
7425 0.021934941629967314
7483 0.011948987339305743
7484 0.01718392214124146
7536 0.045101344886711636
7537 0.03851276091277529
7542 0.03731004118860236
7554 0.10233761999117415
7589 0.07196427938190335
7605 0.027857782184741015
7772 0.09982729308862326
7773 0.0328541749495667
7833 0.032935802255725746
7861 0.02231565941963106
7952 0.008880111752714354
8019 0.06088885252651504
8156 0.019059721548951768
8201 0.026637469883398265
8208 0.020082299731370618
8312 0.023287892529323836
8320 0.0370504078918493
8324 0.014862767557681582
8376 0.03097894386628463
8378 0.03832827652820031
8556 0.017711918430342352
8562 0.04729719650151211
8708 0.020337590185302772
8774 0.027857782184741015
8867 0.029087324043173022
8882 0.04017156957339293
8986 0.019894698336064727
9010 0.07879257342482025
9211 0.03799442422697877
9273 0.01581016376884394
9338 0.06620853932091499
9341 0.016200002486917196
9434 0.027109254808844727
9664 0.016650247331153147
9744 0.06840904452595328
9865 0.02287215800015833
10144 0.030311081127432186
10167 0.02295404022810229
10174 0.03245230146186882
10250 0.04191118209448837
10318 0.020293203398296437
10380 0.06401001420805866
10464 0.03799442422697877
10476 0.055204983461617715
10565 0.1497409396329349
10576 0.026637469883398265
10578 0.046406922825828464
10619 0.045449771899004066
10653 0.08864706175714322
10657 0.0741008157836986
10749 0.012593692452068043
10788 0.036753147003742076
10794 0.030311081127432186
10867 0.04991364654431163
10881 0.023458751866846386
10897 0.15324386018585198
10898 0.0543758302715714
10934 0.028943622025723006
10951 0.018199533354175134
11011 0.03492269016488563
11021 0.025751316851848508
11138 0.04896963020918217
11153 0.034157661882836504
11163 0.06412956741453325
11319 0.040808577873089016
11332 0.05146799475625991
11497 0.023194171769043575
11634 0.013761414520993998
11637 0.017024399708390144
11709 0.06401001420805866
11750 0.03225681250263564
11801 0.06088885252651504
11893 0.01769945105635586
11953 0.028801798519870473
11957 0.017813790950690217
12011 0.048101219362623376
12021 0.016112153070058973
12030 0.02389805656323175
12051 0.01839185881009932
12064 0.020337590185302772
12078 0.023203461412914232
12186 0.016288569049804972
12204 0.00865778135563823
12205 0.0259661623616294
12265 0.020796101437228442
12270 0.14821111015076588
12271 0.0696103842387427
12275 0.020533079144535955
12283 0.0759292365253915
12291 0.027602491730808858
12323 0.06088885252651504
