271
15 0.049929016612173395
79 0.03273953318960964
90 0.04512482982169161
104 0.06315700084141412
132 0.03399742651944161
159 0.0387361642678331
210 0.025130088331172695
215 0.04686745498890819
280 0.04749612847584826
428 0.06688460417837011
429 0.04782057066929672
448 0.06688460417837011
449 0.06472578763597756
455 0.043076130414490786
493 0.02618653849378449
496 0.07786153570384574
526 0.12750432152405702
563 0.07420896563917498
674 0.019233486804655905
677 0.034396198121175406
769 0.031932144697956626
785 0.05031096057073486
846 0.04170373193880795
855 0.07243209305534389
931 0.03966197499861404
938 0.01703528125675399
942 0.03399742651944161
952 0.04660672251870504
956 0.029397350816441917
958 0.029888794289679787
1012 0.057019482216611225
1111 0.06472578763597756
1332 0.061159631130272826
1335 0.043076130414490786
1353 0.04485300299832188
1374 0.03386681115338659
1413 0.028100824992924826
1530 0.05070282625312636
1538 0.05642779930122363
1542 0.04686745498890819
1551 0.05070282625312636
1684 0.038916836852904806
1752 0.06940477884869319
1895 0.02434899253671427
1958 0.12639554854296337
2042 0.020043667003531482
2049 0.038381183641811034
2105 0.03426209963341951
2139 0.10853796551766218
2154 0.07073964999024891
2163 0.05070282625312636
2167 0.031246927061661472
2183 0.04782057066929672
2230 0.06576661275261482
2266 0.023540621642295142
2278 0.054143673320741076
2356 0.015535574172901679
2358 0.048837988518957494
2373 0.014746339192629531
2398 0.06472578763597756
2460 0.13620493371168652
2481 0.07084262636646634
2627 0.044065729741535706
2630 0.11311205851734149
2645 0.04568363372543091
2650 0.036410650111761714
2656 0.0496827052344189
2677 0.027749972422897812
2694 0.04540164457056217
2756 0.038916836852904806
2780 0.05964977402212604
2820 0.0680921269086862
2828 0.023738689877487427
2833 0.05377431612981986
2901 0.0387361642678331
2933 0.04170373193880795
2951 0.057019482216611225
3093 0.10557938027061439
3285 0.032381746130589105
3340 0.05377431612981986
3341 0.07420896563917498
3342 0.03426209963341951
3442 0.04147112323352455
3448 0.06197528817819742
3470 0.09512257539346793
3543 0.07243209305534389
3653 0.05964977402212604
3725 0.03466802494454514
3738 0.06375216076202851
3830 0.039284805840073385
3882 0.0433175112526734
3891 0.02455803949195592
3903 0.06429570054844412
3918 0.013685997927682126
4048 0.033064737338660825
4059 0.07903105663613975
4105 0.02095499792988176
4169 0.024488034816269228
4187 0.049929016612173395
4205 0.04106167842390448
4272 0.06688460417837011
4302 0.06375216076202851
4320 0.023540621642295142
4382 0.03399742651944161
4410 0.01649120635036961
4411 0.061159631130272826
4426 0.08466577051632146
4504 0.06283757889707288
4528 0.08466577051632146
4554 0.04356281715411213
4596 0.03703932359870179
4624 0.016946583448923618
4756 0.07420896563917498
4822 0.05642779930122363
4861 0.03750525408610764
4872 0.05011476933956846
4877 0.06940477884869319
4883 0.044065729741535706
4904 0.05426898275883109
4926 0.030922484868213015
4941 0.01855860198073399
4972 0.04787878648805788
4987 0.07854893178583267
5005 0.03977681365652473
5146 0.03286070637552693
5410 0.0812994312436128
5471 0.2849767708550896
5472 0.08170718526927366
5500 0.05283113524105794
5515 0.04512482982169161
5636 0.06940477884869319
5718 0.06576661275261482
5810 0.06283757889707288
5849 0.06688460417837011
5868 0.06940477884869319
6013 0.02618653849378449
6057 0.0389640517562088
6068 0.026031011543733273
6150 0.03169066436148361
6209 0.028828000962926918
6221 0.06375216076202851
6289 0.042604655151368534
6360 0.03946945655639818
6361 0.04919296914497957
6410 0.020844880794690036
6638 0.02801234391500233
6732 0.03180366848941973
6733 0.057019482216611225
6817 0.05602468783000466
6868 0.04512482982169161
6896 0.06576661275261482
6899 0.055858449447708645
6923 0.03466802494454514
7041 0.07854893178583267
7102 0.032982860731522914
7121 0.07894442347005384
7176 0.036006454197223745
7193 0.023540621642295142
7208 0.03399742651944161
7230 0.038916836852904806
7262 0.030309189643878486
7312 0.025800686756276225
7379 0.03985415569358839
7394 0.08297332745122647
7461 0.09564114133859344
7484 0.047788386484935955
7537 0.017850626959842155
7542 0.017293167545751345
7585 0.0762234176297613
7739 0.04004881620784009
7773 0.27410180235258547
7911 0.10318859436352622
7913 0.10557938027061439
8098 0.022222504757276457
8169 0.11111797079610537
8213 0.0762234176297613
8224 0.02315211998724277
8324 0.07233322115157974
8352 0.06747463392619922
8361 0.049929016612173395
8380 0.03625749163342269
8439 0.058947973971546726
8469 0.08466577051632146
8571 0.08615226082898157
8625 0.03752864153751701
8638 0.08466577051632146
8645 0.07854893178583267
8708 0.02827935939068663
8719 0.04064833803249202
8720 0.08466577051632146
8754 0.030710002756448914
8891 0.07854893178583267
8931 0.055858449447708645
8932 0.05530980787546835
8942 0.015154594821939243
8970 0.07084262636646634
8986 0.02766351957575813
8996 0.08917197504527517
9002 0.09512257539346793
9010 0.05478042090767953
9099 0.025573825630994824
9160 0.04044583860897598
9161 0.06375216076202851
9183 0.055858449447708645
9211 0.05283113524105794
9338 0.049100148998423084
9388 0.04597099442407717
9393 0.05763532203153973
9473 0.07894442347005384
9513 0.06375216076202851
9515 0.07243209305534389
9551 0.06940477884869319
9568 0.05673885042732879
9575 0.03674239217156089
9618 0.06523865107468863
9720 0.05031096057073486
9731 0.05283113524105794
9849 0.05860190889334119
9922 0.039099699462011694
10012 0.057019482216611225
10081 0.07313075894738083
10095 0.07854893178583267
10156 0.0762234176297613
10167 0.031917525486765005
10192 0.04064833803249202
10200 0.16933154103264292
10218 0.026906960915003785
10266 0.043076130414490786
10298 0.03226434491132225
10318 0.018811759795856548
10334 0.030191533155345552
10364 0.031467164265633465
10420 0.027577559340107315
10429 0.04782057066929672
10528 0.0762234176297613
10591 0.05329535588488204
10760 0.029300954446670593
10794 0.042147469238630074
10816 0.06696323251243955
10897 0.035514189546930704
10898 0.025203144069776
10914 0.03453149930200325
10951 0.033741863532907056
10960 0.047477379754974854
10988 0.03573504042325699
11011 0.02427994902700158
11036 0.012038619534138019
11099 0.052380774019926406
11159 0.047178517154393265
11217 0.018371196085780445
11237 0.11675051055871442
11266 0.05642779930122363
11319 0.018914735872196053
11332 0.028626438187982994
11497 0.016125713844408855
11629 0.019184266596100792
11637 0.02367237776834464
11812 0.1056804865448533
11893 0.018458276013040224
11977 0.01933241162168695
12002 0.07084262636646634
12029 0.03273953318960964
12064 0.05655871878137326
12086 0.06197528817819742
12089 0.032032248325103416
12177 0.037023063600915423
12204 0.012038619534138019
12205 0.036105872462318285
12259 0.06576661275261482
12265 0.009638972646384891
12304 0.03226434491132225
