184
29 0.1010803505696451
211 0.07114345900644882
344 0.011354438994383582
390 0.049039090867018666
457 0.041902242448251206
479 0.033547312995364106
638 0.04273059893812582
642 0.030325020842914205
678 0.03797144165154571
887 0.04815271927851289
1347 0.02954402557009215
1376 0.11226470618187798
1524 0.04436496991366922
1536 0.020969373634714027
1556 0.08061441236255648
1601 0.09562551827806631
1804 0.09562551827806631
1814 0.023437421018159415
1895 0.044106813752914656
1902 0.0416369195982485
2042 0.0726159233173351
2080 0.019385778142489103
2086 0.029436011589103223
2105 0.0310319214447253
2156 0.06721265820974331
2278 0.024519545433509333
2373 0.013356076957309412
2381 0.039233602749283863
2450 0.08641580225180658
2454 0.04592264158200804
2460 0.04112124717542916
2578 0.026625813682738673
2630 0.02276622826139775
2640 0.06903719075721948
2771 0.059566237401111805
2806 0.03575083217072151
2828 0.02150064261561906
3246 0.050592200531536825
3373 0.06167250565034115
3389 0.047442395007653376
3420 0.043018266351471775
3596 0.043612433764132506
3597 0.031524360232564996
3648 0.05110787295435616
3680 0.06523067757076846
3759 0.08948177696748068
3878 0.0336934501898817
3891 0.022242745205477605
4033 0.03177739889812135
4081 0.019231963789036518
4117 0.09562551827806631
4131 0.05469273888293684
4169 0.022179340463213824
4356 0.01843964344516467
4384 0.06286140277930843
4416 0.0478502968637986
4446 0.08610875143543255
4513 0.08615456492195865
4624 0.005116295186908
4708 0.03283919094828877
4717 0.05339044942320077
4795 0.08846723577678348
4827 0.01711113645751404
4835 0.38250207311226525
4861 0.020381589762747357
4907 0.030440326990821692
4972 0.021682423976681155
4988 0.034448542710985436
4993 0.05862353967964234
5018 0.08028970702449582
5035 0.036273075258461594
5051 0.03021067961131935
5069 0.1840803754263439
5297 0.07757827254265338
5312 0.052731089819786824
5522 0.06057882631046383
5622 0.057202655697245364
5654 0.06167250565034115
5802 0.025480105401024654
5806 0.08061441236255648
5842 0.06104070891153967
6063 0.039911280346929354
6066 0.02262947943935782
6075 0.06057882631046383
6079 0.020236711264922626
6113 0.08615456492195865
6180 0.05290350297768766
6251 0.020969373634714027
6281 0.057816780303166546
6294 0.04217281955613037
6311 0.05469273888293684
6410 0.018879657413480154
6587 0.049152586323534676
6657 0.09157408182597275
6764 0.11078718987623139
6804 0.04592264158200804
6867 0.02680212190235393
6923 0.03139957674028663
6961 0.055393594938115694
7188 0.09495088145796447
7193 0.12792748769859233
7198 0.09562551827806631
7254 0.03558109461602699
7282 0.02085406748680654
7312 0.04673647518436221
7374 0.19086935250625922
7399 0.10938547776587368
7483 0.03009718415480334
7484 0.021641485361921738
7501 0.05774170485363565
7527 0.07668361156585099
7537 0.032335394472824484
7724 0.4781275913903315
7790 0.05774170485363565
7889 0.051643772912238026
7952 0.01118364055243053
7986 0.031153377332788813
8015 0.07114345900644882
8036 0.039233602749283863
8051 0.09409263614861067
8098 0.02012740110241783
8208 0.02529171117617642
8272 0.05278307398878719
8327 0.030097287280550552
8412 0.032297983669524744
8633 0.02954402557009215
8766 0.04488439313940733
8837 0.02680212190235393
8867 0.21979600198036925
8880 0.03879979814142033
9017 0.033547312995364106
9151 0.033990498789617005
9202 0.04014485351224791
9208 0.09562551827806631
9338 0.05002994506506596
9341 0.02040233386778983
9580 0.03384116727657187
9618 0.02954402557009215
9776 0.09487084727939572
9821 0.024003873010689986
9862 0.08061441236255648
9875 0.055393594938115694
9904 0.06903719075721948
9923 0.025532134342861362
10169 0.06721265820974331
10325 0.060194574561101104
10328 0.05613235309093899
10392 0.014788323304556407
10420 0.024977589354877774
10619 0.038159723380587034
10646 0.06513181577964722
10848 0.03165029381932149
10854 0.07668361156585099
10867 0.06286140277930843
10951 0.015280366202812751
10959 0.025694799328752616
10960 0.02150064261561906
10997 0.03757536471819767
11011 0.06597261804874242
11036 0.010903636954050309
11071 0.03256590788982361
11080 0.03756128935986096
11095 0.043018266351471775
11136 0.04331212063267953
11159 0.04273059893812582
11217 0.04991756371143498
11310 0.03879979814142033
11624 0.03384116727657187
11629 0.017375603373827778
11637 0.06432174693117163
11754 0.04488439313940733
11818 0.07891156317336412
11828 0.026713683422477385
11893 0.025077087103690478
11908 0.03283919094828877
11926 0.05862353967964234
11960 0.03283919094828877
12089 0.058024594193460705
12175 0.03384116727657187
12177 0.016766292982611515
12204 0.021807273908100618
12232 0.07891156317336412
12265 0.01746045018669621
12271 0.029222511972881914
