59
150 0.11490940345969182
188 0.23106798224328265
374 0.04631147847829142
450 0.07767291900166054
846 0.11309089531271041
1205 0.11795751385144654
1468 0.10222105925628236
1536 0.06278320562741041
1632 0.07644430723008541
1971 0.11795751385144654
2042 0.05435379860261013
2247 0.1921088514055058
2630 0.03408153279146313
2781 0.1477292359627728
3067 0.16375241013060984
3239 0.055643528093293544
3285 0.17562364284666912
3400 0.09113964690230637
4302 0.17288114524802248
4596 0.1004420964939216
5235 0.2667999560259641
5380 0.0955270290756136
5472 0.11078551374181629
5609 0.09670155081397447
5766 0.13643171271423415
6106 0.22046529268040177
6258 0.06546970876761121
6452 0.047249277645505836
6577 0.22959402779781443
6732 0.1724884165750237
6932 0.06814699923809868
7193 0.06383673244522159
7310 0.20670031536248978
7379 0.10807527143933819
7537 0.024203390091609375
7766 0.1471649553308941
7984 0.11429420845010929
7988 0.11880851405599813
8225 0.10087963753320292
8414 0.12967835011242615
8473 0.07742422706738324
8823 0.08977586404327553
8837 0.08024670454918695
8890 0.04919194278370099
9338 0.016643533899935992
9617 0.2579504690727104
9857 0.22959402779781443
10141 0.0891106510580227
10318 0.025506575296938255
10420 0.07478397570961565
10788 0.13858535191083987
11332 0.07762829305164332
11637 0.0641940246482248
11812 0.1910540581512272
11893 0.008342430693839697
11953 0.21720629164816585
12007 0.11553399112164132
12029 0.08878205734599265
12270 0.06209563150620617
