164
104 0.0987155927129091
111 0.03488826838603992
116 0.04235608328676817
119 0.029374158060317162
129 0.050528412630140136
236 0.02882573792363531
337 0.03502092556888558
338 0.05242465840714008
344 0.01306303191219516
374 0.017795447929612802
435 0.01973628886525163
524 0.043006649899191174
642 0.03488826838603992
645 0.0794257670005494
674 0.04008307391764809
742 0.06457903557333353
797 0.05412575246209235
978 0.06547755342852607
979 0.020777714821734343
1122 0.21760849158636333
1178 0.03515471176260382
1184 0.05539864267229151
1205 0.022662921424911515
1536 0.024124802388256095
1645 0.06142453581076963
1652 0.08822280568177658
1664 0.03325846598560387
1729 0.04036357399475417
1742 0.031890666031445074
1759 0.027286704921325348
1814 0.02696423652909778
1914 0.30983103272453083
1933 0.09347479491732189
1994 0.1082515049241847
2042 0.06265726497564593
2080 0.022302910662810645
2130 0.051638505454088476
2161 0.049491567697404724
2162 0.22413407513616015
2181 0.03515471176260382
2266 0.024529626035542536
2428 0.09703779957098393
2578 0.061264824091762225
2608 0.0794257670005494
2644 0.0892520934252174
2656 0.025885004193023677
2735 0.06744509086004222
2828 0.024736015646344377
2841 0.0740124710195758
2895 0.054736732629444736
3022 0.0709528590372403
3055 0.04391819699912266
3067 0.06292279114331953
3133 0.047902358690417375
3332 0.02795219192894061
3347 0.045652844498783256
3561 0.08977174742295374
3609 0.033378008636810716
3623 0.1465094458741898
3661 0.02778316037688963
3670 0.1751046278444279
3680 0.2501548581374368
3690 0.13705928763983982
3723 0.05017514421550596
3753 0.05654896767941275
3759 0.07721010976396472
3820 0.18054958241364225
3891 0.0255897883266362
3966 0.04278678921207455
4001 0.050528412630140136
4048 0.017226937635826032
4079 0.05125969717538365
4156 0.043229629281462865
4169 0.10206737027015314
4350 0.04488587371147687
4782 0.04730908892879726
4872 0.07833033698747524
4874 0.051638505454088476
4931 0.0327891838866376
4941 0.019338298420801585
4972 0.049890302194803955
5005 0.020723971921942926
5040 0.12458560567953181
5219 0.049491567697404724
5261 0.05412575246209235
5310 0.03876357213950378
5312 0.030332978556731425
5337 0.03424127242278108
5389 0.025300014538457045
5401 0.06951344263630754
5789 0.07732668250114709
5802 0.029314299908989132
5845 0.030632412045881113
6232 0.04883648195806326
6303 0.09520585040253539
6630 0.0389335173933701
6778 0.04265099574447795
6867 0.1541762538414174
7047 0.33886015001831393
7150 0.03003914228426099
7188 0.036412965748167776
7193 0.17170738224879775
7201 0.044154589166233355
7399 0.18876837342995856
7483 0.01731307364793124
7484 0.06224513030761052
7584 0.0794257670005494
7660 0.05765147584727062
7932 0.0794257670005494
8092 0.025444233741553902
8208 0.02909755650383428
8327 0.034626265939762674
8332 0.1082515049241847
8483 0.03398975053084738
8708 0.05893490162824936
8716 0.046185769530339024
8776 0.10049540199776946
8873 0.03093766013945353
8890 0.018902282654918588
9338 0.11511669916472302
9341 0.046944871257845446
9434 0.039279021034876474
9664 0.024124802388256095
9671 0.06422105343712338
9776 0.08186011476397605
9898 0.03667825146480722
9929 0.059415022966121445
10004 0.02611011232915841
10140 0.07752714427900756
10218 0.028037394212740617
10220 0.057633520639290434
10298 0.03361985622055698
10328 0.06457903557333353
10392 0.01701364015878155
10462 0.058205212109426745
10760 0.030531965807136675
10816 0.03488826838603992
10898 0.07878598641262116
10914 0.03598225982286139
10951 0.017579724672976485
10988 0.018618182460665614
11011 0.05060002907691409
11067 0.019536034145958163
11084 0.041130544782060546
11112 0.051638505454088476
11144 0.06215582035601313
11187 0.04702064445294206
11194 0.043006649899191174
11244 0.04391819699912266
11322 0.06072576375462906
11629 0.01999024887783815
11634 0.019939127587654
11637 0.07400075276512166
11739 0.060056735856610824
11780 0.04539300746099178
11893 0.028850636236844786
11929 0.04209844082320467
11953 0.041731373948912964
11977 0.020144617871651182
12051 0.026648250354586397
12083 0.08513992236598662
12138 0.032221621052868465
12204 0.025088788192918064
12275 0.029750697808405797
