123
236 0.053926596807426445
338 0.09807497120033377
674 0.03749329456344895
738 0.13809890452953658
769 0.062247751505636655
887 0.0518193198554307
958 0.05826449357991714
1122 0.06784958069265472
1178 0.06576671071267914
1184 0.1036386397108614
1374 0.06601914355909938
1536 0.04513218342915731
1595 0.07516331225168531
2042 0.03907264027202647
2147 0.14858808903716905
2253 0.09322026528555105
2450 0.061997303088249175
2644 0.05565699270921404
2662 0.09258780551102748
2741 0.20581389347220627
2828 0.046275628603730086
2841 0.06923050320459324
3055 0.08216125839883207
3080 0.09589558572171603
3141 0.11235290450115648
3152 0.06653060420783338
3332 0.052292384952262856
3609 0.06244289109824425
3623 0.09136228460213182
3630 0.1088891120092424
3670 0.06551642625695571
3680 0.09359691127376521
3690 0.12820384620937064
3723 0.09386662638202571
3725 0.06758101036907027
3793 0.14858808903716905
3820 0.1688842200737979
3876 0.07807019487670273
3891 0.09574569789912706
3985 0.09883886469548803
4001 0.09452751365614319
4014 0.09386662638202571
4169 0.0477363835258472
4350 0.16794313612371956
4429 0.07923888823933577
4624 0.02202350693689622
4700 0.10042888684130023
4861 0.014622367264026503
4872 0.04884626037679484
4931 0.12268265976632285
4988 0.07414327082834478
5040 0.07769072837253539
5235 0.09589558572171603
5425 0.04020983188938809
5627 0.06576671071267914
5752 0.06244289109824425
5802 0.05484058850711539
6079 0.043555281179186146
6162 0.03371088307144475
6281 0.06221925316848855
6410 0.04063450708199737
6452 0.03396550151082352
6657 0.0492735063326419
6778 0.03989530219557446
6867 0.11537190409780868
6909 0.20581389347220627
6932 0.04898798713804019
6982 0.06069966996902273
7150 0.056196608693789354
7193 0.0917790383413595
7552 0.04063450708199737
7584 0.14858808903716905
7698 0.11115240124246367
8051 0.10125734292229774
8208 0.05443510940883805
8332 0.10125734292229774
8473 0.05565699270921404
8483 0.06358732523406138
8650 0.1177146617017382
8776 0.06266824274531872
8873 0.05787753739124734
8890 0.03536200107599025
8942 0.02954200106405779
8986 0.053926596807426445
9330 0.08796525319686867
9341 0.08782349826412035
9445 0.03607305114725387
9534 0.0703839155868669
9554 0.1650454078166095
9671 0.06007171203087075
9776 0.15314221669472092
9780 0.1303832316879884
9825 0.1177146617017382
10004 0.04884626037679484
10140 0.07251809237704272
10153 0.1177146617017382
10269 0.09520359506443482
10420 0.05375902800054639
10628 0.06894908243464311
10646 0.0700912938089581
10647 0.07283602245775267
10773 0.18542965064440792
10862 0.07769072837253539
10898 0.04913040023010319
10925 0.06576671071267914
10951 0.03288778684301631
10959 0.055302672205757866
11094 0.09660425244751321
11141 0.12081312966909863
11187 0.08796525319686867
11332 0.055803687089362994
11629 0.03739734587787913
11637 0.046146361380034986
11736 0.04063450708199737
11759 0.15312139015675327
11768 0.06923050320459324
11826 0.09962313106713416
11937 0.15312139015675327
12083 0.07963900660252593
12177 0.07217186583632883
12205 0.0703839155868669
12270 0.044637915558486764
12274 0.16432251679766413
