287
29 0.0493953541638842
103 0.022144767165769352
106 0.025026088259434823
116 0.05397319234190868
119 0.11229204590074092
188 0.02828540302567111
193 0.028440687431562233
236 0.03673184526567992
237 0.037084650712558655
344 0.024968793591887275
347 0.051674091056847525
374 0.02267625000670118
425 0.04297171243219926
456 0.014285869367337105
493 0.03477069782690882
511 0.11818253776093518
525 0.032193483462030104
547 0.017755361993132126
576 0.020891177740229836
594 0.07233509268249942
674 0.05107675899976338
769 0.010599940065783367
784 0.0822912894154063
785 0.033401650389984966
887 0.017648241789664804
922 0.04171812300665975
956 0.019517020212365024
979 0.01323823535460285
1106 0.02942662811198586
1122 0.04621541960535215
1178 0.044796682612061
1184 0.05294472536899441
1205 0.0433181064741566
1352 0.03392891125976431
1353 0.08933427078884008
1362 0.024915417038893994
1374 0.02248431302317589
1386 0.05620994778680211
1487 0.031115493094331165
1520 0.05060503552937661
1536 0.015370786183134305
1541 0.05060503552937661
1572 0.037855465067885403
1575 0.019326240281250226
1622 0.01791822157413609
1698 0.02024938675252751
1802 0.05909126888046759
1873 0.07009457796442205
1918 0.22073010377099317
1966 0.05620994778680211
2028 0.043662720440566634
2042 0.039921214991152615
2105 0.022746746645262765
2139 0.036029397343389294
2181 0.044796682612061
2266 0.015628714004642413
2322 0.07009457796442205
2346 0.07009457796442205
2356 0.010314130583958404
2392 0.027833492829039807
2413 0.04440495947393943
2629 0.03826432361403768
2644 0.03791049621485451
2656 0.016492274564461742
2678 0.032193483462030104
2828 0.047280636923398456
2841 0.023578014207509525
2896 0.05397502151615372
2937 0.03314807624972382
3067 0.04009039133853379
3080 0.03265941135661218
3171 0.04114564470770315
3210 0.07009457796442205
3246 0.037084650712558655
3285 0.02149837234275226
3367 0.13823434091895012
3373 0.04520663870284764
3400 0.04462620254388855
3458 0.1401891559288441
3477 0.05620994778680211
3576 0.05620994778680211
3582 0.03826432361403768
3609 0.042532678669731
3680 0.06375309153163652
3909 0.16862984336040635
3918 0.00908618942736716
3933 0.03152042461559897
3937 0.04171812300665975
3939 0.03265941135661218
4001 0.032193483462030104
4028 0.06315226287561208
4048 0.01097590648532612
4059 0.03497935895433165
4120 0.03420332961889318
4122 0.05214895379165762
4156 0.027543163992298312
4169 0.08128852723064371
4170 0.026205761160913842
4230 0.030520329296319492
4273 0.04926763269799214
4294 0.06315226287561208
4350 0.1143936694458707
4467 0.05909126888046759
4547 0.023578014207509525
4570 0.052411522321827685
4607 0.05620994778680211
4623 0.0353830025203722
4708 0.07221448641522334
4793 0.05060503552937661
4827 0.037627965110528114
4931 0.04178235548045967
4965 0.02942662811198586
4988 0.025251168373220133
5012 0.043662720440566634
5029 0.05397502151615372
5040 0.026459335301175
5062 0.04926763269799214
5066 0.03392891125976431
5094 0.05620994778680211
5110 0.03570098616589656
5146 0.021816355988276623
5224 0.0264079876096751
5297 0.018955248107427256
5312 0.09663120140625113
5313 0.028598417361467676
5425 0.0410831039939629
5525 0.029778090262946696
5644 0.05909126888046759
5659 0.03746264438512946
5762 0.07827159710168015
5776 0.05214895379165762
5802 0.03735440637049021
5812 0.07009457796442205
5934 0.07009457796442205
5954 0.06315226287561208
5955 0.06315226287561208
5965 0.07009457796442205
5978 0.03960172644542214
5981 0.07009457796442205
6013 0.03477069782690882
6066 0.01658766236689962
6075 0.04440495947393943
6198 0.07282771036582698
6222 0.030913149979075433
6249 0.035074804555695574
6356 0.07009457796442205
6404 0.04060412669167163
6437 0.050502336746440266
6439 0.07009457796442205
6452 0.01156772000949792
6507 0.05119713311678285
6601 0.07009457796442205
6613 0.10429790758331524
6625 0.05909126888046759
6630 0.049611910728201536
6666 0.032422887461702236
6695 0.0834362460133195
6772 0.02074496136895627
6778 0.013587247794520307
6825 0.033401650389984966
6867 0.09823128057897314
6938 0.07009457796442205
6982 0.08269058375561844
6989 0.06315226287561208
7121 0.07861728348274152
7150 0.03827805307958843
7188 0.023200020534938713
7193 0.06251485601856965
7202 0.14109811928203128
7303 0.05909126888046759
7309 0.07009457796442205
7374 0.055963750894879996
7483 0.03309236058382215
7484 0.07138553229591015
7537 0.01777665525138608
7547 0.030913149979075433
7554 0.018894730439613795
7621 0.07009457796442205
7731 0.04808795979651312
7740 0.04060412669167163
7777 0.05060503552937661
7825 0.07009457796442205
7878 0.02995855719138172
7944 0.03242373828197594
7951 0.06520772585885123
7952 0.008197734022720799
8098 0.014753610868723751
8100 0.043471817239234156
8166 0.01644491918758475
8208 0.018539108104356005
8213 0.05060503552937661
8252 0.012012933018617283
8455 0.024173178005521195
8650 0.04009039133853379
8705 0.1218123800750149
8753 0.02134308793686114
8776 0.02134308793686114
8780 0.09215622727930009
8823 0.043958431138561176
8837 0.019646256115794628
8868 0.023578014207509525
8873 0.03942300967750163
8996 0.029600817607717166
9027 0.01541331551901642
9056 0.05909126888046759
9075 0.04060412669167163
9077 0.031115493094331165
9105 0.07009457796442205
9160 0.02685215598393094
9164 0.07009457796442205
9170 0.07009457796442205
9194 0.04440495947393943
9196 0.07009457796442205
9237 0.05060503552937661
9273 0.014595257474436957
9297 0.05909126888046759
9338 0.04074723460695256
9341 0.19441681572187408
9385 0.02712286553222279
9386 0.0940654128546875
9412 0.07009457796442205
9433 0.017542255154593338
9435 0.07009457796442205
9505 0.05397502151615372
9506 0.04926763269799214
9537 0.04171812300665975
9540 0.2885277587790787
9575 0.012196711450984245
9584 0.021114584256626188
9618 0.021656102272657705
9625 0.041059125766660556
9671 0.040917561311018154
9675 0.02974808179893331
9736 0.05909126888046759
9776 0.052156046740363234
9849 0.019453022272245424
9867 0.07009457796442205
10005 0.037855465067885403
10120 0.07009457796442205
10144 0.027981875447439998
10173 0.11880517933626643
10218 0.035727280550581594
10266 0.028598417361467676
10269 0.03242373828197594
10318 0.0062446017407892
10325 0.022061649314878036
10578 0.02142042919802148
10685 0.07009457796442205
10723 0.025958448754867854
10750 0.02149837234275226
10800 0.05909126888046759
10816 0.022228580571614306
10822 0.2148585621609963
10874 0.04114564470770315
10898 0.033464938748824405
10909 0.07251953401656358
10951 0.011200679896065466
11011 0.03223911289653665
11029 0.05620994778680211
11043 0.11241989557360423
11049 0.029255416360754245
11202 0.033401650389984966
11204 0.06955161583569955
11239 0.07009457796442205
11244 0.027981875447439998
11319 0.018836354573286532
11332 0.057015624592648674
11497 0.021411853401709664
11656 0.13360660155993986
11741 0.05909126888046759
11750 0.029778090262946696
11893 0.018381786250808906
11908 0.024071495471741113
11935 0.09617591959302624
11965 0.022658502518907195
12021 0.02974808179893331
12024 0.019326240281250226
12064 0.01877478117899223
12078 0.02142042919802148
12079 0.05397502151615372
12080 0.05397502151615372
12100 0.05620994778680211
12157 0.02338723427639472
12167 0.07009457796442205
12256 0.039135798550840074
12270 0.07601226038479689
12271 0.02142042919802148
