314
25 0.030161089363682964
55 0.301956313227676
59 0.09201850218438154
69 0.056090371519559666
76 0.0172609309526832
84 0.036255598192831785
106 0.02133267474917193
119 0.06381313417919644
177 0.03556125671823701
195 0.037851563052431404
262 0.059328308177692135
319 0.023237764938492573
326 0.043441620399535176
344 0.00709461192460672
364 0.05974984256006371
374 0.009664815789608918
464 0.021820665250364073
479 0.020961420192856052
522 0.04930643577864403
525 0.027442287608788425
576 0.017808004800408565
593 0.07878966178150498
674 0.04353872150087269
677 0.019465613618277682
711 0.024882504796985453
744 0.016054921763049342
913 0.022554399561283918
937 0.020098311134602965
938 0.028921993208765366
956 0.016636648922007766
1021 0.04791434128151142
1104 0.04009150045291462
1122 0.019697415445376246
1205 0.061541850953261396
1352 0.20245117602733598
1353 0.4315171923784151
1354 0.1511112891245771
1383 0.04313661617538228
1524 0.018480422487335963
1536 0.013102326615516984
1543 0.0166915527092993
1549 0.03375720332351093
1587 0.04103792636719606
1622 0.01527380503745067
1782 0.028255999174362324
1894 0.02869391616250804
1916 0.025693853365173526
2042 0.022686360626814103
2080 0.01211284616047647
2129 0.020098311134602965
2175 0.04009150045291462
2247 0.04009150045291462
2278 0.030641172056947663
2318 0.029643506078960862
2356 0.008791945060975357
2373 0.033381194049010465
2419 0.021820665250364073
2563 0.04600925109219077
2620 0.06032217872736593
2630 0.014225058110006569
2645 0.02585343762834941
2665 0.08009828145326332
2704 0.018805735214617734
2783 0.029643506078960862
2828 0.013434280246072124
2895 0.014863925872535473
2900 0.019855521991629273
2938 0.020264093227089514
3041 0.04313661617538228
3049 0.02869391616250804
3089 0.0210527313253009
3156 0.041996590642235265
3181 0.032980530902802056
3195 0.02601606177387911
3239 0.023224672006863192
3269 0.030735249534608957
3285 0.01832558808513067
3286 0.028255999174362324
3295 0.03130111489682998
3390 0.025537197419467784
3400 0.07608030901917252
3427 0.044452679068916215
3442 0.011734739670004282
3479 0.04099101685632102
3595 0.021820665250364073
3605 0.022664562502659292
3609 0.018127799096415893
3620 0.04791434128151142
3643 0.023357172612228225
3670 0.01902007725479313
3671 0.041996590642235265
3680 0.027172124380762164
3696 0.044452679068916215
3702 0.17780628359118508
3759 0.013977759760356877
3765 0.015367624767304479
3876 0.022664562502659292
3891 0.013897969371170797
3901 0.05974984256006371
3903 0.018193220945282324
3933 0.040302840738216376
4005 0.041996590642235265
4048 0.03742421759269809
4059 0.029817016537771284
4099 0.026699427151087772
4101 0.013102326615516984
4105 0.011858923815878638
4143 0.018948030333555584
4144 0.03336003824806458
4156 0.02347827406823319
4161 0.03130111489682998
4169 0.027716704173242453
4289 0.02133267474917193
4297 0.020016611855637998
4346 0.05974984256006371
4356 0.023043342667351852
4414 0.02892159657533371
4451 0.029067107072879936
4552 0.10404748110774832
4555 0.03556125671823701
4600 0.026350908985041686
4624 0.009590468237347567
4674 0.32299255152472545
4699 0.0172609309526832
4747 0.05974984256006371
4790 0.021820665250364073
4815 0.03100152242055614
4860 0.04791434128151142
4869 0.025537197419467784
4870 0.04791434128151142
4933 0.03336003824806458
4941 0.010502747256533879
4991 0.03071208760104328
5013 0.018596642898619946
5140 0.05383209192078756
5146 0.018596642898619946
5169 0.05383209192078756
5224 0.01125531494609385
5235 0.027839452684234788
5249 0.023725755439684713
5252 0.02244564000768198
5293 0.026699427151087772
5316 0.05037042970819237
5329 0.03071208760104328
5337 0.018596642898619946
5343 0.03853492842964007
5368 0.019619446780191636
5380 0.019935686989073262
5401 0.01887658632249098
5425 0.023346636946859102
5440 0.06386762482631052
5461 0.04745151087936943
5471 0.0268791708321322
5472 0.023120004319744283
5515 0.025537197419467784
5527 0.027839452684234788
5595 0.03375720332351093
5670 0.04099101685632102
5796 0.12172857670868896
5797 0.044452679068916215
5802 0.007960387109735819
5845 0.016636648922007766
5938 0.027062780263525908
5969 0.05974984256006371
6008 0.0197216120787833
6010 0.016420497895810026
6034 0.017998440417102763
6057 0.011025334454362308
6074 0.018596642898619946
6125 0.019935686989073262
6186 0.08768680817983455
6249 0.08969512810640813
6281 0.01806287475691708
6360 0.011168344657505262
6409 0.014601212544321883
6436 0.01409886121636185
6446 0.06322320800889936
6547 0.05383209192078756
6585 0.028472150200560063
6732 0.035996880834205526
6747 0.03150713322637196
6754 0.05037042970819237
6995 0.03721886553610613
7017 0.02892159657533371
7055 0.05974984256006371
7086 0.10074085941638473
7101 0.12468913947034639
7277 0.02508377178127999
7361 0.11949968512012742
7379 0.045108799122567836
7396 0.022127435120503684
7465 0.08198203371264204
7483 0.01880567077839537
7484 0.0067611416200676466
7537 0.015153131431277972
7542 0.029359824870397493
7552 0.011796605951594846
7554 0.016106198250523642
7618 0.04600925109219077
7631 0.027062780263525908
7652 0.05974984256006371
7773 0.02585343762834941
7823 0.026699427151087772
7835 0.014863925872535473
7838 0.03043214417717224
7858 0.04009150045291462
7860 0.04099101685632102
7861 0.017560523428957045
7942 0.04313661617538228
7944 0.027638560839043733
7952 0.006987891666249283
8098 0.012576235597653867
8166 0.07008968174898556
8169 0.020961420192856052
8208 0.03160611912098288
8239 0.026350908985041686
8312 0.01832558808513067
8364 0.017439421972952077
8374 0.02725042538844808
8397 0.03043214417717224
8438 0.024653217889322013
8577 0.02725042538844808
8727 0.020433158345765534
8754 0.034759018759416845
8811 0.02493782789406928
8837 0.033493623726766286
8869 0.028045185759779833
8873 0.033604862028988644
8890 0.010265944447450773
8919 0.05974984256006371
8942 0.017152679857592373
8948 0.044452679068916215
8957 0.022664562502659292
8999 0.03721886553610613
9139 0.024653217889322013
9160 0.02288924677244649
9182 0.02493782789406928
9202 0.02508377178127999
9232 0.02424333872440682
9267 0.014644440532879806
9335 0.05383209192078756
9338 0.04168038538602766
9386 0.04009150045291462
9534 0.020433158345765534
9584 0.017998440417102763
9625 0.01749975798026086
9626 0.020871075333911252
9628 0.025383364257553834
9656 0.03008733910715981
9671 0.017439421972952077
9923 0.01595328354479911
10004 0.014180560495326816
10065 0.029643506078960862
10132 0.026350908985041686
10172 0.019542183723462364
10184 0.025537197419467784
10220 0.03130111489682998
10318 0.010646015189700868
10370 0.05974984256006371
10392 0.009240211243667982
10509 0.02869391616250804
10570 0.035073266217044874
10619 0.023843399807733447
10653 0.03487884394590415
10709 0.03043214417717224
10794 0.02385223937532609
10814 0.041996590642235265
10821 0.032617177790363924
10844 0.023237764938492573
10881 0.01846003983236344
10896 0.06672007649612915
10897 0.060294933403808905
10898 0.0427891474545863
10934 0.022776165523231893
10944 0.03607884000295911
10951 0.0047738275897407385
10985 0.020016611855637998
10987 0.027062780263525908
10988 0.050558239537265764
10997 0.02347827406823319
11001 0.032617177790363924
11011 0.013740591467872938
11021 0.04052818645417903
11036 0.00681293657872944
11121 0.03721886553610613
11138 0.07706985685928014
11194 0.023357172612228225
11217 0.010396689874026031
11219 0.17701948096402947
11319 0.016056437642447345
11332 0.01620037142104193
11436 0.05037042970819237
11497 0.018251837828607512
11499 0.024110971584558473
11693 0.032617177790363924
11699 0.04791434128151142
11833 0.03556125671823701
11888 0.05383209192078756
11893 0.008704975369263426
11921 0.023120004319744283
11930 0.014644440532879806
11991 0.02288924677244649
12021 0.012678892259343797
12030 0.03761147042923547
12051 0.014472826523454746
12052 0.0210527313253009
12078 0.036518295974344785
12175 0.021145029624249762
12186 0.01281771661076972
12204 0.00681293657872944
12265 0.027274601185670815
12270 0.1684648638817928
12271 0.2191097758460687
12275 0.01615778456759644
