97
164 0.10225984317169799
214 0.05037409981816612
215 0.11790140530408434
452 0.07795359884662369
674 0.02419221529847487
694 0.0664519237304971
724 0.06099303858531277
731 0.0827223930492693
904 0.4259763337859858
1029 0.04211376113120099
1103 0.13279958670665742
1227 0.0827223930492693
1362 0.047204180144554984
1413 0.07069141598693739
2042 0.025211274089053316
2074 0.06533540114439036
2110 0.05062214791958759
2159 0.11964683507657695
2269 0.1419517410835642
2473 0.059741459133327485
2630 0.015808257871040014
2828 0.029858938332537888
2832 0.04762587326654744
3257 0.10649408344649645
3273 0.07330229981535848
3355 0.13279958670665742
3442 0.026081551206101193
3805 0.04360604668043382
3814 0.07860586014060274
4048 0.020794701777390862
4169 0.03080147747148608
4320 0.029609804650318563
4624 0.007105236118197197
4655 0.04148641772969932
4873 0.06142927410900111
4876 0.06428094046005299
5001 0.025408593817368326
5018 0.11150203524802549
5093 0.13279958670665742
5146 0.041332769849316754
5444 0.26814331422501997
5609 0.044853705998214324
6001 0.04895027643418179
6008 0.04383311856627346
6047 0.11964683507657695
6055 0.03436681654302293
6354 0.26559917341331485
6629 0.23711460947552584
6657 0.031793292309716524
7193 0.029609804650318563
7229 0.10836381689879308
7254 0.049413114246750905
7470 0.043264138159027854
7482 0.04073032529609403
7588 0.0841286221718626
7956 0.09198514462638312
8213 0.09587514467934981
8403 0.06533540114439036
8625 0.047204180144554984
8708 0.03557027167413171
8942 0.019061713792049243
9001 0.06890376925409324
9338 0.023159634050392952
9575 0.023107610986589935
9658 0.031979327226785606
9776 0.032937885033413626
9778 0.19760043392320062
9782 0.09334133181641598
9849 0.03685525176085415
9923 0.035457657637067784
9936 0.0841286221718626
10132 0.05856734800665808
10172 0.04343432234507636
10476 0.09655304495784127
10760 0.03685525176085415
10853 0.13279958670665742
10876 0.06328200405688597
11011 0.03053974353495943
11163 0.05608103306477194
11494 0.27553860898280197
11637 0.029775529804610963
11677 0.07502852656437317
11875 0.06789490681494269
11893 0.00773904721283726
11899 0.1654447860985386
11920 0.19175028935869962
11929 0.025408593817368326
11957 0.06231233670153796
11985 0.09334133181641598
12004 0.03458002563500521
12006 0.040164808769256335
12177 0.11642063848579665
12180 0.15557936407340345
12204 0.04542715711783326
12232 0.10958814304489593
12265 0.012124067980279313
12270 0.028802218536399422
