149
8 0.1304557365736929
90 0.06280256644556986
106 0.052462558885779324
116 0.056572400611257664
119 0.03923324605242227
214 0.05573801498859604
236 0.038500755197080634
344 0.01744748374232256
374 0.023768279104440453
405 0.11314863574753373
449 0.09008223620593679
464 0.10732530721854655
485 0.058041247057650104
594 0.0379092811072188
636 0.08511903120793894
674 0.026768241294258515
887 0.03699627023299209
958 0.08319557089845292
1184 0.14798508093196835
1374 0.04713419787209283
1530 0.07056575342937842
1569 0.12387390075267644
1595 0.053662653609273275
1684 0.10832516120121
1816 0.06610282579011315
1895 0.06777551196147015
1986 0.07774110166948257
2042 0.05579162220782745
2049 0.053417084240520586
2088 0.10608408429055992
2105 0.047684341354750394
2181 0.04695397409015395
2298 0.057147667875397906
2356 0.04324332892197315
2392 0.05834776259889184
2578 0.04091381807462982
2644 0.07947233380794587
2652 0.22629727149506745
2735 0.09008223620593679
2822 0.04713419787209283
2828 0.03303836611135596
3055 0.05865881927601802
3074 0.14694030029427335
3332 0.07466802768615713
3390 0.06280256644556986
3397 0.07484050521969347
3418 0.14694030029427335
3559 0.06438791861441598
3680 0.03341163712798812
3725 0.04824928866700933
3729 0.08110764659924702
3760 0.17490863631202583
3765 0.03779295980315676
3814 0.043487969279089565
3891 0.03417869747234147
3918 0.01904751325652683
3966 0.057147667875397906
4048 0.023008955068882703
4160 0.12387390075267644
4171 0.08511903120793894
4350 0.05995128520736604
4410 0.022951667334351524
4451 0.023827842099506842
4699 0.042449088882474256
4724 0.14694030029427335
4772 0.035076522977124026
4827 0.026293353225360895
4931 0.04379448482033131
4941 0.07748690722851162
5035 0.05573801498859604
5040 0.05546709585319035
5196 0.061328561924792115
5224 0.027679727464103465
5312 0.04051388328391949
5377 0.1093206229741159
5385 0.08204095321374898
5425 0.02870770613649962
5433 0.043640667709814215
5440 0.15706699078957453
5472 0.05685806408833657
5971 0.12716056565103287
6409 0.035908154130555106
6630 0.052001091042125976
6745 0.14694030029427335
6952 0.029318540247723766
6993 0.2477478015053529
7193 0.06552540854789372
7272 0.023827842099506842
7374 0.05865881927601802
7483 0.023124001612513292
7484 0.016627394105451356
7505 0.0930867731733478
7537 0.012421821757227648
7542 0.024067798330495903
7589 0.0464224028702552
7833 0.03186912509169467
7952 0.01718503105393664
8133 0.08404208019041266
8208 0.11659141938588016
8238 0.12387390075267644
8265 0.07697752873343884
8332 0.07229241974382027
8455 0.05067459050828591
8650 0.16808416038082533
8754 0.04274070387138395
8776 0.04474183084804764
8869 0.06897035775798259
9112 0.06610282579011315
9126 0.06897035775798259
9338 0.008541903044691775
9341 0.031350680437825115
9423 0.0762407534292139
9445 0.012877131078675146
9534 0.050250415643673024
9546 0.0854814077427679
9572 0.08511903120793894
9575 0.025568146570764574
9658 0.035384537425500434
9671 0.04288804441765871
9776 0.1822258200456214
9849 0.04077965824640227
10318 0.013090650969828874
10347 0.14694030029427335
10348 0.07697752873343884
10422 0.11783374473715232
10442 0.14694030029427335
10653 0.04288804441765871
10938 0.0762407534292139
10939 0.11783374473715232
10951 0.011740075446800363
11021 0.04983464083585544
11067 0.10437228981515517
11154 0.057147667875397906
11167 0.14694030029427335
11177 0.07774110166948257
11332 0.05976134846950449
11497 0.022442992454431553
11555 0.13238702251571285
11736 0.05802180379766045
11811 0.07484050521969347
11818 0.06062863238904016
11833 0.08745431815601291
11893 0.012844670111336174
11908 0.05046143190911563
11930 0.03601446292314202
11977 0.05381184018739363
12006 0.022220811104078246
12021 0.03118067188401189
12270 0.191214750550168
