239
8 0.09515640071978487
26 0.10771862611553974
50 0.049578617048418844
110 0.043016937460068815
137 0.050686190592354234
150 0.043016937460068815
188 0.04325075512497243
374 0.03467388940162422
435 0.01922777948661426
456 0.021844293227615483
547 0.027149438635300466
571 0.032285971404406734
576 0.031944364091079355
594 0.027651606888132174
674 0.019525162802798562
744 0.028799647798886226
788 0.051073926734438085
937 0.036052762546695934
938 0.0345872428964952
942 0.03451299779442953
965 0.029941649441776085
979 0.020242372897746455
1068 0.044733986924270545
1205 0.02207900678064527
1363 0.09515640071978487
1536 0.04700644418477599
1595 0.03914235666935585
1688 0.11832230492795372
1746 0.0522997615576795
1929 0.02706732176526955
1966 0.08594972767784285
1997 0.06570735478009639
1999 0.05410358043001902
2042 0.04069525878316532
2105 0.0347816846785306
2222 0.06291514397362079
2356 0.031542342586309294
2373 0.029939935114800083
2450 0.032285971404406734
2454 0.05147173506338194
2510 0.07353052638956205
2558 0.14091460587218355
2575 0.05188015285556175
2578 0.05968632380511107
2622 0.04580914826654443
2627 0.044733986924270545
2630 0.01275860043210415
2644 0.08695249561938831
2656 0.07565421585055411
2678 0.04922653810420922
2704 0.03373411336245814
2841 0.036052762546695934
2895 0.026663214953996074
2896 0.08253233784017806
2988 0.10718049250972539
3159 0.06570735478009639
3246 0.05670554332948039
3279 0.05670554332948039
3285 0.03287281559813647
3400 0.06823720901665854
3442 0.021050016592765567
3591 0.01912992126503957
3599 0.03793038763209432
3623 0.047578200359892436
3732 0.0585093622018199
3746 0.07353052638956205
3759 0.1755151441033775
3805 0.03519376585060316
3819 0.03411860450832927
3822 0.10718049250972539
3882 0.04397442169538214
3918 0.013893546207756268
3934 0.06471896284596029
4101 0.023503222092387994
4122 0.07974012703370245
4294 0.09656511009378413
4342 0.07353052638956205
4356 0.020667810242967335
4381 0.02870821612690342
4410 0.06696518256431096
4414 0.05188015285556175
4431 0.025585349973341318
4446 0.03217125356786724
4478 0.10718049250972539
4481 0.08253233784017806
4502 0.03711989377802716
4514 0.05410358043001902
4580 0.06291514397362079
4607 0.08594972767784285
4616 0.053632319876010096
4699 0.12385204723009577
4790 0.03914235666935585
4823 0.08253233784017806
4861 0.03807402159728566
4972 0.024302434355102542
4977 0.09035550944964373
5033 0.10718049250972539
5034 0.06676396401886764
5066 0.05188015285556175
5184 0.05188015285556175
5252 0.040263449201577046
5312 0.029551443376363187
5337 0.033359039279440866
5341 0.06789890979451975
5357 0.06570735478009639
5425 0.04187967598232015
5571 0.04922653810420922
5622 0.1282295546397322
5627 0.034248943674356415
5738 0.10718049250972539
5749 0.15475869286961785
5757 0.07737934643480893
5839 0.05614858160292637
5842 0.045611069528235154
5953 0.07974012703370245
5954 0.09656511009378413
6008 0.0235846880384649
6063 0.044733986924270545
6122 0.04065615686117529
6162 0.0351108371702141
6186 0.039323598542844694
6198 0.03711989377802716
6258 0.024508928623697544
6281 0.03240155504412755
6360 0.020034005607737923
6409 0.02619195439998715
6452 0.035376029468695724
6533 0.12260314601659103
6584 0.04311174230385193
6732 0.032285971404406734
6747 0.028259070753009864
6867 0.15020387222617004
6921 0.08253233784017806
7193 0.1672833076494178
7272 0.05214117256915618
7312 0.02619195439998715
7455 0.06676396401886764
7483 0.016866998887720728
7484 0.024256548895116633
7502 0.15066869052380316
7507 0.022257433182195197
7537 0.018121331876161533
7542 0.0351108371702141
7660 0.028083037095714258
7680 0.07533434526190158
7833 0.023245825116331293
7835 0.026663214953996074
7951 0.09970808550325021
7952 0.012535023328978713
8003 0.10718049250972539
8006 0.11456705475715695
8036 0.08794884339076428
8147 0.061301573008295515
8156 0.0269043972545639
8208 0.028347852216536303
8302 0.0585093622018199
8327 0.03373411336245814
8332 0.10546238353052317
8444 0.038097763719603286
8451 0.06570735478009639
8455 0.03696281794395116
8500 0.07737934643480893
8556 0.025001859988692768
8716 0.044995784061129994
8731 0.07974012703370245
8828 0.0347816846785306
8837 0.030040774445234012
8881 0.07353052638956205
8890 0.018415261610926686
8896 0.04609016091353911
8927 0.04888237172001472
8942 0.015384414386952627
9017 0.03760102526990189
9044 0.06471896284596029
9117 0.04526213441924155
9338 0.018691782447706095
9341 0.09147065476555485
9385 0.041473137729629
9445 0.00939277549018649
9515 0.07353052638956205
9575 0.03729959087503231
9620 0.09106639837397018
9625 0.0313914246257615
9725 0.09656511009378413
9776 0.29242023340772244
9821 0.0269043972545639
10004 0.02543738013075466
10110 0.03438040164518872
10167 0.03240155504412755
10192 0.04126477043962047
10306 0.051073926734438085
10312 0.02945542576047169
10420 0.027995773272326666
10515 0.050686190592354234
10564 0.10718049250972539
10743 0.07045730293609177
10749 0.017777054284975956
10818 0.041684379141738226
10848 0.03547477849759783
10881 0.0331139978987043
10898 0.025585349973341318
10925 0.10274683102306924
10951 0.042816948991169196
10959 0.028799647798886226
10960 0.04819737464045127
11036 0.012221185306249053
11040 0.10718049250972539
11043 0.08594972767784285
11067 0.03806536873938898
11084 0.04007080817641296
11100 0.09656511009378413
11153 0.04821640768584316
11319 0.009600789004809084
11332 0.029060558377242064
11339 0.054589804111323414
11382 0.07353052638956205
11426 0.07045730293609177
11629 0.019475196169343748
11637 0.04806273917471798
11736 0.02116099359699711
11893 0.0405994245207328
11908 0.07361467363185685
11929 0.02050688309249518
11953 0.04065615686117529
11957 0.025145661604562306
11977 0.01962558781555811
12021 0.06823097059049878
12024 0.029551443376363187
12034 0.14383391084847358
12051 0.025961652923726843
12072 0.04255974650702063
12124 0.05147173506338194
12175 0.07586077526418863
12186 0.045985365662222825
12193 0.04666814496263721
12196 0.05614858160292637
12265 0.009785147752139688
12270 0.046491650232662586
12291 0.07792646926495515
