22
343 0.15607796249353714
938 0.09282693064350486
2630 0.06848430914041634
3285 0.17645133396245077
3339 0.30748065342470215
3680 0.1308159271971579
4827 0.10294584991816239
4972 0.1304481189842415
5471 0.2588110966535733
6732 0.17330133178199864
7282 0.12546447204196487
7773 0.24893463368516752
8224 0.12615818922589353
9675 0.12208107275655009
9922 0.21305812539508567
9977 0.4850010527893533
10591 0.29041165976554784
10874 0.33770946840386756
11101 0.19352032762160515
11736 0.11358581491184132
12175 0.20359885131881736
12270 0.12477656009079502
