304
26 0.028738657712943445
41 0.03735231015871009
84 0.026026812983045516
103 0.027101877032106102
137 0.04056827871098912
169 0.03833344541826924
201 0.027412213786447905
234 0.04220505939182646
320 0.04735147964313523
326 0.0311854440741982
335 0.02730789275634972
344 0.02037204150012138
435 0.015389554987075149
456 0.034967527271073065
576 0.05113534280430631
587 0.042809494357998606
593 0.028280374540752693
725 0.08578526106815995
736 0.03580424624910165
769 0.025945476875875284
779 0.07231885938927694
883 0.05035610421764199
908 0.06879255408265611
921 0.04451013727248534
938 0.013841491077466702
975 0.20535697227378186
1143 0.09486201758761281
1144 0.10518187502072375
1154 0.058852457710393914
1232 0.037118824107826735
1298 0.06382250589652502
1332 0.04969336730235655
1390 0.151068312652926
1444 0.04292630547333149
1464 0.04969336730235655
1494 0.06029620058990419
1524 0.0397996329312249
1536 0.05643461779079339
1543 0.02396473606371067
1553 0.02486704373938622
1575 0.09460968971577484
1587 0.029459903794448475
1702 0.03132881000149387
1729 0.06294774521270932
1745 0.04369265794262573
1746 0.041859750724890066
1814 0.021025614469985614
1854 0.04256037838765701
1895 0.0593520631440023
1901 0.035395620175563275
1905 0.026215395888067105
1929 0.043328355928926976
1971 0.035343247944703456
1999 0.129910480813201
2098 0.052590937510361875
2110 0.0654013206337054
2130 0.04026560538112303
2150 0.0380807014733231
2227 0.026026812983045516
2253 0.03885512615038331
2292 0.1068732555559792
2307 0.05756098569649296
2356 0.012622950455384202
2362 0.03207192521823719
2373 0.059908409871176925
2405 0.043303493604400334
2525 0.03735231015871009
2541 0.0828706732926605
2630 0.01021174509748665
2633 0.06879255408265611
2690 0.06605733918924489
2701 0.0249524632282685
2936 0.09858904689434045
3009 0.0534366277779896
3019 0.04451013727248534
3049 0.04119701380960463
3102 0.03997022609910659
3189 0.03461709526529888
3269 0.022063919270339412
3332 0.0217959818908551
3361 0.04616866496122544
3363 0.03997022609910659
3369 0.04846657959185851
3434 0.043303493604400334
3442 0.01684803947635937
3581 0.07470462031742019
3591 0.015311231097262
3638 0.04906463220374104
3737 0.027623557764220166
3826 0.03442995198057957
3887 0.020901798800568586
3889 0.04026560538112303
3896 0.08578526106815995
3918 0.022240268927421983
3964 0.07728890757540804
4048 0.040298595011785
4059 0.021404747178999303
4105 0.017026335667912493
4269 0.051056731880408934
4317 0.032540427354796085
4320 0.038254408542936484
4356 0.016542128664311415
4451 0.06955469844227445
4534 0.05035610421764199
4624 0.009179614944086414
4690 0.04735147964313523
4820 0.02334786894767434
4827 0.015350330483044723
4861 0.018284240757756597
4872 0.020359603173206245
4879 0.0993867346047131
4951 0.05179984709715226
4972 0.019451213806981903
5001 0.03282665116740919
5051 0.027101877032106102
5157 0.12764501179305004
5224 0.016159710045836717
5247 0.029710068539585077
5248 0.06605733918924489
5310 0.030226256263742715
5340 0.030492737346795515
5401 0.027101877032106102
5411 0.0534366277779896
5433 0.02547787138843307
5450 0.06879255408265611
5777 0.03319432355779808
5857 0.10211346376081787
5882 0.08692316687921771
5929 0.06193298127074153
5960 0.08578526106815995
6001 0.031620672529204266
6008 0.009438371541384907
6055 0.04440023349977767
6057 0.015829517769531693
6146 0.03912453583147885
6150 0.025749269494717446
6180 0.023729757998091162
6186 0.03147387260635466
6299 0.05179984709715226
6360 0.01603484329151439
6398 0.08069780004843406
6409 0.02096355030169655
6484 0.10741273874730493
6486 0.06382250589652502
6507 0.03132881000149387
6548 0.04026560538112303
6554 0.03461709526529888
6584 0.01725291600196552
6616 0.029459903794448475
6621 0.03388507796425221
6628 0.06812804978981016
6778 0.033257511011545636
6794 0.2832419644418919
6807 0.03859151067740776
6809 0.14719389661122312
6932 0.02041867628536919
6948 0.04735147964313523
6952 0.01711646583171137
6982 0.025300221220230457
7016 0.04087861546533092
7025 0.02012611712232288
7205 0.022063919270339412
7212 0.052590937510361875
7229 0.03500017791297549
7249 0.05532615240377309
7262 0.012313397463122632
7293 0.05756098569649296
7371 0.05434501714421394
7379 0.032382261972579
7409 0.06879255408265611
7537 0.014503975019131667
7542 0.014051028608098473
7561 0.1727904295352313
7625 0.037118824107826735
7658 0.04846657959185851
7660 0.022477137512911402
7833 0.018605523539354175
7837 0.03559823052485803
7884 0.1446377187785539
7899 0.11770491542078783
7952 0.040131192667335114
8166 0.08050446848929152
8201 0.030095157184655833
8225 0.030226256263742715
8252 0.029404060203329013
8257 0.06605733918924489
8324 0.008396017485996434
8327 0.02700015323626907
8337 0.03997022609910659
8369 0.03601378377973342
8427 0.05532615240377309
8447 0.10448296709018783
8453 0.03885512615038331
8497 0.06382250589652502
8514 0.03424562298746937
8515 0.0217959818908551
8603 0.06672679446427629
8619 0.06605733918924489
8633 0.02650382442022356
8708 0.022977519113602733
8754 0.0249524632282685
8811 0.0716084924982033
8844 0.0534366277779896
8890 0.02947846175997866
8942 0.012313397463122632
8944 0.033708705899074536
8949 0.1032898559417387
8958 0.08578526106815995
8976 0.08441011878365293
9027 0.0377271775969854
9109 0.08512075677531401
9139 0.07079124035112655
9148 0.03666478527329945
9230 0.027838609719650482
9232 0.03480714011164841
9267 0.04205122893997123
9273 0.017862408322610848
9278 0.08660698720880067
9319 0.04789635365946259
9338 0.01994740397944735
9445 0.007517801781953452
9485 0.03688970253875898
9563 0.06764214630255118
9575 0.014926947367124027
9637 0.1247417762967928
9652 0.04087861546533092
9798 0.037118824107826735
9804 0.029710068539585077
9842 0.09077211206302181
9865 0.05168217500987624
9960 0.07728890757540804
9987 0.02650382442022356
10005 0.04632941731032983
10141 0.026699950957121885
10172 0.028057502090887143
10237 0.037118824107826735
10254 0.04735147964313523
10280 0.0380807014733231
10318 0.022927370682174188
10321 0.02885595666595817
10327 0.052590937510361875
10340 0.045386056031510906
10420 0.022407293181206815
10460 0.02233784457021863
10476 0.1247417762967928
10499 0.03912453583147885
10508 0.03688970253875898
10555 0.07231885938927694
10576 0.030095157184655833
10597 0.020779221308586348
10619 0.05134939749513411
10620 0.04969336730235655
10760 0.023807584590013923
10780 0.05434501714421394
10862 0.032382261972579
10956 0.12764501179305004
10960 0.019288138491973503
10963 0.025125108998524742
10981 0.04777181695965414
10987 0.1165653784511499
10988 0.014517701108554305
11011 0.019727921878915065
11021 0.02909397670877398
11036 0.009781608084734312
11145 0.0828706732926605
11154 0.033363397232138145
11157 0.04632941731032983
11194 0.03353483564981526
11217 0.044780842101372086
11233 0.13482082285571304
11257 0.03442995198057957
11276 0.13963739037371506
11300 0.021996383854043584
11319 0.030737167630131353
11494 0.03559823052485803
11495 0.07728890757540804
11497 0.013102450199151988
11524 0.045386056031510906
11540 0.051056731880408934
11624 0.030358772657631383
11634 0.03109544073858447
11780 0.035395620175563275
11861 0.02958434798057117
11875 0.04385843699336052
11893 0.0049992338232087135
11899 0.0534366277779896
11911 0.043303493604400334
11920 0.06193298127074153
11921 0.03319432355779808
11935 0.058852457710393914
11960 0.029459903794448475
12021 0.01820359746436996
12024 0.02365242242894371
12029 0.053202990862829536
12030 0.02700015323626907
12109 0.03968179756695012
12138 0.025125108998524742
12177 0.030081945626191518
12180 0.025125108998524742
12223 0.04451013727248534
12265 0.00783184919990598
12275 0.023198383594416432
12303 0.032863015631446814
12304 0.10486158355226842
