123
104 0.0491731121647151
119 0.04389637126258652
188 0.06634271604371338
202 0.10240983525161645
313 0.06031881580811105
456 0.03350715469794307
645 0.11869286428270022
674 0.0598996400312752
797 0.08088484170556032
1122 0.1083971282621028
1203 0.10603105750453085
1352 0.0795794255905069
1353 0.06984377718944897
1536 0.03605180036469067
1973 0.08530246040300467
1986 0.086981134741855
2030 0.06984377718944897
2042 0.09363422638434307
2139 0.08450606395847471
2162 0.08373578363140255
2311 0.14812207694803628
2458 0.07774799630872889
2566 0.08530246040300467
2578 0.1373300704387923
2644 0.04445906751223831
2703 0.13859711556669835
2735 0.10078909298955845
2800 0.16440510597912
2828 0.07393037949475498
2841 0.05530165152760204
3067 0.09403102533981264
3102 0.0766018448391948
3285 0.05042390276153381
3296 0.14812207694803628
3400 0.10466965879154881
3442 0.03228880673861278
3580 0.14501206358751298
3581 0.07158468055868578
3591 0.02934355552308807
3595 0.060040807294424806
3623 0.0729806225862804
3680 0.14953130576055768
3690 0.10240983525161645
3803 0.05335193393692691
3805 0.053984028893576244
3981 0.14812207694803628
4001 0.0755090224396324
4101 0.03605180036469067
4156 0.06460181267447657
4350 0.06707688345785685
4624 0.017592480910338874
4820 0.044745552102232924
4931 0.04899974277831346
4988 0.11845198681709729
5001 0.03145568945596304
5297 0.04445906751223831
5312 0.13598766155192213
5389 0.03780802257713989
5425 0.06423960561311841
5681 0.13644606985478192
6066 0.03890595347845859
6079 0.03479216343177276
6114 0.05742795637863884
6162 0.0269284119284155
6249 0.1645341801787564
6258 0.03759446251329795
6508 0.0822670900893782
6595 0.29624415389607256
6732 0.04952373725935892
6778 0.06373711001602701
6867 0.09215961954859264
6982 0.0484871818213887
7193 0.10997029114954221
7272 0.05331987069276231
7415 0.33836737546282997
7484 0.03720733501413515
7537 0.013898235666871985
7554 0.044317124813110696
7591 0.16440510597912
7773 0.07113721092972905
7911 0.05356074815836522
7951 0.05098103824770034
7970 0.14812207694803628
8208 0.043483021385791756
8252 0.028176038481154568
8374 0.07498110257713678
8633 0.05079385442677311
8819 0.07346499944236337
8942 0.023598289376064795
9338 0.019114327009179925
9341 0.14030764683550973
9445 0.014407661447926922
9470 0.057676545420435175
9513 0.09927298985478504
9568 0.04417603462782736
9731 0.0822670900893782
9921 0.06146496727764514
10140 0.05792779321898089
10200 0.13183904791695253
10218 0.04189872823148648
10591 0.08298996082370129
10623 0.10415073862085325
10750 0.05042390276153381
10760 0.04562658455417181
10898 0.039245594747555165
10951 0.026270918790402123
11067 0.029194402988797954
11494 0.06822303492739096
11540 0.0978488298715647
11629 0.11949270301756011
11637 0.07372386096237914
11812 0.054854181898645306
11893 0.014371342284532941
11921 0.06361601298956157
11957 0.038571152867561555
11977 0.030103862831443753
12029 0.05098103824770034
12098 0.04782071314353313
12109 0.07604907944795923
12177 0.02882561291503582
12270 0.07131395373044694
12271 0.10048217807107514
12274 0.06563079958575282
