70
119 0.11899191199805628
344 0.026458548029392338
373 0.06834319588864161
374 0.03604383093565365
429 0.10092756010063003
522 0.09194137135835792
576 0.06641292791294968
642 0.0706645234398151
674 0.08118635425101386
728 0.16087310243753505
858 0.24328410752288251
921 0.1156166508704474
1050 0.15662150691066964
1132 0.15287133387873386
1149 0.11055208342396369
1205 0.09180533264219856
1352 0.10785980406075488
1353 0.18932873834202804
1524 0.068920633176387
1622 0.056961918209129554
1905 0.06809541510209717
2042 0.04230310048212751
2656 0.05242884127403539
2704 0.07013384998244007
2828 0.10020323955935616
2895 0.05543332049492024
2936 0.0853628417623365
3400 0.21279964270769897
3680 0.05066767327297267
4048 0.03489234045362255
4552 0.1662999614847607
4872 0.05288478706608137
4931 0.06641292791294968
4965 0.09354707311494039
5461 0.17696501133691336
5471 0.2004856192304373
5472 0.08622342578204126
5802 0.029687358084378414
6536 0.18785078702796226
6911 0.12164205376144126
6995 0.13880352468202803
7439 0.2228302401771906
7488 0.09041277364414863
7726 0.1178918807295055
7773 0.19283490865569822
8098 0.046901639881863445
8111 0.4456604803543812
8169 0.07817323185971164
8208 0.05893571274031155
8342 0.1178918807295055
8942 0.031984484047029534
8986 0.05838515717190928
9112 0.10024280961521866
9338 0.025907042563640712
9341 0.04754229872736404
9563 0.05856761996571201
9584 0.0671231358798343
9672 0.13455192915516262
9675 0.047284486222540584
9776 0.0552679192378564
10318 0.019851551234351356
11084 0.08330795652234972
11142 0.0765231387813586
11497 0.03403407634869766
11505 0.1070106958639829
11607 0.10234288956880135
11629 0.12146788669175956
11637 0.04996166495924752
12270 0.048328503373121355
12274 0.0889542131165423
