247
73 0.03594901919027977
89 0.06472628825115771
106 0.025649845765141035
107 0.041616155760059004
150 0.028833671820166697
200 0.03347342402828704
338 0.03423416284329949
344 0.01706074871241887
359 0.06472628825115771
363 0.21552490686381232
390 0.01842106877278398
435 0.012888120732960286
461 0.053448729489923595
478 0.030160065953417463
479 0.02520345907331385
503 0.042171170728689485
642 0.022782612181708725
689 0.0433802461408185
696 0.03626489877070543
763 0.11765410424909237
785 0.03423416284329949
826 0.02794047598846334
838 0.4250392015636249
938 0.01159168073933289
975 0.12284145476973875
979 0.013568188984556417
1023 0.02446614805781615
1029 0.022782612181708725
1057 0.027385461019832868
1127 0.07184163562127077
1374 0.023044718583304393
1464 0.041616155760059004
1524 0.011110186417041104
1536 0.0472616763913618
1586 0.030160065953417463
1638 0.03231880644342692
1709 0.03505582335857641
1742 0.041650257236700544
1787 0.035642570273232206
1848 0.14368327124254154
1895 0.0331366114308314
2052 0.03965492095369697
2129 0.0241656794941944
2156 0.10099118702186313
2252 0.03450080838994594
2266 0.016018248620035463
2454 0.03450080838994594
2464 0.06783456084527097
2480 0.02397014450856459
2512 0.04633338211981052
2756 0.026481015569069313
2757 0.018088111703200786
3144 0.041616155760059004
3166 0.12945257650231543
3175 0.03210268737958438
3189 0.028990396640985166
3202 0.07184163562127077
3204 0.12945257650231543
3205 0.12945257650231543
3295 0.03763563541940808
3308 0.031891024697997664
3332 0.018253240352867708
3361 0.02577624146592057
3441 0.03594901919027977
3488 0.051866330159634225
3559 0.03148035888211116
3561 0.029311212637165997
3591 0.01282252768955944
3599 0.02542422621347084
3602 0.04108961591749619
3673 0.07069001039217156
3712 0.07184163562127077
3819 0.022869239500567
3832 0.07184163562127077
3850 0.050495593510931566
3918 0.009312656256495041
4048 0.022498946344528245
4143 0.04556522436341745
4145 0.03397426854738312
4161 0.03763563541940808
4178 0.026481015569069313
4187 0.03397426854738312
4226 0.05176107168234934
4253 0.06472628825115771
4320 0.016018248620035463
4356 0.027706707774833146
4410 0.03366439264584856
4431 0.01714951430980494
4451 0.02329968220189707
4452 0.06056407686003666
4552 0.053615977918074736
4554 0.029642379303611303
4676 0.01942769422673133
4699 0.02075408835998209
4764 0.06056407686003666
4790 0.05247318535959367
4827 0.012855271820560989
4861 0.0051041004238348555
4896 0.06472628825115771
5041 0.02981205715626208
5108 0.06744158410993498
5181 0.04252402964469959
5247 0.12440481568319561
5343 0.04633338211981052
5370 0.031891024697997664
5431 0.03839637423442053
5443 0.06472628825115771
5594 0.07184163562127077
5627 0.04591320816413076
5752 0.021796387764388504
5795 0.04820496328760926
5842 0.01528624174332184
6008 0.007904248826562328
6162 0.011767159822070283
6199 0.03763563541940808
6203 0.04633338211981052
6205 0.06472628825115771
6251 0.01575389213045393
6344 0.06056407686003666
6403 0.03210268737958438
6452 0.023712074457828847
6484 0.02998458687068007
6584 0.028897218225699215
6696 0.06599176642257548
6698 0.026731400576334323
6699 0.07252979754141085
6701 0.06056407686003666
6794 0.04312791296592535
6804 0.03450080838994594
6952 0.01433433769501164
7040 0.07184163562127077
7099 0.1365351648136008
7100 0.12945257650231543
7220 0.03390419812947719
7259 0.020896663934776717
7262 0.03093589514529797
7282 0.015667264811595652
7287 0.19417886475347315
7312 0.01755611305893259
7353 0.042171170728689485
7425 0.02075408835998209
7461 0.032539573583583906
7536 0.021336671706799402
7537 0.018219725779406917
7542 0.023534319644140565
7589 0.09078683914459605
7653 0.055320310657722326
7657 0.07184163562127077
7802 0.04058877139840011
7833 0.03116272483207188
7854 0.02660544468485442
7952 0.05041234038495786
7966 0.03763563541940808
8006 0.07679274846884106
8045 0.059284758607222605
8092 0.016615502471499094
8112 0.0653891632931655
8171 0.016062977563854774
8178 0.02914955140059236
8185 0.14368327124254154
8222 0.02340494067918194
8252 0.012312346856618259
8321 0.029642379303611303
8324 0.007031320082123657
8326 0.032856007253216225
8337 0.03347342402828704
8405 0.03839637423442053
8447 0.021875049270872096
8461 0.0433802461408185
8603 0.08382142796539002
8633 0.022195865267052924
8659 0.032539573583583906
8719 0.055318435892606155
8723 0.024067446434851664
8774 0.02635807665817397
8835 0.14368327124254154
8836 0.08744865420177708
8944 0.028229657825972705
9049 0.03692740452637515
9099 0.017401745091841635
9160 0.19264998853057846
9219 0.06472628825115771
9338 0.0083525661077322
9445 0.025183401883590008
9584 0.021640850298422453
9632 0.05766734364033339
9637 0.05223305919850179
9638 0.05588095197692668
9656 0.018088111703200786
9664 0.01575389213045393
9821 0.018033653875931883
9901 0.053448729489923595
9987 0.022195865267052924
10056 0.14368327124254154
10063 0.03594901919027977
10105 0.02340494067918194
10135 0.030520288049295012
10167 0.021718324450053634
10280 0.031891024697997664
10312 0.019743573807156984
10314 0.07184163562127077
10367 0.10373266031926845
10418 0.028833671820166697
10420 0.03753037694212321
10521 0.03594901919027977
10619 0.01433433769501164
10628 0.024067446434851664
10726 0.042171170728689485
10760 0.019937875059672507
10862 0.027118815473186425
10899 0.03347342402828704
10914 0.04699401311036407
10951 0.034439546702687514
10959 0.019304014702122944
11036 0.008191695345605035
11071 0.0489322961156323
11106 0.01830887884335777
11136 0.06507914716716781
11145 0.04626719198029707
11161 0.032765193135254105
11194 0.028084048627642712
11217 0.012500705836108185
11249 0.02914955140059236
11310 0.02914955140059236
11486 0.04633338211981052
11736 0.042551784073251
11754 0.03372079205496749
11857 0.03534500519608578
11875 0.16528338488139474
11876 0.028990396640985166
11893 0.01255995949329095
12006 0.010864136056284428
12083 0.027798883724782553
12160 0.07184163562127077
12175 0.02542422621347084
12186 0.030823369126770334
12204 0.008191695345605035
12214 0.06056407686003666
12251 0.14368327124254154
12254 0.07184163562127077
12265 0.006558852295306712
12280 0.14368327124254154
12291 0.1305826479962545
12293 0.04108961591749619
12296 0.08808550379297643
12304 0.0878172728325194
12305 0.08808550379297643
