260
13 0.0869201555813863
15 0.04562363743837143
22 0.07736504100373594
59 0.07428898117132249
76 0.02787041614683066
84 0.029270107506264846
110 0.03872039179609061
119 0.12879509584992008
169 0.04311031355276535
210 0.04592624155694396
262 0.12772618446690523
303 0.04430977551411014
319 0.03752092983474582
330 0.029061238110138738
344 0.022910674665356855
374 0.031210650083388244
456 0.01966247813589952
493 0.023928473242052398
576 0.028753750646050333
674 0.03514996642002258
677 0.031430213908044145
683 0.05914448287565261
758 0.0869201555813863
769 0.014589317907514972
797 0.04746438323093141
866 0.06618627356769688
887 0.07287092428265043
892 0.09647527015903663
893 0.09647527015903663
936 0.19295054031807327
942 0.031065828382097586
965 0.02695106778540327
1073 0.17456103419437463
1122 0.031804493453136025
1184 0.024290308094216808
1205 0.039747496846269374
1251 0.07428898117132249
1274 0.04746438323093141
1319 0.07428898117132249
1352 0.04669834636352577
1353 0.0409853284856945
1373 0.03733078728338402
1451 0.06111714466451033
1562 0.07736504100373594
1575 0.026599835628348306
1584 0.07177565728571642
1586 0.04050159055689445
1698 0.02787041614683066
1709 0.047076044412396184
1814 0.023645691707342625
1818 0.038107619074141855
1829 0.06780992642608559
1876 0.052665428130415706
2042 0.03663060313836061
2080 0.019558044936304034
2147 0.06965067221864556
2154 0.032319884935261535
2333 0.051562030086859965
2370 0.06473386659367214
2373 0.013474762342980794
2458 0.04562363743837143
2464 0.03036473917978505
2512 0.062220542708066054
2533 0.08133077186336676
2565 0.08133077186336676
2607 0.05914448287565261
2630 0.011484267283309604
2656 0.022699282745536307
2677 0.025357092261224578
2715 0.04669834636352577
2768 0.03369954706281567
2822 0.030946475979244104
2828 0.021691702615435904
2933 0.038107619074141855
3220 0.062220542708066054
3300 0.07112207591095565
3369 0.05450617392297568
3400 0.061421654450630865
3407 0.0315538480678559
3441 0.048275506373740965
3591 0.01721921852522117
3643 0.07542746361718837
3680 0.04387355561303392
3696 0.07177565728571642
3721 0.024437743899797183
3765 0.024813383393236865
3771 0.09647527015903663
3805 0.03167860110404634
3903 0.029375741099145827
3966 0.03752092983474582
4048 0.015106782495354035
4059 0.0722162085094927
4081 0.019402863750665647
4101 0.02115571264766508
4105 0.01914804842844937
4143 0.03059449643861031
4169 0.02237643153907595
4381 0.02584083019002462
4451 0.031288863562318164
4552 0.14400050638478787
4581 0.0600955576409952
4596 0.03384542267186716
4600 0.08509515521191599
4624 0.015485279533911125
4664 0.06618627356769688
4757 0.09647527015903663
4790 0.035232805391287245
4861 0.013708470389071328
4902 0.09647527015903663
4907 0.030710827225315433
4941 0.016958293705420378
4965 0.04050159055689445
4972 0.021875099330393794
4990 0.053864890091760494
4991 0.09917873659600453
5066 0.04669834636352577
5129 0.04430977551411014
5138 0.050540443063344855
5181 0.028552504496491504
5224 0.03634685895809294
5227 0.0869201555813863
5271 0.050540443063344855
5340 0.03429254672411925
5439 0.07428898117132249
5461 0.07661773044740137
5484 0.07736504100373594
5515 0.041233715681696696
5524 0.09647527015903663
5530 0.06618627356769688
5595 0.05450617392297568
5766 0.04597264636884045
5786 0.08133077186336676
5796 0.19654942709246964
5797 0.14355131457143283
5802 0.02570652788617012
5845 0.026862417213539744
5942 0.13777948000932952
6001 0.035561037955477826
6014 0.04003425372035191
6034 0.029061238110138738
6057 0.01780209075880123
6186 0.03539594476767498
6303 0.04174433392401818
6558 0.048275506373740965
6584 0.019402863750665647
6733 0.05210269218360834
6734 0.1738403111627726
6772 0.028552504496491504
6775 0.04633072147287947
6778 0.03740184875239457
7054 0.06965067221864556
7176 0.01645080880017712
7256 0.03980639536867426
7277 0.04050159055689445
7282 0.021039381860959955
7382 0.04003425372035191
7461 0.04369700279216138
7537 0.00815568368579577
7605 0.03539594476767498
7641 0.06780992642608559
7734 0.09647527015903663
7772 0.06342000466941085
7833 0.020924024565051203
7889 0.05210269218360834
7952 0.022566042267501547
7984 0.03851309290596635
8098 0.02030625814030692
8156 0.024217177331635927
8166 0.022634104768717474
8170 0.08133077186336676
8208 0.025516459543891607
8320 0.047076044412396184
8324 0.009442275341190798
8412 0.0325849914982815
8495 0.04311031355276535
8510 0.055178752016021786
8515 0.02451205737581162
8556 0.022504666104876097
8694 0.062220542708066054
8754 0.028061879174884535
8823 0.06050256158204782
8873 0.05426019557532328
8954 0.05005670513454481
8961 0.031186223177209593
8963 0.05450617392297568
8985 0.042547577605957995
9042 0.04227459608333151
9176 0.08133077186336676
9182 0.040265941802965784
9338 0.03364968231010427
9341 0.02058363402587029
9358 0.04633072147287947
9385 0.03733078728338402
9568 0.02592312963695834
9575 0.03357409564211285
9578 0.024144432485165325
9582 0.028753750646050333
9625 0.02825603895384764
9652 0.04597264636884045
9729 0.0600955576409952
9776 0.023928473242052398
9921 0.036068522860721076
10004 0.022896686353908915
10140 0.03399285847744754
10218 0.04917354727372135
10228 0.048275506373740965
10250 0.053252117369811725
10318 0.008594810860891613
10460 0.025121443507295914
10468 0.05914448287565261
10561 0.04597264636884045
10578 0.029482190403522433
10663 0.09647527015903663
10749 0.01600147633786339
10788 0.04669834636352577
10794 0.03851309290596635
10888 0.062220542708066054
10898 0.0921195076825246
10914 0.0315538480678559
10951 0.015416151296128515
10985 0.032319884935261535
10988 0.016326803918252204
11011 0.02218628898771415
11082 0.062220542708066054
11127 0.07736504100373594
11132 0.048275506373740965
11137 0.09647527015903663
11138 0.24888217083226422
11154 0.07504185966949165
11156 0.043999984579982734
11159 0.04311031355276535
11202 0.04597264636884045
11219 0.035728132321540165
11221 0.06473386659367214
11222 0.06618627356769688
11223 0.19295054031807327
11272 0.08133077186336676
11319 0.025925577256369278
11332 0.07847394114640274
11479 0.07428898117132249
11497 0.014735193516566455
11634 0.05245553272115718
11637 0.02163110859955924
11750 0.0409853284856945
11801 0.07736504100373594
11829 0.07177565728571642
11893 0.00843330942303209
11907 0.09647527015903663
11953 0.036595406729019765
11991 0.03695819388793847
12030 0.09109421753935515
12051 0.023368594610296476
12078 0.029482190403522433
12091 0.055178752016021786
12204 0.01100052935450956
12265 0.017615608042631584
12270 0.20924024565051202
12271 0.029482190403522433
12291 0.03507157412154196
12323 0.07736504100373594
