231
26 0.03405319837438079
29 0.10744768015388412
70 0.051311459036941294
104 0.06080600847417458
105 0.03550685169688886
119 0.10856189512827488
129 0.04668610604674677
336 0.048438156563032096
337 0.032357846998521136
338 0.048438156563032096
343 0.02757667507400289
344 0.024139372737033045
347 0.03746817423151113
373 0.03117634946867252
374 0.01644223766284897
450 0.02757667507400289
493 0.05042351157746034
551 0.06820553987337953
590 0.04881543521285379
641 0.03874788042871939
642 0.03223527739888759
645 0.07338603348128898
673 0.062316397850705044
674 0.018517528477459695
678 0.08072673461388613
711 0.021165641768303652
769 0.015371742128620088
784 0.3580097073591666
956 0.02830304699476332
1122 0.10053049943640575
1178 0.06496291951244644
1184 0.025592995821737723
1205 0.06281872898227876
1303 0.1831633563469577
1575 0.056052766350650804
1645 0.05675366083088116
1709 0.0496007297757267
1710 0.04318336912888582
1742 0.029465620207457927
1814 0.024913808697724978
1819 0.07144656860521008
1914 0.19084713856908667
1933 0.08636673825777164
1958 0.020281754710243908
2030 0.12955010738665745
2042 0.1543804005171921
2077 0.05675366083088116
2080 0.02060694168203497
2105 0.032986707615897504
2152 0.05813798508924515
2162 0.051772590191436915
2181 0.06496291951244644
2269 0.054327298585706583
2428 0.044829401573280234
2450 0.09185937156199174
2530 0.08151412338934447
2630 0.01210016783061881
2644 0.10995352203242943
2675 0.03433252258605272
2677 0.026716991557939444
2705 0.05679290378267521
2735 0.062316397850705044
2828 0.022855027291127827
2841 0.03419218901743781
2844 0.05224884306657066
3133 0.0442597438015722
3195 0.0442597438015722
3246 0.0537791425371866
3347 0.08436257656487255
3400 0.032357846998521136
3468 0.0633184786971546
3561 0.041472639867671225
3599 0.03597291557731437
3623 0.04512283400496473
3670 0.06471569399704227
3680 0.0924529833984684
3690 0.0633184786971546
3723 0.09271940208779234
3753 0.05224884306657066
3820 0.08341007081460505
3831 0.12878970673968196
3918 0.013176542503305196
3933 0.022855027291127827
3975 0.044829401573280234
3985 0.04881543521285379
4001 0.04668610604674677
4013 0.04668610604674677
4059 0.025363053108484107
4079 0.04736178189034572
4169 0.09430591273913373
4191 0.09614086061022152
4350 0.041472639867671225
4552 0.02528720744599803
4624 0.005438584707291619
4708 0.13963128800559113
4820 0.02766550967118108
4827 0.05456704216383753
4861 0.007221827405998366
4872 0.024124634233303424
4931 0.030295812522808677
4941 0.017867765952707598
4972 0.04609651912123408
4992 0.062316397850705044
5219 0.0457281053900065
5297 0.027488380508107358
5312 0.028026383175325402
5337 0.03163748062316814
5389 0.02337613830009931
5401 0.032113733498301884
5425 0.019859196577819156
5762 0.05675366083088116
5802 0.013542583696967904
5807 0.03273188684548384
5845 0.02830304699476332
6017 0.1193365691197222
6055 0.02630550762563606
6079 0.021511477424702254
6156 0.04604047036144876
6162 0.03329887354761012
6180 0.028118020144034202
6230 0.03476184678914584
6258 0.023244097287439584
6360 0.0380002229026947
6398 0.03187365511725317
6401 0.06049847687521185
6410 0.020068939014816926
6441 0.10164923295761323
6570 0.03855801613869129
6584 0.020443438138965417
6620 0.039135221019616126
6630 0.03597291557731437
6638 0.026969596383370414
6664 0.04267368836474832
6732 0.030619790520663916
6817 0.026969596383370414
6867 0.1139618454182276
6966 0.05000989518118967
7150 0.02775489094624333
7188 0.033644032968917825
7193 0.22664332061349446
7374 0.040578547707234194
7376 0.08030265667754855
7426 0.0574293366744801
7484 0.023004742109798724
7497 0.09158167817347886
7537 0.025779217499140864
7554 0.027400619447376748
7660 0.026633756881090365
7951 0.06304163611463061
7971 0.04702001526643231
8098 0.042790563028201
8156 0.025515943060862346
8169 0.03566055060587211
8208 0.10753962279265418
8252 0.017420825723972966
8258 0.048438156563032096
8312 0.03117634946867252
8324 0.009948663986371101
8327 0.03199319827241785
8332 0.05000989518118967
8383 0.10354518038287383
8455 0.035055279220830335
8461 0.06137901382107569
8483 0.03140508508353683
8776 0.06190232057121456
8817 0.0992014595514534
8823 0.1274946204690127
8867 0.03894025955060574
8873 0.028585083261594084
8890 0.034929811827364494
8957 0.03855801613869129
8988 0.036131653893516726
8996 0.0429262931901793
9027 0.022351967089907193
9042 0.2227089003420148
9312 0.07562498136666998
9338 0.09454483386815933
9340 0.06137901382107569
9341 0.0433750661026568
9385 0.039332835106908194
9473 0.07600575104195273
9568 0.027313385483282472
9575 0.05306200848632682
9671 0.029668762139292815
9776 0.22690580209857153
9849 0.028210238938663364
9898 0.016944572848839223
10105 0.03311581434475142
10116 0.03566055060587211
10218 0.025905360793179982
10298 0.03106331845962344
10312 0.027935320736841983
10328 0.0596682845598611
10392 0.015719880505810028
10418 0.04079696402407228
10420 0.05310199295695598
10597 0.02462185090042531
10628 0.03405319837438079
10760 0.028210238938663364
10898 0.04852993560383666
10951 0.040607296352390604
10960 0.022855027291127827
11026 0.06682121561501554
11036 0.023180974132962634
11084 0.038002875520976365
11112 0.04771178464227167
11136 0.04604047036144876
11159 0.04542231701426681
11194 0.0397363169234272
11319 0.009105321456123906
11332 0.04134124688919335
11634 0.055268719711267546
11637 0.022791183621910516
11643 0.048438156563032096
11656 0.048438156563032096
11740 0.07562498136666998
11768 0.03419218901743781
11780 0.041941209901387555
11828 0.05679290378267521
11893 0.02369489943505149
11929 0.038897170331894826
11953 0.03855801613869129
11977 0.037225541720901235
12004 0.02646870497584665
12051 0.07386555270127594
12083 0.039332835106908194
12098 0.029566836027243287
12138 0.029771408583197625
12265 0.009280166008676061
12270 0.044092357428334984
12271 0.03106331845962344
