195
15 0.05548541270161108
84 0.03559698625519328
116 0.04517192535327279
150 0.047089996313342014
188 0.09469190600910583
280 0.05278177839314082
330 0.03534296870430317
344 0.013931465249749354
374 0.03795698672429623
450 0.031830445196921894
492 0.11732887776658278
493 0.029100731280976254
524 0.045865741782302336
526 0.28338751215365704
674 0.06412170870518191
677 0.038224010357425724
846 0.04634476973171438
988 0.09034691249773748
1001 0.10570837783454066
1205 0.02416955760432639
1256 0.16493475594091278
1308 0.0383743686533954
1468 0.041890299301856296
1524 0.018144710832599865
1595 0.042848550828763175
1622 0.029992688306554015
1632 0.03132695878021366
1726 0.05014658760845836
1818 0.04634476973171438
1958 0.04682053076155149
1971 0.09667823041730556
2042 0.022274244741953424
2091 0.043450945128964025
2100 0.04386491276956894
2105 0.038074988597321925
2154 0.03930598818482942
2157 0.14169375607682852
2166 0.06404932133853687
2247 0.07872641256569533
2266 0.05232072232549291
2464 0.03692822798802456
2482 0.08246737797045639
2547 0.09891082113466326
2723 0.09891082113466326
2781 0.09080939810944252
2828 0.026380471601894263
2889 0.06087670994284087
3006 0.09891082113466326
3067 0.06710591263365322
3239 0.02280277726525379
3285 0.07197075648457574
3339 0.06270741834135608
3347 0.04868785600173369
3400 0.07469824935840652
3441 0.05871049624538415
3442 0.023043137477400815
3584 0.07712855287730366
3604 0.049547779753372184
3605 0.04450568519631514
3683 0.044724836521207435
3694 0.09408787790249853
3721 0.029720083314447067
3921 0.10570837783454066
4025 0.027213208074697823
4059 0.029275366585339285
4169 0.05442641614939565
4302 0.07084687803841426
4350 0.04786989682175521
4371 0.11732887776658278
4596 0.04116127846109868
4627 0.11732887776658278
4905 0.040983871116446385
4987 0.08729032120262113
5005 0.06630511889000178
5120 0.06270741834135608
5235 0.1093349070432652
5370 0.05208314240460572
5380 0.039147078581546264
5389 0.026981965268845307
5411 0.07308551015355212
5471 0.05278177839314082
5472 0.18160008760305932
5490 0.06710591263365322
5513 0.09891082113466326
5520 0.06336494722889216
5609 0.03962839884485052
5639 0.10570837783454066
5752 0.03559698625519328
5766 0.055909861641478695
5810 0.06983051609760849
6057 0.021650100872335914
6058 0.05821001616556635
6106 0.09034691249773748
6122 0.04450568519631514
6136 0.06087670994284087
6156 0.053142326431591766
6258 0.026829556604423915
6361 0.0546674535216326
6405 0.11732887776658278
6536 0.09891082113466326
6577 0.09408787790249853
6616 0.040292439613464626
6657 0.02808947979216085
6696 0.05388755301321941
6732 0.07068593740860633
6817 0.03112972312145266
6911 0.06404932133853687
6932 0.02792671309979486
6984 0.08246737797045639
7041 0.08729032120262113
7121 0.04386491276956894
7193 0.026160361162746455
7229 0.04786989682175521
7310 0.08470601008559427
7379 0.04428936170943657
7388 0.07308551015355212
7461 0.053142326431591766
7537 0.009918575119781767
7589 0.03706735606969156
7766 0.06030835593377582
7772 0.07712855287730366
7773 0.1523027355407652
7833 0.025446856137649427
7911 0.038224010357425724
7984 0.04683788874110673
7988 0.04868785600173369
8031 0.075669821270579
8225 0.041340583246489204
8324 0.034449809806763945
8354 0.08246737797045639
8385 0.0401239473648079
8414 0.053142326431591766
8473 0.03172853097653885
8582 0.0507675785135884
8804 0.08049276450274374
8823 0.0367902450064314
8837 0.06577037052854602
8868 0.03946641847727183
8890 0.02015891071215229
8923 0.05548541270161108
8975 0.07192885586581794
8998 0.09891082113466326
9077 0.05208314240460572
9291 0.03585491192140492
9338 0.06820537975065655
9434 0.041890299301856296
9568 0.031526542537668865
9614 0.07197075648457574
9617 0.10570837783454066
9625 0.0687274435224426
9857 0.09408787790249853
9859 0.12809864267707374
9922 0.08690189025792805
10087 0.08729032120262113
10141 0.03651764001432446
10218 0.11960530627003002
10318 0.04181048723728269
10420 0.030646553149135145
10619 0.023410265380775744
10726 0.06887226457070161
10760 0.06512347569962902
10788 0.056792425285314925
10844 0.045631264706617346
10875 0.06336494722889216
10897 0.03946641847727183
10971 0.11732887776658278
11011 0.026981965268845307
11036 0.013378348273866561
11129 0.056792425285314925
11163 0.049547779753372184
11217 0.04083130274964086
11288 0.11732887776658278
11332 0.06362431486984801
11370 0.11732887776658278
11497 0.017920278597014425
11634 0.04252937066446176
11637 0.026306779889287916
11736 0.023164622339613056
11783 0.0647628263636339
11812 0.27402955007082386
11893 0.010256211035549209
11953 0.04450568519631514
12007 0.04734595300455292
12029 0.036382981960046856
12064 0.031426453657548335
12131 0.06796583638529169
12138 0.0343637217612213
12177 0.02057160447732446
12186 0.025169745074389273
12191 0.06550805294526155
12204 0.013378348273866561
12247 0.11732887776658278
12259 0.07308551015355212
12270 0.025446856137649427
12291 0.042652468621282316
