158
26 0.04123262568319704
119 0.06572498618294684
129 0.1130578522503647
184 0.07797120422381743
193 0.04993934628616302
203 0.04536758004742923
343 0.033390658592849044
435 0.02208007647925935
479 0.043178855584233115
594 0.031753515547097745
638 0.05499869276660363
664 0.07545454844665608
784 0.07224813409204399
1068 0.05136993864516212
1205 0.0507085239501648
1347 0.03802621132858494
1416 0.12772133254070026
1487 0.054636069829243364
1572 0.13294173591253688
1729 0.045156959693144066
1994 0.0605534688927559
2042 0.14019628635242332
2086 0.03788718618261145
2105 0.039941286944448394
2129 0.04140091968881822
2133 0.06268779245179766
2174 0.04887316595590822
2227 0.03734182188241718
2294 0.07039520196621547
2356 0.018110706364340166
2450 0.14830141323656476
2455 0.04536758004742923
2578 0.13708068529703635
2630 0.014651243192449172
2650 0.042445974984243615
2828 0.08302064096128788
3046 0.07797120422381743
3055 0.09826742557250703
3060 0.06578110937881769
3080 0.05734705453814381
3109 0.0605534688927559
3152 0.039786338018041635
3189 0.04966668052387094
3246 0.06511738572748488
3456 0.05292729088248513
3472 0.11004921333272544
3591 0.021967701723869748
3609 0.03734182188241718
3619 0.05957618473854145
3661 0.09324766831478423
3670 0.03917984380016238
3723 0.11226741047419445
3725 0.040414497270235585
3803 0.039941286944448394
3876 0.09337438610344556
3934 0.07431953597616249
3966 0.09573588880408901
3983 0.07545454844665608
4033 0.0818015867949938
4116 0.08443822893704372
4169 0.08564130357745693
4173 0.08258529681121521
4198 0.04536758004742923
4267 0.07431953597616249
4515 0.07039520196621547
4583 0.06578110937881769
4596 0.043178855584233115
4624 0.006585200162896378
4765 0.09156897730160285
4772 0.029380744903657517
4827 0.044047598690434904
4839 0.1816604066782677
4931 0.036683071110908474
5040 0.13938079850777652
5181 0.036426328020035315
5500 0.06158827260562297
5641 0.05693323334226363
5752 0.03734182188241718
5762 0.0687190209701821
5842 0.026188564940256218
5998 0.03963274237464742
6055 0.03185149122880472
6079 0.026046736837870368
6119 0.03948047658035065
6150 0.036943617941253774
6155 0.04394361039209748
6251 0.02698974895516264
6280 0.034959929901709846
6398 0.03859356986548889
6616 0.0422674293960641
6747 0.09735327637187238
6868 0.05260459211523533
7025 0.08662749618126765
7184 0.08090911581518183
7193 0.19209853270753374
7262 0.017666576969483764
7272 0.019958641590183127
7282 0.05368267607489782
7374 0.04913371278625352
7461 0.11149434245918836
7507 0.025559156596163535
7951 0.07633268851264388
7968 0.052287708057703185
7988 0.051074358756656606
8169 0.043178855584233115
8208 0.03255304365226415
8224 0.02698974895516264
8252 0.021093654060676724
8725 0.0605534688927559
8766 0.05777084828284853
8858 0.07129727607260024
8905 0.04601501227621598
8927 0.2806685261854861
8957 0.04668719305172278
8988 0.04374928146035839
8996 0.051976432863041384
9027 0.05412885345857272
9151 0.04374928146035839
9338 0.07154856098808277
9430 0.07545454844665608
9445 0.010786123344102769
9470 0.08635771116846623
9625 0.036048107219674004
9675 0.026117507916798455
9695 0.1037590721466026
9776 0.3968528715486117
10018 0.20861144814943064
10116 0.043178855584233115
10218 0.06273396307918941
10270 0.06953714938314354
10299 0.07129727607260024
10392 0.019034098986962983
10500 0.14259455214520048
10547 0.07325335564590771
10645 0.06578110937881769
10816 0.07806286576489731
10898 0.058761489807315034
10951 0.009833704500217713
11052 0.06386066627035013
11095 0.05536895042923286
11141 0.14449626818408798
11319 0.011024994104753204
11637 0.13798121586520948
11656 0.058650361014258565
11736 0.04860013683057765
11750 0.052287708057703185
11893 0.014345244582686581
11929 0.02354892551938948
11965 0.07957267603608327
11977 0.022536896692601276
12006 0.01861256268265426
12021 0.026117507916798455
12177 0.04315990037587607
12204 0.014034106560096375
12227 0.05428077311126871
12265 0.022473402181308413
12270 0.026694169066657124
12291 0.04474313849726389
