450
14 0.04299661556157719
29 0.02508939298605204
49 0.060028482114640125
55 0.05140765341036749
84 0.02160363272938301
103 0.022495992807875825
106 0.050846025815413184
119 0.07604869773687886
129 0.03270408611664161
188 0.028734021824214553
189 0.031608998352693464
236 0.07462885662614148
262 0.09427193181842075
289 0.029214796112837345
337 0.022666996766214337
374 0.034553857796857615
390 0.018258163166840508
413 0.05004903878819327
429 0.032251811835492084
435 0.012774145417880984
455 0.05810400140712943
464 0.026004570961561405
472 0.057101462014809354
478 0.02989334723692824
493 0.01766108811132739
522 0.11752095487061519
524 0.027835689044631358
543 0.057101462014809354
547 0.03607393951887191
576 0.02122252090862922
587 0.017767073403171935
594 0.05511176904327156
634 0.0402298270569661
642 0.04516227106160688
674 0.10377371724046887
679 0.057783538216690064
711 0.02965348921632003
717 0.041798232534622656
728 0.05140765341036749
744 0.019133300817332652
755 0.05483108884112545
784 0.041798232534622656
785 0.03393141509772922
797 0.03503243378345143
810 0.1096621776822509
878 0.03503243378345143
887 0.07171260233174097
938 0.011489170412812952
979 0.013448199527085286
1068 0.029719419992830415
1070 0.045109241451130606
1073 0.10307177644057172
1122 0.09389683253586338
1133 0.033177403830350026
1146 0.0712063084680415
1151 0.05004903878819327
1162 0.032251811835492084
1178 0.06826076623298351
1184 0.035856301165870484
1205 0.07334191748316286
1208 0.09021089836154728
1261 0.04365326248772406
1347 0.021999577476948633
1352 0.03446703855430659
1353 0.06050076746103849
1444 0.07126221243294477
1468 0.025423012907706592
1524 0.044047736625586593
1542 0.031608998352693464
1575 0.019632762860669284
1599 0.04592363566140796
1622 0.05460723709275724
1637 0.04299661556157719
1692 0.05140765341036749
1706 0.03100439499789845
1744 0.041798232534622656
1750 0.05140765341036749
1781 0.05004903878819327
1814 0.034904746364072016
1895 0.032843569814699526
1905 0.08704066609924337
1914 0.0334225842728694
1916 0.06124081236244254
1958 0.014207572847824581
1971 0.029336766993265144
1979 0.03270408611664161
1986 0.03767282940783735
1994 0.03503243378345143
2002 0.023758165987454588
2042 0.06759063805006091
2052 0.03930423506210816
2080 0.01443536958715461
2091 0.026370161046253317
2105 0.04621503988765256
2110 0.027143279354018317
2166 0.038871212434791885
2167 0.021073985482090697
2171 0.06415388524142543
2202 0.028274944135245297
2232 0.05004903878819327
2253 0.032251811835492084
2266 0.015876592208576026
2363 0.039756509343257695
2373 0.019890860784243514
2413 0.045109241451130606
2434 0.033177403830350026
2450 0.021449470749576455
2458 0.03367381916127721
2478 0.0712063084680415
2564 0.060028482114640125
2608 0.05140765341036749
2644 0.05776765976866898
2645 0.03081058921407067
2656 0.01675384921459639
2694 0.03062040618122127
2763 0.02565166289002553
2781 0.018370589681090517
2809 0.03503243378345143
2828 0.048030528396102355
2841 0.023951971771282374
2863 0.057101462014809354
2933 0.08437922612612034
3014 0.03626721933945342
3055 0.02842568016653238
3067 0.04072624238789329
3091 0.03594419233496111
3152 0.023017876227233013
3171 0.041798232534622656
3179 0.038871212434791885
3181 0.03930423506210816
3220 0.04592363566140796
3239 0.027677782704236563
3246 0.03767282940783735
3252 0.04680893256987377
3285 0.02183934588172895
3340 0.03626721933945342
3350 0.027414615327690513
3390 0.030433712942957714
3392 0.04592363566140796
3397 0.03626721933945342
3400 0.09066798706485735
3414 0.05140765341036749
3434 0.03594419233496111
3468 0.044355230183751405
3520 0.02553669561011985
3523 0.03081058921407067
3542 0.0712063084680415
3584 0.04680893256987377
3609 0.02160363272938301
3661 0.017982414690309725
3670 0.045333993532428674
3680 0.0809553041266825
3702 0.08475958117695492
3800 0.044355230183751405
3803 0.04621503988765256
3826 0.028578682989856302
3933 0.016010176132034117
3939 0.06635480766070005
3966 0.027693386081390492
3971 0.035631106216472384
3977 0.031608998352693464
4001 0.06540817223328323
4005 0.05004903878819327
4025 0.016515559727989106
4033 0.023662630111680554
4048 0.06689993482581799
4059 0.017767073403171935
4101 0.031229147079196516
4169 0.11560891809592375
4244 0.027553045980317444
4267 0.04299661556157719
4289 0.050846025815413184
4303 0.057101462014809354
4350 0.11620800281425886
4431 0.03399570723747567
4547 0.023951971771282374
4552 0.10628365652966185
4570 0.05324279186932225
4583 0.07611363644902905
4589 0.0334225842728694
4596 0.024980573809551317
4624 0.01523913281110403
4655 0.02224475791946801
4708 0.09781311945228399
4772 0.016997853618737836
4793 0.05140765341036749
4815 0.036945770463544324
4827 0.012741587002848859
4861 0.020235850483550966
4872 0.01689954854466629
4882 0.03594419233496111
4931 0.04244504181725844
4933 0.039756509343257695
4941 0.025033098962857943
4965 0.02989334723692824
4995 0.02812640870870678
5013 0.04432474577244253
5040 0.026878991871113145
5066 0.03446703855430659
5224 0.026826829782885444
5286 0.05140765341036749
5322 0.041798232534622656
5337 0.022162372886221266
5340 0.025310586393456593
5346 0.038056818224514524
5368 0.023381289716341635
5389 0.016375219626916057
5401 0.022495992807875825
5425 0.06955783316325326
5440 0.038056818224514524
5455 0.04680893256987377
5461 0.028274944135245297
5462 0.057101462014809354
5468 0.060028482114640125
5469 0.03532736736186138
5471 0.032032997036167396
5472 0.05510609196063489
5511 0.05004903878819327
5523 0.05297605888802404
5581 0.047778665614509365
5585 0.04124812580725047
5595 0.0402298270569661
5727 0.04592363566140796
5749 0.05140765341036749
5762 0.039756509343257695
5802 0.04743357938483794
5845 0.059479705933491195
5942 0.10169205163082637
5971 0.03081058921407067
5998 0.04585803087038422
6057 0.013139337820538208
6072 0.04592363566140796
6079 0.015069005958415703
6136 0.07389154092708865
6156 0.032251811835492084
6162 0.011663097656910777
6180 0.01969695547748594
6198 0.024660929846159266
6244 0.04592363566140796
6249 0.035631106216472384
6297 0.038056818224514524
6303 0.06162117842814134
6360 0.013309768874458354
6410 0.014058493316041656
6452 0.01175118908179072
6484 0.029719419992830415
6502 0.10179424529318766
6558 0.035631106216472384
6584 0.014320833713300223
6620 0.027414615327690513
6630 0.02519938860887601
6657 0.03409472929190668
6733 0.03845586921420939
6747 0.03754832734840147
6748 0.060028482114640125
6755 0.0712063084680415
6772 0.021073985482090697
6775 0.06839140516126879
6778 0.0414082423684498
6817 0.018892473100447706
6868 0.030433712942957714
6911 0.07774242486958377
6923 0.023381289716341635
6939 0.04365326248772406
6966 0.03503243378345143
7002 0.028891769108345032
7042 0.014947154250332552
7052 0.060028482114640125
7054 0.05140765341036749
7101 0.05943883998566083
7102 0.02224475791946801
7121 0.026621395934661125
7145 0.0712063084680415
7150 0.03888515965563976
7188 0.023567982954605188
7193 0.09525955325145616
7256 0.029380238717653797
7259 0.020711865552962876
7282 0.01552871230418736
7344 0.03393141509772922
7374 0.02842568016653238
7424 0.0712063084680415
7483 0.01120573994022443
7484 0.024172579298967316
7526 0.04885065576123873
7528 0.060028482114640125
7537 0.024078134317373597
7542 0.023326195313821553
7580 0.043052519526480454
7589 0.0899839712315033
7605 0.02612498060373394
7660 0.05597164246960611
7772 0.09361786513974754
7773 0.18486353528442404
7838 0.03626721933945342
7880 0.04072624238789329
7886 0.05297605888802404
7932 0.05140765341036749
7944 0.032937992878212224
7951 0.04416129917458666
7952 0.03331101460413103
7988 0.029548416034491903
8092 0.04940569284533821
8208 0.09416573212490034
8225 0.02508939298605204
8252 0.012203463362940248
8324 0.013938278057717078
8327 0.022411556671706037
8342 0.03767282940783735
8352 0.022753588744327837
8412 0.024050276845353914
8447 0.02168159859759847
8450 0.05483108884112545
8454 0.04592363566140796
8455 0.024556575126077385
8515 0.018091818927390535
8560 0.027143279354018317
8621 0.03730280695713533
8625 0.025310586393456593
8650 0.04072624238789329
8659 0.032251811835492084
8662 0.0334225842728694
8753 0.02168159859759847
8754 0.020711865552962876
8817 0.034745809308006574
8823 0.022327815491037722
8873 0.020024137881674686
8927 0.032475436134322674
8985 0.031403445987593315
8986 0.09328607078267685
8988 0.025310586393456593
8996 0.030070299453849092
9095 0.04072624238789329
9112 0.06406599407233479
9160 0.027278042860808007
9232 0.028891769108345032
9273 0.014826744608160015
9322 0.057101462014809354
9338 0.08278700695266375
9341 0.06076933877140772
9385 0.027553045980317444
9423 0.036945770463544324
9434 0.025423012907706592
9445 0.012480346997184973
9534 0.02435102276097723
9540 0.04885065576123873
9546 0.020711865552962876
9552 0.0712063084680415
9568 0.019133300817332652
9575 0.0123901566012038
9582 0.02122252090862922
9627 0.039756509343257695
9628 0.030250383730519245
9658 0.0171471154058703
9669 0.035631106216472384
9675 0.015109949659605186
9715 0.03767282940783735
9730 0.0712063084680415
9731 0.035631106216472384
9776 0.1589497930019465
9876 0.04124812580725047
9888 0.06406599407233479
9898 0.01186984344128569
9931 0.09555733122901873
9978 0.03767282940783735
10004 0.05069864563399888
10046 0.045109241451130606
10081 0.04932185969231853
10122 0.039756509343257695
10150 0.03594419233496111
10185 0.0712063084680415
10216 0.027143279354018317
10218 0.03629393076451985
10259 0.05140765341036749
10270 0.0402298270569661
10276 0.027980010556835345
10318 0.02537457536532418
10334 0.04072438420214886
10415 0.041798232534622656
10418 0.028578682989856302
10468 0.04365326248772406
10476 0.02588556965159615
10576 0.024980573809551317
10578 0.02176016652481084
10600 0.05140765341036749
10619 0.028415145695649163
10647 0.02519938860887601
10653 0.02078326581801528
10670 0.04299661556157719
10749 0.011810343295019444
10750 0.02183934588172895
10794 0.02842568016653238
10797 0.04592363566140796
10845 0.018952147734945322
10888 0.04592363566140796
10896 0.039756509343257695
10897 0.04790394354256475
10914 0.02328921220090521
10951 0.028445818881163897
10981 0.019826568644497063
11011 0.032750439253832114
11021 0.02414954100845999
11025 0.039756509343257695
11036 0.008119252583980274
11067 0.01264453225086986
11084 0.026621395934661125
11095 0.032032997036167396
11177 0.03767282940783735
11215 0.04237979058847746
11217 0.0123901566012038
11319 0.012756738234823555
11332 0.13514647347911404
11410 0.05483108884112545
11424 0.030433712942957714
11497 0.03262718206895748
11624 0.02519938860887601
11634 0.03871629317690278
11637 0.01596545300061693
11643 0.03393141509772922
11656 0.03393141509772922
11740 0.05297605888802404
11750 0.06050076746103849
11893 0.02282295812914006
11927 0.04885065576123873
11930 0.017452373182036008
11945 0.023474208133965845
11957 0.01670574276083851
11965 0.04603575245446603
11977 0.013038432900786157
11992 0.04885065576123873
12006 0.01076805972710226
12007 0.028734021824214553
12021 0.03021989931921037
12024 0.019632762860669284
12030 0.1120577833585302
12064 0.01907255737711786
12080 0.1096621776822509
12086 0.041798232534622656
12109 0.032937992878212224
12157 0.023758165987454588
12177 0.03745441127483749
12186 0.04582617679326493
12191 0.039756509343257695
12200 0.029548416034491903
12204 0.024357757751940823
12205 0.02435102276097723
12270 0.12354855665007794
12271 0.06528049957443254
12275 0.01925588658955633
12318 0.05483108884112545
