302
26 0.02648137521050975
41 0.03441846693649312
47 0.06338923183359485
119 0.021105714115672497
132 0.050907721934002746
152 0.0446597642855111
262 0.026163188868478016
289 0.032431805043582916
344 0.00938595810836734
352 0.05570426018670238
374 0.01278626048758616
419 0.06086885483487461
476 0.049239439235742824
485 0.03122356905363044
508 0.04773121975731375
636 0.045790193757542744
674 0.014400104630166805
679 0.032073207681032646
740 0.04182120094475912
744 0.02124017842025229
769 0.0358613778187809
785 0.03766779802440194
938 0.02550861785936745
952 0.011631478777178678
1032 0.07904724390987596
1033 0.03826240205495529
1133 0.036830758247370546
1254 0.04141043319760227
1347 0.024422077258998264
1465 0.19002179631599958
1524 0.012224521449119318
1543 0.11041211003361061
1553 0.11456928890284597
1595 0.05773616714010114
1628 0.053039848796734054
1664 0.02389663981437683
1679 0.14243647574347082
1698 0.0456713845816976
1729 0.029001752209229993
1736 0.027145970902285654
1854 0.03921746660691136
1868 0.05422988193313139
1958 0.04731615079189387
2042 0.015006686252708248
2070 0.04846017384650233
2078 0.0452108427585935
2080 0.01602493101011055
2183 0.035803244003862165
2223 0.07904724390987596
2227 0.04796506552408523
2435 0.0452108427585935
2460 0.06798438981323714
2464 0.024879421848184473
2596 0.026698590908528556
2630 0.04704830966389116
2644 0.02137626281565659
2658 0.03189808993777288
2675 0.026698590908528556
2677 0.020776394339337315
2701 0.022992567981928485
2757 0.05970696652326731
2774 0.055560225795454304
2828 0.017773148545075584
2853 0.027376486417191568
2858 0.04846017384650233
2900 0.05253651633483238
2936 0.030281784771500987
3025 0.03955465189065793
3027 0.07904724390987596
3045 0.055560225795454304
3079 0.07904724390987596
3089 0.02785213009335119
3101 0.0954624395146275
3201 0.03710293691606897
3285 0.048488403285784194
3300 0.058274043416953546
3301 0.030587070063373627
3308 0.0701792932757816
3361 0.02836155981996058
3369 0.0893195285710222
3591 0.028217215965435014
3595 0.02886808357005057
3619 0.03826240205495529
3668 0.1074097320115865
3670 0.025162989918056003
3749 0.03138846056877081
3751 0.07904724390987596
3805 0.025955937765888316
3887 0.019260063644626933
3891 0.03677319061152525
3975 0.03486145972173271
4013 0.03630532080274911
4048 0.01237777845695767
4059 0.0197235078616038
4169 0.03666836566067492
4244 0.030587070063373627
4259 0.03338151276917047
4320 0.01762485492886082
4339 0.025259117036029666
4356 0.015242824501955233
4382 0.025453860967001373
4410 0.0123469602436053
4440 0.4441590419352433
4465 0.07904724390987596
4624 0.021146501521613462
4676 0.08550505126262636
4778 0.04269046575987326
4787 0.030587070063373627
4827 0.014144636300941515
4839 0.03889005619888203
4861 0.022464136160280722
4906 0.05706844527388338
4931 0.02355945453063026
4941 0.0277896372120626
4991 0.040631167808361776
5005 0.04467132904653151
5013 0.049205598010884734
5188 0.046400875894990846
5223 0.06338923183359485
5291 0.045790193757542744
5394 0.05007647901277422
5411 0.049239439235742824
5433 0.02347670787346264
5435 0.05098055084522257
5438 0.046400875894990846
5471 0.03556033425070354
5473 0.06496035421803042
5520 0.04269046575987326
5627 0.025259117036029666
5651 0.07121823787173541
5851 0.3161889756395038
6010 0.02172382464417185
6055 0.02045640500134257
6068 0.019489408949400596
6079 0.016728340720104495
6092 0.1580944878197519
6114 0.0552236093650828
6119 0.025356069289569044
6146 0.03605149285813005
6162 0.025894776602393536
6180 0.0218659003311427
6209 0.021583513918246287
6258 0.05422712324385056
6260 0.05706844527388338
6295 0.03338151276917047
6409 0.019316964864145105
6410 0.015606554729027522
6437 0.05695262952921711
6508 0.03955465189065793
6570 0.029984534243037635
6584 0.015897782933601824
6616 0.027145970902285654
6629 0.047046472645051914
6638 0.020972831780798187
6718 0.05422988193313139
6732 0.04762279024310033
6733 0.04269046575987326
6747 0.06252448387313356
6757 0.044134326840889665
7008 0.045790193757542744
7042 0.03318614244171542
7176 0.026958019264391342
7235 0.0379611877194022
7250 0.06338923183359485
7262 0.03403871902377298
7272 0.012818302688327458
7277 0.0331850753277096
7352 0.049239439235742824
7394 0.031061050160741475
7405 0.0379611877194022
7463 0.045790193757542744
7471 0.060264363362523284
7482 0.024244201642892097
7537 0.020047136945047717
7616 0.044134326840889665
7672 0.07904724390987596
7677 0.058809556883363125
7707 0.04269046575987326
7773 0.0342033200851119
7833 0.01714414969394012
7911 0.10300968448528466
7952 0.027734311252913577
7968 0.03358142715946172
7985 0.05196333287903021
8016 0.07121823787173541
8083 0.05422988193313139
8092 0.018282012445730886
8098 0.016637981292694972
8103 0.045790193757542744
8110 0.045790193757542744
8112 0.04796506552408523
8156 0.03968480461753308
8169 0.05546265642512597
8171 0.017674070118650697
8178 0.032073207681032646
8189 0.07904724390987596
8208 0.020906972304482872
8291 0.03378494380402886
8295 0.047046472645051914
8312 0.024244201642892097
8319 0.053039848796734054
8324 0.030946203756835138
8326 0.018075707747950184
8380 0.027145970902285654
8385 0.05406490736718431
8405 0.04224747297463367
8473 0.02137626281565659
8483 0.024422077258998264
8556 0.01843925212927564
8562 0.049239439235742824
8667 0.10845976386626278
8682 0.03225108329713881
8737 0.05706844527388338
8867 0.030281784771500987
8873 0.022229110668307354
8950 0.12486577866040338
8963 0.0446597642855111
9252 0.07121823787173541
9273 0.016459402581678287
9287 0.03358142715946172
9338 0.03676126383713822
9341 0.016865249889556132
9428 0.06086885483487461
9445 0.013854629658398057
9456 0.07904724390987596
9563 0.020776394339337315
9575 0.027509015760211464
9578 0.01978279864440085
9627 0.044134326840889665
9789 0.03656498438076397
9804 0.027376486417191568
9821 0.01984240230876654
9859 0.08630308961416405
9870 0.03710293691606897
9879 0.07904724390987596
9922 0.02927393087792841
10029 0.05422988193313139
10063 0.03955465189065793
10107 0.05422988193313139
10183 0.032431805043582916
10218 0.04029046385516213
10269 0.03656498438076397
10400 0.06086885483487461
10420 0.020647308726468007
10453 0.11413689054776675
10461 0.09280175178998169
10576 0.027731328212562984
10592 0.058809556883363125
10619 0.04731615079189387
10638 0.06883693387298624
10653 0.023071830540095786
10698 0.07904724390987596
10749 0.05244339200759287
10778 0.05196333287903021
10808 0.07420587383213793
10816 0.025067674009059335
10898 0.018869584870388006
10951 0.01894689078840289
10959 0.02124017842025229
10960 0.05331944563522676
10985 0.02648137521050975
10988 0.013377405934881579
11036 0.018026620202052215
11103 0.01833418283033746
11215 0.047046472645051914
11217 0.013754507880105732
11257 0.03172564585251738
11264 0.06338923183359485
11300 0.04053734867728219
11332 0.03214890591207073
11376 0.05098055084522257
11424 0.03378494380402886
11499 0.03189808993777288
11526 0.06338923183359485
11536 0.06086885483487461
11629 0.014363253477782896
11637 0.017723500692889364
11678 0.055560225795454304
11764 0.02809768037678165
11770 0.023232044122600923
11812 0.05274862809394269
11857 0.07778011239776406
11876 0.06379617987554576
11892 0.029694906369283253
11893 0.009213136393481331
11899 0.049239439235742824
11930 0.019374154192331808
11953 0.029984534243037635
11957 0.03709061601766159
11965 0.025552506731029916
11977 0.04342250881494161
11987 0.055560225795454304
12006 0.011953792606260298
12016 0.0350896466378908
12051 0.057441342064531935
12064 0.06351823851326834
12105 0.022229110668307354
12177 0.013859577179043908
12193 0.03441846693649312
12204 0.018026620202052215
12265 0.0072166953420873215
12270 0.01714414969394012
