302
51 0.06126258911773881
69 0.04285498603251068
116 0.0351514696578538
119 0.12188861028432273
129 0.041933715905756265
201 0.02917502488337497
203 0.06730823822223872
220 0.03950584310424613
337 0.029063995228029205
343 0.024769520444063
344 0.010841058338473687
374 0.02953701567307646
386 0.09130189724143029
435 0.032758437767179356
456 0.018608100866848033
493 0.022645337001790652
496 0.022444110815550603
522 0.0376718242251226
576 0.02721186457901298
587 0.02278123308225432
594 0.0706652146732276
674 0.13306036321350573
678 0.036254597373236816
684 0.05888403927009639
696 0.04608823327031109
710 0.08225916444720645
769 0.013806982890212947
784 0.10718875936286801
878 0.04491916149324665
938 0.02946320569028597
952 0.013434700914944414
956 0.025421951677813515
959 0.046502423796472146
968 0.06263711247565784
992 0.046502423796472146
1020 0.048304720092771626
1073 0.033040080800187804
1113 0.03878753844004277
1122 0.03009901489041825
1178 0.0875250746501249
1205 0.13165629423353142
1335 0.07450190411388367
1413 0.024300754837993026
1444 0.04568678911131772
1505 0.07030532191196265
1524 0.014119682685530129
1575 0.02517345072135991
1577 0.04783027123426661
1622 0.02333943184223638
1664 0.027601323522870046
1698 0.026375897853606403
1709 0.04455164688721017
1710 0.03878753844004277
1794 0.06591573682271429
1795 0.07696950485854406
1814 0.02237771929435864
1862 0.0543400629616845
1895 0.02105628209619441
1905 0.11160497044423373
1914 0.04285498603251068
1920 0.043846291013904415
1929 0.04611469442891631
2042 0.12133215541567796
2078 0.052219856323514974
2086 0.028105089035865668
2137 0.07321643165298261
2139 0.046930196734852596
2152 0.10443971264702995
2181 0.02917502488337497
2270 0.21964929495894783
2356 0.040304102744833245
2373 0.012752194057227939
2434 0.04254061164560422
2450 0.055005726778824496
2456 0.03058676911036043
2578 0.05084390335562703
2620 0.04608823327031109
2630 0.021736873909041634
2681 0.08159714736329743
2705 0.10202339386801806
2806 0.0341343907350673
2832 0.06548714035715758
2841 0.030711611266475904
2844 0.046930196734852596
2853 0.03162064894436569
2937 0.043177123529291137
2984 0.0349763541996088
2991 0.06263711247565784
3055 0.03644787358619105
3067 0.052219856323514974
3112 0.03009901489041825
3183 0.0543400629616845
3269 0.023482794886678215
3285 0.02800276768186342
3385 0.09130189724143029
3400 0.0871919856840876
3407 0.029861810069191416
3428 0.052889023808128245
3472 0.02721186457901298
3591 0.01629585817977848
3599 0.03231106960624253
3623 0.08105915280799655
3652 0.04223363499394465
3661 0.06917204164337445
3670 0.11625598091211682
3677 0.0844672699878893
3680 0.14532310724374442
3687 0.09059466033492132
3695 0.05158334443982806
3721 0.023127298619362083
3723 0.04164053714619021
3729 0.0503965351946902
3803 0.059257682551045916
3814 0.02702141001758014
3820 0.11237907300674493
3918 0.03550572772553337
4013 0.041933715905756265
4014 0.04164053714619021
4025 0.021176521710100104
4048 0.014296699048012541
4061 0.05158334443982806
4081 0.018362407997743378
4101 0.020021262433805368
4162 0.053594379681434004
4169 0.10588260855050051
4184 0.06591573682271429
4191 0.08635424705858227
4320 0.020357227070998733
4446 0.027405140791967215
4451 0.014805517523084753
4552 0.0681393242796031
4616 0.04568678911131772
4623 0.04608823327031109
4624 0.004884966542649776
4708 0.06270879345686299
4872 0.043337756944504126
4882 0.04608823327031109
4898 0.06001918149420394
4931 0.02721186457901298
4946 0.07321643165298261
4995 0.036064142811803986
5040 0.034464684472037356
5051 0.057689462292809836
5112 0.06351168177484974
5146 0.028416958208024472
5224 0.03439780138651128
5297 0.024690213781850094
5341 0.05783980964914741
5346 0.04879707685492357
5368 0.029979873370512476
5425 0.05351291709209911
5433 0.027116289750390193
5461 0.07250919474647363
5762 0.05097644869998011
5766 0.043507417266261186
5796 0.046502423796472146
5802 0.012164022778210496
5845 0.025421951677813515
5938 0.04135380240046636
5942 0.03259780435196637
6008 0.010045329673978325
6072 0.05888403927009639
6162 0.05981846084696055
6186 0.033497878851380385
6209 0.02492959491566156
6244 0.05888403927009639
6411 0.06417369885875877
6570 0.03463302107548794
6621 0.036064142811803986
6709 0.07321643165298261
6732 0.027502863389412248
6747 0.048145081509034855
6778 0.03539621859364945
6952 0.018217183057374877
7042 0.01916548646849416
7188 0.030219254504323945
7193 0.020357227070998733
7208 0.029399959865222574
7262 0.026210482683678222
7312 0.02231166393420766
7336 0.09130189724143029
7399 0.052219856323514974
7483 0.014368183641983737
7484 0.22729283763068953
7496 0.040798573681648714
7505 0.05783980964914741
7537 0.03087337895345139
7554 0.07383415895068657
7580 0.027601323522870046
7589 0.028844731146404918
7605 0.033497878851380385
7660 0.023922586163779024
7707 0.04930874658249502
7713 0.07696950485854406
7833 0.019801998352181077
7854 0.033812253238286835
7951 0.05662434250605478
7952 0.02135596478617596
7971 0.04223363499394465
8013 0.09130189724143029
8054 0.06417369885875877
8092 0.042232526755512284
8208 0.1207408470274849
8224 0.020021262433805368
8246 0.09861749316499004
8247 0.043507417266261186
8284 0.09130189724143029
8376 0.03725095205694184
8383 0.09300484759294429
8461 0.055130966064534936
8515 0.023197627122610004
8556 0.02129787984809945
8694 0.05888403927009639
8753 0.027800501525455948
8817 0.08910329377442033
8823 0.0858872742926963
8837 0.0255902882812641
8845 0.07321643165298261
8933 0.06263711247565784
8942 0.026210482683678222
8986 0.07176775849133707
9042 0.08001534115759654
9195 0.09130189724143029
9233 0.052219856323514974
9267 0.02237771929435864
9338 0.12207348771459788
9341 0.03895972171080123
9386 0.06126258911773881
9434 0.03259780435196637
9445 0.008001252863612439
9522 0.05783980964914741
9575 0.04766058636431316
9618 0.05641643852543599
9653 0.046502423796472146
9675 0.05812267624140191
9753 0.07696950485854406
9776 0.045290674003581305
9849 0.025338590974002317
9870 0.04285498603251068
9898 0.015219708049245807
9921 0.0341343907350673
10004 0.021668878472252063
10122 0.10195289739996022
10127 0.03950584310424613
10140 0.03217003141358593
10174 0.03902260616473631
10175 0.05783980964914741
10218 0.02326833681201869
10318 0.008133924235061098
10392 0.014119682685530129
10420 0.11924125158654296
10437 0.04930874658249502
10578 0.027901242611058433
10630 0.04783027123426661
10749 0.015143415985282276
10788 0.044194202452077634
10816 0.028953902542968493
10848 0.06043850900864789
10898 0.06538478055435533
10899 0.04254061164560422
10951 0.021884217465945516
11011 0.06298972598840288
11021 0.030964937784574428
11036 0.010410638903328244
11061 0.06591573682271429
11103 0.021176521710100104
11115 0.06417369885875877
11138 0.05888403927009639
11154 0.03550891409298632
11159 0.040798573681648714
11163 0.03855663142524203
11322 0.0503965351946902
11332 0.0742658683294477
11419 0.05687300402849044
11433 0.05158334443982806
11497 0.01394503609126327
11510 0.046502423796472146
11568 0.08225916444720645
11634 0.06619022194816107
11694 0.09130189724143029
11708 0.09130189724143029
11739 0.04984130647587255
11828 0.025505848467004516
11893 0.029263971446960267
11929 0.03493765122758935
11945 0.120396059561673
11953 0.06926604215097588
11960 0.031354396728431495
11965 0.059027797262036386
11991 0.0349763541996088
11997 0.053594379681434004
12004 0.023774335639366824
12007 0.036843234319679785
12021 0.019374225413800635
12083 0.03532896771235385
12137 0.030964937784574428
12186 0.03917271727334985
12204 0.010410638903328244
12270 0.039603996704362154
12271 0.0837037278331753
12275 0.024690213781850094
12286 0.03245364923043142
