483
15 0.027220955273046143
29 0.1014077495977288
70 0.05811252042363427
76 0.01662864677107037
79 0.035698735087744
87 0.05186017161834579
103 0.03637023832153462
104 0.017216380491106124
106 0.020551238751752795
111 0.018253946110319358
119 0.12295119776906634
150 0.023102192468979713
169 0.02572140195117046
236 0.015081959953586382
303 0.026437050729626387
338 0.02742918848327678
344 0.020504188794133946
374 0.018621568942419942
390 0.014759378511602519
392 0.029587074864031632
429 0.026071445096378893
435 0.05163127464190148
450 0.03123181689883687
456 0.011731450360957324
485 0.02273658683573222
493 0.014276720061043873
496 0.12734871571864573
513 0.05110362601067215
522 0.07125044179405209
524 0.022501577348543064
525 0.026437050729626387
576 0.017155680787743804
587 0.028724791098054182
594 0.02970052180024127
628 0.01414985730207175
629 0.03783900643289071
635 0.030154525534392684
637 0.06851722868528058
669 0.03646502459555562
674 0.16777542826320732
677 0.018752569831128357
744 0.030933629671164097
748 0.046159193766713624
769 0.017409184910395087
791 0.03585550338602484
797 0.028319220595621693
810 0.04432388882794263
846 0.02273658683573222
878 0.028319220595621693
887 0.014492605748376486
938 0.009287517772597207
943 0.05663844119124339
956 0.06410893112004983
968 0.03948947724542027
979 0.010871141051049827
1020 0.03045364113314144
1078 0.04432388882794263
1122 0.15180704430928565
1133 0.026819667273746014
1178 0.11036011422598767
1205 0.04743001192438297
1242 0.025894561451640808
1254 0.030154525534392684
1353 0.07336064304828156
1355 0.03585550338602484
1362 0.020460356363234684
1376 0.03378849939378811
1413 0.015320375848972816
1468 0.020551238751752795
1524 0.01780346718056277
1541 0.04155648123765701
1543 0.016080125389789278
1575 0.015870565710323484
1622 0.029428622304810394
1645 0.032138028581258554
1664 0.017401214617347553
1709 0.02808752154215595
1744 0.03378849939378811
1876 0.03142237980280262
1883 0.03334380880049718
1896 0.02227309675431415
1905 0.035180596348100446
1929 0.05814588522221224
1933 0.04890709536552104
1971 0.011857502981095742
1986 0.06090728226628288
2042 0.17484270271101135
2080 0.011669141180567007
2086 0.017718812858648972
2115 0.11057132379546007
2128 0.05186017161834579
2133 0.02931738603182459
2152 0.0329219331246783
2163 0.027642830948865018
2186 0.02742918848327678
2266 0.025668368908687157
2356 0.05081932692404041
2373 0.008039602356315317
2388 0.04282433550606694
2392 0.022856658639375964
2445 0.04282433550606694
2450 0.06935656227270498
2458 0.027220955273046143
2480 0.019205423970970158
2578 0.12821786224009965
2596 0.03888311611915928
2629 0.03142237980280262
2630 0.04111194244233019
2631 0.04852531335769911
2644 0.015565909678576564
2656 0.02708666800980646
2675 0.01944155805957964
2678 0.052874101459252774
2689 0.03948947724542027
2692 0.04852531335769911
2694 0.024752663281509275
2705 0.016080125389789278
2793 0.046159193766713624
2806 0.08607990968565592
2809 0.028319220595621693
2828 0.05176867955682895
2832 0.061929409820893684
2855 0.07057610543132758
2898 0.05186017161834579
2925 0.09231838753342725
2936 0.04410158414725697
2937 0.027220955273046143
2991 0.03948947724542027
3054 0.032520645125378174
3055 0.045957018698305825
3112 0.037951761077321414
3181 0.03177242294801105
3220 0.14849343061773912
3239 0.044747860730658943
3246 0.03045364113314144
3262 0.03378849939378811
3274 0.04432388882794263
3285 0.01765430450855281
3308 0.025551813005336075
3320 0.03646502459555562
3332 0.08774946342828818
3367 0.03783900643289071
3400 0.07329341553950416
3452 0.029865907413105686
3453 0.026071445096378893
3456 0.04950532656301855
3472 0.017155680787743804
3484 0.022978509349152913
3487 0.04045821591508146
3520 0.020643136606964558
3525 0.04155648123765701
3580 0.025385650334275155
3582 0.03142237980280262
3591 0.020547400585716406
3595 0.02102135370060498
3599 0.020370467244746733
3609 0.03492752143410547
3652 0.026626134286329053
3661 0.01453647130555306
3670 0.05497006165462812
3677 0.05325226857265811
3680 0.09161874342412915
3687 0.11423054596403251
3688 0.03045364113314144
3690 0.03585550338602484
3695 0.032520645125378174
3744 0.0347572380634493
3765 0.07402347088531014
3803 0.01867946026108134
3805 0.018900767939223236
3826 0.023102192468979713
3876 0.021834338200569778
3915 0.029056260211817134
3918 0.007461511616585803
3952 0.03646502459555562
3966 0.04477308738104757
3971 0.028803170320611877
3985 0.055285661897730036
3996 0.03712335765443478
4014 0.02625221660338496
4025 0.01335070757824495
4033 0.01912819549299559
4048 0.01802666660154607
4169 0.12015636820420456
4178 0.02121719086858743
4191 0.054441910546092286
4267 0.0347572380634493
4269 0.03425861434264029
4289 0.020551238751752795
4302 0.0347572380634493
4320 0.012834184454343579
4329 0.04282433550606694
4410 0.008990891888556361
4446 0.01727753149752075
4552 0.12887501623115521
4583 0.03076404674392345
4596 0.06058075080002594
4624 0.0030797201133046276
4708 0.13837133945833127
4782 0.024752663281509275
4873 0.026626134286329053
4931 0.051467042363231415
4991 0.029587074864031632
4992 0.03528805271566379
5001 0.011013195920361823
5013 0.01791543032856027
5035 0.021834338200569778
5057 0.031086628185907315
5110 0.05863477206364918
5112 0.020020424099538296
5146 0.0537462909856808
5158 0.04852531335769911
5224 0.021686044286811725
5292 0.03425861434264029
5322 0.03378849939378811
5337 0.01791543032856027
5340 0.020460356363234684
5368 0.018900767939223236
5370 0.025551813005336075
5389 0.013237260642035313
5420 0.04432388882794263
5425 0.033737141421800766
5433 0.01709542577484548
5440 0.0615280934878469
5461 0.11428329319687983
5471 0.051789122903281616
5472 0.02227309675431415
5473 0.01576775471569012
5627 0.018393352370997946
5769 0.023484809013099336
5802 0.015337581243055934
5807 0.037070324611951484
5833 0.024752663281509275
5842 0.012247683926074853
5920 0.03528805271566379
5938 0.026071445096378893
5998 0.037070324611951484
5999 0.028803170320611877
6008 0.0063330636088544555
6010 0.01581899956978182
6013 0.028553440122087746
6045 0.03142237980280262
6055 0.02979216295619817
6066 0.013621665763409948
6079 0.012181354756308596
6156 0.052142890192757786
6162 0.009428115597562526
6180 0.015922457191442897
6198 0.03987038506793292
6209 0.015716827169230438
6214 0.013274902687028545
6230 0.019684672482642992
6249 0.028803170320611877
6258 0.013162489468217966
6281 0.017401214617347553
6297 0.0615280934878469
6303 0.02490640182260232
6360 0.010759237658520193
6410 0.022728970297640174
6452 0.018998652387393813
6584 0.011576553645888589
6657 0.013780603510647445
6666 0.06656358899751827
6673 0.027862171213416678
6709 0.046159193766713624
6732 0.017339140568176245
6772 0.03407121796820011
6778 0.01115774748772981
6828 0.018606994836586184
6867 0.06453344139575046
6868 0.024601745790855396
6911 0.03142237980280262
6923 0.018900767939223236
6952 0.01148499679162941
6966 0.14159610297810848
7008 0.03334380880049718
7025 0.013504446119337996
7058 0.04852531335769911
7193 0.1668443979064665
7199 0.05186017161834579
7205 0.014804694177062027
7208 0.018535162305975742
7272 0.009334117174729902
7312 0.04219906907010264
7379 0.02172821063164462
7396 0.021316886301050594
7397 0.03334380880049718
7467 0.022978509349152913
7482 0.01765430450855281
7483 0.009058400659970357
7484 0.0586212716276635
7526 0.03948947724542027
7537 0.004866019311416029
7552 0.011364485148820087
7554 0.06206485206782109
7589 0.01818511916076731
7635 0.04282433550606694
7660 0.030163919907172765
7706 0.029865907413105686
7713 0.04852531335769911
7773 0.02490640182260232
7833 0.012484141309135145
7861 0.03383452978471474
7944 0.026626134286329053
7951 0.017849367543872
7969 0.04432388882794263
7977 0.03528805271566379
7984 0.045957018698305825
7988 0.04777219402479894
8036 0.02361640818019243
8040 0.031086628185907315
8092 0.013312717799503656
8098 0.03634666867675039
8110 0.06668761760099436
8112 0.017463760717052735
8156 0.057795891603282
8169 0.020193583600008645
8208 0.06089671433225894
8224 0.06311188016621941
8324 0.005633653280835733
8339 0.024164929561473522
8342 0.03045364113314144
8378 0.029056260211817134
8390 0.08495766178686508
8421 0.03334380880049718
8473 0.015565909678576564
8475 0.03045364113314144
8489 0.038622910976310466
8515 0.02924982114276273
8556 0.04028165292409028
8601 0.06284475960560525
8753 0.035053572203776286
8754 0.016742881558468387
8777 0.07716420585351139
8823 0.03609833882610374
8828 0.01867946026108134
8837 0.016133360348937614
8871 0.04282433550606694
8890 0.02966967965795962
8893 0.02742918848327678
8927 0.05250443320676992
8933 0.03948947724542027
8939 0.0329219331246783
8942 0.0660974440627883
8957 0.021834338200569778
8986 0.030163919907172765
8988 0.020460356363234684
9010 0.029865907413105686
9034 0.028557636491008127
9202 0.048329859122947044
9246 0.03076404674392345
9338 0.05688425753718379
9341 0.036843150566315284
9358 0.055285661897730036
9369 0.04045821591508146
9386 0.07724582195262093
9388 0.02506306889229129
9434 0.020551238751752795
9445 0.010088756662123218
9473 0.02151997742141398
9503 0.027862171213416678
9535 0.04045821591508146
9546 0.05022864467540516
9580 0.020370467244746733
9584 0.03467828113635249
9602 0.027017864152682758
9618 0.017783831161467173
9675 0.03664335743078432
9751 0.04432388882794263
9753 0.04852531335769911
9776 0.11421376048835098
9804 0.01993519253396646
9813 0.025894561451640808
9821 0.0144489729008205
9849 0.06389871257796145
9865 0.017339140568176245
9898 0.03838097197894944
9910 0.05811252042363427
9925 0.028557636491008127
9933 0.03585550338602484
9966 0.02808752154215595
9978 0.03045364113314144
10004 0.06830556594513484
10005 0.06217325637181463
10122 0.06427605716251711
10140 0.02028154991954576
10144 0.022978509349152913
10173 0.06504129025075635
10174 0.04920349158171079
10192 0.022161193361784515
10218 0.044008468179343715
10269 0.026626134286329053
10298 0.017590298174050223
10312 0.01581899956978182
10318 0.020512083223583773
10392 0.008901733590281385
10396 0.03585550338602484
10420 0.07517547513181032
10465 0.029587074864031632
10476 0.020925156434696897
10483 0.03142237980280262
10490 0.020020424099538296
10518 0.05186017161834579
10521 0.028803170320611877
10547 0.03425861434264029
10559 0.029056260211817134
10572 0.0347572380634493
10576 0.020193583600008645
10578 0.017590298174050223
10619 0.01148499679162941
10654 0.031086628185907315
10657 0.02808752154215595
10658 0.03646502459555562
10713 0.04045821591508146
10721 0.04045821591508146
10749 0.009547144773015138
10800 0.04852531335769911
10816 0.036507892220638716
10860 0.03646502459555562
10862 0.02172821063164462
10876 0.02742918848327678
10888 0.03712335765443478
10897 0.07744836416263653
10898 0.05496232083178992
10914 0.03765267020227569
10938 0.029865907413105686
10951 0.013796873347109193
10979 0.017216380491106124
10997 0.02261824274398953
11001 0.03142237980280262
11011 0.09266082449424719
11021 0.03904360075745858
11036 0.013126744571536066
11049 0.0240243317365082
11080 0.011304885087477557
11084 0.04303995484282796
11141 0.03378849939378811
11153 0.025894561451640808
11154 0.022386543690523786
11163 0.024307972688218348
11300 0.014759378511602519
11319 0.04124873383170105
11322 0.03177242294801105
11332 0.10144508748017585
11385 0.03045364113314144
11487 0.03142237980280262
11497 0.02637488369023297
11505 0.027642830948865018
11561 0.04852531335769911
11634 0.04172952998922182
11693 0.03142237980280262
11737 0.04155648123765701
11745 0.03378849939378811
11750 0.22008192914484467
11826 0.027862171213416678
11893 0.0469621819004813
11921 0.02227309675431415
11945 0.05692764161598212
11953 0.021834338200569778
11957 0.013504446119337996
11960 0.01976733420833304
11965 0.07442797934634474
11974 0.02388609701239947
12006 0.017409184910395087
12011 0.03646502459555562
12021 0.024428904953856214
12029 0.017849367543872
12030 0.01811686339580348
12051 0.02788534647374815
12064 0.015417711570481687
12078 0.017590298174050223
12083 0.02227309675431415
12085 0.03948947724542027
12129 0.04388370619446571
12175 0.020370467244746733
12186 0.024696383122839418
12191 0.032138028581258554
12200 0.02388609701239947
12204 0.019690116857304096
12205 0.039369344965285984
12265 0.005255101363670477
12270 0.037452423927405436
12271 0.0879514908702511
