484
15 0.027203702731596186
29 0.10134347773857719
70 0.058075688921678754
76 0.016618107595835818
79 0.03567610936059246
87 0.051827302832093705
103 0.03634718699810041
104 0.01720546881239898
106 0.02053821345213138
111 0.018242376826334478
119 0.12287327175160828
150 0.023087550384263803
169 0.025705099821106976
236 0.015072401062774661
303 0.026420295023996208
338 0.02741180396438317
344 0.02049119331460282
374 0.009304883330217312
390 0.014750024071723654
392 0.029568322684677368
429 0.02605492111025593
435 0.05159855092971216
450 0.03121202228802326
456 0.011724015010816585
485 0.02272217647052353
493 0.014267671528317821
496 0.12726800257046647
513 0.051071236720246875
522 0.07120528352579701
524 0.022487315931484
525 0.026420295023996208
576 0.017144807580285658
587 0.028706585430983006
594 0.029681697718635606
628 0.014140889174496275
629 0.03781502420962337
635 0.030135413706888197
637 0.0684738027174528
669 0.03644191319692915
674 0.16766909281313366
677 0.018740684521261035
744 0.03091402405031993
748 0.04612993823928012
769 0.01739815103295531
791 0.03583277829970177
797 0.028301271977645006
810 0.04429579651003693
846 0.02272217647052353
878 0.028301271977645006
887 0.014483420388094905
938 0.009281631377952652
943 0.05660254395529001
956 0.06406829911502404
968 0.03946444895981531
979 0.010864250961789173
1020 0.03043433972726933
1078 0.04429579651003693
1122 0.15171082956229864
1133 0.026802669067155796
1178 0.11029016839102312
1205 0.04739995095706977
1242 0.025878149573722063
1254 0.030135413706888197
1353 0.07331414734222384
1355 0.03583277829970177
1362 0.020447388664537238
1376 0.03376708436700173
1413 0.01531066585104247
1468 0.02053821345213138
1524 0.01779218340846864
1541 0.04153014289251536
1543 0.01606993386539107
1575 0.015860507004080256
1622 0.029409970552106052
1645 0.03211765961680979
1664 0.017390185791450227
1709 0.02806971977418815
1744 0.03376708436700173
1876 0.031402464413920556
1883 0.03332267561697516
1896 0.02225898014741633
1905 0.03515829901537859
1929 0.05810903257376996
1933 0.04887609822814923
1971 0.011849987739267442
1986 0.06086867945453866
2042 0.17473188804835582
2080 0.011661745321755892
2086 0.017707582740153074
2115 0.11050124409664633
2128 0.051827302832093705
2133 0.029298804780261416
2152 0.03290106732440977
2163 0.027625311024161582
2186 0.02741180396438317
2266 0.02565210039077117
2356 0.05078711782133181
2373 0.008034506885877112
2388 0.042797193599547714
2392 0.022842172173099237
2445 0.042797193599547714
2450 0.06931260433833296
2458 0.027203702731596186
2480 0.01919325164381266
2578 0.12813659823004808
2596 0.03885847214300854
2629 0.031402464413920556
2630 0.041085885844243906
2631 0.048494558192361294
2644 0.031112088124414076
2656 0.02706950057913061
2675 0.01942923607150427
2678 0.052840590047992415
2689 0.03946444895981531
2692 0.048494558192361294
2694 0.02473697513445575
2705 0.01606993386539107
2793 0.04612993823928012
2806 0.08602535255513043
2809 0.028301271977645006
2828 0.05173586875790934
2832 0.06189015918846036
2855 0.07053137455498189
2898 0.051827302832093705
2925 0.09225987647856024
2936 0.0440736327252412
2937 0.027203702731596186
2991 0.03946444895981531
3054 0.032500033659969375
3055 0.04592789130868794
3112 0.03792770739057466
3181 0.03175228570306951
3220 0.14839931602693654
3239 0.044719499700918854
3246 0.03043433972726933
3262 0.03376708436700173
3274 0.04429579651003693
3285 0.01764311527521222
3308 0.025535618360123438
3320 0.03644191319692915
3332 0.08769384814073408
3367 0.03781502420962337
3400 0.07324696244199454
3452 0.029846978510706168
3453 0.02605492111025593
3456 0.0494739502689115
3472 0.017144807580285658
3484 0.02296394565434397
3487 0.04043257364646654
3520 0.02063005306282012
3525 0.04153014289251536
3580 0.025369561002353002
3582 0.031402464413920556
3591 0.020534377718710525
3595 0.021008030443856053
3599 0.020357556517442355
3609 0.034905384499334384
3652 0.026609258740235276
3661 0.01452725814344249
3670 0.0549352218314959
3677 0.05321851748047055
3680 0.09156067580112832
3687 0.11415814706365128
3688 0.03043433972726933
3690 0.03583277829970177
3695 0.032500033659969375
3744 0.03473520905365296
3765 0.07397655508140435
3803 0.018667621287790925
3805 0.01888878870193944
3826 0.023087550384263803
3876 0.021820499677231448
3915 0.029037844460839377
3918 0.007456782537934698
3952 0.03644191319692915
3966 0.044744710362749136
3971 0.028784914977077386
3985 0.055250622048323164
3996 0.037099829006734135
4014 0.02623557804494496
4025 0.013342245948828586
4033 0.019116072112963716
4048 0.01801524136647889
4169 0.12008021353945729
4178 0.021203743490960887
4191 0.05440740546319237
4267 0.03473520905365296
4269 0.0342369013587264
4289 0.02053821345213138
4302 0.03473520905365296
4320 0.012826050195385585
4329 0.042797193599547714
4410 0.008985193494307393
4446 0.01726658106153039
4552 0.12879333571931834
4583 0.03074454860411557
4596 0.06054235494272545
4624 0.003077768198010837
4708 0.1382836402117198
4782 0.02473697513445575
4873 0.026609258740235276
4931 0.05143442274085697
4991 0.029568322684677368
4992 0.035265687277490944
5001 0.011006215797246869
5013 0.017904075594634257
5035 0.021820499677231448
5057 0.031066925595166578
5110 0.05859760956052283
5112 0.020007735228293393
5146 0.05371222678390277
5158 0.048494558192361294
5224 0.021672299751611147
5292 0.0342369013587264
5322 0.03376708436700173
5337 0.017904075594634257
5340 0.020447388664537238
5368 0.01888878870193944
5370 0.025535618360123438
5389 0.013228870914870348
5420 0.04429579651003693
5425 0.03371575894550836
5433 0.01708459075679315
5440 0.06148909720823114
5461 0.11421086086549619
5471 0.051756299147444125
5472 0.02225898014741633
5473 0.015757761170677592
5627 0.01838169473183719
5769 0.02346992442742339
5802 0.015327860340410027
5807 0.03704682957639833
5833 0.02473697513445575
5842 0.012239921388997039
5920 0.035265687277490944
5938 0.02605492111025593
5998 0.03704682957639833
5999 0.028784914977077386
6008 0.0063290497364050504
6010 0.015808973545969027
6013 0.028535343056635642
6045 0.031402464413920556
6055 0.029773280792764527
6066 0.013613032401691252
6079 0.012173634258414905
6156 0.05210984222051186
6162 0.009422140092533025
6180 0.015912365596569573
6198 0.03984511536434939
6209 0.015706865901909766
6214 0.01326648910247375
6230 0.01967219640953942
6249 0.028784914977077386
6258 0.013154147130748278
6281 0.017390185791450227
6297 0.06148909720823114
6303 0.024890616236626244
6360 0.010752418493218624
6410 0.022714564759765347
6452 0.018986611111306367
6584 0.011569216468716814
6657 0.013771869414768443
6666 0.06652140123934747
6673 0.027844512271659363
6709 0.04612993823928012
6732 0.01732815108458324
6772 0.0340496237554199
6778 0.011150675748362501
6828 0.018595201791615598
6867 0.06449254033767146
6868 0.02458615329475302
6911 0.031402464413920556
6923 0.01888878870193944
6952 0.01147771764285551
6966 0.14150635988822505
7008 0.03332267561697516
7025 0.01349588705099908
7058 0.048494558192361294
7193 0.16673865254001258
7199 0.051827302832093705
7205 0.01479531101628087
7208 0.018523414788199164
7272 0.00932820124555547
7312 0.04217232345515347
7379 0.021714439371569593
7396 0.021303375736825208
7397 0.03332267561697516
7467 0.02296394565434397
7482 0.01764311527521222
7483 0.009052659478910074
7484 0.05858411768106388
7526 0.03946444895981531
7537 0.004862935246252835
7552 0.011357282379882674
7554 0.062025515592589245
7589 0.018173593499050206
7635 0.042797193599547714
7660 0.030144802125549323
7706 0.029846978510706168
7713 0.048494558192361294
7773 0.024890616236626244
7833 0.012476228906236625
7861 0.033813085584035694
7944 0.026609258740235276
7951 0.01783805468029623
7969 0.04429579651003693
7977 0.035265687277490944
7984 0.04592789130868794
7988 0.04774191618372757
8036 0.023601440187447836
8040 0.031066925595166578
8092 0.013304280247869496
8098 0.03632363229167046
8110 0.06664535123395032
8112 0.017452692249667192
8156 0.05775926077950963
8169 0.020180784980908483
8208 0.06085811821843248
8224 0.06307188008842528
8324 0.00563008269208279
8332 0.028301271977645006
8339 0.024149613917892585
8342 0.03043433972726933
8378 0.029037844460839377
8390 0.08490381593293501
8421 0.03332267561697516
8473 0.015556044062207038
8475 0.03043433972726933
8489 0.03859843191722335
8515 0.029231282713578027
8556 0.04025612256045041
8601 0.06280492882784111
8753 0.035031355378490454
8754 0.01673226998164525
8777 0.07711529946332094
8823 0.03607545983157086
8828 0.018667621287790925
8837 0.016123135084417865
8871 0.042797193599547714
8890 0.029650875123990433
8893 0.02741180396438317
8927 0.05247115608988992
8933 0.03946444895981531
8939 0.03290106732440977
8942 0.06605555174556463
8957 0.021820499677231448
8986 0.030144802125549323
8988 0.020447388664537238
9010 0.029846978510706168
9034 0.02853953676591282
9202 0.04829922783578517
9246 0.03074454860411557
9338 0.05684820450373342
9341 0.03681979951283768
9358 0.055250622048323164
9369 0.04043257364646654
9386 0.0771968638344467
9388 0.025047184011301994
9434 0.02053821345213138
9445 0.010082362445214007
9473 0.021506338138782607
9503 0.027844512271659363
9535 0.04043257364646654
9546 0.050196809944935736
9580 0.020357556517442355
9584 0.03465630216916648
9602 0.02700074032963879
9618 0.01777255983460981
9675 0.03662013300546204
9751 0.04429579651003693
9753 0.048494558192361294
9776 0.11414137222654257
9804 0.019922557682174696
9813 0.025878149573722063
9821 0.014439815194877408
9849 0.06385821380867537
9865 0.01732815108458324
9898 0.03835664625991004
9910 0.058075688921678754
9925 0.02853953676591282
9933 0.03583277829970177
9966 0.02806971977418815
9978 0.03043433972726933
10004 0.06826227412837417
10005 0.062133851190333156
10122 0.06423531923361958
10140 0.020268695547715435
10144 0.02296394565434397
10173 0.06500006731993875
10174 0.04917230658950604
10192 0.02214714767884578
10218 0.043980575773886324
10269 0.026609258740235276
10298 0.017579149507689296
10312 0.015808973545969027
10318 0.020499082740592266
10392 0.00889609170423432
10396 0.03583277829970177
10420 0.07512782919184524
10465 0.029568322684677368
10476 0.0209118941474217
10483 0.031402464413920556
10490 0.020007735228293393
10518 0.051827302832093705
10521 0.028784914977077386
10547 0.0342369013587264
10559 0.029037844460839377
10572 0.03473520905365296
10576 0.020180784980908483
10578 0.017579149507689296
10619 0.01147771764285551
10654 0.031066925595166578
10657 0.02806971977418815
10658 0.03644191319692915
10713 0.04043257364646654
10721 0.04043257364646654
10749 0.009541093827731514
10800 0.048494558192361294
10816 0.036484753652668955
10860 0.03644191319692915
10862 0.021714439371569593
10876 0.02741180396438317
10888 0.037099829006734135
10897 0.07739927767395367
10898 0.05492748591476277
10914 0.03762880607822676
10938 0.029846978510706168
10951 0.01378812893946761
10979 0.01720546881239898
10997 0.022603907384831427
11001 0.031402464413920556
11011 0.09260209640409243
11021 0.039018855066733665
11036 0.013118424889050578
11049 0.024009105203312214
11080 0.01129772009284007
11084 0.043012676277565214
11141 0.03376708436700173
11153 0.025878149573722063
11154 0.022372355181374568
11163 0.02429256638442918
11300 0.014750024071723654
11319 0.04122259053573472
11322 0.03175228570306951
11332 0.10138079195641152
11385 0.03043433972726933
11487 0.031402464413920556
11497 0.026358167385843973
11505 0.027625311024161582
11561 0.048494558192361294
11634 0.04170308196641716
11693 0.031402464413920556
11737 0.04153014289251536
11745 0.03376708436700173
11750 0.21994244202667151
11826 0.027844512271659363
11893 0.04693241744211857
11921 0.02225898014741633
11945 0.05689156108586199
11953 0.021820499677231448
11957 0.01349588705099908
11960 0.019754805744531402
11965 0.07438080716646239
11974 0.023870958091863785
12006 0.01739815103295531
12011 0.03644191319692915
12021 0.02441342200364136
12029 0.01783805468029623
12030 0.01810538099433946
12051 0.027867672843595977
12064 0.015407939881528632
12078 0.017579149507689296
12083 0.02225898014741633
12085 0.03946444895981531
12129 0.043855892862696
12175 0.020357556517442355
12186 0.0246807306459437
12191 0.03211765961680979
12200 0.023870958091863785
12204 0.019677637333575866
12205 0.03934439281907884
12265 0.005251770699731941
12270 0.03742868671870988
12271 0.08789574753844648
