81
106 0.10332991584812161
119 0.07727354706185184
344 0.034364450860675536
449 0.17742538839624103
769 0.04376596548522136
887 0.07286761399100694
1122 0.09540914603196787
1184 0.07286761399100694
1557 0.23208457967648602
1706 0.126015021810559
1995 0.12847238648245135
2036 0.2153171902455864
2042 0.10988681738373358
2644 0.07826409671045242
2656 0.06809475477045385
3152 0.09355441946227704
3661 0.07308816635704374
3670 0.09212829639372039
3680 0.06580734386783435
3803 0.09391876957787988
3933 0.06507215169352354
3966 0.11255767613885709
4001 0.1329232879906974
4048 0.04531828872848437
4061 0.16351109364856908
4169 0.13425249029869518
4350 0.11807966265905957
4778 0.15630097597779524
4820 0.1575368271557991
4941 0.10174514006818221
4965 0.12149925209982207
5066 0.14008867502367736
5425 0.05654251188424556
5649 0.16764989201039643
5802 0.03855804018197029
6162 0.04740377955170268
6410 0.057139684292006644
6505 0.17224945804283237
6507 0.10569361463487709
6664 0.12149925209982207
6867 0.08111719139368004
7193 0.1290584198515514
7272 0.046931163314867665
7312 0.07072446757028829
7374 0.2310680602803798
7951 0.08974513256983997
8098 0.06091600707699198
8208 0.15309180247936977
8332 0.1423866812301233
9115 0.11742841344204638
9318 0.19419277782714062
9319 0.1615873295493073
9341 0.18524429079839955
9433 0.14486001408766253
9445 0.02536271388556705
9656 0.07286761399100694
9658 0.06969315550280475
9671 0.08447201422667215
10116 0.10153165554961682
10312 0.079536611592701
10318 0.02578326127885852
10428 0.09815398549471294
10750 0.08876437188343647
10862 0.10924763237965941
11011 0.06655584340795527
11036 0.03300008890755853
11084 0.10820065315131089
11106 0.07375697021651118
11332 0.07847037632772964
11497 0.04420357243239703
11637 0.06489037790366713
11768 0.09735098025194912
11783 0.15974909489234088
11818 0.11941376127660376
11893 0.008432926324917378
11977 0.05299372577595681
12004 0.0753609069628208
12006 0.04376596548522136
12016 0.12847238648245135
12177 0.05074354193999715
12270 0.0627692221618014
