378
14 0.05057493883400317
29 0.05902299513944836
49 0.07060873912036379
55 0.06046845531610489
84 0.025411358303679847
103 0.026461000369647724
105 0.0292568541096626
106 0.05980783863985456
111 0.026561149833692347
119 0.11181572625582602
159 0.030729611594222345
184 0.05305992337866523
188 0.033798506632070756
189 0.0371802091260445
203 0.030872940147008046
236 0.043891243645831836
262 0.05544386602535951
335 0.0266621444508826
343 0.022722565389833332
344 0.009945152452477561
374 0.013548037225179327
390 0.021476236520564324
464 0.030587979277158252
472 0.06716582017008423
478 0.0351621677265755
522 0.10367586541403914
524 0.03274183915286106
547 0.02121605690168365
576 0.024963074019631156
587 0.02089859024689487
594 0.02160847865188676
634 0.047320492930303396
638 0.037426976448201685
641 0.031927389520176035
642 0.026561149833692347
674 0.07629015292054615
711 0.01744001689135676
717 0.04916533606652177
728 0.06046845531610489
755 0.06449528475957078
784 0.09833067213304354
810 0.12899056951914156
878 0.0412070385695104
887 0.042176115831266056
938 0.013514182065081115
940 0.07546126083812475
956 0.023321079656782696
965 0.02339804320893118
979 0.03163699559262985
1068 0.03495758511892313
1070 0.05305992337866523
1073 0.12123858403525814
1122 0.055223260019232716
1133 0.039025052262262876
1151 0.0588703795020437
1174 0.03417253054450191
1178 0.05352799721412452
1184 0.021088057915633028
1205 0.06901497603442362
1208 0.0353703084704556
1323 0.07546126083812475
1352 0.04054199019866629
1353 0.07116426662396662
1410 0.08375670150616527
1444 0.08382245876562937
1524 0.03885849310206046
1536 0.018366703782842077
1542 0.0371802091260445
1575 0.02309311483827905
1622 0.02141065941887823
1698 0.024196191648021545
1744 0.04916533606652177
1781 0.0588703795020437
1814 0.02052842286913457
1895 0.019316189341575828
1905 0.10238192719461223
1916 0.07203474736144057
1971 0.03450748801721181
1979 0.038468310432535124
1994 0.0412070385695104
2042 0.15900750979981018
2052 0.04623176169148897
2077 0.04676375110057565
2080 0.016979660477486055
2166 0.04572241711624221
2202 0.03325851468767168
2294 0.047904403423489735
2434 0.039025052262262876
2450 0.1261501233309835
2455 0.030872940147008046
2489 0.05057493883400317
2564 0.07060873912036379
2578 0.023321079656782696
2644 0.022649812636220203
2645 0.03624107722408054
2646 0.05057493883400317
2650 0.02888476845800397
2656 0.019706781294188985
2705 0.04679608641786236
2729 0.05505919176861617
2763 0.030172869764494598
2781 0.04321695730377352
2828 0.05649609868290349
2841 0.028173601374543663
2863 0.06716582017008423
2933 0.03308379930568749
3046 0.05305992337866523
3055 0.06687163707936168
3067 0.047904403423489735
3109 0.0412070385695104
3141 0.04572241711624221
3220 0.1620535733528482
3221 0.04022283018821656
3239 0.016278050598225364
3269 0.021542174930418784
3270 0.021088057915633028
3285 0.025688616829881595
3332 0.02128057345207181
3340 0.04265945995552566
3350 0.032246549530625765
3392 0.05401785778428273
3397 0.04265945995552566
3400 0.1066485778035304
3407 0.027394027812864808
3414 0.06046845531610489
3442 0.016449634771925615
3468 0.052173014648064356
3584 0.05505919176861617
3609 0.025411358303679847
3623 0.0371802091260445
3661 0.02115188628620364
3670 0.0533242889017652
3680 0.11426879537431867
3702 0.09969879204750547
3765 0.021542174930418784
3800 0.052173014648064356
3803 0.054360623156063784
3820 0.03436401928748514
3831 0.05305992337866523
3918 0.02171435445642435
3933 0.018832032894301163
4001 0.07693662086507025
4005 0.0588703795020437
4025 0.019426492344639227
4048 0.03934565625251311
4059 0.04179718049378974
4101 0.036733407565684155
4156 0.03291159790146987
4169 0.11655895406783537
4173 0.056199844091530254
4244 0.03240937913239597
4267 0.05057493883400317
4289 0.02990391931992728
4350 0.13669012217800763
4431 0.03998758487610933
4547 0.028173601374543663
4552 0.1250165706727238
4570 0.03131352208740868
4583 0.044764482710624706
4589 0.03931344672591438
4596 0.029383498583673548
4624 0.0089625450717285
4708 0.028763266997013197
4765 0.06231329845232326
4772 0.03998758487610933
4827 0.029974684048996017
4861 0.011901249518045585
4872 0.019878160706503136
4882 0.042279498165962645
4931 0.04992614803926231
4933 0.04676375110057565
4941 0.014722640751327636
4988 0.030172869764494598
4992 0.051347322373769294
4993 0.051347322373769294
4995 0.03308379930568749
5013 0.05213715723888923
5040 0.09484956097446968
5066 0.04054199019866629
5146 0.026068578619444616
5224 0.03155516446257421
5236 0.043051881705728774
5312 0.02309311483827905
5322 0.04916533606652177
5337 0.026068578619444616
5368 0.027502334353981164
5389 0.019261416746594484
5425 0.08181767591961343
5440 0.044764482710624706
5455 0.05505919176861617
5461 0.03325851468767168
5462 0.06716582017008423
5468 0.07060873912036379
5469 0.041553955355712206
5471 0.037678939251714075
5472 0.06481875826479194
5511 0.0588703795020437
5523 0.06231329845232326
5581 0.056199844091530254
5595 0.047320492930303396
5627 0.02676399860706226
5727 0.05401785778428273
5749 0.06046845531610489
5752 0.050822716607359694
5762 0.04676375110057565
5802 0.06695272206149469
5845 0.04664215931356539
5942 0.11961567727970912
5978 0.047320492930303396
6057 0.01545519799439416
6079 0.01772497776120656
6180 0.023168621657285476
6249 0.041911229382814684
6303 0.03624107722408054
6484 0.03495758511892313
6502 0.07982392198572749
6558 0.041911229382814684
6584 0.01684493720359979
6620 0.032246549530625765
6630 0.029640880355407934
6657 0.0200520299793199
6733 0.0452338680129763
6772 0.024788358637646966
6775 0.08044566037643312
6778 0.08117768098936032
6817 0.02222234608465411
6868 0.03579777502202169
6869 0.03579777502202169
6911 0.04572241711624221
6939 0.051347322373769294
6982 0.02470194821811065
7052 0.07060873912036379
7054 0.06046845531610489
7101 0.03495758511892313
7121 0.03131352208740868
7150 0.04573882258983758
7176 0.014282058810926998
7193 0.11204942566112382
7205 0.021542174930418784
7256 0.034558621804679716
7262 0.012022223200161398
7282 0.01826570916565182
7344 0.039911960992863746
7374 0.06687163707936168
7461 0.037936321023448454
7484 0.028433091850090696
7526 0.05746077673456229
7537 0.02124150042566885
7542 0.013718764672733492
7580 0.025320348046733637
7589 0.05292200073929545
7605 0.030729611594222345
7660 0.021945621822915918
7773 0.07248215444816108
7839 0.03931344672591438
7880 0.047904403423489735
7952 0.009795553115627105
8092 0.05811364129639584
8208 0.044305125696746994
8225 0.05902299513944836
8252 0.014354371968179677
8324 0.008197477301565916
8342 0.04431281434876081
8352 0.02676399860706226
8378 0.042279498165962645
8412 0.02828923310609519
8447 0.02550306596403023
8450 0.06449528475957078
8454 0.05401785778428273
8651 0.039911960992863746
8659 0.037936321023448454
8662 0.03931344672591438
8753 0.02550306596403023
8817 0.040869895398481244
8837 0.02347550491051526
8873 0.023553471252149755
8890 0.01439069306165369
8927 0.03819935998796781
8942 0.012022223200161398
8957 0.06354189115711158
8986 0.06583686546874774
8996 0.0353703084704556
9027 0.018417522505119594
9095 0.047904403423489735
9112 0.07535787850342815
9160 0.03208590562717482
9291 0.025595481798653057
9322 0.06716582017008423
9338 0.06816498067898873
9341 0.08935021836036183
9385 0.03240937913239597
9423 0.04345760839461603
9433 0.12576848064973248
9434 0.02990391931992728
9445 0.0073400287181418795
9470 0.029383498583673548
9473 0.03131352208740868
9534 0.02864298667689525
9568 0.022505620637590627
9575 0.029147941253756526
9582 0.024963074019631156
9625 0.02453097686591259
9627 0.04676375110057565
9658 0.020169362204555643
9715 0.04431281434876081
9731 0.041911229382814684
9776 0.16619139703088928
9898 0.01396195021797657
9923 0.022363145251165204
9931 0.11239968818306051
10004 0.019878160706503136
10081 0.029007516109563248
10173 0.047320492930303396
10218 0.06403631906210222
10259 0.06046845531610489
10270 0.047320492930303396
10318 0.02238520835207686
10334 0.04790221772517048
10364 0.024963074019631156
10420 0.021877429096454074
10464 0.041911229382814684
10468 0.051347322373769294
10578 0.025595481798653057
10602 0.06716582017008423
10619 0.03342342732670724
10647 0.029640880355407934
10653 0.024446398484820532
10749 0.013891962935984109
10750 0.025688616829881595
10794 0.03343581853968084
10816 0.026561149833692347
10845 0.022292538609117722
10888 0.05401785778428273
10896 0.04676375110057565
10897 0.084520804123631
10898 0.019993792438054665
10951 0.02007570406937245
11011 0.03852283349318897
11021 0.028405992969910712
11025 0.04676375110057565
11036 0.009550302912203492
11052 0.04345760839461603
11080 0.016449634771925615
11095 0.037678939251714075
11192 0.06449528475957078
11204 0.08310791071142441
11215 0.04984939602375273
11319 0.022507745581403324
11332 0.13625706263950757
11497 0.05117046899037001
11624 0.029640880355407934
11634 0.01518006424247474
11637 0.07511770853749819
11656 0.039911960992863746
11893 0.021964577416253066
11927 0.05746077673456229
11930 0.02052842286913457
11957 0.03930039177599897
11965 0.027074867802415074
12006 0.012665972773581556
12007 0.06759701326414151
12021 0.017773137951404092
12030 0.05272336406213416
12051 0.02028785615387935
12064 0.02243417092618182
12086 0.04916533606652177
12109 0.038743444184454544
12137 0.028405992969910712
12157 0.027945636556040016
12177 0.04405589915735731
12186 0.01796774046859867
12191 0.04676375110057565
12204 0.019100605824406983
12205 0.02864298667689525
12270 0.10899335820964318
12271 0.05119096359730611
12318 0.06449528475957078
12340 0.043877573980023836
