232
15 0.0960202145334965
116 0.03908611067415203
129 0.139882560543636
132 0.0326908119715265
201 0.03244069914038291
214 0.03850963012109267
230 0.08424820547737927
262 0.0336018134531246
280 0.045670721708641934
303 0.046627520181211995
344 0.03616362076751867
374 0.016421604485092785
448 0.19294213499377993
455 0.04142059632177715
493 0.025180117842034527
524 0.039686452269523706
526 0.06130198999204231
563 0.07135691111574127
566 0.05318409993192298
664 0.06223819770907324
674 0.03698858208154569
678 0.08062543154923527
682 0.04262013763670288
740 0.10742331140104504
769 0.015352452303581331
846 0.04010094289174764
952 0.014938499355696926
1111 0.06223819770907324
1308 0.06640871773815823
1314 0.1309503186213367
1335 0.04142059632177715
1347 0.03136567519807819
1353 0.04312917880822403
1524 0.03140030761173213
1543 0.028360817505584703
1551 0.04875417727627329
1763 0.055420238186969395
1814 0.04976508928291632
1914 0.04765191166428808
1958 0.12153782019627497
1994 0.049947138330327885
2042 0.03854666757541974
2086 0.0937530036088238
2167 0.060092043536097366
2172 0.044485885093243666
2280 0.2140707333472238
2295 0.07135691111574127
2356 0.029876998711393852
2358 0.04696101038200087
2460 0.04365673457682356
2482 0.07135691111574127
2630 0.0120849834671004
2757 0.025560879461244027
2763 0.03657259905751304
2780 0.05735726925054902
2828 0.02282634677632261
2900 0.033736755680554106
2901 0.03724742700315111
2932 0.07135691111574127
2938 0.03443096396954471
3239 0.019730659450475984
3269 0.05222263130463697
3285 0.09341167986283636
3320 0.06431404499792664
3332 0.02579422794885798
3340 0.10341524270915542
3342 0.03294531297024244
3350 0.03908611067415203
3441 0.10160137899967606
3442 0.03987727397836647
3591 0.01811991710573607
3680 0.023084241299268397
3803 0.03294531297024244
3819 0.032317241502929965
3891 0.02361420653300787
3903 0.030912320025234693
3951 0.08558500155806625
3966 0.07896713051639503
4146 0.0548280667888521
4169 0.07064067698827693
4205 0.03948356525819752
4289 0.036246603656602414
4302 0.06130198999204231
4320 0.06790767254348264
4356 0.019576610022125792
4440 0.04074576837613907
4624 0.016295279666881213
4861 0.007212764816608291
4931 0.03025779465091868
4972 0.023019336560826123
4987 0.1510601608687346
4990 0.05668244130491095
5001 0.019424179356770845
5005 0.07649616275092427
5146 0.031597779107179806
5370 0.04506620987180366
5380 0.03387296498968435
5394 0.06431404499792664
5471 0.045670721708641934
5472 0.03928347677776488
5520 0.0548280667888521
5532 0.06130198999204231
5802 0.013525589262121065
5810 0.06042255802201554
5816 0.06042255802201554
5849 0.19294213499377993
6008 0.011169742580243312
6010 0.027900265019350345
6057 0.037466556148967295
6193 0.059593407505595435
6209 0.027720061648051686
6251 0.022262320379231013
6289 0.04096724114893365
6362 0.08141183223944022
6620 0.03908611067415203
6638 0.05387150508485701
6732 0.09174409827736503
6733 0.1096561335777042
6817 0.026935752542428505
6872 0.04052762614746238
6911 0.055420238186969395
6932 0.048328539925951534
6966 0.049947138330327885
6984 0.07135691111574127
7025 0.023818043865985388
7041 0.3776504021718365
7121 0.07591037228609859
7176 0.017311313596776255
7184 0.0667373624286099
7188 0.0336018134531246
7193 0.022635890847827543
7220 0.02395554427785706
7229 0.0828411926435543
7272 0.01646275681011513
7312 0.04961819089473441
7467 0.04052762614746238
7483 0.015976470443011512
7484 0.011487936859781897
7554 0.027366234720475214
7739 0.03850963012109267
7773 0.1757115444535332
7833 0.022018513214277426
7911 0.09922277305357521
7971 0.04696101038200087
8092 0.023479889047060477
8098 0.021368432817732277
8171 0.04539819744984261
8285 0.08558500155806625
8324 0.07948943616520619
8326 0.023214928533104074
8327 0.03195305037038168
8352 0.03244069914038291
8354 0.07135691111574127
8432 0.10742331140104504
8626 0.06223819770907324
8828 0.03294531297024244
8837 0.02845470899739371
8890 0.0174429894011247
8914 0.06811994951414616
8942 0.014572162088368028
8978 0.055420238186969395
8986 0.026600334481334878
9151 0.036086312690409426
9160 0.03889139386008024
9338 0.047213095313655154
9341 0.021660317611817255
9358 0.04875417727627329
9433 0.05081474685456057
9434 0.036246603656602414
9551 0.0667373624286099
9568 0.10911644090117655
9575 0.017665140524352727
9656 0.025560879461244027
9724 0.08558500155806625
9751 0.07817487063784512
9813 0.045670721708641934
9849 0.028174838229435024
9859 0.055420238186969395
9920 0.04837737206915478
9922 0.037596990540589126
10127 0.0439278861133833
10167 0.03069084725244012
10216 0.07739851230514867
10286 0.0755300804343673
10318 0.009044386080049224
10334 0.029031189550453074
10420 0.05303535586762817
10591 0.20498827547337342
10597 0.02459095321869051
10726 0.059593407505595435
10749 0.016838477564286424
10760 0.1126993529177401
10844 0.07896713051639503
10898 0.024234517968740436
10914 0.03320435886907912
10988 0.017180822298469373
11011 0.04669360769798602
11036 0.011575942295579253
11071 0.03457388320286217
11080 0.019938636989183234
11099 0.05036763689831659
11103 0.023546892329425646
11106 0.025872852449422647
11112 0.04765191166428808
11129 0.04914103179785099
11145 0.0326908119715265
11153 0.045670721708641934
11194 0.039686452269523706
11237 0.07484231168834832
11319 0.009093895291389901
11332 0.05505249096914575
11629 0.018446962500121265
11637 0.022762583223802466
11736 0.020043754730623885
11740 0.0755300804343673
11758 0.08558500155806625
11764 0.07217262538081885
11812 0.0677459299793687
11864 0.059593407505595435
11877 0.04630152478030137
11893 0.008874436865328161
11953 0.03850963012109267
12029 0.031481262939859096
12051 0.02459095321869051
12064 0.10877002351780862
12138 0.029734048779870063
12175 0.0718555471462432
12177 0.053400248255346686
12204 0.011575942295579253
12259 0.06323902105562193
12270 0.022018513214277426
12271 0.031024337453229005
