269
73 0.04386118257006738
103 0.027692119398330918
119 0.046807216640821846
189 0.038910047843631244
230 0.024246560155157373
236 0.16076661498464215
245 0.057620864333649394
337 0.027902621867474643
338 0.041768896632634125
373 0.026883800101792022
374 0.01417837040216528
390 0.022475435457702607
456 0.035729072901770846
496 0.04309452518998859
587 0.021870913733013614
594 0.1130691512953369
674 0.06387169023332927
679 0.0355651927261105
744 0.023552712487188446
769 0.013255267202382742
788 0.041768896632634125
839 0.1848281117971978
887 0.1544843757471597
938 0.014142940103892632
952 0.025795722617707618
959 0.044644225163602926
1119 0.0431242287206733
1122 0.02889628299487502
1133 0.04084072376992581
1162 0.03970133844674187
1178 0.028009214869052113
1184 0.06620758960592558
1205 0.018056488132724074
1208 0.03701594012459068
1215 0.03792722208509347
1363 0.038910047843631244
1374 0.02811672284320457
1379 0.06328179815782631
1390 0.10290558464107771
1487 0.038910047843631244
1582 0.04505490464696787
1622 0.06722042198805213
1637 0.15878393392424237
1638 0.039431981783945476
1698 0.025321938654688524
1706 0.03816579314757918
1742 0.025408614447583428
1821 0.06749597903486836
1980 0.048939471709330926
2040 0.10290558464107771
2042 0.04992163809111014
2169 0.05373629727128634
2174 0.034805893461177864
2360 0.04784968883548392
2373 0.012242626864194408
2497 0.06521247408412087
2541 0.02822516163390735
2622 0.0374632948964964
2629 0.04784968883548392
2630 0.01043414314698281
2636 0.07029076322338441
2650 0.03022865521931277
2705 0.02448665572644993
2729 0.057620864333649394
2756 0.03230932817298671
2781 0.02261383025906738
2798 0.03970133844674187
2804 0.05145279232053886
2828 0.019708208160583083
2895 0.021805510962528488
2900 0.029128226699191937
2938 0.059455208643828646
3002 0.07897215584770288
3058 0.06160937059906593
3067 0.050133193786231406
3082 0.03816579314757918
3141 0.14354906650645177
3171 0.05145279232053886
3179 0.04784968883548392
3189 0.035371008959063144
3190 0.05216867870981482
3239 0.017035399812593326
3268 0.07897215584770288
3285 0.026883800101792022
3358 0.06521247408412087
3582 0.09569937767096784
3591 0.01564468908107459
3648 0.09369437154379531
3661 0.022135994571442857
3680 0.019930873617806485
3709 0.06998289303104643
3759 0.0205054974237476
3765 0.02254444170437196
3820 0.0719256650785689
3826 0.035179789945748906
3880 0.041451801161912924
3918 0.045449264038764495
3933 0.07883283264233233
3939 0.08168144753985163
3971 0.04386118257006738
3977 0.07782009568726249
4013 0.040258079085012444
4018 0.11524172866729879
4033 0.029128226699191937
4048 0.04117624411509669
4105 0.017397146318439072
4129 0.06013418494485733
4169 0.02033032530831989
4350 0.1430497385226491
4356 0.016902393938692663
4376 0.07389386670843935
4410 0.013691241144711989
4483 0.1349919580697367
4502 0.030357113802713238
4552 0.10902755481264244
4570 0.03277040853759445
4616 0.04386118257006738
4655 0.027382854251145245
4712 0.0317198263282595
4772 0.06277205846553865
4793 0.06328179815782631
4872 0.020803007898942235
4931 0.02612450083685939
4941 0.046222869866872504
4965 0.03679811546752304
4971 0.06160937059906593
4988 0.0947300593820819
5001 0.05031235710159661
5181 0.02594165668315986
5312 0.024167540321511454
5313 0.07152486926132455
5525 0.03723762028487087
5585 0.05077562188817269
5649 0.05077562188817269
5728 0.07897215584770288
5802 0.023355916852094163
5978 0.34665481475971005
6013 0.06522134384468199
6079 0.018549646409404697
6114 0.030618052451019687
6156 0.03970133844674187
6168 0.05653108145980239
6222 0.038657016973396886
6398 0.05497019293722849
6410 0.0173057254593434
6452 0.014465479870325338
6630 0.12407978328969359
6666 0.020272474849407873
6672 0.05373629727128634
6740 0.07897215584770288
6772 0.02594165668315986
6778 0.06796362958417997
6825 0.041768896632634125
7150 0.02393342879337483
7176 0.014946542924349758
7188 0.029011717932638365
7193 0.01954376900958887
7206 0.035179789945748906
7220 0.020683154332772815
7272 0.014213901212057015
7282 0.019115535771301286
7328 0.039431981783945476
7374 0.03499144651552322
7429 0.06160937059906593
7484 0.009918654666329024
7537 0.022229778079820565
7593 0.03970133844674187
7660 0.02296665928352031
7756 0.04505490464696787
7861 0.02576144347203635
7875 0.05077562188817269
7988 0.03637351202264939
8009 0.07897215584770288
8098 0.018449449058319634
8100 0.08154252048168707
8101 0.06013418494485733
8156 0.04400550573416053
8208 0.046366456808628616
8621 0.04591901290918935
8650 0.20053277514492562
8751 0.07029076322338441
8776 0.026689616334744665
8786 0.03230932817298671
8817 0.04277139969622038
8823 0.027485096468614245
8837 0.024567721395135862
8942 0.012581566669494955
9062 0.1349919580697367
9275 0.14058152644676883
9283 0.07389386670843935
9330 0.0374632948964964
9338 0.030572747343175683
9341 0.14961169301461416
9433 0.04387331965340243
9445 0.015363058751407952
9563 0.02303843370394103
9628 0.03723762028487087
9653 0.044644225163602926
9656 0.02206919653530853
9658 0.021107757777646466
9664 0.019221229243156168
9671 0.07675135968903343
9776 0.043480895896454666
9784 0.04952211639424429
9804 0.030357113802713238
9817 0.05292797797474745
9847 0.07897215584770288
9872 0.07897215584770288
9876 0.05077562188817269
10004 0.04160601579788447
10110 0.02811672284320457
10167 0.026498397321430434
10269 0.040546013652951254
10276 0.034442836096354824
10318 0.02342669792459096
10325 0.027588180195277437
10392 0.013555471770898412
10418 0.035179789945748906
10466 0.11105715679243226
10468 0.05373629727128634
10515 0.041451801161912924
10578 0.026786331889369245
10594 0.04784968883548392
10628 0.02936454695709129
10632 0.06013418494485733
10749 0.014538297529436191
10797 0.11306216291960478
10848 0.029011717932638365
10914 0.028668556683337117
10934 0.03341283663953574
10951 0.00700324737448089
10959 0.023552712487188446
10966 0.057620864333649394
10988 0.014833877078370217
11052 0.04547950809184152
11067 0.015565167530838897
11080 0.017214967076060114
11112 0.04114253601472726
11177 0.046374503181275326
11187 0.0374632948964964
11191 0.06328179815782631
11204 0.08697457217099268
11226 0.05653108145980239
11237 0.03230932817298671
11319 0.01570329086379823
11332 0.047532176848552155
11497 0.04016341173297016
11629 0.01592705922000498
11637 0.03930630975190745
11818 0.03616648909293271
11893 0.005108110400193631
11908 0.03010150080648537
11917 0.06924609861495667
11929 0.03354157140106441
11968 0.057620864333649394
11977 0.01605005139089878
11993 0.041451801161912924
11995 0.03916829621116544
12030 0.027588180195277437
12033 0.07389386670843935
12083 0.03391725120073501
12111 0.06328179815782631
12138 0.02567230002036347
12157 0.029245829460774992
12205 0.14987812174539203
12209 0.05216867870981482
12268 0.06328179815782631
12270 0.03802145354802488
12271 0.026786331889369245
