276
15 0.08388081274080803
79 0.027501229135259486
116 0.0341446303380349
117 0.03598441065922492
129 0.1221978405658766
132 0.02855786034899965
201 0.028339368152797462
214 0.03364103161609056
230 0.07359708559005482
262 0.029353688030241413
280 0.03989677875634976
303 0.04073261352195886
344 0.03159161762309561
373 0.027200687773390676
374 0.014345495241912391
448 0.16854933280303333
455 0.036183977515146605
493 0.021996709336265484
524 0.034669073458543885
526 0.053551856430893406
563 0.062335579316727646
566 0.0464602745250251
590 0.04259040697119676
664 0.054369703637133254
674 0.032312282806322964
678 0.07043232259774844
682 0.03723186624254626
740 0.0938422676038198
769 0.026823022278077785
846 0.03503116190454979
952 0.013049892391635612
1111 0.054369703637133254
1308 0.05801296366619131
1314 0.11439486162357679
1335 0.036183977515146605
1347 0.02740025462931236
1353 0.03767655163919086
1524 0.027430508623417477
1543 0.02477528751544598
1551 0.04259040697119676
1763 0.048413707925954154
1814 0.04347351394131374
1914 0.04162749581921939
1958 0.1238677333107696
1994 0.04363254735036996
2002 0.02959055910341128
2042 0.05051007988866791
2086 0.08190023504745114
2167 0.05249487803743108
2172 0.038861735679769215
2266 0.019774137463165406
2280 0.18700673795018294
2295 0.062335579316727646
2356 0.026099784783271223
2358 0.04102394206375782
2460 0.038137410916075656
2482 0.062335579316727646
2630 0.010557133621337438
2704 0.027913370613024322
2757 0.022329332984681278
2763 0.03194889063612462
2780 0.0501058489059201
2828 0.01994051490932179
2877 0.062335579316727646
2900 0.029471570121682618
2901 0.06507680626850322
2932 0.062335579316727646
2938 0.030078012793934968
3239 0.0172362013421734
3269 0.04562036003125561
3285 0.1088027510935627
3306 0.057197430811788394
3320 0.11236622186868889
3332 0.045066360555091035
3340 0.09034092092353921
3342 0.02878018593657885
3350 0.0341446303380349
3397 0.09034092092353921
3441 0.08875637580570771
3442 0.06967154088218326
3591 0.015829097872875425
3680 0.04033160998639668
3803 0.02878018593657885
3819 0.02823151870652279
3891 0.041257538234868385
3903 0.027004215102186577
3951 0.07476487658345689
3966 0.06898367307036132
4025 0.020569965144407166
4146 0.04789640208158311
4169 0.0617098954332215
4205 0.03449183653518066
4282 0.0711193022025619
4289 0.031664109360525515
4302 0.053551856430893406
4320 0.05932241238949622
4356 0.034203255373750796
4410 0.013852624041148353
4440 0.03559446501701961
4464 0.07990302508839614
4624 0.023725235165975255
4699 0.025620416182056883
4712 0.03209371773760701
4861 0.01260177511297584
4926 0.025974907365576273
4931 0.02643243841303998
4972 0.020109105867522375
4987 0.13196230739524528
4990 0.049516336407793106
5001 0.016968468141682604
5005 0.06682509859277858
5138 0.0464602745250251
5146 0.027603014690101128
5370 0.039368692619156806
5380 0.05918111820682256
5394 0.056183110934344443
5471 0.03989677875634976
5472 0.03431704433709712
5520 0.04789640208158311
5532 0.053551856430893406
5802 0.023631220272045516
5803 0.0501058489059201
5810 0.052783607070542714
5816 0.052783607070542714
5849 0.16854933280303333
6008 0.00975760250368503
6010 0.02437296059873553
6057 0.04909474315866312
6193 0.05205928230684915
6209 0.024215539525302164
6214 0.02045316953930846
6251 0.03889559164137709
6289 0.035787937988020824
6362 0.0711193022025619
6563 0.04132212602008586
6570 0.06728206323218112
6584 0.01783645575282624
6620 0.0341446303380349
6638 0.04706077415096804
6732 0.10686040871797688
6733 0.09579280416316623
6817 0.02353038707548402
6872 0.03540390152449472
6911 0.048413707925954154
6932 0.04221858102755259
6966 0.04363254735036996
6984 0.062335579316727646
7025 0.020806836217577035
7041 0.39588692218573585
7102 0.027705624428445895
7121 0.06631336696913953
7176 0.015122722451344188
7184 0.058300059293627346
7188 0.029353688030241413
7193 0.019774137463165406
7220 0.020926953073762227
7229 0.07236795503029321
7272 0.014381444864456132
7312 0.04334518725249224
7461 0.04016931040948903
7467 0.03540390152449472
7483 0.013956637485139178
7484 0.010035568918432639
7542 0.014526271965938533
7554 0.023906445337178433
7739 0.03364103161609056
7773 0.1534971279569821
7833 0.01923481209379628
7911 0.08667848626006984
7952 0.020744268454026
7971 0.04102394206375782
8092 0.020511432784232824
8098 0.018666918423968542
8171 0.03965870850800952
8285 0.07476487658345689
8324 0.08679993247047056
8326 0.020279970030656784
8327 0.027913370613024322
8352 0.028339368152797462
8354 0.062335579316727646
8412 0.029954380267468408
8432 0.0938422676038198
8603 0.03449183653518066
8626 0.054369703637133254
8708 0.023754680248417367
8790 0.07990302508839614
8828 0.02878018593657885
8837 0.04971461746051264
8890 0.01523775107881298
8914 0.0595078521420725
8942 0.025459738978956238
8978 0.048413707925954154
8986 0.023237374404046336
9112 0.03989677875634976
9151 0.03152408325680767
9160 0.03397453069080963
9265 0.0432755594210149
9338 0.05155519629589421
9341 0.05676570462783496
9358 0.04259040697119676
9433 0.06658570207461939
9434 0.031664109360525515
9474 0.06084300519268339
9551 0.058300059293627346
9568 0.09532134239277401
9575 0.015431816639467917
9656 0.022329332984681278
9724 0.07476487658345689
9751 0.06829157502790674
9813 0.03989677875634976
9849 0.024612820758709665
9859 0.09682741585190831
9920 0.04226123954357095
9922 0.03284377293338514
10127 0.03837428198924552
10167 0.02681074213118537
10216 0.06761336817072504
10286 0.06598115369762264
10318 0.007900945220982876
10334 0.025360907452200657
10420 0.04633033550058075
10490 0.030846262154285667
10591 0.2238406677252958
10597 0.02148203013372123
10619 0.017695390472967084
10726 0.05205928230684915
10749 0.04412899482486007
10760 0.09845128303483866
10801 0.04102394206375782
10844 0.06898367307036132
10890 0.0464602745250251
10898 0.021170657381634164
10914 0.029006481833095656
10951 0.00708579681859689
10988 0.015008728578171095
11011 0.04079034589264725
11036 0.010112448224692844
11067 0.01574863897751736
11071 0.030202863394459083
11080 0.03483577044109163
11099 0.04399988418470847
11103 0.020569965144407166
11112 0.04162749581921939
11129 0.0858567064477383
11145 0.02855786034899965
11153 0.03989677875634976
11194 0.06933814691708777
11237 0.06538033644602534
11319 0.007944195206473834
11332 0.04809245332697118
11629 0.0161147963960192
11634 0.01607358584442208
11637 0.039769625389178054
11677 0.0501058489059201
11736 0.035019426801960185
11740 0.06598115369762264
11758 0.07476487658345689
11764 0.06304816651361533
11812 0.11836223641364511
11864 0.05205928230684915
11877 0.04044783224635976
11893 0.007752481917451182
11953 0.03364103161609056
12006 0.013411511139038892
12008 0.0595078521420725
12029 0.05500245827051897
12039 0.0469211338019099
12051 0.02148203013372123
12064 0.09501872099366947
12138 0.025974907365576273
12175 0.06277117504730959
12177 0.06219879492363648
12204 0.010112448224692844
12259 0.05524399741085934
12270 0.01923481209379628
12271 0.02710207067298433
