137
3 0.11766664110769624
8 0.4178646240715522
111 0.037314760833302006
220 0.05091372690659616
253 0.11766664110769624
280 0.052933725212707644
326 0.04277525544565578
496 0.057850345110164444
576 0.0701393684037708
975 0.04023945514753433
1144 0.07213592279718364
1159 0.06354736060139614
1487 0.05223307800894403
1587 0.04040843244732204
1901 0.04855010853989432
2080 0.0238540866534461
2091 0.043576030586872296
2356 0.0173141651894466
2480 0.0785195483593305
2508 0.08270478292690354
2704 0.03703453601639801
2763 0.12716619114376326
2781 0.030356939285959304
2783 0.058377589655747214
2822 0.03774405478828897
2841 0.039580033382829734
3009 0.07329590683138923
3175 0.05257975214261009
3361 0.08443582130186876
3548 0.04530196512457447
3555 0.09919556305033371
3918 0.015252840111673409
4356 0.022689873440547383
4410 0.036758405932829405
4554 0.04855010853989432
4623 0.29698438736520866
4624 0.01888671393576193
4820 0.03202491059522108
4972 0.02668009592366562
4975 0.0758876575964719
5005 0.022165332117566376
5232 0.09919556305033371
5340 0.08365022002849268
5882 0.03974248005530445
5998 0.03788962366131468
6008 0.012946063962186097
6057 0.021712426623210577
6162 0.019272976730926428
6301 0.1654095658538071
6361 0.054824828774026696
6373 0.07454189156362244
6530 0.21202537676153071
6554 0.047482251310472394
6570 0.04463380701267102
6584 0.023664818990893007
6794 0.14127508687129564
6932 0.0560142155994793
7179 0.06729909540068439
7205 0.030263791680361408
7229 0.048007703443595055
7272 0.11448494956435566
7280 0.09919556305033371
7282 0.051321616212742206
7483 0.018517204560384526
7507 0.024435019292249022
7561 0.11850327903538338
7658 0.0664787815009576
7707 0.06354736060139614
7911 0.03833404865059652
7952 0.013761404307726082
8098 0.049533298738566364
8171 0.0263089307444368
8222 0.03833404865059652
8252 0.04033183504920726
8324 0.023032655352618957
8329 0.04530196512457447
8447 0.03582829858354149
8475 0.06225340693560863
8514 0.04697272444475481
8517 0.09199555778881838
8582 0.15274118071978846
8597 0.2353332822153925
8627 0.2353332822153925
8716 0.04939800751521987
8884 0.08270478292690354
9230 0.03818459789050099
9273 0.02450082407216552
9278 0.059396877473041725
9292 0.0657420625067241
9338 0.006840172763520996
9445 0.010311730397288981
9473 0.08798237989364514
9568 0.0632346006671337
9616 0.04623626657823918
9620 0.04998800137752742
9637 0.08555051089131156
9772 0.0664787815009576
9823 0.0758876575964719
9825 0.13459819080136878
9865 0.03544471312921945
9987 0.0727075014333283
10318 0.020965425093703863
10476 0.04277525544565578
10490 0.08185159883135837
10559 0.059396877473041725
10560 0.04623626657823918
10594 0.19270111460862302
10597 0.057003292774784546
10619 0.04695531649549661
10690 0.09060700085454619
10874 0.06907053226604026
10951 0.018802401266492744
10960 0.052912830043550706
11067 0.08357909125456545
11094 0.1104599666276064
11100 0.10601268838076536
11101 0.11874010014848921
11300 0.03017115728731543
11319 0.010540095195747305
11332 0.015951868725803443
11736 0.06969392416724107
11769 0.07329590683138923
11770 0.03458231385130828
11846 0.04420267826750317
11861 0.04057912528201312
11893 0.006857157567213934
11977 0.021545683770871946
11984 0.06164195410445833
12006 0.017793948971583706
12007 0.047482251310472394
12064 0.03151692332016488
12175 0.04164135846060293
12185 0.11766664110769624
12186 0.07572660925809756
12229 0.0552299833138032
12303 0.045076282544033605
12304 0.03595813011522414
