46
137 0.18988726474836207
344 0.04767753723736742
677 0.13081371158790858
975 0.13731585014937442
1468 0.1433608216396802
1524 0.062096492427320835
1553 0.1163947563979552
1575 0.11070949871206469
1895 0.09260273696333254
1905 0.1227059657853339
1971 0.08271527524441126
1999 0.20268993942699337
2096 0.14086589970153998
2406 0.2694247445890747
2701 0.11679457797322122
3361 0.2161008991538969
3730 0.2296560046687184
4356 0.07742846541652013
4451 0.06511270311314933
5882 0.1356199385859001
6066 0.09502167823226707
6280 0.1140526285950335
6794 0.12052417575941865
6809 0.2296560046687184
7471 0.15306143470539843
7561 0.2021943195623673
7835 0.09988923803193978
8252 0.06881554680053345
8324 0.039299098848959046
8633 0.1240560083995831
8754 0.11679457797322122
9278 0.20268993942699337
9664 0.08805085771369939
9923 0.10720998954535545
9987 0.1240560083995831
10476 0.14596918733967482
10508 0.17266901468432697
10555 0.33850167755407784
10619 0.16023351161123126
11067 0.07130274209885787
11861 0.13847496358953654
11875 0.10264372684059278
11945 0.13237147688368892
12105 0.11291646941157503
12303 0.15382136851538986
12304 0.1227059657853339
