275
73 0.04344411828737386
103 0.02742880242335701
116 0.03342595606948722
119 0.04636213930616496
189 0.038540062580065884
230 0.02401600608373575
236 0.1592379281360255
245 0.05707296290821235
337 0.027637303280684675
338 0.04137172733868814
373 0.0266281692193456
374 0.014043552060865525
390 0.022261722538484865
456 0.035389334680228896
496 0.04268475084777452
587 0.021662949049586766
594 0.11199400690303916
674 0.06326435137216127
679 0.03522701279743492
744 0.02332875602811979
769 0.01312922640312154
788 0.04137172733868814
839 0.18307063059510856
887 0.15301542503532195
938 0.014008458659846186
952 0.025550437973753275
959 0.044219715137806835
1119 0.04271417193551099
1122 0.028621515949537966
1133 0.04045238022409054
1162 0.0393238290119515
1178 0.02774288271784965
1184 0.06557803930085226
1205 0.017884793804624086
1208 0.036663965425969024
1215 0.03756658224944361
1363 0.038540062580065884
1374 0.02784936842735951
1379 0.06268006842301835
1390 0.101927082892409
1487 0.038540062580065884
1582 0.04462648957953564
1622 0.0665812409300855
1637 0.15727409986084062
1638 0.03905703358979604
1698 0.02508115909603079
1706 0.03780288480334801
1742 0.02516701071193656
1821 0.06685417777846345
1980 0.04847411933012304
2040 0.101927082892409
2042 0.04944694655382442
2169 0.05322533315762495
2174 0.03447493350662798
2360 0.04739469891086436
2373 0.012126214991731941
2497 0.06459238606704298
2541 0.027956776102533467
2622 0.037107066420705
2629 0.04739469891086436
2630 0.010334927663675534
2636 0.06962238710979217
2650 0.029941219001976573
2705 0.02425381865029949
2729 0.05707296290821235
2756 0.03200210739166714
2781 0.022398801380607833
2798 0.0393238290119515
2804 0.0509635414462045
2828 0.01952080806742468
2895 0.021598168176596422
2900 0.028851254163054178
2938 0.05888986492775761
3002 0.07822123068788149
3058 0.061023543531702855
3067 0.04965649062228482
3082 0.03780288480334801
3141 0.1421840967325931
3171 0.0509635414462045
3179 0.04739469891086436
3189 0.035034675472019286
3190 0.05167262066280662
3239 0.0168734147408984
3268 0.07822123068788149
3285 0.0266281692193456
3358 0.06459238606704298
3582 0.09478939782172872
3591 0.015495927906677658
3648 0.09280345676287463
3661 0.021925509305048173
3680 0.019741356258223514
3709 0.06931744437297195
3759 0.02031051611970621
3765 0.022330072623165824
3820 0.07124174311943506
3826 0.03484527470928454
3880 0.041057647044195504
3918 0.04501709911309257
3933 0.07808323226969872
3939 0.08090476044818108
3971 0.04344411828737386
3977 0.07708012516013177
4013 0.03987527575203373
4018 0.1141459258164247
4033 0.028851254163054178
4048 0.04078471019581755
4105 0.01723172149573569
4129 0.059562385024293805
4169 0.020137009669187377
4350 0.14168951672536542
4356 0.01674167358436608
4376 0.0731912296451323
4410 0.013561054785553032
4483 0.1337083555569269
4502 0.030068456106980824
4552 0.10799084088298211
4570 0.03245880346610618
4616 0.04344411828737386
4655 0.027122477995942564
4712 0.031418210962699644
4772 0.062175175709463765
4793 0.06268006842301835
4872 0.020605197647169383
4931 0.025876089928538674
4941 0.0457833489297827
4965 0.03644821200544882
4971 0.061023543531702855
4988 0.09382929652183324
5001 0.04983395032148581
5181 0.02569498439111301
5312 0.04787547525721023
5313 0.07084475836268271
5525 0.0368835376887504
5585 0.05029281004680751
5649 0.05029281004680751
5728 0.07822123068788149
5802 0.023133831670213642
5978 0.34335856661525893
6013 0.06460117148741744
6079 0.01837326277082865
6114 0.030326913559300162
6156 0.0393238290119515
6168 0.055993542488953676
6222 0.03828943771286678
6398 0.05444749603888869
6410 0.017141169933197656
6452 0.014327931481694978
6630 0.12289994173544877
6666 0.020079709294854385
6672 0.05322533315762495
6740 0.07822123068788149
6772 0.02569498439111301
6778 0.06731738156347297
6825 0.04137172733868814
7150 0.023705852204527512
7176 0.014804420235488515
7188 0.02873585324727669
7193 0.019357932524444153
7206 0.03484527470928454
7220 0.020486483736583187
7272 0.014078745017765786
7282 0.018933771241764846
7328 0.03905703358979604
7374 0.034658722186485975
7429 0.061023543531702855
7484 0.009824340825449586
7537 0.02201840105106659
7593 0.0393238290119515
7660 0.022748275448003643
7756 0.04462648957953564
7861 0.02551648477933236
7875 0.05029281004680751
7988 0.036027646001446326
8009 0.07822123068788149
8098 0.018274018169621938
8100 0.08076715441034622
8101 0.059562385024293805
8156 0.043587069121005725
8208 0.045925570541619304
8225 0.030590870516968353
8621 0.04548238126683971
8650 0.19862596248913927
8751 0.06962238710979217
8776 0.02643583189392997
8786 0.03200210739166714
8817 0.042364697868115184
8823 0.027223748019444344
8837 0.024334113487170583
8942 0.012461931908854583
8957 0.0329329570652599
9062 0.1337083555569269
9275 0.13924477421958434
9283 0.0731912296451323
9330 0.037107066420705
9338 0.030282039245639034
9341 0.16671270976067926
9433 0.0434561399624217
9445 0.01521697552467555
9563 0.022819367384610333
9628 0.0368835376887504
9653 0.044219715137806835
9656 0.02185934643361742
9658 0.020907049740585684
9664 0.019038459702595364
9671 0.07602155148736618
9776 0.04306744765827829
9784 0.04905122380217985
9804 0.030068456106980824
9817 0.05242469995361354
9847 0.07822123068788149
9872 0.07822123068788149
9876 0.05029281004680751
9923 0.02318106965308248
10004 0.041210395294338766
10110 0.02784936842735951
10167 0.026246431131195232
10269 0.040160472426988274
10276 0.034115328357421676
10318 0.02320393970437678
10325 0.02732585155045391
10392 0.013426576406491154
10418 0.03484527470928454
10464 0.04344411828737386
10466 0.11000114391905326
10468 0.05322533315762495
10515 0.041057647044195504
10578 0.026531627806149784
10594 0.04739469891086436
10628 0.029085327314672497
10632 0.059562385024293805
10749 0.014400056737113432
10797 0.11198708497790735
10848 0.02873585324727669
10914 0.02839595502673805
10934 0.03309512289062889
10951 0.0069366553636955606
10959 0.02332875602811979
10966 0.05707296290821235
10988 0.014692825698978626
11052 0.04504705558353814
11067 0.015417162505646438
11080 0.017051274547166255
11112 0.040751322616781056
11177 0.04593354040345532
11187 0.037107066420705
11191 0.06268006842301835
11192 0.06685417777846345
11204 0.1292213312541519
11226 0.055993542488953676
11237 0.03200210739166714
11319 0.015553972460684599
11332 0.04708020606070268
11497 0.03978150856658433
11629 0.01577561306329461
11637 0.03893255653958079
11818 0.035822591597533655
11893 0.005059538741265538
11908 0.02981527366653537
11917 0.06858765593840466
11929 0.033222633547657206
11968 0.05707296290821235
11977 0.01589743573445026
11993 0.041057647044195504
11995 0.03879585533277505
12030 0.02732585155045391
12033 0.0731912296451323
12083 0.033594741108345844
12111 0.06268006842301835
12138 0.025428188968957557
12157 0.028967738671354295
12205 0.11876237653910987
12209 0.05167262066280662
12268 0.06268006842301835
12270 0.037659917690535394
12271 0.026531627806149784
