241
26 0.07342094029990552
29 0.07722142692942781
105 0.03827755634014333
119 0.08777497564356108
184 0.06941977421488289
188 0.08843905342471668
338 0.05221792916707965
343 0.029728564583253705
344 0.02602303937970551
374 0.017725274092742885
450 0.05945712916650741
493 0.05435820730462632
594 0.028270973903144585
638 0.0489667547395026
641 0.041771492128698094
673 0.06717913066491762
674 0.01996250598692979
678 0.043513040225551386
711 0.02281725938919337
769 0.016571244626173535
784 0.32162188631327027
956 0.061023234906219706
1068 0.04573598134951247
1178 0.07003216823855281
1184 0.02759009297254747
1205 0.06772066018024511
1347 0.033855716747689175
1645 0.06118231682460842
1664 0.033127315919820266
1709 0.05347122140566915
1710 0.04655309512932587
1958 0.021864400010050782
1971 0.02257355339341504
1994 0.05391231519775601
2042 0.1456237647574209
2077 0.06118231682460842
2080 0.022214962282934687
2105 0.03556075796362386
2129 0.036860306643928205
2152 0.06267466399875109
2247 0.07352781985573598
2269 0.058566618357898
2294 0.06267466399875109
2343 0.05143487629722351
2373 0.01530527914194448
2450 0.16504571663851514
2578 0.15255808726554926
2630 0.02608875942117303
2644 0.0296333801312655
2650 0.0377907463283308
2705 0.030612311009992586
2781 0.05654194780628917
2828 0.0492769453208555
2829 0.05797568807183571
2841 0.07372061328785641
2844 0.056325974807932735
2853 0.03795134049647237
3046 0.06941977421488289
3055 0.043745011788835886
3109 0.05391231519775601
3152 0.03542280293787975
3189 0.04421952671235834
3285 0.03360913221635115
3400 0.034882825492527574
3456 0.09424506442970161
3468 0.06825940684329568
3472 0.06531976873713298
3561 0.04470887260467408
3591 0.019558411452943812
3599 0.03877998856346142
3619 0.05304221390837992
3661 0.027673601405869053
3670 0.034882825492527574
3680 0.049833681553344944
3723 0.09995457123422877
3831 0.06941977421488289
3878 0.038610713464713904
3918 0.014204747082173742
3934 0.1323371995746117
3966 0.04261806554868425
3975 0.04832757235321142
3977 0.0486439021853157
3985 0.105249295971366
4025 0.025416220500881
4033 0.0364150313071155
4059 0.02734220714936304
4169 0.050832441001762
4173 0.07352781985573598
4191 0.05182150814176618
4350 0.04470887260467408
4515 0.06267466399875109
4583 0.058566618357898
4596 0.038443248829532366
4624 0.005862973555671155
4708 0.11289534775796044
4765 0.08152622231045731
4827 0.07843342644857398
4931 0.03265988436856649
4941 0.07704816228324593
4992 0.06717913066491762
5005 0.041284499728210945
5040 0.08272954662018951
5181 0.03243129937264306
5219 0.04929640468651727
5224 0.020642249864105473
5310 0.038610713464713904
5425 0.042817736833821306
5520 0.059180728210196314
5752 0.033246387171456955
5762 0.06118231682460842
5802 0.0145993515526812
5807 0.035286052774906644
5842 0.02331635484230535
6055 0.028358204179633886
6079 0.023190081624609636
6162 0.01794864156308226
6180 0.030312152410033568
6214 0.05054381602530892
6230 0.037474416496226515
6251 0.02402966963554267
6258 0.025057902939158643
6280 0.03112572730540817
6398 0.10308255206055264
6401 0.06521935193952119
6452 0.018084207727103396
6664 0.09200728493574081
6732 0.06601828665540604
6747 0.11556817728785866
6778 0.02124140378172912
6867 0.06142731261928708
6868 0.04683522517906875
6966 0.05391231519775601
7025 0.07712669421446836
7042 0.023002560890704276
7150 0.02992068716704755
7193 0.14659738150753046
7220 0.02585731429296786
7262 0.015729009146132802
7282 0.04779507113514283
7374 0.08749002357767177
7379 0.041364773310094756
7461 0.04963314442044631
7484 0.037199805253732655
7507 0.022755976359366253
7537 0.03705446143754219
7833 0.02376650723697803
7901 0.04963314442044631
7951 0.0679609614153435
7968 0.04655309512932587
7971 0.05068912611119964
7984 0.043745011788835886
8098 0.046129637206948806
8169 0.038443248829532366
8187 0.09872806735826056
8208 0.11593125758891938
8225 0.07722142692942781
8252 0.018780224274280596
8277 0.05436619608253629
8324 0.01072498765867326
8327 0.03448972214794118
8383 0.11162511702503429
8461 0.06616859978730585
8483 0.033855716747689175
8662 0.05143487629722351
8766 0.05143487629722351
8776 0.03336637085537344
8817 0.1069424428113383
8823 0.03436085068685088
8837 0.03071365630964354
8858 0.0634778038426679
8867 0.04197888316239307
8873 0.03081566184391469
8927 0.19990914246845753
8942 0.015729009146132802
8957 0.08313362433325688
8986 0.028712067695231446
8988 0.038951113699918036
8996 0.04627595879486465
9014 0.09872806735826056
9027 0.024096157183992706
9042 0.1440525206751538
9202 0.046003642467870406
9338 0.06370152928425951
9341 0.07013962617730606
9433 0.02742440048315843
9568 0.029444729727136142
9575 0.07627012524025059
9625 0.03209455963871402
9656 0.02759009297254747
9658 0.05277627561978087
9675 0.023253090941562457
9695 0.09237937816744221
9776 0.24461193287081845
9859 0.0598199105964875
9921 0.040968352284781274
10018 0.12382143530495465
10105 0.03569993927234097
10116 0.038443248829532366
10218 0.05585366541295302
10318 0.019524793988917592
10392 0.016946549270494382
10420 0.028622849253653715
10500 0.0634778038426679
10547 0.06521935193952119
10628 0.03671047014995276
10645 0.058566618357898
10749 0.01817524167035083
10816 0.06950138284911263
10898 0.02615843499892938
10951 0.017510401510317193
10960 0.02463847266042775
11011 0.025200247502524566
11026 0.07203547268159331
11036 0.012494927049131046
11052 0.05685679832485531
11080 0.02152151490372335
11103 0.025416220500881
11159 0.0489667547395026
11226 0.0706730664534724
11319 0.02944750985025551
11332 0.014855742214504556
11497 0.01673693711556257
11634 0.019860500452658643
11637 0.09827858832357939
11656 0.1044358583341593
11893 0.012771941255758876
11953 0.08313362433325688
11968 0.07203547268159331
11977 0.04013036082945659
12004 0.05706827260341845
12006 0.016571244626173535
12007 0.04421952671235834
12021 0.046506181883124914
12051 0.07962950022309791
12064 0.05870250016304525
12157 0.03656205392847436
12177 0.03842637251862449
12204 0.012494927049131046
12227 0.04832757235321142
12265 0.010004324806812027
12270 0.04753301447395606
