449
15 0.027628753748834434
21 0.041064322446530806
29 0.12351233292536465
70 0.05898310696313164
76 0.016877761349880872
103 0.01845755132934489
104 0.052422899813439845
111 0.03705481875765711
116 0.02249319129440424
119 0.17159056163866404
184 0.03701130893056478
201 0.07467561636634276
203 0.021535046653218422
236 0.030615807081541154
241 0.0468507069290133
289 0.023970206757901156
303 0.026833105492721148
330 0.05279669726898873
335 0.03719571390936988
338 0.02784010651107523
343 0.015849851145398247
344 0.013874242039641271
347 0.043070093306436845
374 0.01890053958673913
390 0.01498048949026732
403 0.08016214210999838
435 0.010480953063627757
450 0.04754955343619474
456 0.011907199798403463
464 0.0426725512778943
485 0.023077204766412292
496 0.014361837013383363
513 0.02593460597834835
524 0.022838674590484984
525 0.026833105492721148
576 0.01741269088919604
587 0.01457755930631673
594 0.06029093356935136
641 0.04454113016502579
667 0.03920152271379942
674 0.06385833009109164
717 0.034294686572516705
736 0.02438424143716743
748 0.0468507069290133
769 0.008834996384816529
784 0.034294686572516705
797 0.08623041671540083
836 0.03189312002704126
878 0.028743472238466943
887 0.04412916057328671
958 0.016539283032419916
983 0.029756591240383646
1068 0.02438424143716743
1122 0.17334143228257048
1124 0.04346588899200624
1152 0.058423475893978276
1178 0.03733780818317138
1184 0.01470972019109557
1188 0.03920152271379942
1203 0.0753590090190475
1205 0.012035140819071767
1208 0.02467213162798834
1253 0.04498790719628191
1352 0.028279575776886733
1353 0.049639774977431675
1541 0.042179040936163315
1574 0.05263709141149579
1622 0.029869493949470645
1645 0.03261948997520364
1664 0.05298570921969482
1759 0.014490600309615263
1876 0.03189312002704126
1887 0.02949155348156582
1895 0.013473774660025337
1958 0.011657054095977488
1971 0.012035140819071767
2042 0.1663706530109757
2105 0.018959298178105495
2115 0.05611389912999078
2154 0.0195722698189774
2167 0.06916328113571919
2181 0.01866890409158569
2266 0.02605290801144594
2284 0.034294686572516705
2294 0.03341513823131693
2298 0.04544383521510343
2356 0.01719355125713414
2373 0.016320088072818636
2392 0.02319907537167853
2409 0.03384333404747788
2450 0.10559339453797746
2453 0.07840304542759884
2464 0.018388273021393987
2578 0.065069350184441
2596 0.019732813001374302
2617 0.0468507069290133
2630 0.013909280827727135
2650 0.020148221495865856
2678 0.026833105492721148
2694 0.02512348415302716
2698 0.03224840718590183
2705 0.01632102254268728
2707 0.05263709141149579
2726 0.029756591240383646
2729 0.03840587445768613
2735 0.035816704776792364
2788 0.03261948997520364
2806 0.06552710779905581
2809 0.028743472238466943
2822 0.018740561082612257
2828 0.06568028587860654
2841 0.019652155483117304
2900 0.019414755934698675
2901 0.021435069551708787
2925 0.0468507069290133
2937 0.027628753748834434
3045 0.041064322446530806
3054 0.03300783851667377
3067 0.06683027646263386
3081 0.05263709141149579
3097 0.026282489156060553
3109 0.028743472238466943
3133 0.02543853996559979
3141 0.03189312002704126
3175 0.02610673554455877
3220 0.150718018038095
3239 0.022709115321509512
3270 0.01470972019109557
3285 0.03583756903320167
3320 0.03701130893056478
3332 0.014844007079190365
3351 0.03189312002704126
3390 0.04994061151997953
3407 0.03821674671479438
3435 0.03920152271379942
3456 0.05024696830605432
3472 0.01741269088919604
3520 0.020952392456341208
3525 0.042179040936163315
3580 0.02576595401610305
3582 0.03189312002704126
3609 0.017725386179146544
3661 0.029508485800702745
3670 0.05579357086405482
3680 0.06642234881840102
3686 0.02805694956499539
3687 0.028985459854161025
3688 0.030909868635509652
3690 0.03639265645368082
3744 0.035277937964048316
3765 0.015026484031949882
3803 0.018959298178105495
3814 0.034581640567859596
3820 0.023970206757901156
3846 0.0468507069290133
3866 0.05263709141149579
3874 0.0848387273306602
3882 0.023970206757901156
3915 0.02949155348156582
3933 0.026272114351442617
3966 0.04544383521510343
3971 0.029234672038196588
3985 0.02805694956499539
3988 0.02805694956499539
3996 0.03767950450952375
4001 0.08049931647816345
4014 0.026645502357302824
4030 0.024105949394224863
4033 0.019414755934698675
4059 0.01457755930631673
4064 0.058423475893978276
4081 0.01174998256799366
4101 0.01281147247220245
4156 0.02295708775598445
4169 0.08130429112837304
4173 0.07840304542759884
4269 0.03477184433664352
4297 0.0195722698189774
4320 0.01302645400572297
4350 0.09534654438873691
4356 0.01126590562552
4429 0.02249319129440424
4451 0.018947904090547345
4552 0.029067933159187567
4554 0.024105949394224863
4596 0.02049610467357806
4624 0.021881002867322575
4699 0.016877761349880872
4708 0.10031734809353524
4709 0.17527042768193485
4765 0.04346588899200624
4782 0.02512348415302716
4800 0.030313330047577244
4822 0.03122492444808228
4827 0.020908478957199952
4861 0.012452359366275464
4872 0.027731542001269618
4876 0.05655915155377347
4931 0.03482538177839208
4941 0.010269600301386959
4988 0.08418688404095462
4995 0.046154409532824583
5040 0.022053722028592744
5057 0.03155233849858554
5175 0.04498790719628191
5219 0.026282489156060553
5224 0.04402184797532938
5226 0.035816704776792364
5252 0.04389475358350884
5310 0.04117077764178821
5312 0.01610832343931018
5322 0.034294686572516705
5337 0.03636764455083733
5368 0.03836784255501454
5425 0.11414186401404562
5433 0.01735153319297261
5461 0.02319907537167853
5627 0.03733780818317138
5687 0.027422620110363234
5752 0.017725386179146544
5762 0.03261948997520364
5802 0.023351031458109843
5842 0.012431167084064377
5978 0.03300783851667377
5998 0.07525135395282186
5999 0.029234672038196588
6034 0.017598899089662914
6055 0.015119240410658737
6057 0.04312234704685372
6066 0.02765146522237146
6075 0.03701130893056478
6079 0.02472768846745776
6198 0.0607015279146293
6209 0.015952281733537615
6230 0.019979569533620557
6251 0.01281147247220245
6303 0.025279525858799723
6360 0.010920422329439256
6403 0.02610673554455877
6436 0.01378588533649491
6446 0.030909868635509652
6452 0.019283272137431844
6463 0.03300783851667377
6502 0.0835203195332257
6512 0.05263709141149579
6618 0.03261948997520364
6621 0.023077204766412292
6657 0.06993525706333432
6666 0.013512156282568681
6730 0.058423475893978276
6732 0.03519779817932583
6772 0.017290820283929798
6778 0.056624511270442594
6791 0.014533966579593783
6867 0.016375055017388673
6923 0.01918392127750727
6966 0.11497388895386777
7008 0.03384333404747788
7017 0.028279575776886733
7025 0.013706756893834738
7042 0.012263867132219242
7102 0.018251417690873687
7176 0.00996227768825344
7193 0.1823703560801216
7230 0.021535046653218422
7262 0.01677191328445412
7267 0.04346588899200624
7272 0.009473952045273673
7312 0.04283125540867366
7315 0.04925227347448874
7374 0.02332275153295864
7396 0.02163623562788074
7425 0.016877761349880872
7467 0.06996825459887593
7482 0.017918784516600835
7484 0.04627737317317576
7537 0.014816752161373549
7554 0.07874331085367968
7580 0.017661903073231604
7593 0.02646202270341934
7645 0.041064322446530806
7697 0.041064322446530806
7698 0.03155233849858554
7758 0.029756591240383646
7833 0.012671166846862399
7868 0.0468507069290133
7880 0.06683027646263386
7944 0.02702502171952839
7951 0.036233539601778345
7952 0.006832769808597323
7980 0.041064322446530806
7984 0.02332275153295864
7986 0.019033503006233344
7988 0.024243935811827384
8092 0.013512156282568681
8098 0.012297059971964197
8100 0.018116769800889172
8171 0.013062828739516153
8208 0.09271351652738047
8224 0.03843441741660735
8225 0.061756166462682324
8246 0.03155233849858554
8277 0.028985459854161025
8324 0.011436102637929626
8326 0.013359677373230017
8378 0.05898310696313164
8412 0.019732813001374302
8444 0.041533747945499626
8453 0.02646202270341934
8489 0.03920152271379942
8543 0.029756591240383646
8577 0.026645502357302824
8586 0.039628514869342955
8650 0.03341513823131693
8708 0.015648685069226294
8777 0.02610673554455877
8823 0.036639129823484745
8829 0.04925227347448874
8843 0.03767950450952375
8858 0.06768666809495576
8890 0.05019027099122794
8905 0.02184236926635194
8908 0.04008107105499919
8927 0.026645502357302824
8942 0.03354382656890824
8956 0.049639774977431675
8957 0.044322878999742334
8999 0.03639265645368082
9000 0.016820386634703418
9095 0.03341513823131693
9199 0.03122492444808228
9202 0.02452694556509475
9233 0.03341513823131693
9238 0.042179040936163315
9246 0.06244984889616456
9273 0.012165073219457605
9309 0.11684695178795655
9338 0.0373588751474512
9341 0.03739509962517359
9358 0.14028474782497694
9423 0.030313330047577244
9426 0.03639265645368082
9433 0.0731069043364951
9434 0.02085911787482033
9445 0.02047979364822071
9473 0.02184236926635194
9503 0.028279575776886733
9546 0.01699370749427263
9575 0.01016589725105512
9582 0.01741269088919604
9584 0.017598899089662914
9659 0.03189312002704126
9664 0.01281147247220245
9671 0.017052290108002494
9675 0.012397437792936174
9776 0.1593966034057679
9781 0.058423475893978276
9821 0.014665433677694684
9845 0.1405521207870399
9849 0.03242799117399391
9898 0.02921696941227451
9906 0.02543853996559979
9910 0.02949155348156582
9923 0.015599141967151276
9966 0.02850830209003421
10116 0.02049610467357806
10122 0.09785846992561094
10144 0.02332275153295864
10218 0.029778507476908713
10219 0.0937014138580266
10250 0.06449681437180366
10298 0.01785381930003885
10318 0.005204843938937335
10334 0.016706806811921746
10392 0.018070181801969513
10420 0.015260336527756165
10464 0.058469344076393176
10465 0.030030320294309878
10483 0.03189312002704126
10490 0.020320351062076275
10521 0.029234672038196588
10571 0.020320351062076275
10576 0.06148831402073418
10578 0.01785381930003885
10618 0.04994061151997953
10619 0.04662821638390995
10646 0.019896504289096548
10749 0.009690171020533381
10816 0.11116445627297132
10844 0.04544383521510343
10848 0.019337099670544665
10869 0.0937014138580266
10876 0.02784010651107523
10888 0.03767950450952375
10898 0.11157142815113448
10938 0.030313330047577244
10951 0.0280071299767049
10976 0.04925227347448874
10988 0.009887182835262274
10997 0.02295708775598445
11011 0.026871137395392736
11036 0.00666169849024248
11049 0.02438424143716743
11095 0.026282489156060553
11141 0.034294686572516705
11183 0.058423475893978276
11187 0.024970305759989764
11192 0.04498790719628191
11204 0.028985459854161025
11257 0.023448287555714094
11319 0.010466670787778642
11332 0.11880558617028371
11388 0.05263709141149579
11428 0.04498790719628191
11474 0.03477184433664352
11484 0.07163340955358473
11487 0.03189312002704126
11497 0.017846671417226158
11583 0.04925227347448874
11587 0.05263709141149579
11606 0.041064322446530806
11634 0.03176601160471855
11656 0.02784010651107523
11745 0.06858937314503341
11750 0.12409943744357918
11828 0.03264204508537456
11865 0.058423475893978276
11893 0.0187258204051617
11909 0.042179040936163315
11929 0.011178185152548266
11953 0.0664843184996135
11957 0.05482702757533895
11960 0.020063469618707044
11965 0.056657241436517534
11968 0.1152176233730584
11977 0.01069779611754791
11993 0.027628753748834434
12007 0.02357574023286841
12021 0.024794875585872348
12083 0.02260677111718591
12129 0.022270565082512895
12177 0.030730660545627387
12200 0.024243935811827384
12204 0.01998509547072744
12205 0.059938708600861666
12227 0.0515319080322061
12265 0.005333828296826265
12270 0.0380135005405872
12271 0.08926909650019425
