44
236 0.10671972505827795
674 0.07419852770663377
797 0.20038638513363824
887 0.102549463438734
1184 0.102549463438734
1374 0.130650648591268
1637 0.2459417012995304
1971 0.08390351531992622
2042 0.07732402328339437
2828 0.09157860228274138
3141 0.22234429368276304
3171 0.23908692083348232
3759 0.09528338537315315
3933 0.09157860228274138
3939 0.18977556805725782
4048 0.06377821282361819
4350 0.16617816044049039
4570 0.1522750412241701
4691 0.3266217708345038
4941 0.07159497168919678
4965 0.17099068335875467
5802 0.054264248756631446
6013 0.10102185951543388
6657 0.09751134615920541
6664 0.17099068335875467
6778 0.0789520558219666
8100 0.12630186014339623
8368 0.3266217708345038
8384 0.22234429368276304
8776 0.1240192786418299
8905 0.1522750412241701
8956 0.1730329409065385
9027 0.08956287289834705
9341 0.17380105816564992
9658 0.09808192296576275
9776 0.10102185951543388
9804 0.1410611268532666
10750 0.1249215969970704
11067 0.07232703628642627
11187 0.17408158852254554
11319 0.03648442864080845
11332 0.05521722578453957
11637 0.09132278486817225
12274 0.16259559152373548
