33
106 0.13099876710782637
220 0.15875967241024588
704 0.21537639732944425
887 0.09237951581167801
1557 0.2942303160978568
2042 0.06965571141967423
2156 0.25789084873562096
2373 0.05124644842270921
3680 0.08342870351310548
3966 0.2853949252099449
4025 0.08510076953964825
4048 0.05745325448240823
4513 0.3305697834600927
4941 0.06449481642729543
4965 0.15403334164129207
6008 0.040368541030385216
6075 0.23243724245901898
6251 0.08045820100188841
6410 0.07244008798173597
6505 0.21837302830835992
7312 0.08966249493208733
7374 0.14647080066927645
8098 0.07722760401689266
9318 0.24619215323847482
9473 0.13717375115176716
9656 0.09237951581167801
9767 0.30931255775700434
9904 0.264891468258004
11768 0.12341884037231136
11783 0.20252541875914282
11818 0.15138941490996832
12006 0.11097052528862393
12024 0.10116297934492165
