121
79 0.05152233315692943
104 0.04969521128628237
172 0.12361276531196773
262 0.05499283274359729
435 0.02980681222321797
496 0.04084366912432375
513 0.07375549969424329
587 0.041457162366664566
645 0.11995309446643806
674 0.03026781442422585
750 0.16615068923863283
769 0.025125871343601388
968 0.11398667195522215
979 0.031379630099020256
1073 0.0601261568851636
1178 0.053092549436391946
1205 0.03422677120069951
1524 0.025694920707157804
1536 0.03643458299675742
1604 0.2664777173374266
1664 0.10045747275320269
1905 0.05077452747978677
1995 0.07375549969424329
2030 0.07058534861155875
2042 0.09462839464402413
2105 0.05391840200486368
2266 0.03704596959129749
2450 0.05004955916856062
2578 0.13878818252453323
2705 0.04641540242261169
2828 0.037357670358143504
2841 0.22355528345969322
2842 0.14969477395367306
2976 0.08042436597289428
3055 0.13265527881889908
3112 0.05477402135711109
3270 0.04183301508272413
3619 0.08042436597289428
3680 0.11333922401727944
3687 0.16486366341527303
3800 0.10349717918147829
3803 0.05391840200486368
3814 0.04917341297682662
3820 0.13633787832977276
3887 0.0404830414199285
3891 0.03864708409425764
4048 0.026017054107685022
4200 0.08042436597289428
4356 0.03203914104621888
4410 0.07785683040951849
4552 0.2066659444358444
4583 0.08880065143484282
4624 0.01777927036549294
4872 0.03943290557996353
4926 0.048662837010938334
4931 0.04952000113771697
5112 0.11557820834425729
5224 0.03129846466141692
5261 0.1634872848784072
5368 0.05455720827603198
5380 0.0554366001943928
5402 0.16615068923863283
5425 0.12984334866574196
5461 0.06597591642267674
5670 0.11398667195522215
5942 0.05932130464302792
5999 0.08314056694652087
6066 0.039319040290348765
6162 0.027214326315244078
6222 0.07327586989920414
6258 0.07598724894753213
6536 0.1400686805969275
6868 0.07101312356099175
6995 0.10349717918147829
7193 0.07409193918259498
7220 0.0392057185125385
7272 0.026942999163427368
7484 0.03760238662001416
7537 0.014045801202457825
7589 0.15747444814444117
7605 0.06095925525481319
7951 0.05152233315692943
8092 0.038427259677651385
8156 0.08341413708264413
8246 0.0897317851841639
8361 0.07857349135651905
8512 0.08107484138530262
8708 0.044503339969853416
8716 0.06975225024190917
8927 0.0757772199279877
8986 0.21767095205984568
9157 0.33230137847726565
9267 0.040722850200085224
9445 0.043681907547213815
9470 0.058288930367683886
9568 0.04464507691248601
9578 0.04158178662856116
9776 0.12362957828595797
10318 0.014802070479395983
10897 0.055888820864923305
10898 0.11898686317652155
10951 0.02654985219566005
10959 0.04464507691248601
11103 0.03853691745863752
11106 0.04234359104861241
11142 0.05705855830481554
11153 0.07474484565264365
11217 0.11564329640756782
11332 0.04504953924894653
11497 0.025377099797764355
11637 0.11175994418739153
11893 0.029047862128597342
11929 0.031789672543676484
11965 0.05370923001409029
12024 0.04581050683764724
12098 0.048328453069395996
12177 0.029131670972357186
12186 0.035643147464430584
12204 0.0189452232808324
12270 0.036035567429853956
12275 0.04493111491928642
