332
14 0.053103420499359295
29 0.09296075296232861
68 0.027371870815160418
84 0.02668179293086818
103 0.02778391159453788
105 0.030719543356704158
106 0.031398958433486994
111 0.027889068006479428
116 0.033858707867125165
119 0.14088711128553352
159 0.03226593099056468
184 0.055712641236980366
188 0.035488254683296305
189 0.039039024564217685
203 0.03241642521920083
236 0.04608557560918658
262 0.029107884255860788
335 0.05599022364958177
343 0.023858574474621808
344 0.020884715821310178
374 0.014225368024092657
390 0.04509987139830034
449 0.10782883832959456
464 0.0321172178005391
522 0.036286371627569466
524 0.03437875937257248
587 0.021943410141675182
594 0.045377578486801066
638 0.03929812895813548
641 0.033523591530215294
674 0.048062556245067216
679 0.03568308211918637
711 0.018311926259315284
784 0.10324668997434214
836 0.0960165962964439
846 0.03473781573938629
878 0.04326717435827735
887 0.04428470040010381
938 0.014189820283567071
940 0.0792339280696187
956 0.024487011315583625
965 0.024567822641649282
979 0.0332186794294699
1068 0.03670528101487735
1073 0.09547490798608672
1122 0.028992066681207
1133 0.04097610018065115
1178 0.05620411630906549
1184 0.06642705060015572
1205 0.09058170354733949
1208 0.037138638369164416
1323 0.0792339280696187
1352 0.08513775411442327
1353 0.03736105334170202
1451 0.055712641236980366
1536 0.019284942634704417
1542 0.039039024564217685
1575 0.048495298903757804
1622 0.022481080086345657
1684 0.03241642521920083
1698 0.02540587431623532
1895 0.040563794982241067
1905 0.08062536490446912
1916 0.037818053445947256
1994 0.04326717435827735
2042 0.1836527563876374
2052 0.04854310728061009
2077 0.09820338673950631
2166 0.04800829814822195
2202 0.03492126597405023
2216 0.07413880571848135
2294 0.050299372325848156
2373 0.012283207998164042
2434 0.04097610018065115
2450 0.13245696781322247
2455 0.03241642521920083
2578 0.024487011315583625
2630 0.010468729626306494
2644 0.04756436892986348
2645 0.03805294099310272
2646 0.053103420499359295
2650 0.030328855374131217
2704 0.05535925571994815
2705 0.049135645283298564
2730 0.047495324152337016
2763 0.03168135498958022
2781 0.045377578486801066
2828 0.05932060728295798
2841 0.029582133666720974
2933 0.03473781573938629
3046 0.055712641236980366
3055 0.07021486817732663
3067 0.050299372325848156
3089 0.03098691765410954
3109 0.04326717435827735
3141 0.04800829814822195
3220 0.17015540201492524
3239 0.01709186774628842
3270 0.022142350200051904
3285 0.026972912929099896
3390 0.03758747600615555
3392 0.05671846733830841
3397 0.044792209195333346
3400 0.08398533547437265
3407 0.028763585515987823
3442 0.017272030228678088
3468 0.054781391721874954
3584 0.05781186255983962
3609 0.02668179293086818
3623 0.039039024564217685
3661 0.022209369654357623
3670 0.05599022364958177
3680 0.11998163577882431
3683 0.033523591530215294
3702 0.052341604354223165
3765 0.022619170683636322
3803 0.05707836918080101
3831 0.055712641236980366
3850 0.06181358968944576
3918 0.04559991656564764
3925 0.06771971070602109
3933 0.019773535760985995
4001 0.08078304835933338
4005 0.06181358968944576
4025 0.02039771506577432
4033 0.029224779218768832
4048 0.04131273268877757
4059 0.08777364056670073
4101 0.019284942634704417
4156 0.03455700516819089
4169 0.061193145197322954
4173 0.05900954151593462
4187 0.041589203135761685
4198 0.03241642521920083
4289 0.06279791686697399
4302 0.053103420499359295
4350 0.17940488914756897
4431 0.04198675437650102
4451 0.014261016609407286
4547 0.029582133666720974
4552 0.06563337173388764
4583 0.047002472046893895
4596 0.030852519390138368
4624 0.00941062531485392
4708 0.03020127947739199
4765 0.06542863652839488
4772 0.04198675437650102
4827 0.031473261027833065
4872 0.020871964476634506
4931 0.02621109678396376
4941 0.030917391131004585
4988 0.03168135498958022
4992 0.05391441916479728
5013 0.027371870815160418
5040 0.06639436101134018
5066 0.042568877057211636
5146 0.054743741630320836
5224 0.033132757172133216
5236 0.045204249974710814
5247 0.03045773976443084
5312 0.024247649451878902
5368 0.028877306816069082
5425 0.03436325222577145
5440 0.047002472046893895
5455 0.05781186255983962
5461 0.03492126597405023
5472 0.06805935618981576
5581 0.05900954151593462
5627 0.028102058154532743
5727 0.05671846733830841
5749 0.06349156091196143
5752 0.02668179293086818
5762 0.049101693369753154
5802 0.046866671322172176
5942 0.09419687530046099
5978 0.04968626937073761
6013 0.02181251189663755
6079 0.037222267355954027
6180 0.024326931215786277
6303 0.03805294099310272
6452 0.014513429185702217
6484 0.0734105620297547
6558 0.044006571018615805
6584 0.017687095708490384
6630 0.031122768900437168
6657 0.021054526301110675
6673 0.042568877057211636
6733 0.047495324152337016
6772 0.026027646549299815
6775 0.042233760720301765
6778 0.08523613924457278
6817 0.023333346827940603
6818 0.12980152307483206
6868 0.03758747600615555
6869 0.03758747600615555
7121 0.03287903394567522
7150 0.04802552380944688
7176 0.014996086839027896
7188 0.029107884255860788
7193 0.11765130922103736
7256 0.036286371627569466
7262 0.012623271301043917
7282 0.01917889881639296
7328 0.03956268858022484
7344 0.04190734969575655
7358 0.06033351417725753
7374 0.10532230226598994
7396 0.03256874366470827
7461 0.03983293809052363
7484 0.03980612973994994
7536 0.052238073800914234
7537 0.022303464030750817
7542 0.014404630948522644
7589 0.05556782318907576
7605 0.03226593099056468
7773 0.07610588198620544
7833 0.01907374240445141
7839 0.08255782570958949
7952 0.010285279391642548
8092 0.040679345695179225
8098 0.018510604198650773
8100 0.027270937598652952
8208 0.046520149591747835
8225 0.03098691765410954
8252 0.015072015274845271
8320 0.0429131757970846
8352 0.028102058154532743
8378 0.044393251309272824
8447 0.08033425647962951
8454 0.05671846733830841
8651 0.04190734969575655
8662 0.04127891285479474
8705 0.05094392991038822
8774 0.03226593099056468
8776 0.026778085493209838
8817 0.0429131757970846
8837 0.024649157022009413
8863 0.036286371627569466
8868 0.029582133666720974
8873 0.02473102127177554
8890 0.015110152232481102
8927 0.040109127623573465
8931 0.04652822263603373
8942 0.012623271301043917
8957 0.06671865242419177
8986 0.04608557560918658
8996 0.037138638369164416
9027 0.01933830202654077
9112 0.03956268858022484
9160 0.03369003261111321
9330 0.03758747600615555
9338 0.06646052416070965
9341 0.09381726061742231
9385 0.03402967809490788
9423 0.04563026086991939
9433 0.19808436749955927
9434 0.031398958433486994
9445 0.007706991654032397
9470 0.030852519390138368
9473 0.03287903394567522
9568 0.023630783622688476
9575 0.04590777814391092
9582 0.02621109678396376
9625 0.025757397039001026
9627 0.09820338673950631
9658 0.042355449044351304
9715 0.04652822263603373
9731 0.044006571018615805
9776 0.0872500475865502
9898 0.01465997449546781
9923 0.023481185214255584
10004 0.020871964476634506
10141 0.054743741630320836
10173 0.04968626937073761
10218 0.0672377991310521
10270 0.04968626937073761
10318 0.02350435135448715
10321 0.05916426733344195
10334 0.025148538677038697
10420 0.02297118579949375
10464 0.044006571018615805
10494 0.05391441916479728
10578 0.026875121634823036
10619 0.03509442338003559
10647 0.031122768900437168
10749 0.01458648821647395
10750 0.026972912929099896
10816 0.027889068006479428
10888 0.05671846733830841
10896 0.09820338673950631
10897 0.08874640100016293
10898 0.06298013156475153
10951 0.007026461323830067
10966 0.05781186255983962
11011 0.040448773107368136
11025 0.049101693369753154
11036 0.010027767964437393
11052 0.04563026086991939
11080 0.017272030228678088
11095 0.03956268858022484
11192 0.06771971070602109
11204 0.1308943054924101
11215 0.052341604354223165
11300 0.02254993569915017
11319 0.023633014802546027
11332 0.11922433422843318
11351 0.04800829814822195
11497 0.05372872403986175
11634 0.015938987831922952
11637 0.07887319995596592
11643 0.04190734969575655
11656 0.04190734969575655
11818 0.036286371627569466
11893 0.020500169847263255
11911 0.044393251309272824
11957 0.04126520522585956
11965 0.028428469179077948
12006 0.01329920497653123
12007 0.07097650936659261
12021 0.018661701625073954
12029 0.027270937598652952
12030 0.05535925571994815
12051 0.021302142547439503
12109 0.04068041317604684
12157 0.029342771803016247
12175 0.031122768900437168
12177 0.04625846303263505
12186 0.037732066494793076
12204 0.020055535928874785
12205 0.060149971544328176
12270 0.17166368164006268
12271 0.18812585144376123
