164
26 0.053058413830252525
29 0.055804875419028926
36 0.07326205899614038
62 0.12700745592977652
79 0.04911270272960206
104 0.04737103289856928
106 0.05654692677816658
155 0.1426937501251908
236 0.041498154708263124
344 0.018805822792372355
374 0.025618711071413947
467 0.09426289967992826
594 0.08172126516550457
887 0.039876541067792606
938 0.02555469253128028
958 0.08967259614814153
965 0.04424461629703951
992 0.08066706349404051
1073 0.05731413716029087
1113 0.06728416651602225
1184 0.11962962320337782
1205 0.0978780930351548
1450 0.057840452482927254
1622 0.04048656557285395
1698 0.04575387803830148
1759 0.039282529567974366
2002 0.05284390474698126
2042 0.09020275152866152
2053 0.0799485733435336
2151 0.10865566817058189
2172 0.06940071160491665
2177 0.06534875364786553
2266 0.07062675854859143
2298 0.061596785584338995
2373 0.022121041522587735
2393 0.09174580362393428
2464 0.049848720082879244
2580 0.1583800443206051
2644 0.08565949385945912
2650 0.05461975968851089
2662 0.0712491294586212
2677 0.04162784296487659
2705 0.04424461629703951
2781 0.12258189774825687
2841 0.05327497566320507
2933 0.06255993259169942
3025 0.07925219412673057
3141 0.08645897365935061
3152 0.05119732135350839
3330 0.06037321523310569
3400 0.05041688060629188
3481 0.07857660548451396
3520 0.05679978459138657
3596 0.07223322097358088
3609 0.14415510575308432
3633 0.08742212066671103
3661 0.03999723756106534
3670 0.05041688060629188
3680 0.03601283350147724
3786 0.1426937501251908
3803 0.10279342130157006
3891 0.036839611799139374
3918 0.02053041941335683
3933 0.035610502214285064
4035 0.10627130292818979
4048 0.024800271377439644
4061 0.08948086102725354
4178 0.05837930029313056
4259 0.06688361554892269
4356 0.09162214015747322
4451 0.02568291122467068
4527 0.11132116173436221
4552 0.039400091073107706
4624 0.01694775773352647
4820 0.04310573253121251
4827 0.028340369802090832
4861 0.01125235588462072
5201 0.1335178562455935
5261 0.07792060190526413
5297 0.08565949385945912
5312 0.043668010867383956
5425 0.15471343672008658
5616 0.24391519424720817
5622 0.09474206579713856
5700 0.1074288348190047
5766 0.07547167017443636
5802 0.02110074954560329
5842 0.0673992351055543
5942 0.05654692677816658
6155 0.05654692677816658
6180 0.043810790765895904
6232 0.07030605388392519
6411 0.11132116173436221
6452 0.02613748539469842
6869 0.13538387000948232
6923 0.05200564080932686
7102 0.04947771933392261
7176 0.027006711902301965
7188 0.05242089170474169
7201 0.12713179986263254
7220 0.03737211963483823
7272 0.02568291122467068
7403 0.1426937501251908
7484 0.017921886712383327
7537 0.013388897916448895
7542 0.02594154876946229
7554 0.04269300609771627
7589 0.05003652646234959
7605 0.05810827263642495
7631 0.07173582647129673
7952 0.01852293737335947
8021 0.10865566817058189
8100 0.04911270272960206
8224 0.03473058641087758
8291 0.06769193500474116
8324 0.01550105000545653
8332 0.07792060190526413
8380 0.05439000605171897
8385 0.05416256153577448
8495 0.07077267946393631
8560 0.06037321523310569
8890 0.0544242684805625
8896 0.06810718590015599
9025 0.17107029985320615
9267 0.03881829710791955
9338 0.009206915870535482
9341 0.03379142513850831
9445 0.013879654437063203
9546 0.046068196130585035
9553 0.12195759712360409
9875 0.09174580362393428
10153 0.18117001746555098
10173 0.08948086102725354
10184 0.06769193500474116
10392 0.024493203724055602
10450 0.0929693739751676
10499 0.07223322097358088
10578 0.04839987092112879
10653 0.09245401516247742
10788 0.07666302623005823
10898 0.15122934287200815
10951 0.025308151213353065
10979 0.14211309869570785
11021 0.05371441740950235
11025 0.08842808800632788
11036 0.018059180594625652
11067 0.05624899314096322
11101 0.05327497566320507
11106 0.040363238080468135
11189 0.06128463527201262
11319 0.014187034902423743
11332 0.04294263271230533
11626 0.1021452678547649
11637 0.07102205431618817
11768 0.05327497566320507
11893 0.009229777523900789
11929 0.03030291219059426
11957 0.07431522110313392
11965 0.15359196406052517
11974 0.06572282065776389
11977 0.029000626842277093
12071 0.11783156205017921
12177 0.027769221788232056
12270 0.10305069680080586
