106
173 0.13575066962850718
200 0.08501679590822812
344 0.021665697989240118
352 0.06429134159693571
374 0.029514648897573575
449 0.11186108854762652
456 0.0371880199282469
769 0.027593055226015413
838 0.11994746446479222
956 0.0508054020329263
1181 0.09960712873051876
1368 0.16439374811180374
1373 0.07060443001317142
1557 0.14632197766280952
1596 0.080471045052054
1684 0.06725726935420973
1706 0.15889696103244572
1840 0.13173164484051889
1861 0.07486264963123804
1991 0.14632197766280952
2042 0.06928015838481383
2088 0.13173164484051889
2099 0.0654375505074955
2373 0.025485075028475614
2508 0.1282502072138153
2630 0.04344082751332132
2644 0.049343034451620804
2838 0.11186108854762652
2895 0.045391817383536114
3019 0.09467320117127599
3246 0.09653628311090828
3420 0.08208426389473732
3595 0.06663647684505328
3661 0.046079774278922424
3750 0.09653628311090828
3799 0.18246551856079793
3918 0.023652560779347274
3939 0.08501679590822812
3966 0.07096405024722219
4289 0.1302924792306715
4568 0.10308856635722233
4941 0.06414708867391562
4942 0.40725200888552154
4965 0.07660143072228177
4972 0.04137279259554783
5013 0.056790879182243834
5051 0.05764577720064389
5312 0.050308776472536676
5627 0.05830586444761817
6008 0.020075445784328072
6452 0.030112315265960952
6507 0.06663647684505328
7176 0.0311137284562213
7188 0.06039274221291985
7193 0.08136724660052658
7201 0.07323261553250145
7272 0.029588612219821165
7312 0.044589537049204896
7374 0.1456810943754399
7488 0.07403489586683268
7537 0.015425000111359364
7707 0.09854281550104821
7833 0.039574006751649675
7952 0.021339793075556755
8208 0.048259766620365324
8252 0.03127126400262659
8320 0.0890358206962164
8515 0.04636012164253639
8896 0.07846451266191407
8898 0.09653628311090828
8976 0.08977029331064403
9027 0.04012291236486246
9117 0.07705486917058214
9341 0.11679065889750116
9473 0.06821708523494623
9627 0.10187569401579802
9658 0.043939327450996934
9675 0.07743821746649925
9892 0.10569794765387869
9919 0.08208426389473732
10083 0.14632197766280952
10205 0.16439374811180374
10312 0.05014531478595202
10328 0.10710759114521062
10462 0.09653628311090828
10499 0.16643602012865993
10594 0.09960712873051876
10749 0.03026389739996077
10818 0.07096405024722219
10951 0.04373529147660531
10981 0.0508054020329263
11067 0.06480299804192786
11094 0.08564506856479116
11136 0.08264497483013815
11160 0.11186108854762652
11226 0.11767889917951296
11487 0.09960712873051876
11589 0.1538224400775014
11637 0.040911328272593715
11666 0.13575066962850718
11783 0.10071674527913235
11818 0.07528659480308236
11893 0.005316692987818078
11966 0.16439374811180374
12006 0.027593055226015413
12021 0.03871910873324962
