216
25 0.05329999323143211
106 0.037698619105857256
119 0.08457684283586622
178 0.04782473164270114
214 0.04005230094373485
326 0.038384523273315395
344 0.01253743732534072
362 0.04750026121882131
374 0.08539721658553028
462 0.05586330981468693
478 0.04432747272619582
515 0.05702444360761339
524 0.041276265824675
525 0.0969907768361076
542 0.07623004999757105
638 0.047182622261304194
642 0.033484529565551494
674 0.0192351603527953
711 0.021985899137604212
858 0.05764033700812349
938 0.01703676353417674
942 0.06800076942112569
979 0.019941717902266225
1057 0.040249523271131606
1186 0.07243839553163414
1205 0.02175107271296579
1256 0.0742154227250707
1305 0.08901348124858136
1476 0.08130650528657098
1487 0.04687153302961352
1666 0.061164952764770186
1702 0.038560984854551436
1742 0.03060753654435698
1814 0.02587932325217882
1901 0.0435666076509854
2002 0.03522989401241586
2042 0.020045411047238226
2055 0.051947988318613456
2080 0.02140554708027756
2086 0.0975086881674034
2102 0.05031533823846143
2154 0.03537290260166624
2172 0.0462679608165618
2183 0.04782473164270114
2238 0.14169758107950337
2252 0.0507072380179509
2266 0.047085339927487105
2278 0.05414838448126367
2370 0.14169758107950337
2373 0.02949524460830217
2428 0.046566728860794104
2431 0.10558856696552857
2666 0.038920223092777366
2677 0.0832571610277458
2704 0.033233068857856186
2781 0.05448180871807594
2822 0.033869757979376525
2828 0.02374075543329016
2841 0.035517279714950785
2853 0.03656856110806623
2933 0.04170736067257322
3080 0.04919724953380454
3112 0.034808825943117745
3285 0.03238456373779354
3300 0.038920223092777366
3339 0.05643270920858935
3400 0.033611849251123954
3454 0.05702444360761339
3596 0.04815633385267655
3604 0.04458986704782298
3608 0.09513085221870929
3670 0.033611849251123954
3680 0.04801796208734174
3702 0.06284304653350903
4048 0.01653380718721889
4095 0.06375770797825141
4169 0.02449016557422905
4317 0.04005230094373485
4320 0.07062800989123065
4381 0.028281820040165957
4411 0.061164952764770186
4451 0.017122244177595926
4506 0.08467313747189
4552 0.10506877107066245
4570 0.039475646299293815
4596 0.07408509294400403
4624 0.011298705339036224
4708 0.03626064647779795
4790 0.038560984854551436
4827 0.09446957309275739
4861 0.007501703500209597
4895 0.08901348124858136
4972 0.023941476263474593
5181 0.031249645925753924
5189 0.10558856696552857
5196 0.04406956399794324
5310 0.03720390943481081
5380 0.03522989401241586
5440 0.05643270920858935
5472 0.08171429479180961
5476 0.06941081791169237
5627 0.033740252521514226
5704 0.06375770797825141
5802 0.014067415601353757
5833 0.09081119013573527
5999 0.05283573219474516
6074 0.032863565658119445
6162 0.017294672262429315
6230 0.03610901411397481
6410 0.0416933891075544
6618 0.058953103164873094
6732 0.03180643579681266
6778 0.08186984302021923
7006 0.061164952764770186
7025 0.024772179265596567
7193 0.07062800989123065
7229 0.043079878563676614
7253 0.21117713393105714
7355 0.10558856696552857
7483 0.03323295498762509
7484 0.011948136164480863
7496 0.047182622261304194
7536 0.03135937217815583
7554 0.028462508345958083
7707 0.05702444360761339
7773 0.04568760875923515
7833 0.022900560582346602
7944 0.048842238020134675
7951 0.1309695277146232
7984 0.04215113658295723
8032 0.08901348124858136
8092 0.024420478183800498
8098 0.06667331515939598
8208 0.1396340426324805
8222 0.03439919101029388
8320 0.10304593207599112
8339 0.04432747272619582
8352 0.033740252521514226
8403 0.051947988318613456
8414 0.04782473164270114
8556 0.024630513499826607
8679 0.1780269624971627
8754 0.03071267490157246
8766 0.04956081635998279
8786 0.038920223092777366
8823 0.16554446452083055
8828 0.03426508085433257
8837 0.11837834478766224
8844 0.06577233525075175
8863 0.0435666076509854
8868 0.07103455942990157
8956 0.04485690575711317
8981 0.04458986704782298
8986 0.11066370655862347
8988 0.03753190698745113
9017 0.037042546472002016
9027 0.023218199539863725
9040 0.05764033700812349
9042 0.0462679608165618
9045 0.061980680784814855
9076 0.05238533178668973
9077 0.04687153302961352
9330 0.04512875623273479
9338 0.055242473974607506
9341 0.02252801589621628
9433 0.026425176338993307
9434 0.037698619105857256
9445 0.018506533803205653
9534 0.07221802822794962
9575 0.0734911784164045
9616 0.04149027357179416
9618 0.03262216381685732
9625 0.0309251755018741
9658 0.02542667050505758
9675 0.04481170182260031
9776 0.13094408521149134
9898 0.03520249219584367
9922 0.03910310161316349
10172 0.0345345039639761
10218 0.02690930214906256
10318 0.03762679329719613
10334 0.03019416018728473
10420 0.027579958924415216
10450 0.061980680784814855
10475 0.09513085221870929
10509 0.0507072380179509
10571 0.0367249075144849
10576 0.037042546472002016
10628 0.03537290260166624
10735 0.06473141956962376
10898 0.15123202230582228
10951 0.008436199871732187
10985 0.03537290260166624
11011 0.02428206167895759
11049 0.04406956399794324
11157 0.05702444360761339
11163 0.04458986704782298
11217 0.018372794604101125
11297 0.06284304653350903
11332 0.04294339355633183
11497 0.032254233956726885
11629 0.0383718717229624
11634 0.019136871450096276
11755 0.09513085221870929
11780 0.0435666076509854
11828 0.08849080041840131
11893 0.030766470180629307
11929 0.04040459878405052
11930 0.05175864650435764
11965 0.034132152301003686
11991 0.04044935789066618
12051 0.025576050866010017
12193 0.04597499446177007
12204 0.012039667040995556
12270 0.38930952989989226
12336 0.24792272313925942
