75
29 0.09885114962938282
236 0.14701727293923875
374 0.09076049439826288
594 0.07237934813149999
678 0.11140208673160826
769 0.04242570092842297
887 0.14127231351010114
952 0.04128176355489431
1122 0.09248738947059992
1184 0.07063615675505057
1896 0.10855783846423805
1958 0.11195447496329884
2042 0.106521704676497
2080 0.056874747021920746
2373 0.03918457606235369
2450 0.08451000961705987
2644 0.0758673805926215
2663 0.1747577351981868
2730 0.15151450192258964
2780 0.15850382096462654
2895 0.0697921869520205
3141 0.15315093668480867
3680 0.06379209641275684
3759 0.0656312760660216
3891 0.06525662768531762
3933 0.06307941835421475
4048 0.043930486689065094
4350 0.1144636568201369
4431 0.06697082597328308
4491 0.16697458655346706
4941 0.04931467677676173
4965 0.23555705331599383
4988 0.10106646932407139
5066 0.13579867744538826
5312 0.07735225719717952
6079 0.059371247586161996
6150 0.08420973042311009
6230 0.09594200210073087
6657 0.06716589733121928
6664 0.23555705331599383
6982 0.08274117481421137
7025 0.06581992151981038
7035 0.07942172751874414
7188 0.09285685830675876
7374 0.22399196066807894
7730 0.18093718659573804
7893 0.1971911008292983
8098 0.0590505491961521
8171 0.06272777500332044
8324 0.027458113686235925
8327 0.08830058755163266
8650 0.16045967642047929
9031 0.2249773507402277
9338 0.0163088656951486
9341 0.29928578797774325
9444 0.09554312234252538
9656 0.07063615675505057
9658 0.13511782223191207
10318 0.02499368904235901
10392 0.04338655588869888
10420 0.07328021941314201
10925 0.08964817948450969
10951 0.022415065203972673
11067 0.09963784697534656
11204 0.13918833664253766
11217 0.04881669416226911
11497 0.04284990684412118
11637 0.12580642220736346
11736 0.16616961125208823
11768 0.09436975804070083
11818 0.11575690074448412
11977 0.05137087542631259
12004 0.073053096511237
12274 0.11199598033403947
12291 0.10198805209413664
