50
203 0.15235965595404674
674 0.07529921929241641
1122 0.1362649112317629
1184 0.1040707245071453
1205 0.08514817469774257
1664 0.12495730884934594
2181 0.13208180368664288
2644 0.11177806986460813
2828 0.09293711706849145
3269 0.10631181692679104
3285 0.12677473552888674
3442 0.08117985143255613
3456 0.17774771810629425
3623 0.1834863749215227
3661 0.2087714420459836
3670 0.1315791478294706
3680 0.18797426124208205
3803 0.13413633107289466
3891 0.09614487585521778
4033 0.13735867779977154
4552 0.10282727422759406
4931 0.12319414189500176
5040 0.15602926498793557
5425 0.16150989046995673
6198 0.1431536858326347
6584 0.08313069065295065
6732 0.12451155800353453
6867 0.11585290660631384
7188 0.13680926261253237
7484 0.09354591370008009
7951 0.1281754740684351
8246 0.2232316240406966
8332 0.20335899948110966
8776 0.12585903181072858
9341 0.08818964739983132
9445 0.0724468900508848
9675 0.08771141234380189
10140 0.1456408620300329
10172 0.13519103243453653
10578 0.12631510903242477
10653 0.3619329592251759
10816 0.13108073384443883
10862 0.15602926498793557
10898 0.09867046425035252
11112 0.19401401968864768
11634 0.07491445111255202
12007 0.16679748730449043
12177 0.07247276100471697
12270 0.08964803524285624
12275 0.11177806986460813
