207
12 0.11644162561187743
79 0.08015435769275753
90 0.055238291416759906
115 0.12924202923388403
119 0.03450778529166336
159 0.047417786142330866
236 0.03386351952964963
338 0.061586747527797955
344 0.03069203206155214
429 0.05853820676519395
435 0.023185536661778146
443 0.08866570976393257
493 0.03205551467410815
547 0.06547550696258754
594 0.033343285724084265
644 0.06206643888277265
674 0.07063239595190311
769 0.019544418464930952
839 0.09084081836786422
887 0.03254024273409888
958 0.036587526991077514
965 0.036104700042441026
1012 0.06979879564221385
1100 0.07391960519403573
1122 0.1278196142658034
1159 0.06979879564221385
1174 0.052730433651368334
1178 0.04129858779282223
1205 0.026623647391248496
1458 0.11628209995622418
1487 0.11474295401751117
1524 0.019987059388163312
1595 0.04719923828009069
1698 0.03733629491237872
1742 0.03746409527590615
1750 0.2799202593639594
1816 0.05814104997811209
1854 0.12824090290783835
1887 0.065240011123851
1958 0.025787259371340722
1995 0.057371477008755584
2042 0.07360767387111633
2144 0.07804041474585761
2154 0.04329697659050898
2266 0.028816589969358864
2356 0.038034872458484616
2373 0.018051316423165677
2622 0.055238291416759906
2630 0.01538477171934834
2658 0.05215329046693861
2681 0.05775225501088188
2704 0.040677787191305964
2705 0.036104700042441026
2726 0.06582631683827611
2781 0.033343285724084265
2822 0.041457104464200596
2828 0.02905904962935509
2917 0.09952041243804893
3170 0.06467174847761926
3198 0.0961534658769017
3270 0.03254024273409888
3285 0.0396392038798378
3599 0.04573780314318736
3609 0.03921137596989948
3661 0.03263873405463675
3680 0.029387361900033198
3759 0.030234624195975876
3765 0.06648194955274567
3887 0.031490151781172294
3918 0.016753329482808835
4033 0.12884559241055052
4105 0.05130294283046748
4114 0.08866570976393257
4350 0.052730433651368334
4381 0.03461738252032426
4431 0.03085172004517228
4596 0.045340646356105484
4624 0.020744683553800294
4699 0.03733629491237872
4791 0.09527790281287185
4861 0.009182200411854653
4872 0.09201987832424183
4931 0.03851964420990596
4941 0.02271799070600931
4979 0.0961534658769017
5040 0.048786343905791354
5066 0.06255892350381273
5112 0.04495185138887527
5224 0.024345833913074034
5252 0.04855109131258234
5300 0.11644162561187743
5312 0.14253670306300723
5313 0.10546086730273667
5329 0.06643184908106661
5371 0.0670579117082138
5401 0.04083104183705339
5425 0.05049999473664929
5752 0.03921137596989948
5842 0.02749972053366891
5978 0.14603718677268815
5999 0.06467174847761926
6008 0.014219625556687624
6068 0.031865130731962864
6082 0.061586747527797955
6155 0.046143689346090866
6172 0.09952041243804893
6209 0.03528898667197449
6258 0.059107466209630886
6297 0.06907450364076707
6410 0.025516674620924825
6436 0.03049657296850238
6437 0.04655869734657518
6620 0.049758519881806115
6621 0.10210090130444965
6630 0.09147560628637472
6666 0.05978208145142377
6732 0.03893156639221502
6932 0.030762290917249097
6952 0.025787259371340722
6982 0.03811671014174246
7070 0.084959908212595
7176 0.022038144162422717
7193 0.028816589969358864
7206 0.05187134485561266
7484 0.014624702350249692
7537 0.021851342993999306
7951 0.040077178846378764
7984 0.05159363918893325
7986 0.042105138633293376
8092 0.05978208145142377
8100 0.040077178846378764
8208 0.06836568593963062
8224 0.02834101659384753
8246 0.06979879564221385
8298 0.09952041243804893
8302 0.07055265863288848
8324 0.012649239786205012
8329 0.049758519881806115
8483 0.03993003002936173
8556 0.030148127181510234
8564 0.08187490726277369
8650 0.07391960519403573
8776 0.078705773689864
8823 0.20262896957483825
8830 0.08187490726277369
8837 0.036224228478024166
8890 0.022205773865547868
8942 0.03710214214147786
8957 0.049024632100030774
8988 0.04593963115020948
9115 0.052439607501844406
9117 0.16373604830941055
9338 0.015026141648059255
9341 0.220597102335197
9383 0.09084081836786422
9445 0.04530456377142848
9575 0.022488583049967883
9578 0.03234482208693756
9653 0.06582631683827611
9776 0.0641110293482163
9866 0.06412045145391917
9876 0.07486684250477925
9923 0.03450778529166336
10004 0.030673292774747275
10106 0.05699839202020725
10140 0.045538157103300385
10174 0.055238291416759906
10202 0.07586530614192596
10216 0.04926603526076603
10312 0.07103678865603183
10318 0.011513943363018512
10392 0.039974118776326624
10428 0.04383229171894343
10461 0.07586530614192596
10501 0.05026449889791274
10628 0.04329697659050898
10633 0.08187490726277369
10653 0.03772238030894501
10750 0.0792784077596756
10951 0.020652076674196235
10960 0.02905904962935509
10980 0.04312193187872093
10985 0.08659395318101797
11036 0.014736737550255551
11204 0.06412045145391917
11237 0.047638951406435925
11319 0.03473091299096141
11332 0.035042249269415446
11429 0.0961534658769017
11497 0.019739839112092275
11634 0.04684764971203513
11637 0.08693362657737091
11726 0.25848405846776806
11893 0.0037658632490073104
11917 0.10210090130444965
11929 0.02472792503631774
11965 0.041778279147796915
11977 0.023665228016752825
12021 0.0274251059722563
12024 0.035634175765751806
12051 0.09391643836187254
12072 0.05132004783191257
12089 0.03921137596989948
12157 0.04312193187872093
12200 0.05363144545906
12221 0.1089538694989083
12271 0.03949549047885278
