187
29 0.042714902535178324
50 0.056077209850369666
73 0.060662257955117496
76 0.0350215357768913
119 0.03236838684742103
236 0.06352812797961287
344 0.014394600501090024
368 0.15938520263200004
390 0.09325402897270688
456 0.04941513451904842
474 0.07969260131600002
493 0.030068151021427084
571 0.03651790431951331
628 0.029800965801050225
674 0.06625335983772176
769 0.018332712233885287
887 0.06104565425012956
965 0.03386629678219774
1095 0.054908980855049916
1174 0.09892255099153517
1184 0.03052282712506478
1205 0.024973046249289556
1215 0.10491057444571014
1363 0.053814585495173886
1374 0.07777373039326148
1379 0.08752196221753264
1458 0.05453644681918844
1464 0.07022528104187205
1487 0.053814585495173886
1582 0.06231323661808392
1638 0.05453644681918844
1698 0.0350215357768913
1750 0.08752196221753264
1820 0.07432004646514574
1907 0.09335038982602827
1918 0.05453644681918844
1929 0.030615212224176114
2042 0.04602945185965894
2086 0.03731753082474509
2133 0.061745245896060834
2318 0.06014514000100563
2541 0.039036841588248654
2644 0.0327833088412544
2675 0.040945798567723776
3082 0.1583557295985976
3111 0.07022528104187205
3239 0.023560828898063817
3262 0.0711618423710645
3269 0.031180115491414567
3270 0.03052282712506478
3285 0.03718167001045855
3420 0.05453644681918844
3434 0.06119528970458221
3472 0.036131520306881965
3561 0.049461275495767586
3582 0.13235713207564673
3709 0.09678991902949531
3749 0.048138330153943795
3759 0.028360151307599894
3830 0.04510796549636128
3831 0.07679886289365619
3902 0.09721571924576772
3933 0.027257459494179934
3971 0.060662257955117496
3977 0.10762917099034777
4033 0.04028582674392783
4065 0.08316865221812632
4114 0.08316865221812632
4297 0.040612669742787
4350 0.09892255099153517
4356 0.023376874974358756
4410 0.01893568648586852
4420 0.12122933893989137
4431 0.028938988720661946
4446 0.036388149667685825
4500 0.10219899557900886
4502 0.04198544043656913
4683 0.05821847119481022
4700 0.059155032524002664
4772 0.028938988720661946
4941 0.1278571844619437
4988 0.13101651532444358
5001 0.023194854052338367
5066 0.0586804229716483
5224 0.022836451645936885
5312 0.2673995508957804
5313 0.049461275495767586
5620 0.12122933893989137
5802 0.032302427108449834
5978 0.20547485656995032
6013 0.030068151021427084
6079 0.05131021871861026
6172 0.09335038982602827
6209 0.03310115564929945
6294 0.05346463086510334
6326 0.08316865221812632
6409 0.029625104747173142
6452 0.020006498227366127
6630 0.08580434201597618
6715 0.0755151523704708
6732 0.03651790431951331
6778 0.07049788083373228
6982 0.03575356716726185
7220 0.028605859895725175
7328 0.05453644681918844
7374 0.048394959514747656
7429 0.08520890939870587
7483 0.05723359943152138
7484 0.013718006507813517
7537 0.061489839222135675
7542 0.01985652183574822
7739 0.04598522459364128
7868 0.09721571924576772
7911 0.039494722829285296
8015 0.09019218573194702
8100 0.1127774747949062
8493 0.08316865221812632
8645 0.09019218573194702
8650 0.1386735402638092
8705 0.07022528104187205
8725 0.059643013103669526
8823 0.038013293627842205
8837 0.03397841474657944
8865 0.10922252909282955
8942 0.01740094995307462
8988 0.04309148617129746
9027 0.026657497705325345
9077 0.053814585495173886
9144 0.07432004646514574
9232 0.04918847985752039
9338 0.021141836323788694
9341 0.2327856981007748
9433 0.060679044161894236
9445 0.010623947854902796
9578 0.030339522080947118
9653 0.12349049179212167
9664 0.026583942753940114
9675 0.051449632709750705
9776 0.030068151021427084
9780 0.15359772578731237
9789 0.056077209850369666
9813 0.05453644681918844
9818 0.06290048489075441
9848 0.08520890939870587
9865 0.03651790431951331
9923 0.03236838684742103
9944 0.0711618423710645
10202 0.0711618423710645
10269 0.056077209850369666
10318 0.02160021396699229
10325 0.03815586369210867
10334 0.03466680327752463
10420 0.03166536192775269
10466 0.07679886289365619
10571 0.08432989268739938
10578 0.03704686648948714
10579 0.059155032524002664
10597 0.058729232307730264
10633 0.07679886289365619
10749 0.020107208772815147
10750 0.03718167001045855
10760 0.033644214701517836
10966 0.07969260131600002
10974 0.24245867787978273
10988 0.041032020801769105
11007 0.09019218573194702
11011 0.0278789491138631
11153 0.05453644681918844
11187 0.10362730440427384
11194 0.04739049466848242
11204 0.06014514000100563
11237 0.04468545272018765
11332 0.03286971536333915
11411 0.08752196221753264
11497 0.05554805183400885
11637 0.05436263597373173
11656 0.05776851953277367
11893 0.007064777842338245
11908 0.08326382918846995
11974 0.05030642677102208
11977 0.02219804165362472
11993 0.057329960284842774
12021 0.025724816354875352
12030 0.03815586369210867
12176 0.06768579146893819
12270 0.05258561415379684
12275 0.0327833088412544
