221
8 0.05664467515879165
79 0.03956946718815462
84 0.0387146326040244
103 0.040313779979935856
104 0.03816622640926522
116 0.04912816162388564
119 0.10221188595147855
129 0.058607119206118594
132 0.04108977502372209
159 0.04681708111456628
188 0.05149259442128351
236 0.033434524671513366
280 0.05740449890977393
344 0.015151607355555072
390 0.032719408253370566
479 0.0895325105170045
524 0.04988274370990694
525 0.11721423841223719
547 0.12929208087799304
587 0.031839354421027484
674 0.046491733441829865
878 0.06277961767543291
979 0.02409974796361903
1012 0.2756582407682967
1073 0.09235451293600185
1133 0.05945532476583795
1205 0.15771821852757906
1374 0.04093191142770041
1524 0.01973385635947993
1632 0.034070628650492846
1664 0.03857597694387576
1673 0.18987072057279752
1814 0.03127539818300498
1914 0.11978939718238185
1933 0.05420997972553743
1958 0.07638173216817368
2030 0.05420997972553743
2042 0.04845012415010508
2105 0.08281932545526573
2195 0.06080654516296022
2266 0.02845153137245041
2278 0.032719408253370566
2281 0.07705177159482657
2356 0.018776516724400644
2450 0.07687673550302357
2646 0.07705177159482657
2677 0.033539012816729254
2694 0.054873075761913095
2704 0.04016246681741062
2705 0.07129462625818646
2781 0.0329208813689647
2822 0.04093191142770041
2828 0.028690919469038914
2841 0.04292295647138803
2984 0.04888341792983135
3080 0.05945532476583795
3112 0.0841335672533296
3133 0.0555612001226597
3285 0.039137040641011527
3363 0.05945532476583795
3400 0.040620226377346844
3442 0.025061295781786806
3490 0.058607119206118594
3680 0.05803014513107923
3721 0.03232302021949826
3723 0.05819736867150805
3737 0.04108977502372209
3876 0.048403570988101136
3891 0.029681197109760665
3985 0.12256031924160184
4025 0.029596588459369737
4033 0.04240444385877137
4048 0.01998125678258472
4191 0.06034492224217868
4226 0.04596887555484691
4320 0.02845153137245041
4356 0.02460625640736358
4552 0.03174414203004037
4596 0.04476625525850225
4624 0.020481882678349286
4699 0.03686330572632422
4708 0.04382132198417628
4820 0.03472972925978092
4827 0.022833468138744553
4850 0.07822851093375088
4872 0.060569425640232696
4917 0.1149665025486416
4931 0.07606332788571449
5035 0.048403570988101136
5040 0.04816830151168855
5181 0.03776548211412713
5219 0.05740449890977393
5224 0.02403741241079623
5261 0.06277961767543291
5281 0.12760474619991327
5329 0.06559026728247921
5373 0.062265974372884246
5425 0.024930121608527107
5802 0.05100180016891833
5842 0.027151344497362378
5942 0.09111825004047275
6057 0.023546254593119407
6122 0.048403570988101136
6170 0.06128015962080092
6280 0.036245174278559666
6281 0.03857597694387576
6361 0.05945532476583795
6558 0.0638524642464191
6619 0.07948646702808078
6630 0.045158380725098285
6638 0.03385611874758693
6673 0.061766405275157324
6733 0.06891456019207418
6778 0.07420533898877826
6825 0.06080654516296022
6952 0.025460577389391226
7025 0.02993740457749738
7150 0.03484193349967026
7176 0.04351791455508608
7188 0.04223483211064141
7193 0.05690306274490082
7201 0.05121422059514743
7205 0.0656397330639359
7220 0.09033069528575521
7256 0.052650642696099224
7461 0.05779662437636996
7484 0.02887886305585213
7554 0.06879440185762944
7566 0.06080654516296022
7589 0.040313779979935856
7605 0.04681708111456628
7745 0.0633081512454006
7838 0.06499240613301277
7861 0.037503130372889555
7944 0.11805258022736043
7952 0.02984738048967599
7977 0.07822851093375088
7984 0.05094003300056258
7988 0.05295202363120753
8124 0.05066990759412892
8133 0.07298316589345037
8156 0.03203128389262396
8208 0.06749960562227372
8224 0.027981982726075164
8252 0.08747651036491154
8324 0.01248899481158377
8327 0.04016246681741062
8453 0.05779662437636996
8489 0.17124281908944408
8777 0.05702062933258373
8786 0.04703544458008639
8823 0.12003719713448266
8875 0.20465651779473984
8912 0.07594639489667228
8950 0.040313779979935856
8957 0.048403570988101136
8986 0.06686904934302673
8996 0.10777452201965954
9042 0.05591525263442944
9117 0.05388726100982977
9338 0.10385049677038777
9341 0.027225312677676413
9393 0.06965887298385541
9430 0.07822851093375088
9433 0.03193506661688137
9434 0.045559125020236374
9445 0.011182657445143362
9534 0.04363807288953082
9568 0.06857538460537128
9575 0.04440737969679716
9578 0.03193506661688137
9625 0.0373733566475311
9665 0.09825965319599372
9776 0.18989654550664187
9898 0.02127126644176145
10004 0.030284712820116348
10144 0.05094003300056258
10146 0.09493536028639876
10312 0.03506843493963533
10318 0.03410424215653579
10364 0.038031663942857244
10420 0.06666126380715047
10441 0.1149665025486416
10547 0.07594639489667228
10578 0.03899514785143738
10597 0.06181778147663949
10653 0.03724450005863526
10723 0.04725645493991925
10750 0.039137040641011527
10794 0.05094003300056258
10897 0.1287688694141641
10898 0.03046087971174356
10951 0.06117134692483726
10960 0.028690919469038914
10976 0.10757360393767045
10985 0.04274847541319008
11011 0.029345093003919548
11049 0.05325847002861852
11103 0.029596588459369737
11153 0.11480899781954786
11319 0.02286061979359568
11332 0.08649580463112853
11497 0.0389795359119178
11634 0.023127083685557784
11637 0.028610773707286402
11736 0.025193420500822853
11739 0.06965887298385541
11750 0.05420997972553743
11893 0.01859077990966628
11908 0.04382132198417628
11911 0.06441352794355489
11953 0.09680714197620227
11965 0.12374705207567425
12006 0.019296822965609695
12051 0.030908890738319744
12098 0.03711654773395173
12138 0.0373733566475311
12177 0.02237330159652853
12204 0.01455004742700277
12265 0.011649799942159604
12270 0.1107021453146567
