25
29 0.1698082665973017
594 0.12433453419341277
1174 0.19662770970180382
1487 0.21393380151252692
2042 0.1829848827648741
3759 0.11274257573254773
4772 0.11504367843722518
4941 0.08471363067262692
4988 0.17361378225113394
5312 0.1328770860155723
6778 0.09341878542506538
7188 0.1595111661306878
7374 0.19238869105408773
8218 0.37110392255923874
8867 0.1846213328850084
8890 0.08280361368174609
8982 0.4342018180505562
9341 0.20564738423073184
11101 0.16211005225714573
11187 0.20597931738868716
11319 0.04316962965774355
11637 0.10805625711959689
11818 0.19884926716374776
12016 0.21393380151252692
12205 0.3296217622492309
