158
9 0.1314401111641232
76 0.045041876679641185
133 0.07487590540687165
344 0.018513175000469666
347 0.05747082776777325
374 0.025220044163338905
435 0.05594128102544369
450 0.04229868084292686
464 0.05694036526586348
657 0.14047321389269007
674 0.028403243863372032
887 0.0392560001948381
937 0.052445934351711375
942 0.05020603939193267
956 0.043412831623144514
979 0.02944656900405446
1174 0.06361310610393442
1184 0.0392560001948381
1205 0.06423663865807326
1396 0.09877250768297938
1421 0.1250310227822674
1551 0.07487590540687165
1622 0.03985653177175779
1623 0.08917536539635712
1651 0.09414664056142205
1742 0.04519605288344301
2030 0.06623712045064545
2042 0.08879905670765552
2074 0.0767080363960032
2228 0.08167931156106813
2266 0.034763848281509996
2278 0.03997860535135745
2373 0.02177680378156219
2381 0.06396956766914506
2450 0.04696638529609505
2578 0.17365132649257806
2630 0.03711985841945828
2652 0.2401194952344049
2677 0.04098004911613926
2678 0.0716098185938314
2704 0.04907299662624077
2705 0.043556101393657454
2812 0.07487590540687165
2828 0.03505634752737696
2832 0.11183178356395304
2841 0.10489186870342275
2901 0.17161205316623582
2976 0.0754700305502359
3089 0.05493646494057821
3363 0.07264620883250128
3490 0.0716098185938314
3591 0.027828286210251015
3592 0.15591540500311274
3609 0.04730394285292877
3661 0.03937481846333776
3680 0.0354524179152663
3721 0.03949427383015553
3932 0.11256369378191348
4171 0.09031809651729432
4198 0.05747082776777325
4200 0.0754700305502359
4410 0.024353553795422554
4451 0.025283245262563394
4552 0.07757392900317436
4624 0.016684024317914905
4655 0.04870776922478268
4755 0.0851135378328552
4827 0.02789934965977345
4861 0.01107725176183418
4931 0.04646944932050573
5035 0.05914248959347749
5181 0.046144211828430745
5389 0.035855657385910275
5425 0.06092234220317737
5842 0.033175199197160964
5845 0.043412831623144514
6063 0.0650745068004676
6074 0.04852737655872239
6114 0.05446243913138404
6214 0.07191523615783547
6280 0.08857321056375998
6507 0.05694036526586348
6664 0.06545534295512878
6713 0.14047321389269007
6778 0.030222897466271253
6804 0.07487590540687165
6867 0.04370029848305481
6959 0.1314401111641232
6993 0.2628802223282464
7193 0.034763848281509996
7460 0.10055572894327787
7484 0.07057197735150818
7554 0.042028636657350585
7952 0.018234691717654152
8098 0.06563461199589395
8156 0.0391378122649449
8200 0.06967134672243253
8252 0.026721058479354277
8324 0.015259829607585401
8412 0.05266118600240753
8495 0.06967134672243253
8556 0.03637019232407836
8725 0.0767080363960032
8823 0.048889634500324644
8890 0.053577342388968364
8932 0.08167931156106813
8942 0.02237969936236094
8986 0.12255713703027876
9001 0.08089753406555146
9160 0.05972879639230267
9338 0.009063641969175586
9341 0.09979673434308
9445 0.013663665470867777
9546 0.0907026069890868
9568 0.0418948322158802
9618 0.04817091499351175
9658 0.03754582284435219
9665 0.12005974761720245
9670 0.10958883167184473
9675 0.03308518544829972
9715 0.08248952348614418
9776 0.15468492974378212
9910 0.15740889890199875
10174 0.06663854342876648
10181 0.0716098185938314
10318 0.013890227144137691
10392 0.02411205145724945
10464 0.07801890697568722
10515 0.07373317428593444
10571 0.054229155612009854
10576 0.05469819130526077
10614 0.15591540500311274
10749 0.025860271339514938
10801 0.07212198764525214
10848 0.05160514126529882
10862 0.05885502273356719
10897 0.052445934351711375
10951 0.01245715854935078
10959 0.0418948322158802
11036 0.01777815171421247
11067 0.027686835750713356
11094 0.1463661261275444
11101 0.052445934351711375
11318 0.08808839994292395
11332 0.21137189347180702
11357 0.1250310227822674
11497 0.023813809084415435
11637 0.03495842045745945
11828 0.043556101393657454
11893 0.009086147859730062
11965 0.05040061156788212
11977 0.028549332075603628
12000 0.11256369378191348
12021 0.03308518544829972
12051 0.03776640259220514
12098 0.0453513034945434
12177 0.0273370895955115
12270 0.20289413601913348
