278
79 0.026439702229377113
110 0.034220545250371374
116 0.032826673107215674
119 0.2504201027533722
159 0.03128244507392001
170 0.044239421753840234
201 0.08173646912035606
214 0.03234251291983583
280 0.03835679289245968
337 0.027141803168591695
344 0.030372204776406956
346 0.09753243149848191
435 0.045887862095945205
462 0.04511001307925918
479 0.029912115150072253
493 0.02114765278368462
522 0.035180340145871784
542 0.06155629811105353
547 0.021597739127847113
587 0.021274561167696836
628 0.020959735000997032
674 0.062130105643551994
887 0.02146743740768483
942 0.027455548267390627
952 0.012546176291367565
956 0.02374063177436916
959 0.0434269144225932
979 0.06441230627961264
1012 0.18419054692678585
1023 0.029037055423832694
1159 0.04604763673169646
1178 0.13622744853392676
1205 0.017564143224321465
1476 0.0656555712340158
1487 0.03784909048577189
1524 0.026371711476476014
1549 0.04817180055869486
1595 0.0311382647556734
1673 0.06343433044158907
1894 0.04094644906989552
1929 0.021532414066775057
1958 0.017012361616156244
1996 0.04604763673169646
2030 0.07244452976778248
2040 0.05004983288923041
2042 0.08093404754566727
2086 0.026246315713386408
2110 0.22751239929255668
2154 0.028563866056375512
2183 0.038618805027322546
2266 0.0190108705250032
2269 0.045569807069115245
2270 0.13674830050312062
2356 0.05018470516547026
2373 0.02381761615038878
2456 0.028563866056375512
2596 0.028798163559969243
2650 0.02940441274338446
2666 0.031428352143597585
2677 0.022410246459094143
2678 0.039160365060342615
2704 0.02683593535389978
2705 0.07145693976082157
2781 0.04399444128904727
2822 0.02735006626906538
2828 0.03834165185198719
2832 0.06115604753243811
2841 0.0286804515843404
2910 0.08526350573633515
3060 0.045569807069115245
3080 0.039727122816307435
3112 0.05621674042503196
3132 0.038618805027322546
3152 0.055123903035073724
3269 0.021929724102347736
3270 0.02146743740768483
3591 0.015218106516625115
3609 0.025868515062456087
3653 0.04817180055869486
3670 0.027141803168591695
3677 0.07888089707600196
3680 0.03877483996177172
3688 0.04511001307925918
3721 0.021597739127847113
3723 0.07777315225859698
3738 0.051484794766785455
3803 0.0553385845066573
3820 0.03498223668020578
3833 0.06343433044158907
3859 0.058494510631617834
3891 0.039665028071363274
3968 0.07681882799394774
4013 0.039160365060342615
4048 0.026702329702251403
4061 0.04817180055869486
4101 0.037394250852408537
4116 0.11698902126323567
4191 0.04032153800685353
4267 0.051484794766785455
4317 0.03234251291983583
4410 0.026635846197426132
4451 0.013826331833180338
4503 0.04382639593926972
4580 0.05004983288923041
4596 0.029912115150072253
4624 0.009123783522912907
4708 0.14640362720200073
4716 0.05604972054511747
4827 0.015256968095671002
4872 0.020235773841952975
4874 0.04002070556925369
4898 0.05604972054511747
4931 0.02541216603083047
5013 0.026537558937818354
5041 0.035381718196882295
5051 0.02693704045449487
5112 0.029655619472039367
5288 0.05721089349162838
5329 0.08765279187853944
5340 0.030307277186221046
5401 0.05387408090898974
5423 0.042301521515605324
5425 0.09994751590725529
5433 0.07596873657181961
5802 0.011359536409022543
5842 0.018142105887450466
6034 0.025683919187001313
6042 0.06155629811105353
6043 0.07681882799394774
6057 0.01573324091271935
6074 0.026537558937818354
6079 0.018043854591238927
6162 0.01396556871670672
6170 0.04094644906989552
6244 0.05498965269920164
6251 0.018697125426204268
6258 0.019497178333160267
6282 0.12686866088317814
6303 0.03689306336351965
6304 0.07681882799394774
6361 0.039727122816307435
6409 0.020836047698012717
6437 0.03071568731795519
6469 0.05498965269920164
6616 0.05856145088080029
6621 0.03367898521735131
6638 0.045244263415131256
6666 0.019719706797311568
6732 0.025683919187001313
6778 0.03305523519542719
6923 0.027997108300410693
6966 0.04194836360873418
7176 0.029077993317645476
7188 0.02822065759448432
7193 0.0570326115750096
7201 0.034220545250371374
7229 0.0347873030063362
7262 0.012238506034230698
7272 0.027652663666360676
7461 0.038618805027322546
7484 0.10613023798347851
7537 0.02162364038725983
7542 0.01396556871670672
7554 0.09193469760484066
7580 0.025775867507983954
7593 0.038618805027322546
7705 0.1313111424680316
7745 0.08460304303121065
7854 0.03157602782686626
7889 0.04604763673169646
7951 0.10575880891750845
7968 0.03622226488389124
7984 0.034037337366339446
8033 0.1705270114726703
8054 0.05992947250917288
8079 0.06343433044158907
8098 0.017946389313815116
8156 0.04280561090795507
8166 0.020003707878744788
8208 0.2931642096919398
8246 0.04604763673169646
8320 0.08321031029368596
8324 0.008344951990189035
8327 0.05367187070779956
8332 0.04194836360873418
8339 0.03579474401145281
8369 0.03579474401145281
8402 0.07472340341126817
8444 0.030307277186221046
8455 0.08821323823015337
8556 0.039778623565692665
8625 0.030307277186221046
8727 0.05831656249384322
8754 0.02480069962028499
8786 0.031428352143597585
8823 0.21388529922787491
8837 0.07169350553234521
8890 0.014649585267178047
8950 0.02693704045449487
8957 0.03234251291983583
8981 0.03600662925992429
8986 0.044680858212829654
9017 0.029912115150072253
9044 0.051484794766785455
9182 0.03558648091097912
9273 0.017753767203314737
9330 0.036441786042798116
9338 0.08426084717711416
9341 0.0181915302745076
9393 0.04654497495681422
9445 0.007472077690023258
9510 0.06837415025156031
9534 0.02915828124692161
9563 0.022410246459094143
9568 0.04582100488261806
9575 0.13352544037913092
9578 0.021338514567576176
9582 0.02541216603083047
9584 0.025683919187001313
9613 0.03558648091097912
9618 0.02634262526394877
9620 0.03622226488389124
9628 0.03622226488389124
9675 0.01809288119543093
9776 0.04229530556736924
9849 0.02366278425901254
9853 0.06155629811105353
9898 0.02842625846275103
9921 0.0637537205289322
9922 0.03157602782686626
9936 0.05401448481150267
10004 0.04047154768390595
10122 0.04760504280273004
10175 0.05401448481150267
10218 0.0217294495425477
10298 0.026055950985642326
10299 0.04939112681228294
10318 0.015191949272229234
10420 0.02227100957556776
10450 0.05004983288923041
10490 0.059311238944078734
10530 0.04062998725914401
10570 0.05004983288923041
10578 0.026055950985642326
10597 0.10326419906990393
10653 0.02488619537255536
10654 0.04604763673169646
10897 0.0286804515843404
10898 0.02035348581758182
10951 0.040873742119701455
10960 0.019170825925993593
10980 0.028448385621132218
10988 0.0144294028640201
11154 0.03316047740445555
11216 0.06155629811105353
11319 0.015275110408932008
11332 0.09247224109085893
11605 0.04382639593926972
11634 0.07726578717530491
11736 0.033667703080957546
11753 0.07681882799394774
11828 0.07145693976082157
11886 0.04194836360873418
11893 0.01242206984203737
11929 0.016313497943972053
11953 0.12937005167934332
11957 0.020003707878744788
11977 0.015612415842733242
12021 0.05427864358629279
12051 0.061958519441942354
12084 0.06155629811105353
12098 0.02480069962028499
12121 0.0718790081839765
12122 0.06343433044158907
12205 0.02915828124692161
12265 0.007784215037262913
12270 0.03698472542421489
12336 0.10009966577846081
