83
116 0.1974018181077077
119 0.06844957980688941
133 0.24622974935816205
493 0.06358526029389572
674 0.09340419430567592
1347 0.0792051345539869
1356 0.10699890313189207
1374 0.0822342366106702
1673 0.19072983909633998
1814 0.06283382340492494
1914 0.12033141487596254
2030 0.10891053322256074
2042 0.048669349099584994
2080 0.05197169771488248
2086 0.07891555783812458
2458 0.12123593648151823
2510 0.17587713976205305
2630 0.030517205051369102
2705 0.07161721698656556
2828 0.057641477710174506
3285 0.07862825233556826
3420 0.11532848042538915
3721 0.06493854794435211
3723 0.11692139503195612
3759 0.05997334527097966
3929 0.25636425286865033
4048 0.1204300024644569
4350 0.10459599177299864
4502 0.08878680823475511
4514 0.1294099667735917
4547 0.0862343446807347
4624 0.013716372121854338
5312 0.07068388589168076
5425 0.050085848610065195
5842 0.054548395367212274
6410 0.05061482912070225
6507 0.09362432274835006
6620 0.09870090905385386
6630 0.09072542268302988
6657 0.0613756701458656
6732 0.07722458390903833
7176 0.04371482246372741
7188 0.1697037375414619
7192 0.25636425286865033
7193 0.05716053517194467
7282 0.05590806227038083
7374 0.10234104835594661
7484 0.029009532840615578
7554 0.06910567968273915
7980 0.1801916812116152
8208 0.06780502481143023
8403 0.126127360149499
8512 0.1250954253240296
8753 0.15612062877732244
8837 0.07185431337282995
8858 0.14850573189809274
8875 0.2055825384306269
9027 0.05637273569529222
9338 0.014902913548858454
9341 0.05469700110365215
9470 0.08993762320637741
9568 0.06888567143103767
9575 0.08921662443486458
9776 0.06358526029389572
10318 0.04567807400316363
10462 0.13563358320875443
10597 0.06209749180264796
10801 0.11858673924945368
10898 0.061197415469082875
10966 0.16852631858089612
10988 0.08677060725169936
11011 0.05895574473009693
11080 0.05034938401862046
11204 0.12718921025943525
11319 0.022964058501075642
11497 0.07831181753670792
11629 0.1863303292796934
11739 0.13994812465831652
11877 0.11692139503195612
12098 0.07456898205001564
12137 0.08694565370613659
12271 0.07834318269615503
12275 0.06932701729750053
