83
26 0.07902740613103303
29 0.08311810013658508
119 0.12597003198253617
236 0.06180907586702996
362 0.10612141381050041
374 0.03815757272487213
590 0.11328619360851665
858 0.12877558773070596
887 0.11878755426602865
958 0.06678104529561622
965 0.131799539745164
1122 0.1555343792805754
1185 0.23589781868750406
1335 0.0962457363950361
1374 0.15133839309358244
1536 0.05172917845305849
1710 0.10021583325994493
1933 0.10021583325994493
2042 0.04478390868096221
2080 0.09564523904749388
2091 0.08736112857249548
2458 0.11155725746670286
2645 0.102071725728319
2804 0.13847244846762305
2828 0.05303976161107495
3080 0.10991269399686204
3089 0.08311810013658508
3420 0.10612141381050041
3609 0.07157020138004623
3619 0.11418509660879574
3680 0.16091703164114177
3723 0.10758716060179403
3759 0.05518546821761937
4048 0.03693855463857217
4061 0.13327651233560509
4350 0.1924914727900722
4514 0.11907872699378884
4583 0.12607759900064303
4941 0.08293160490094748
5312 0.19512284936325006
5425 0.04608732419601609
5802 0.03142833310744045
6079 0.049921779570621765
6620 0.09082127827005268
6630 0.0834825022246528
6657 0.05647584070666647
6778 0.04572681953118838
6868 0.10082318058978638
7006 0.13665001194725968
7193 0.052597214358823766
7374 0.09417081281503581
7660 0.12361815173405992
8100 0.07315050007378789
8156 0.059214960454467114
8327 0.07424675490121282
8378 0.11907872699378884
8650 0.1349210758054459
8753 0.14365698559214193
8823 0.07396933057914117
9027 0.05187230760592836
9341 0.20132141052770597
9503 0.11418509660879574
9544 0.1988670427469351
9653 0.12014887607715405
9776 0.1170180634481228
9780 0.14944141733938607
9923 0.06298501599126809
10181 0.10834465011687236
10318 0.04203143729525154
10334 0.06745745993130964
10597 0.057140036874466824
10966 0.15507228679435844
10988 0.03992170661046375
11011 0.05424910620457206
11187 0.10082318058978638
11204 0.23407052211885118
11497 0.07205991758854255
11629 0.08572747124561977
11637 0.052891599329204605
11736 0.04657407438521434
11818 0.0973331489178842
11893 0.013747214140512056
12270 0.15348798956217252
