379
26 0.01091623587160081
72 0.021420488697160994
88 0.01644861618004829
104 0.009746114353446795
159 0.011955193613964143
169 0.014560768151968904
210 0.00775593240099601
230 0.009013630284009456
276 0.4399328487858944
335 0.01037276693512493
347 0.024021909665737716
374 0.010541585116986326
390 0.008355216756169728
404 0.01564848033068346
407 0.03258510378183476
435 0.011691291491475615
481 0.020642683855246372
628 0.008010169583681476
677 0.010615744121686236
679 0.013221318659691
711 0.01356989351640072
769 0.004927630027248248
818 0.0879899910783946
938 0.021030485546752985
952 0.0047947648057495755
958 0.009224618115268451
975 0.07800382222475034
979 0.01230820658160003
994 0.03258510378183476
996 0.019393645089714962
1029 0.010333475510995614
1111 0.03995281090064032
1205 0.006712478273804144
1275 0.017415386334889076
1356 0.013600064455482222
1384 0.024242660713040785
1413 0.017345589572559498
1543 0.009102885530882026
1564 0.026738281587205304
1632 0.008700263928657984
1688 0.05395867049360812
1736 0.011190197600287628
1742 0.037782490414128886
1928 0.024242660713040785
1933 0.01384304164204353
2000 0.01603138142003749
2080 0.006605847518941207
2099 0.023371970675164153
2105 0.06344614276823547
2129 0.010960791294174491
2130 0.015294689482145572
2133 0.016596438313959943
2154 0.04366494348640324
2162 0.016596438313959943
2227 0.009886155169348994
2233 0.020642683855246372
2266 0.007265373194434161
2358 0.0753646649709125
2373 0.004551182169874035
2381 0.013369140793602652
2428 0.01437070069532163
2455 0.012010954832868858
2456 0.02183247174320162
2459 0.040595273365516236
2566 0.03381390752463338
2621 0.04704986840623083
2630 0.007757760940562051
2679 0.011190197600287628
2701 0.009478068770572603
2735 0.01997640545032016
2756 0.012010954832868858
2757 0.07383778122147001
2782 0.018636955958042253
2822 0.010452358721602103
2841 0.021921582588348983
2853 0.022570442863339972
2917 0.025091550998756842
2938 0.03315360606276295
2984 0.024965705334484483
3022 0.021015363192683493
3262 0.019127515164604102
3281 0.021015363192683493
3301 0.012608698331514602
3315 0.039351827400811175
3361 0.029228228728689038
3376 0.06517020756366952
3441 0.01630534314872431
3442 0.012799287617051597
3490 0.014965893656446407
3557 0.019675913700405587
3571 0.01616634756935767
3581 0.014188088814531784
3591 0.017447684419897965
3595 0.03570027691991113
3596 0.014861259901883476
3604 0.013760632302604072
3623 0.014464764624396064
3624 0.01540965843768496
3628 0.03258510378183476
3630 0.017239667136524715
3661 0.008229030005041195
3683 0.024842365620652333
3709 0.02601605835840842
3765 0.025142609242167855
3789 0.03258510378183476
3790 0.01630534314872431
3797 0.014464764624396064
3805 0.01069963839372578
3814 0.009643780429075398
3819 0.01037276693512493
4048 0.010204813619267328
4147 0.020297636682758118
4162 0.019127515164604102
4167 0.06517020756366952
4226 0.07043157681653467
4320 0.014530746388868322
4355 0.01840978865467873
4356 0.012566890223036607
4382 0.010492670714791456
4410 0.020358811314751018
4429 0.0125453503321662
4431 0.007778479690231329
4451 0.05284001095374524
4452 0.02746995823339808
4515 0.03727391191608451
4534 0.019127515164604102
4552 0.016212346222508632
4624 0.010460492929875501
4676 0.026435371096939175
4699 0.00941340097923877
4744 0.03258510378183476
4772 0.007778479690231329
4782 0.014012369616167421
4798 0.029357806261477472
4820 0.008868571631904973
4827 0.011661493026827782
4861 0.009260236941171339
4969 0.09775531134550429
4972 0.007388446601328943
4991 0.016749107929962866
5013 0.010141843273245358
5097 0.029357806261477472
5101 0.03258510378183476
5108 0.015294689482145572
5139 0.05121101748720248
5181 0.009643780429075398
5224 0.012276370611253808
5247 0.06771132859001992
5260 0.02746995823339808
5297 0.008811790365646392
5354 0.024965705334484483
5380 0.010872102781661832
5384 0.017597998215678923
5389 0.08242908061385712
5401 0.010294512889248278
5473 0.01785210783830005
5515 0.013926935914083073
5542 0.06517020756366952
5598 0.02855699908255656
5674 0.05226101748224035
5807 0.010492670714791456
5842 0.006933357924452364
5874 0.02746995823339808
5875 0.688963268847929
5876 0.03258510378183476
5882 0.09905199489529762
5906 0.03258510378183476
5938 0.01475892597751208
5984 0.017597998215678923
6015 0.05493991646679616
6057 0.024051053661852614
6058 0.01616634756935767
6066 0.015422325532733969
6074 0.010141843273245358
6090 0.021015363192683493
6091 0.04284097739432199
6186 0.011955193613964143
6214 0.007514861772803788
6230 0.011143403174964334
6251 0.04287281648860581
6252 0.013149131072168453
6258 0.007451225163126574
6289 0.026298262144336906
6360 0.006090755291451613
6409 0.015925800159860667
6410 0.006433383131005155
6452 0.010755050332709546
6570 0.012360319118441643
6657 0.007801136699067653
6722 0.06517020756366952
6747 0.025774039614013255
6794 0.07824585327077532
6867 0.00913302159808435
6892 0.017415386334889076
6900 0.019393645089714962
6939 0.01997640545032016
7035 0.10147079926795298
7042 0.006840048065527459
7102 0.020359087867417778
7176 0.02778179896077136
7178 0.01997640545032016
7181 0.029317585908422508
7215 0.016749107929962866
7220 0.007688938351243516
7235 0.01564848033068346
7262 0.02806309586846407
7272 0.010568002190749048
7277 0.013679656241959395
7356 0.014861259901883476
7423 0.022354812684961395
7425 0.00941340097923877
7461 0.01475892597751208
7465 0.04470962536992279
7471 0.024842365620652333
7483 0.020511676943249738
7537 0.008263893914224375
7561 0.008204197913496667
7833 0.03533607684445492
7835 0.008106173111254316
7837 0.027043620819211144
7839 0.030589378964291144
7861 0.009576786379322905
7911 0.010615744121686236
7952 0.011432725112140028
8036 0.013369140793602652
8092 0.0075362687352405954
8112 0.009886155169348994
8171 0.03642830417466995
8200 0.02912153630393781
8222 0.010615744121686236
8224 0.01429093882953527
8225 0.022962585531046527
8252 0.02233797138115639
8288 0.023524934203115414
8324 0.012756741553443241
8326 0.014902450326253147
8346 0.01644861618004829
8364 0.019021485263751196
8367 0.10036620399502737
8385 0.011143403174964334
8426 0.026130508741120176
8446 0.029357806261477472
8447 0.009921833551811159
8455 0.011237467104038768
8473 0.008811790365646392
8555 0.03258510378183476
8556 0.015202173145388978
8571 0.026589286212484093
8659 0.01475892597751208
8700 0.021420488697160994
8711 0.038787290179429924
8719 0.0125453503321662
8721 0.019127515164604102
8727 0.011143403174964334
8754 0.018956137541145206
8763 0.014658792954211254
8776 0.009921833551811159
8811 0.013600064455482222
8819 0.014560768151968904
8828 0.010574357128039245
8833 0.03289723236009658
8837 0.00913302159808435
8869 0.045884068446436714
8873 0.009163353992841598
8942 0.014031547934232036
8944 0.012804083899680197
8949 0.013078045628367016
8954 0.01690695376231669
8975 0.01997640545032016
8981 0.027521264605208144
8986 0.01707565727391915
8992 0.025091550998756842
9000 0.009381400811157308
9027 0.021495720513400006
9049 0.016749107929962866
9099 0.007892883630767527
9143 0.021015363192683493
9182 0.013600064455482222
9264 0.03258510378183476
9267 0.0079864748448684
9273 0.01356989351640072
9332 0.015182491134321437
9338 0.0018942304912146649
9445 0.02284479624830452
9473 0.012182360917327665
9569 0.025091550998756842
9575 0.011339853094746884
9578 0.00815492754760554
9580 0.011531628457154788
9582 0.009711752528643081
9602 0.045884068446436714
9618 0.010067345585884752
9632 0.013078045628367016
9636 0.11496560556257304
9637 0.20137580305502856
9638 0.06336460061944757
9715 0.017239667136524715
9772 0.01840978865467873
9794 0.06517020756366952
9898 0.0054318232292861765
9920 0.015527538306809687
9923 0.008700263928657984
9987 0.020134691171769505
10094 0.020297636682758118
10127 0.014099400302019128
10142 0.01603138142003749
10167 0.019701496216019448
10216 0.024842365620652333
10269 0.015072932994182501
10270 0.01840978865467873
10276 0.012804083899680197
10318 0.0029029491539719816
10321 0.021921582588348983
10328 0.038255030329208205
10460 0.00848491890704554
10490 0.02266694126322322
10530 0.031055076613619375
10547 0.019393645089714962
10619 0.013003208443030665
10749 0.005404595045676713
10750 0.01998804227866741
10760 0.00904319232698995
10862 0.012300240786452397
10881 0.03020203675765426
10890 0.017070339162400826
10914 0.03197250691226043
10917 0.03258510378183476
10951 0.0078103469791697905
10959 0.017511386455363494
10960 0.05861202604675731
10966 0.021420488697160994
10980 0.010872102781661832
10981 0.0090729432660951
10988 0.00551447639612629
10991 0.025091550998756842
11003 0.01887577785104075
11036 0.0037154950701968905
11067 0.011572665527304326
11071 0.011097074373535434
11103 0.015115549150905664
11110 0.017415386334889076
11142 0.011190197600287628
11319 0.005837679950590173
11339 0.016596438313959943
11350 0.023524934203115414
11352 0.023524934203115414
11355 0.024242660713040785
11472 0.021015363192683493
11497 0.009953800786278746
11499 0.013149131072168453
11624 0.011531628457154788
11629 0.011841731148829606
11650 0.020297636682758118
11736 0.019300149393015466
11770 0.01915357275864581
11780 0.040334549635282914
11852 0.02735931248391879
11857 0.01603138142003749
11861 0.011237467104038768
11893 0.004747335117086234
11930 0.0159729496897368
11957 0.05351363682913177
11977 0.005966587769611577
11985 0.022903211220762883
12006 0.004927630027248248
12016 0.014464764624396064
12021 0.01382909150577613
12029 0.020208890865202004
12051 0.007892883630767527
12072 0.012939050049000374
12105 0.009163353992841598
12138 0.009543647405774573
12177 0.0057132385446150985
12186 0.013980509675426108
12193 0.014188088814531784
12204 0.018577475350984453
12303 0.024965705334484483
12304 0.06970451212022073
12328 0.06517020756366952
