346
26 0.029354481274306655
29 0.030873956687504388
79 0.027171523016481236
84 0.026584526040567148
119 0.14037351569494688
129 0.04024427927893402
150 0.03516773089349989
184 0.11101908822924722
203 0.0322982530677297
236 0.022958786691196355
269 0.050758216841744905
344 0.020808581831063613
362 0.07883693030081643
390 0.022467731248811035
435 0.015719328585222955
450 0.02377159945940545
455 0.03575017585741696
456 0.03571682556437641
493 0.0217329956809418
522 0.03615409181647633
524 0.03425343364857629
547 0.04439107980302549
587 0.021863416744207068
590 0.04207980005575327
593 0.02888637782525989
594 0.04521215722143715
674 0.07981224508811134
679 0.03555300156413962
711 0.0364903424410072
744 0.023544639005484123
769 0.01325072351522558
858 0.047833286750688764
865 0.07386853710866366
878 0.04310944644573241
887 0.044123263156849904
938 0.014138092137093215
952 0.012893440134547088
956 0.09759098148485836
958 0.02480560908652926
965 0.07343478631318225
1004 0.05550954411462361
1068 0.0365714740945106
1073 0.03170895329452019
1119 0.04310944644573241
1122 0.14443188912629945
1159 0.047322182771017296
1178 0.11199845508708839
1184 0.06618489473527485
1186 0.12022714387447579
1205 0.05415089599846074
1336 0.047833286750688764
1373 0.033905624925961816
1396 0.11101908822924722
1420 0.07026666870810616
1440 0.06326010620026848
1468 0.0312844953967102
1622 0.022399126645050577
1623 0.05011600895357009
1771 0.07894508549409779
1905 0.0267771499762222
1930 0.06747284252555336
1971 0.018050298666153583
1986 0.046358606765812146
2042 0.0831742096270913
2049 0.03185369836165632
2053 0.044231418350131245
2076 0.05879442573956172
2080 0.035527123007694526
2086 0.02697278378240317
2110 0.033401383269761636
2115 0.04207980005575327
2167 0.025932764310753698
2176 0.12317650384422904
2246 0.045039460568135965
2265 0.07026666870810616
2267 0.08762350228008942
2272 0.06326010620026848
2278 0.022467731248811035
2298 0.034078321579263
2356 0.03868032040364126
2409 0.050758216841744905
2434 0.08165344848570216
2450 0.15836892457154375
2454 0.04207980005575327
2458 0.04143759216757845
2544 0.06158825192211452
2644 0.023695487924955475
2646 0.052909835136122886
2677 0.023030536508528564
2678 0.1609771171157361
2694 0.03768018997982051
2731 0.04347237936047378
2806 0.03275917538158682
2828 0.059104357534819546
2832 0.03142438857118344
2833 0.04462892185893014
2841 0.029474293756648715
2851 0.07357100335990864
2924 0.06158825192211452
2933 0.03461118109674533
3008 0.044231418350131245
3055 0.03497945202429829
3080 0.08165344848570216
3152 0.028324834884327514
3262 0.05143515515124627
3269 0.022536713841276215
3332 0.02226303499143847
3400 0.02789305730851897
3468 0.05458168941427684
3471 0.046358606765812146
3619 0.04241369474597453
3670 0.05578611461703794
3680 0.07969616657112236
3882 0.10785151521881553
3887 0.021349690984846428
3897 0.0365714740945106
3922 0.05879442573956172
3932 0.12652021240053696
3933 0.019701452511606515
3985 0.08415960011150654
3988 0.04207980005575327
4033 0.05823648404619455
4037 0.06519012032267203
4048 0.04116212957717683
4079 0.04082672424285108
4101 0.01921464052252734
4191 0.0828751843351569
4198 0.0322982530677297
4269 0.052150796146465415
4289 0.0312844953967102
4320 0.019537069727643394
4350 0.03575017585741696
4382 0.028215486513635032
4451 0.014209028920959122
4552 0.043596072785427716
4583 0.046831127328631976
4596 0.03074004836441658
4624 0.01875263887917551
4676 0.023695487924955475
4708 0.06018236501613155
4755 0.047833286750688764
4772 0.020916847079449033
4827 0.015679263562682375
4851 0.06158825192211452
4941 0.015402341809603556
4988 0.03156586249294239
5001 0.01676503695156777
5013 0.05454417657389375
5040 0.033076162157206226
5146 0.027272088286946876
5155 0.04384614767949153
5224 0.016505986837551383
5252 0.03291666561989835
5297 0.04739097584991095
5312 0.048318512173915126
5340 0.031146148034802673
5425 0.017118991516078624
5461 0.03479396257448215
5473 0.024002750188350144
5687 0.04112843303138872
5752 0.07975357812170143
5766 0.041754578943197854
5777 0.06781124985192363
5802 0.046695821657380926
5942 0.0312844953967102
5971 0.03791422125838333
6008 0.009640620777732053
6013 0.0217329956809418
6068 0.021603919188661794
6125 0.02923580447239169
6156 0.039687729482179454
6186 0.0642966149137189
6198 0.0606934157687418
6258 0.020036837980999613
6280 0.02488880081359991
6360 0.016378444387999628
6507 0.03200013639192936
6558 0.04384614767949153
6584 0.01762261845231502
6620 0.03373527795998289
6635 0.06519012032267203
6657 0.041955546553705314
6664 0.03678550167995432
6678 0.06519012032267203
6695 0.052150796146465415
6699 0.08846283670026249
6775 0.04207980005575327
6778 0.03397016638598165
6828 0.028324834884327514
6867 0.04911859997020942
6868 0.03745045309638123
6906 0.047833286750688764
6923 0.028772036310389597
6973 0.06747284252555336
6998 0.03996291218270184
7006 0.050758216841744905
7188 0.05800354638765775
7193 0.03907413945528679
7312 0.02141276572207414
7374 0.06995890404859657
7376 0.03461118109674533
7397 0.050758216841744905
7443 0.042756738365254635
7461 0.039687729482179454
7467 0.03497945202429829
7482 0.026874584778147984
7483 0.013789314462819401
7484 0.08923729243467246
7499 0.07026666870810616
7507 0.01819616799215635
7536 0.026023821503817626
7537 0.007407386026076609
7552 0.01729979334184517
7589 0.0276826269961527
7605 0.03214830745685945
7708 0.05879442573956172
7833 0.019004210210161063
7854 0.03245001624539708
7952 0.030743355050773157
7968 0.03722485584229357
7984 0.03497945202429829
8052 0.07779342024089506
8068 0.045903272628285204
8092 0.020265525779109193
8098 0.018443124891219635
8100 0.027171523016481236
8121 0.06158825192211452
8156 0.0219952106859912
8171 0.019591624536659698
8208 0.11587640787832346
8252 0.060068284555855354
8273 0.05011600895357009
8369 0.03678550167995432
8455 0.03021829333445589
8489 0.05879442573956172
8491 0.05651170353668039
8556 0.06131947571131692
8621 0.045903272628285204
8625 0.031146148034802673
8662 0.04112843303138872
8694 0.05651170353668039
8708 0.023469890670867813
8725 0.04310944644573241
8823 0.08242702509145411
8833 0.044231418350131245
8868 0.029474293756648715
8877 0.05879442573956172
8882 0.046358606765812146
8890 0.015055069070587273
8943 0.045903272628285204
8971 0.06158825192211452
8986 0.022958786691196355
9117 0.03700325167031915
9330 0.03745045309638123
9338 0.05093711251534867
9341 0.056085153221913965
9433 0.021929140301217214
9434 0.0312844953967102
9438 0.03443102965974078
9445 0.00767889627402154
9470 0.03074004836441658
9510 0.07026666870810616
9546 0.05097430937090298
9575 0.0914808481344187
9600 0.05143515515124627
9618 0.05414351814285064
9625 0.02566349997898246
9658 0.02110052238612501
9743 0.06519012032267203
9776 0.2390629524903598
9780 0.05550954411462361
9813 0.03941846515040821
9898 0.014606532429758014
9923 0.02339558594915781
9929 0.09464436554203459
9973 0.05760111285091729
10004 0.02079587697065708
10076 0.06326010620026848
10172 0.02865872957454877
10174 0.03745045309638123
10181 0.04024427927893402
10216 0.033401383269761636
10312 0.02408075859559519
10318 0.01561244509240136
10325 0.027578723421745163
10392 0.040652475535687134
10402 0.06747284252555336
10418 0.03516773089349989
10420 0.022887445706950754
10462 0.046358606765812146
10571 0.030476453178705492
10576 0.06148009672883316
10578 0.0267771499762222
10597 0.042448973705745054
10618 0.03745045309638123
10619 0.01748324437271779
10653 0.025575016862584656
10750 0.026874584778147984
10788 0.04241369474597453
10801 0.08106423029529591
10897 0.029474293756648715
10898 0.0627505412383471
10951 0.014001693553381484
10988 0.014828792269762225
11011 0.02015065975453606
11036 0.009991212332321954
11061 0.12652021240053696
11141 0.05143515515124627
11189 0.033905624925961816
11194 0.03425343364857629
11211 0.06158825192211452
11217 0.015246808022403115
11300 0.022467731248811035
11319 0.03139581606894415
11322 0.04836614626817108
11332 0.14254765080490106
11429 0.06519012032267203
11497 0.026766429584866632
11634 0.03176176639822616
11637 0.01964641809833588
11649 0.07386853710866366
11656 0.041754578943197854
11750 0.14889942336917428
11826 0.04241369474597453
11893 0.02297861740857335
11921 0.033905624925961816
11953 0.0664754335421927
11957 0.020557387686400055
11965 0.08497450465298255
11968 0.05760111285091729
12003 0.08762350228008942
12006 0.01325072351522558
12012 0.05458168941427684
12021 0.01859367150095524
12078 0.0267771499762222
12094 0.06519012032267203
12163 0.05879442573956172
12177 0.015363276851671511
12186 0.018797258244493072
12204 0.019982424664643908
12205 0.02996534919903403
12216 0.047833286750688764
12217 0.060113571937237896
12265 0.015999346453699565
12270 0.038008420420322125
12271 0.133885749881111
