223
12 0.07177379651141669
119 0.021270355395406525
337 0.050718562322479226
390 0.02042678604542045
443 0.05465291794661867
479 0.027947654527826132
571 0.023997142855248194
594 0.020552566077695993
641 0.06073447310872679
664 0.04883820156897096
674 0.01451243684700727
769 0.012047041652541488
896 0.07966387499496706
943 0.039193429426929195
956 0.02218147970391183
1133 0.03711806732102653
1335 0.03250266728040271
1363 0.03536337366253515
1373 0.030825673425996108
1453 0.07966387499496706
1458 0.035837733011376514
1559 0.07177379651141669
1622 0.020364413412099058
1698 0.02301382876999243
1750 0.05751362432875111
1802 0.06715839647079287
1814 0.01952528793376827
1818 0.031467137612300355
1856 0.06715839647079287
1872 0.11055066062353276
1994 0.07838685885385839
2029 0.07966387499496706
2042 0.04537125085932614
2049 0.028960141724293873
2052 0.043972616136474546
2147 0.05751362432875111
2153 0.05751362432875111
2193 0.07966387499496706
2283 0.04962354584520072
2361 0.07177379651141669
2373 0.011126704088089703
2450 0.04799428571049639
2497 0.05926831798724249
2656 0.0187437964167902
2774 0.055993639544315923
2828 0.01791179317492923
3082 0.06937391645617207
3147 0.07177379651141669
3179 0.043488161020141726
3239 0.03096522581953206
3269 0.020489502331348042
3270 0.020057576044275754
3407 0.02605540055958477
3468 0.04962354584520072
3490 0.036588531048342296
3591 0.02843733258985337
3680 0.01811416254227554
3687 0.03952339389535567
3701 0.045008145804576905
3759 0.09318204521956516
3791 0.030367236554363394
3820 0.03268479879954851
3827 0.03796163667101259
3830 0.029641960898270262
3858 0.07966387499496706
3939 0.03711806732102653
3966 0.030982682495967518
3985 0.038257315037913776
3999 0.053453601609594774
4000 0.055993639544315923
4001 0.07317706209668459
4033 0.026473171377998147
4114 0.10930583589323734
4170 0.029783366158943628
4197 0.061343680093145156
4297 0.026687950902754998
4350 0.03250266728040271
4382 0.025652421234652646
4527 0.055993639544315923
4607 0.6388371802786631
4624 0.004262292195081136
4699 0.02301382876999243
4782 0.03425736093889409
4791 0.02936431354591143
4827 0.014254975662556867
4850 0.04883820156897096
4861 0.039618904863021304
4931 0.023743236928254904
4941 0.028006418383685734
4972 0.018063231910999195
4988 0.08609535769437573
5005 0.015006600259963077
5018 0.033443945188263956
5034 0.04962354584520072
5145 0.07966387499496706
5312 0.17571723629404515
5313 0.09750800184120811
5539 0.04447860953189268
5598 0.034907993854731846
5627 0.025456158146838395
5802 0.010613505516505
5978 0.09001629160915381
6066 0.018852206541940145
6068 0.019641441769190686
6082 0.03796163667101259
6150 0.04782375342097652
6162 0.013048388180539373
6180 0.022036471665205396
6279 0.03268479879954851
6288 0.2389916249849012
6294 0.07026681341554575
6303 0.03447013306092985
6326 0.05465291794661867
6436 0.018797872419204616
6493 0.04214743942244447
6630 0.028192459169373792
6632 0.046762839463068286
6657 0.07628869718802321
6664 0.033443945188263956
6666 0.01842462661688293
6671 0.07966387499496706
6696 0.036588531048342296
6764 0.04614739352146416
6778 0.015442176003651933
6928 0.15932774998993413
6982 0.0469897424228165
7002 0.03232340409366478
7031 0.12268736018629031
7070 0.10473737603088612
7102 0.024886890674653505
7188 0.0527345649106874
7193 0.14209874200881809
7220 0.03759574483840923
7254 0.029641960898270262
7272 0.012918295597691146
7374 0.06360391038807728
7482 0.024433325610114392
7483 0.012536707561870069
7484 0.009014563348897364
7507 0.016543247126564013
7537 0.0067345068282544645
7698 0.04302348519132325
7739 0.030218437349227096
7758 0.04057487728309889
7818 0.033058044601870194
7952 0.01863377389216878
8044 0.061343680093145156
8092 0.01842462661688293
8100 0.07410987086850403
8133 0.0455635231260444
8208 0.04214012648148698
8218 0.061343680093145156
8348 0.05046711519518679
8455 0.02747329517898476
8645 0.05926831798724249
8659 0.03608253765292417
8723 0.026687950902754998
8776 0.02425684180981451
8780 0.05236868801544306
8823 0.024979813452722877
8837 0.02232835886567671
8844 0.04962354584520072
8867 0.09155402000144716
8890 0.013687482345160554
8896 0.03425736093889409
9017 0.027947654527826132
9031 0.06388371802786631
9069 0.07966387499496706
9338 0.04167903464929674
9341 0.06798724876441249
9343 0.06388371802786631
9540 0.05465291794661867
9578 0.01993712013609187
9618 0.024612588796852318
9653 0.08114975456619777
9658 0.019183773005598374
9814 0.06043687469845419
9849 0.022108744778477067
9898 0.026559380607149765
9923 0.021270355395406525
10004 0.01890680126098527
10105 0.025953310394549574
10110 0.05110773340942715
10192 0.030670800600208586
10218 0.020302380685823407
10325 0.025073501035919047
10338 0.06388371802786631
10392 0.012319882394713884
10420 0.02080837408124153
10464 0.039863209491268856
10466 0.05046711519518679
10571 0.027708004053040955
10597 0.05788943000959332
10619 0.015895084742933538
10797 0.0513782395036921
10951 0.0063648971790064846
10960 0.01791179317492923
10968 0.046762839463068286
10988 0.013481760292216734
11011 0.05496058470546572
11036 0.009083621055753322
11187 0.034048493113621146
11260 0.038872760979517904
11319 0.007135963245016485
11322 0.043972616136474546
11332 0.0215997952205574
11634 0.014438280382126334
11637 0.017861758030189193
11893 0.018570012302988853
11908 0.027357730967094655
11917 0.031467137612300355
11974 0.033058044601870194
12021 0.016904641832447748
12024 0.021964654536755644
12064 0.02133791035392576
12157 0.026580054577379466
12204 0.009083621055753322
12205 0.02724332822422249
12221 0.06715839647079287
12232 0.03286989193627326
12265 0.014545982558589314
12270 0.01727788763476943
12274 0.03180195519403864
