370
6 0.04150635072563509
35 0.06984893799763213
50 0.040291154396712436
68 0.027109957521027947
69 0.04088392720996924
129 0.08001005938650303
132 0.028047747307487755
150 0.034958661053104766
175 0.06288402904173011
245 0.05725867803455701
247 0.0386654717445226
326 0.06332866045211939
330 0.02623790529357415
343 0.023630278868663736
346 0.04981807258614013
374 0.014089249706693131
435 0.031251756427353686
522 0.07187831625091473
524 0.0340497992449925
571 0.0524758105871483
587 0.04346688034767576
594 0.022471686964541132
602 0.06984893799763213
638 0.038922096845527124
674 0.03173510662228496
711 0.018136704881102736
736 0.10906217728014146
769 0.013171948837984171
775 0.06707172092744562
784 0.051129376546685874
785 0.04150635072563509
788 0.04150635072563509
878 0.04285316363023812
887 0.02193047663394117
895 0.040291154396712436
938 0.02810808422385648
942 0.05609549461497551
965 0.024332740450841456
968 0.05975620071733862
997 0.06288402904173011
1023 0.029663366586216745
1083 0.06984893799763213
1113 0.03700355652977186
1205 0.053828972493701895
1260 0.06288402904173011
1370 0.07342939352813813
1374 0.027939990128293877
1413 0.023183073521249483
1437 0.06288402904173011
1465 0.02991229241295802
1468 0.03109851113519388
1536 0.019100410752074984
1595 0.031809897691902234
1622 0.022265965314657875
1632 0.02325650073393157
1709 0.08500510475206624
1782 0.04119124841548737
1794 0.06288402904173011
1814 0.021348485472883576
1914 0.04088392720996924
1929 0.021996854799013622
1971 0.017942990831233966
2042 0.016535948887454636
2084 0.04704085551595363
2086 0.0536248647240415
2100 0.03256442424483462
2102 0.04150635072563509
2130 0.04088392720996924
2133 0.04436360586233344
2139 0.044771703945993384
2227 0.026426482786849323
2240 0.058444896756792875
2266 0.019420923136835005
2278 0.04466832413714867
2298 0.03387572820538037
2318 0.043213938932741475
2343 0.04088392720996924
2356 0.012816789483436352
2358 0.040291154396712436
2373 0.01216567363264557
2464 0.08224430919052923
2541 0.028047747307487755
2596 0.05883864394790214
2658 0.07029735624988522
2705 0.024332740450841456
2782 0.04981807258614013
2783 0.043213938932741475
2809 0.04285316363023812
2828 0.019584328675990633
2853 0.030166298707756216
2864 0.05617574518683262
2889 0.04519363846959938
2900 0.02894513599499465
2933 0.03440541990818025
2938 0.02954074612194197
3088 0.07342939352813813
3101 0.052595289656326615
3112 0.028714650214518966
3133 0.03792589519512909
3189 0.03514867812494261
3267 0.06288402904173011
3285 0.0801444514331051
3291 0.06707172092744562
3300 0.0321062420837296
3340 0.04436360586233344
3347 0.03614487977534063
3390 0.03722781262306502
3454 0.04704085551595363
3518 0.04981807258614013
3591 0.015546351576001514
3604 0.07356653955996433
3609 0.026426482786849323
3624 0.08238249683097475
3643 0.0340497992449925
3668 0.039451788548326996
3670 0.027727234922727734
3687 0.043213938932741475
3688 0.04608300790653913
3709 0.06954300297872226
3725 0.028600988452412275
3727 0.05517954353643459
3737 0.028047747307487755
3749 0.03458711476208872
3867 0.0386654717445226
3874 0.04216154812844147
3918 0.0225817922604769
3952 0.05517954353643459
3999 0.058444896756792875
4048 0.08183484686403074
4059 0.02173344017383788
4072 0.05617574518683262
4081 0.017517853148055634
4105 0.01728779342842759
4106 0.03678326977998216
4207 0.05975620071733862
4213 0.05617574518683262
4293 0.06984893799763213
4339 0.0278331579148356
4356 0.016796150903686996
4381 0.02333036371897236
4382 0.028047747307487755
4398 0.06480256935748538
4410 0.027210364775480726
4451 0.028249114362586526
4552 0.06500534551266485
4572 0.06707172092744562
4596 0.03055730080459392
4623 0.04396846548567387
4624 0.013980866758513424
4625 0.06984893799763213
4666 0.13414344185489124
4676 0.023554619812265528
4699 0.02516277305810739
4772 0.02079249780329832
4805 0.04396846548567387
4827 0.015586051375052463
4872 0.020672246853823593
4990 0.1458955615917128
5005 0.032815719669170934
5013 0.027109957521027947
5119 0.09726370772780854
5138 0.04563038070042461
5181 0.0257785957375275
5204 0.06288402904173011
5242 0.06122211382697937
5243 0.04608300790653913
5288 0.11688979351358575
5293 0.038922096845527124
5337 0.027109957521027947
5340 0.030960986239227092
5354 0.03336766270515414
5368 0.08580296535723682
5380 0.05812399908656555
5389 0.04006173082298398
5423 0.043213938932741475
5461 0.10376134428626617
5472 0.033704058222291486
5609 0.05883864394790214
5714 0.07342939352813813
5762 0.04863185386390427
5802 0.02320910903891061
5807 0.028047747307487755
5844 0.052595289656326615
5998 0.028047747307487755
6023 0.038167570292594724
6066 0.020612554286401054
6068 0.06442645594242931
6071 0.07342939352813813
6072 0.16852723556049787
6075 0.05517954353643459
6079 0.018433049272930106
6119 0.027939990128293877
6125 0.029061999543282774
6162 0.014266797317494381
6170 0.12548891526038672
6180 0.024094154043415156
6198 0.030166298707756216
6209 0.02378299092508688
6251 0.019100410752074984
6360 0.016281075616483225
6411 0.06122211382697937
6502 0.08301270145127018
6584 0.017517853148055634
6616 0.02991229241295802
6668 0.07342939352813813
6672 0.05339852811664613
6732 0.07871371588072244
6747 0.022965355844943903
6778 0.016884107993794424
6868 0.03722781262306502
7025 0.02043517537263002
7042 0.018283995078825614
7101 0.036354059093380485
7102 0.08163220319750922
7121 0.03256442424483462
7176 0.05941037496969641
7185 0.0386654717445226
7188 0.05765871913046725
7231 0.03745618373588638
7376 0.03440541990818025
7418 0.03792589519512909
7426 0.049210836230930616
7452 0.03972533530584663
7471 0.03320281424947616
7483 0.013707337897921586
7488 0.03534164131502112
7496 0.038922096845527124
7537 0.014726699209529003
7542 0.014266797317494381
7552 0.017196947211573037
7554 0.09391767165230741
7559 0.044771703945993384
7580 0.02633183688245202
7682 0.07342939352813813
7707 0.04704085551595363
7854 0.03225710303931649
7885 0.05617574518683262
7901 0.039451788548326996
7951 0.027009990104461645
7984 0.03477150148936113
8092 0.1611603885210075
8098 0.036666963460607944
8156 0.06559335182799486
8166 0.02043517537263002
8169 0.06111460160918784
8208 0.023037506055406942
8224 0.019100410752074984
8277 0.08642787786548295
8291 0.03722781262306502
8295 0.05184076310339423
8314 0.07342939352813813
8320 0.04250255237603312
8324 0.008524947396221996
8337 0.04058401206027787
8346 0.04396846548567387
8357 0.05045646259078165
8405 0.046552719365781835
8433 0.06288402904173011
8444 0.030960986239227092
8483 0.026910819249478364
8493 0.05975620071733862
8515 0.04426136543389897
8582 0.037688823713935525
8601 0.04754892101617987
8651 0.04150635072563509
8708 0.02333036371897236
8714 0.039451788548326996
8718 0.05975620071733862
8719 0.033534723957788726
8774 0.031957187889625115
8800 0.04608300790653913
8823 0.027312333954804622
8837 0.12206648283348377
8868 0.029299071024476344
8896 0.03745618373588638
8898 0.04608300790653913
8923 0.04119124841548737
8965 0.05617574518683262
8976 0.04285316363023812
9077 0.0386654717445226
9117 0.07356653955996433
9267 0.021348485472883576
9338 0.030380576844843802
9434 0.06219702227038776
9445 0.015266491484390026
9563 0.02289362148814713
9575 0.07578083377217062
9582 0.02596029059143597
9584 0.02623790529357415
9600 0.051129376546685874
9620 0.03700355652977186
9656 0.02193047663394117
9658 0.04195016234478374
9659 0.04754892101617987
9703 0.05725867803455701
9773 0.07342939352813813
9849 0.024173175746654264
9892 0.05045646259078165
9894 0.039451788548326996
10050 0.07342939352813813
10097 0.12244422765395874
10175 0.05517954353643459
10218 0.022198140207021495
10237 0.037688823713935525
10304 0.06984893799763213
10306 0.04150635072563509
10318 0.038799075340424316
10325 0.02741476973017641
10334 0.09963159914854387
10364 0.02596029059143597
10392 0.02694053283345603
10420 0.04550276270389202
10439 0.06984893799763213
10491 0.05184076310339423
10501 0.03387572820538037
10509 0.04182963842012891
10578 0.026617961585912946
10618 0.03722781262306502
10619 0.01737930763816808
10628 0.029179970819438624
10721 0.12244422765395874
10749 0.028893828894630193
10794 0.03477150148936113
10813 0.05975620071733862
10897 0.029299071024476344
10898 0.12475498681978993
10951 0.0069592272043997126
10959 0.046809335359339996
10963 0.025510932164447175
11021 0.02954074612194197
11067 0.015467329872762408
11194 0.0340497992449925
11217 0.015156166754434127
11244 0.13908600595744453
11257 0.034958661053104766
11262 0.052595289656326615
11266 0.09310543873156367
11332 0.11808351201977273
11351 0.04754892101617987
11468 0.05975620071733862
11497 0.053214609853153676
11592 0.058444896756792875
11621 0.06122211382697937
11634 0.03157294479208802
11727 0.05339852811664613
11736 0.08598473605786518
11739 0.04754892101617987
11770 0.051199030577865234
11833 0.05184076310339423
11864 0.051129376546685874
11886 0.12855949089071436
11893 0.015228007362544272
11929 0.01666536991276173
11930 0.021348485472883576
11937 0.06480256935748538
11977 0.015949165908170655
11991 0.03336766270515414
12021 0.018483133350375196
12046 0.05617574518683262
12051 0.04219661735712327
12072 0.03458711476208872
12091 0.04981807258614013
12131 0.05045646259078165
12177 0.015271943184195148
12186 0.03737101956830374
12196 0.04563038070042461
12200 0.03614487977534063
12201 0.046552719365781835
12204 0.02979544570216795
12270 0.09445615717017564
