272
41 0.04112229557183307
68 0.05878957795900514
84 0.028653710887867095
106 0.03371949851587496
201 0.03017894081557166
234 0.04646483496102433
330 0.028449240053974874
331 0.08508971167339908
335 0.03006409061712804
344 0.01121410039178379
435 0.01694282967260884
453 0.06208444837162043
493 0.02342456562959606
496 0.023216415227347655
503 0.05543856839604414
576 0.028148227941335834
587 0.023565137909680667
593 0.09340417627227714
744 0.0253772167309983
769 0.0142820827454645
826 0.03673077987495061
883 0.11087713679208828
938 0.015238518978450575
964 0.06208444837162043
975 0.12919071061005583
1025 0.06638192315230555
1027 0.07573581741285232
1073 0.034176993747099316
1106 0.039648671125230024
1113 0.04012222205955322
1143 0.06962432237262108
1154 0.0647924626565909
1167 0.08508971167339908
1319 0.07272453605377666
1357 0.08508971167339908
1385 0.057028028891758786
1413 0.025136946582260185
1444 0.04725887673294296
1494 0.06638192315230555
1524 0.029211085152772792
1575 0.02603967203046126
1622 0.0241425443526285
1702 0.03449084084280695
1745 0.09620515500119219
1746 0.046084674135497376
1779 0.06208444837162043
1814 0.02314773916634283
1895 0.04356166232709123
1905 0.02886132755005323
1933 0.04012222205955322
1971 0.01945522890385086
1979 0.043376659850526904
1999 0.14302240389363607
2000 0.04646483496102433
2096 0.03313267489399459
2253 0.0427767914554097
2261 0.043376659850526904
2278 0.024216488739627503
2289 0.04996689101791344
2303 0.08508971167339908
2362 0.07061791802317921
2456 0.031639263322346865
2460 0.08122599351473335
2480 0.03151134940859196
2525 0.04112229557183307
2541 0.060823231671574565
2630 0.022484842218260536
2690 0.07272453605377666
2710 0.07026414003472162
2748 0.03617989453493002
2822 0.030294776864683265
2942 0.04646483496102433
3014 0.04810257750059609
3017 0.059830084092926596
3019 0.04900256538577679
3031 0.0647924626565909
3049 0.045355046886180445
3059 0.04725887673294296
3148 0.04900256538577679
3152 0.030529475247502973
3171 0.05543856839604414
3189 0.07622202842551484
3233 0.060910245774174844
3239 0.018355042264390792
3361 0.0847141483630442
3362 0.035308959011589605
3390 0.04036537849145125
3401 0.0647924626565909
3543 0.0647924626565909
3630 0.04996689101791344
3638 0.05401674753268314
3730 0.05401674753268314
3887 0.0230114267258925
3889 0.044329630987367946
3903 0.028757119952210655
3918 0.03672748386423035
4048 0.014788650092081735
4059 0.023565137909680667
4105 0.0187448113614968
4269 0.11241982144595226
4286 0.05620991072297613
4317 0.0358247472788681
4320 0.021057721575240516
4451 0.07657488534443305
4624 0.030318352789618197
4861 0.00670989245870149
4872 0.022414507050739545
4879 0.054708941146727204
5001 0.018069929894615613
5035 0.0358247472788681
5051 0.029837281633458904
5146 0.02939478897950257
5219 0.042486569154541354
5222 0.06818390484119352
5351 0.03673077987495061
5354 0.03617989453493002
5400 0.05883001058064675
5411 0.05883001058064675
5515 0.04036537849145125
5609 0.031898787029583826
5777 0.03654464151884665
5842 0.02009541930570796
5857 0.05620991072297613
5882 0.06379757405916765
6001 0.03481216118631054
6008 0.010390990613229885
6057 0.03485439619195674
6146 0.08614678555284346
6180 0.02612481311328009
6202 0.06818390484119352
6214 0.021780831163545615
6280 0.08047800082314976
6407 0.09444360593394584
6409 0.046158821667437455
6484 0.15767193951069922
6486 0.07026414003472162
6507 0.03449084084280695
6587 0.048545070154552436
6621 0.07461022815455799
6628 0.0375021222018826
6678 0.07026414003472162
6778 0.01830710325531712
6794 0.311829702918925
6807 0.12745970746362406
6809 0.05401674753268314
6948 0.05213068571595646
6952 0.018844038403142336
7020 0.053358333202516046
7179 0.05401674753268314
7212 0.057898964415099195
7272 0.01531497706888661
7293 0.12674128358645978
7323 0.07961803429526838
7409 0.07573581741285232
7449 0.09444360593394584
7483 0.01486259447908074
7484 0.010687000458409044
7537 0.007983933860703044
7561 0.1902302450675826
7580 0.028551088211849433
7589 0.029837281633458904
7632 0.09444360593394584
7725 0.057028028891758786
7823 0.04220245725308132
7833 0.040966774745824275
7899 0.0647924626565909
7952 0.055227064922633316
8040 0.05100546617360748
8103 0.054708941146727204
8166 0.0664723654441356
8252 0.04855773777668105
8324 0.018486862591277402
8326 0.021596388881956884
8369 0.039648671125230024
8387 0.05543856839604414
8415 0.07573581741285232
8447 0.08627135985663197
8473 0.025539806852773784
8514 0.03770204907135812
8619 0.07272453605377666
8633 0.058357734606583625
8863 0.07793623198261193
8890 0.0649074722471561
8932 0.09895223264019998
8942 0.02711238838082483
8949 0.037904982472396195
8969 0.032433305094265494
9027 0.020767499274372176
9099 0.022876477432680654
9109 0.046856016462429366
9139 0.038968115991305965
9148 0.04036537849145125
9160 0.03617989453493002
9182 0.039417984877674804
9230 0.030648373081508636
9273 0.01966526920412948
9278 0.04767413463121203
9319 0.05273055411107367
9338 0.02196070440752413
9342 0.17017942334679817
9485 0.040612996757366675
9563 0.04964619897310512
9580 0.03342289719486294
9626 0.03298987126655802
9631 0.042486569154541354
9636 0.04165157191306072
9637 0.03433300492818393
9798 0.040865243669138726
9805 0.057028028891758786
9842 0.04996689101791344
9865 0.05689848010794975
9987 0.029178867303291812
10005 0.05100546617360748
10141 0.02939478897950257
10144 0.07540409814271624
10172 0.030889358357925722
10218 0.02406900293431617
10237 0.040865243669138726
10254 0.05213068571595646
10276 0.03711094070047757
10321 0.03176840131128631
10327 0.057898964415099195
10364 0.028148227941335834
10423 0.07026414003472162
10460 0.02459241323899734
10476 0.17166502464091968
10479 0.11966016818585319
10499 0.04307339277642173
10508 0.040612996757366675
10597 0.04575295486536131
10618 0.04036537849145125
10619 0.018844038403142336
10749 0.03132900531137771
10750 0.028966346110118498
10845 0.025136946582260185
10862 0.03565061819370237
10956 0.14052828006944323
10981 0.0262967239331556
10987 0.12833037436622907
11011 0.02171906988016918
11036 0.021537740349614146
11065 0.07961803429526838
11080 0.03709703931076415
11082 0.060910245774174844
11142 0.032433305094265494
11145 0.09123484750736184
11233 0.04947611632009999
11257 0.037904982472396195
11276 0.05124368493254883
11300 0.024216488739627503
11512 0.06208444837162043
11586 0.08508971167339908
11629 0.017160844379744723
11634 0.017116958757774574
11813 0.04725887673294296
11833 0.05620991072297613
11861 0.03257030948789442
11875 0.048285088705257
11876 0.03811101421275742
11879 0.08508971167339908
11917 0.07461022815455799
11929 0.018069929894615613
11945 0.03113472542409238
12109 0.04368689918873069
12138 0.027660997515863886
12177 0.03311812988701039
12180 0.08298299254759166
12204 0.04307548069922829
12303 0.07235978906986004
12304 0.02886132755005323
12338 0.08508971167339908
12341 0.05401674753268314
