341
15 0.041346494064476234
29 0.06161216422828628
76 0.02525760900467454
84 0.02652608152756617
104 0.026150330385066835
106 0.031215718278203297
119 0.1634090649304318
177 0.10407229139219315
178 0.07920095669802842
184 0.16616252896466427
236 0.06872493945711322
303 0.04015580460385637
330 0.02633679330479252
344 0.010381417695420572
390 0.02241833726642181
435 0.015684770568184632
450 0.02371933899963501
456 0.03563830422933867
493 0.021685216971376445
522 0.03607460917736582
524 0.03417812949437969
547 0.06644023294725415
593 0.02882287282683399
674 0.06370942605859355
679 0.035474840386506876
711 0.01820506028736247
769 0.013221592580877675
878 0.04301467286957695
887 0.08805252152886513
952 0.012865094666645161
956 0.04868821673315276
958 0.04950215083512347
965 0.024424448088465472
1004 0.0553875096548881
1073 0.1265569721214088
1122 0.14411436413416995
1178 0.08381417481549498
1184 0.022013130382216282
1205 0.036021232297665906
1336 0.04772812809015391
1373 0.0338310854087341
1396 0.0553875096548881
1421 0.14022438316014774
1440 0.06312103258678284
1468 0.031215718278203297
1564 0.0358714700072796
1572 0.0472181477424456
1595 0.03192978597889069
1622 0.0446997669716752
1698 0.02525760900467454
1702 0.03192978597889069
1905 0.02671828199085634
1971 0.018010616148832953
2040 0.051322077995409186
2042 0.09958962723769671
2049 0.03178366988399281
2053 0.04413417818489862
2076 0.05866516966125973
2086 0.053826971415299095
2115 0.0419872900964753
2167 0.07762725797245798
2176 0.061452853781682124
2246 0.04494044396973152
2265 0.07011219158007387
2356 0.051460378666580646
2434 0.04073696909686287
2450 0.15802075982875508
2458 0.041346494064476234
2464 0.02751809322442237
2544 0.061452853781682124
2578 0.02434410836657638
2629 0.04772812809015391
2630 0.010407635509238535
2646 0.05279351598329037
2678 0.08031160920771274
2694 0.03759735230388097
2705 0.024424448088465472
2768 0.03054026817766117
2798 0.03960047834901421
2806 0.03268715626608448
2828 0.019658140029913382
2833 0.044530807805671355
2851 0.03670463092348867
2924 0.061452853781682124
2933 0.03453509045587774
2938 0.029652082206176596
3008 0.04413417818489862
3055 0.03490255176151077
3080 0.08147393819372574
3082 0.0380688340581046
3152 0.028262564404947087
3167 0.061452853781682124
3183 0.052036145696096575
3220 0.05638746588854565
3262 0.051322077995409186
3363 0.08147393819372574
3400 0.027831736066680126
3468 0.05446169478839108
3520 0.03135530390578095
3648 0.046728171856496345
3670 0.027831736066680126
3680 0.09940119906003529
3723 0.03987505607659505
3882 0.10761441002183883
3897 0.036491073865071874
3908 0.0650468036869374
3922 0.05866516966125973
3937 0.052036145696096575
3962 0.03400340239862568
3966 0.03400340239862568
3983 0.053599781768123266
3985 0.0419872900964753
3988 0.0419872900964753
4001 0.04015580460385637
4033 0.05810845456980761
4037 0.0650468036869374
4048 0.027381091374891704
4101 0.019172398268288378
4105 0.017352949373285347
4127 0.09160471397999867
4198 0.032227247262757094
4317 0.033164645610565334
4320 0.01949411863180833
4350 0.1070147436111792
4410 0.013656458944063487
4451 0.014177791208681121
4552 0.04350022938995731
4624 0.023389265385385657
4676 0.04728678958381154
4708 0.06005005763516687
4755 0.04772812809015391
4803 0.03528114993768222
4827 0.01564479362623376
4931 0.02605813230092132
4941 0.04610544200790297
4988 0.06299293361092924
5013 0.02721213220888786
5040 0.03300344616496813
5146 0.02721213220888786
5155 0.04374975450911165
5196 0.036491073865071874
5252 0.03284430027139316
5310 0.03080608211414314
5312 0.07231843016084637
5340 0.031077675064813567
5425 0.01708135642261492
5433 0.02596660966667996
5461 0.034717470099313065
5473 0.023949981557331426
5525 0.03714301919160758
5534 0.07877152937846563
5687 0.04103801459641851
5695 0.05446169478839108
5752 0.0795782445826985
5766 0.04166278396335988
5769 0.0356715812037264
5777 0.0338310854087341
5802 0.046593163646785535
5845 0.02434410836657638
5942 0.12486287311281319
5978 0.049396306895254614
5984 0.0472181477424456
6013 0.021685216971376445
6066 0.02069024091864955
6155 0.031215718278203297
6162 0.028641134867137406
6186 0.06415526259694224
6214 0.020163535028442238
6258 0.0199927881741273
6280 0.024834084252525642
6303 0.03783086907847701
6360 0.016342437343732242
6409 0.021365691019191682
6558 0.04374975450911165
6584 0.017583876164727275
6620 0.033661112940515735
6630 0.030941140550622463
6638 0.023197176511810618
6678 0.0650468036869374
6695 0.052036145696096575
6699 0.04413417818489862
6775 0.0419872900964753
6778 0.033895484978159626
6828 0.028262564404947087
6867 0.049010615624347165
6906 0.04772812809015391
6932 0.10405182382174763
6998 0.03987505607659505
7025 0.020512193481693506
7188 0.05787602901097843
7193 0.03898823726361666
7277 0.03670463092348867
7374 0.03490255176151077
7443 0.042662740197017435
7467 0.03490255176151077
7483 0.013758999468030064
7484 0.08904110950893922
7499 0.07011219158007387
7507 0.018156164789723376
7537 0.007391101324658812
7552 0.03452352153245622
7589 0.02762176837294802
7605 0.06415526259694224
7708 0.05866516966125973
7766 0.04494044396973152
7833 0.01896243057455627
7952 0.030675767597409618
7968 0.03714301919160758
8052 0.0388111979967083
8121 0.061452853781682124
8156 0.02194685551219818
8171 0.019548553505293716
8208 0.06937299625680318
8252 0.04495217098054206
8324 0.008557077060702493
8329 0.033661112940515735
8476 0.043376807897704824
8489 0.11733033932251946
8491 0.05638746588854565
8556 0.040789778973024104
8662 0.04103801459641851
8708 0.04683658700015873
8753 0.05324362427858093
8823 0.08224581413692221
8828 0.02837263369581931
8833 0.04413417818489862
8837 0.024505307812173582
8844 0.05446169478839108
8868 0.029409496259712852
8873 0.024586694313040135
8877 0.05866516966125973
8890 0.030043942777850493
8927 0.03987505607659505
8943 0.045802356989999335
8971 0.061452853781682124
8986 0.022908313152371074
8988 0.031077675064813567
8996 0.03692190220333884
9027 0.0192254462617939
9097 0.04825981614740595
9117 0.03692190220333884
9268 0.04166278396335988
9275 0.07011219158007387
9338 0.050825130276880605
9341 0.11192370663899125
9358 0.0419872900964753
9434 0.031215718278203297
9445 0.007662014673332652
9470 0.030672468180608026
9473 0.03268715626608448
9546 0.0254311226786706
9575 0.07606644406980498
9616 0.0343553350711852
9618 0.027012243405334646
9776 0.195166952742388
9804 0.030279992436415253
9813 0.03933180597899978
9898 0.04372326248836157
9923 0.02334415213291883
9929 0.0472181477424456
9973 0.05747448020063987
9978 0.04625669010227272
10004 0.0207501584613211
10116 0.06134493636121605
10191 0.03692190220333884
10218 0.02228180275223071
10269 0.040443007682384555
10312 0.024027818467692738
10318 0.023367183078629776
10321 0.029409496259712852
10325 0.02751809322442237
10334 0.025001775142123987
10418 0.0350904167107199
10420 0.02283712900707287
10462 0.04625669010227272
10565 0.05747448020063987
10576 0.06134493636121605
10578 0.02671828199085634
10597 0.04235565213996511
10618 0.037368120483433985
10653 0.05103758339197589
10654 0.0472181477424456
10723 0.03237867679802676
10759 0.21439912707249306
10771 0.07011219158007387
10788 0.04232045073890749
10801 0.040443007682384555
10855 0.05866516966125973
10888 0.05638746588854565
10896 0.04881514240224812
10897 0.058818992519425704
10898 0.06261258787338485
10914 0.028595725047379273
11011 0.020106359717205882
11036 0.00996924724111962
11061 0.06312103258678284
11093 0.05998141579380093
11095 0.07866361195799956
11189 0.0338310854087341
11217 0.030426577627921992
11237 0.032227247262757094
11276 0.02371933899963501
11300 0.02241833726642181
11319 0.0391584927731289
11322 0.04825981614740595
11332 0.13038141251631935
11497 0.040061377751473594
11512 0.05747448020063987
11622 0.07877152937846563
11634 0.06338388005512735
11637 0.019603226606555335
11649 0.07370614148532915
11691 0.07877152937846563
11750 0.11142905757482276
11768 0.058818992519425704
11818 0.07214921835473163
11826 0.04232045073890749
11828 0.024424448088465472
11893 0.017832966879066256
11921 0.0338310854087341
11953 0.06632929122113067
11957 0.020512193481693506
11965 0.11305025761978835
11968 0.05747448020063987
12004 0.02276634817354366
12006 0.013221592580877675
12021 0.01855279441049611
12030 0.02751809322442237
12078 0.02671828199085634
12094 0.0650468036869374
12138 0.025607080287471565
12163 0.05866516966125973
12177 0.030659003186751157
12186 0.01875593358058232
12204 0.029907741723358857
12205 0.029899472145662107
12216 0.04772812809015391
12217 0.05998141579380093
12265 0.007982086416944022
12270 0.03792486114911254
12271 0.10687312796342537
