44
178 0.3682165713388086
343 0.11027459824971918
493 0.100817674114499
674 0.07404855762885826
965 0.1135527512157104
1073 0.29419072885218295
1347 0.12558378163037096
2042 0.07716773595338729
2181 0.12988802731184407
2295 0.2857031033697023
2644 0.10992152276996556
2726 0.20703009222058974
3363 0.18939199364438042
3680 0.09242607723642238
3891 0.0945479839948557
4624 0.021748007765049066
4800 0.21090357644010094
5425 0.07941366819257087
5942 0.29025267460094517
6008 0.04472208885051132
6214 0.09374315720137999
6867 0.11392867963203905
7605 0.14913349416254612
8880 0.16492760492419942
8890 0.06983929273315745
8986 0.10650402313046543
8996 0.1716552022023575
9267 0.0996262325911065
9341 0.08672488571754401
9445 0.035621801682509495
9671 0.11864051110937969
9776 0.100817674114499
9898 0.06775856619423898
10269 0.18802532499973504
10392 0.1257224449764071
10653 0.11864051110937969
10759 0.24919304879631632
10862 0.15343773984401923
10898 0.09703162432448054
11217 0.14145750959099754
11637 0.0911382032386889
11893 0.011844001809300243
12006 0.061469074247819
12180 0.11905097739412901
