42
887 0.08255591365578796
952 0.048248005896113944
2042 0.06224854987677009
2147 0.2367230114762977
3622 0.26294197752895376
3661 0.08280579012476856
3680 0.07455692729200897
3759 0.07670646604988528
4105 0.06507882183315229
4350 0.13377924569053376
4514 0.16551655036055893
4941 0.05763646247152788
4988 0.3543639022128763
5312 0.09040534705753306
6162 0.053706470093989336
6452 0.05411211528491752
6657 0.07850005259938193
7188 0.10852632885030786
7312 0.08012781973079137
7374 0.13089515210057337
8218 0.25248731680831743
8469 0.26294197752895376
8873 0.18441511748173603
8890 0.05633694760313191
9027 0.1442025058703034
9030 0.2954171199184187
9341 0.2098739184498035
9675 0.06957860453431323
9776 0.08132613893670763
9923 0.08754764880735671
10192 0.1262393800983412
10318 0.02921134061237088
10633 0.20771995555762013
10818 0.12752306935372487
11067 0.058225800139934544
11094 0.15390499809894806
11411 0.2367230114762977
11432 0.25248731680831743
11497 0.05008077126632303
11818 0.1352907227960127
12004 0.08538070876057967
12274 0.13089515210057337
