230
29 0.04098859234761056
36 0.053810865953755546
105 0.04063491741282322
116 0.04478731281613526
210 0.027688933463544625
212 0.09806865331539402
236 0.03048032871219466
269 0.06738714702090473
335 0.07406223743328307
338 0.05543382185418237
374 0.01881690258588658
394 0.09806865331539402
425 0.2139492711219375
435 0.041738294697978795
479 0.040810814237647104
511 0.09806865331539402
571 0.035042043987080565
587 0.029026103953074645
674 0.08476766645431512
913 0.04391226368578472
938 0.037539762139707424
952 0.017117467870490503
958 0.032932189711642634
981 0.09328677462538652
1073 0.042097142699061334
1122 0.19174930784913619
1174 0.04746231263478203
1178 0.03717258420739456
1208 0.04912590937411691
1373 0.04501346725486933
1400 0.11632989096218184
1474 0.08398478792835767
1524 0.017990219227153003
1853 0.11632989096218184
1905 0.035549628306967736
1926 0.06350397881020103
2042 0.15459214798558996
2176 0.08176521645698887
2202 0.04619283373875675
2298 0.04524274116341321
2356 0.017117467870490503
2370 0.07805610318570266
2373 0.016247869858423438
2378 0.11002597369781468
2450 0.07008408797416113
2495 0.06495029017006049
2578 0.032390705517387056
2644 0.03145838108358882
2678 0.10685746400332564
2828 0.02615585730807484
2832 0.04171935155426513
2833 0.05924982999439837
2841 0.03913038499577722
2901 0.04268043394477453
2965 0.07369505950097019
3000 0.07805610318570266
3112 0.03834986156982723
3285 0.03567898378339821
3332 0.029556641376451417
3407 0.03804763333774511
3456 0.05002461985342072
3490 0.05342873200166282
3591 0.020762935519028792
3597 0.03834986156982723
3605 0.04412674530463398
3609 0.03529389872702203
3648 0.06217350133257253
3680 0.026451368999402553
3749 0.04619283373875675
3803 0.03775080232783325
3859 0.07980741566860619
3891 0.05411727269134809
3909 0.09328677462538652
3915 0.05872210012019353
3918 0.030159120891885563
3985 0.05586558885250707
4008 0.11632989096218184
4014 0.10611037212104937
4030 0.047998555745963165
4033 0.03865768693802855
4048 0.01821575993077769
4170 0.04349142868050968
4174 0.06572355028156986
4191 0.11002597369781468
4198 0.04287950332808949
4356 0.04486421093415472
4416 0.05821061069167032
4431 0.0277694280268211
4446 0.06983506666247336
4455 0.0713164237073125
4547 0.03913038499577722
4552 0.028939304305008053
4624 0.012448101133269565
4655 0.07268261250794254
4676 0.03145838108358882
4699 0.033606150737767654
4708 0.039949373044882504
4712 0.042097142699061334
4790 0.04248372046747057
4805 0.05872210012019353
4827 0.020815956600134772
4861 0.016529675045119253
4941 0.020448312343714362
5040 0.04391226368578472
5108 0.054602543900759096
5217 0.066534545017305
5224 0.021913523188080465
5310 0.04098859234761056
5351 0.04524274116341321
5353 0.08957766135410032
5425 0.022727354700822742
5598 0.15292413728629276
5942 0.04153362789212702
6055 0.030104672162859558
6162 0.057162079086798066
6180 0.06435791244567271
6258 0.053202237228680886
6280 0.03304263593083334
6410 0.04593477824459026
6502 0.05543382185418237
6616 0.039949373044882504
6620 0.04478731281613526
6695 0.06923595007555208
6732 0.035042043987080565
6762 0.14492645951992
6828 0.037604351205719255
6867 0.06521037427247263
6923 0.038198060561978976
7042 0.04883839259597341
7193 0.02593762098064109
7239 0.34898967288654553
7262 0.016697695692980966
7376 0.04595017111033244
7484 0.013163597320807737
7507 0.024157425615000554
7537 0.05900474550586991
7542 0.03810805272453204
7554 0.06271589031938368
7605 0.04268043394477453
7833 0.025230191033721865
7951 0.10821960641381193
7952 0.02721013615301655
8052 0.05163968489453351
8124 0.04619283373875675
8156 0.02920107498799421
8166 0.027292205924181846
8252 0.019936822915191155
8324 0.011385496605139458
8337 0.05420199211317219
8455 0.04011812672613584
8483 0.03594075446638437
8514 0.046439091499634336
8556 0.027136128769630882
8719 0.04478731281613526
8723 0.03897132067348834
8777 0.051982420641803376
8844 0.07246322975996
8873 0.03271347478197644
8890 0.019987269372220607
8896 0.05002461985342072
8942 0.03339539138596193
8986 0.09144098613658397
9202 0.0488368221774515
9341 0.04963949617114723
9438 0.0457110001518785
9473 0.04349142868050968
9575 0.020241824038235233
9578 0.029113359244425565
9584 0.035042043987080565
9675 0.024685155489205402
9776 0.08655886669871243
9780 0.14739011900194038
9919 0.05233237240604477
10026 0.11632989096218184
10041 0.09806865331539402
10135 0.049420113423164685
10236 0.08654709514699636
10270 0.06572355028156986
10312 0.031969870512112024
10318 0.010363623845156397
10346 0.08654709514699636
10348 0.06094167159156235
10364 0.034671275570359095
10392 0.035980438454306006
10578 0.035549628306967736
10619 0.023210940656563813
10646 0.03961692006616379
10647 0.041168292420324944
10760 0.032284493687426453
10818 0.04524274116341321
10862 0.04391226368578472
10881 0.03594075446638437
10893 0.07980741566860619
10898 0.0555388560536422
10925 0.03717258420739456
10980 0.03881376409257951
10981 0.032390705517387056
10987 0.0526898505887226
10988 0.039373723783105656
11036 0.013264439459219403
11061 0.08398478792835767
11067 0.020657398054438697
11087 0.10840398422634438
11095 0.05233237240604477
11101 0.11739115498733167
11142 0.039949373044882504
11153 0.05233237240604477
11163 0.04912590937411691
11189 0.04501346725486933
11197 0.11632989096218184
11244 0.09287818299926867
11319 0.0208407091986261
11332 0.04731194326735256
11497 0.017767697900851788
11619 0.10480833279378418
11637 0.10433117214928636
11736 0.04593477824459026
11771 0.05501298684890734
11828 0.03249760038631687
11893 0.006779256929535334
11917 0.09190034222066489
11977 0.04260182869462817
12006 0.017591801076027903
12021 0.024685155489205402
12024 0.0641481692283787
12052 0.04098859234761056
12175 0.08233658484064989
12186 0.024955439409167852
12265 0.02124090204104932
12270 0.1261509551686093
