34
15 0.19547240341959515
70 0.20865164212708645
90 0.1766639829432507
104 0.24726004205407517
119 0.11036334824661309
303 0.18984322165074197
374 0.0668603067031744
711 0.08606743979840378
1122 0.13626490836521066
1524 0.06392293150770553
2456 0.13847307977305046
2735 0.5068037037743734
3609 0.12540644682985091
3680 0.09398712864387011
4048 0.06472432379581286
4624 0.022115325724935776
5310 0.14564085896624243
5340 0.14692485965410196
5802 0.055069225862034714
6008 0.0454774328165385
8302 0.22564263596212267
8305 0.3075195452272334
8324 0.08091000009305821
9341 0.08818964554461982
9352 0.37240546065730806
9358 0.19850187286581397
9445 0.0362234442634238
9575 0.07192334430445424
9821 0.10375739688550334
11629 0.07510652029280658
11893 0.03613213137439937
12006 0.06250727026065653
12270 0.0896480333569652
12271 0.12631510637518267
