158
104 0.031858510989014516
110 0.042750068925552165
119 0.05687958173411967
234 0.05240405792681075
262 0.07050940003800898
343 0.05779374952781126
374 0.13783511791953
479 0.037367755978720545
508 0.06431745925714319
587 0.02657727834626028
593 0.1053432745017663
628 0.02618398127201691
629 0.07002019982529954
711 0.06653676317051166
921 0.055266165847626794
938 0.06874534102491725
983 0.05425113981109834
1062 0.07486698594936388
1122 0.035114424833922096
1205 0.06582609902598181
1250 0.06252483091875187
1538 0.05692815175432219
1575 0.05873622418433584
1632 0.028439790867059837
1912 0.08979496181849925
1929 0.02689940147806888
1971 0.021942033008660607
1996 0.057525081197163215
2042 0.020221396740974742
2080 0.02159347388526325
2086 0.03278825037940899
2099 0.07639928668868012
2202 0.04229571429435389
2227 0.03231628233362765
2266 0.0237493593200364
2298 0.2899804427401734
2373 0.059508387410069974
2456 0.14273381487713627
2523 0.07307435761097256
2828 0.02394918385139098
2853 0.07377921866208546
2967 0.06869590843405787
2984 0.04080447698963653
3270 0.026818229286499864
3315 0.25726983702857276
3609 0.1292651293345106
3619 0.05155829869344443
3670 0.033906939463756
3891 0.0495515974856169
4025 0.07411551998035142
4048 0.016678963279109033
4059 0.02657727834626028
4143 0.033778501994011445
4198 0.03926191738107215
4289 0.038029588504320505
4356 0.020539591253962625
4410 0.016637435968645416
4431 0.02542662354473818
4451 0.05181769909258832
4624 0.022795801271583246
4699 0.030770923433195433
4790 0.03889952526436391
5138 0.055800246956800734
5181 0.03152399752694107
5219 0.28750369602564746
5297 0.0864130596100245
5393 0.06431745925714319
5425 0.16647945116835974
5802 0.014190918376520109
5807 0.10289665803677128
5842 0.13598432254110673
6008 0.011719186659533145
6122 0.040403934140515727
6196 0.06339476767879527
6258 0.02435688009931222
6360 0.019909718616782365
6698 0.03963314919591918
6778 0.02064715177119386
6911 0.11629276348367437
7042 0.04471807708349471
7061 0.07307435761097256
7193 0.0237493593200364
7277 0.0894332783108122
7452 0.0971582303930824
7537 0.009004455366538218
7854 0.039446401456126316
7952 0.062286292671889704
8039 0.11629276348367437
8051 0.15721217378043226
8092 0.02463487412631452
8208 0.08451596331839531
8222 0.03470119357235935
8305 0.07924543512627856
8324 0.020849888284999396
8343 0.06529971940406788
8385 0.03642602781272184
8391 0.06170194133633417
8525 0.19193207866761053
8708 0.05706023211410671
8715 0.19193207866761053
8868 0.10748729510964247
8981 0.04498133712880749
9034 0.10569048197314916
9040 0.058146381741837186
9338 0.03095970390432902
9341 0.02272579724859963
9352 0.19193207866761053
9386 0.14294159383874777
9445 0.02800351373087268
9575 0.018534095811477802
9586 0.08979496181849925
9658 0.051299800325685936
9675 0.022602559734436284
9720 0.050757074239016195
9849 0.11824307890386741
10127 0.04608871629969461
10167 0.032200542233331485
10318 0.018978566055847506
10536 0.057525081197163215
10628 0.03568345371928407
10653 0.031089117946183315
10750 0.03266887918048112
10760 0.08868230917790056
10821 0.058146381741837186
10881 0.0658171304679361
10897 0.035829098369880824
10925 0.06807294006297901
10934 0.0406028879518928
10951 0.06808211383261616
10959 0.0572419610102129
10960 0.02394918385139098
11036 0.012145367500396123
11067 0.05674382813034993
11080 0.02091942647149352
11156 0.0485791151965412
11497 0.03253740518855835
11629 0.07741750368453708
11637 0.02388228374436611
11736 0.0630891449893105
11771 0.05037174353493251
11893 0.009310973943748437
11929 0.06113898739068954
11953 0.040403934140515727
11977 0.01950383456745142
12006 0.01610764553746144
12030 0.03352483362457316
12035 0.07924543512627856
12039 0.05635375340344587
12072 0.04229571429435389
12159 0.04999592814834701
12175 0.03769507504224708
12177 0.01867567590073578
12186 0.04570008158883007
12223 0.055266165847626794
12270 0.11550806317592566
12271 0.260403495597705
12275 0.0864130596100245
12340 0.055800246956800734
