398
41 0.027047505954712857
50 0.028734331328513957
68 0.019333933548816795
76 0.01794526538199308
82 0.07738892196406309
103 0.019624975732293496
106 0.022178439316572537
111 0.039398504487830395
117 0.02520450075072001
210 0.014785545152877081
319 0.04831811909204117
344 0.04425532809962233
362 0.02794483421275482
379 0.06211871099026505
450 0.01685234073245538
456 0.012660320045363885
464 0.02268577690292813
473 0.052367437828029086
495 0.021698539128701268
496 0.015270210973798042
503 0.03646379629253561
593 0.061435043418390824
678 0.024666397132376176
744 0.016691442223761992
769 0.009393802382186256
770 0.06211871099026505
811 0.03509555619305308
887 0.015640097466239806
909 0.052367437828029086
964 0.04083501331031392
975 0.12745956175094345
1023 0.021154941241322937
1106 0.026078253984698638
1143 0.09158848005830683
1154 0.042616164665793106
1235 0.04484682935528906
1237 0.052367437828029086
1276 0.03646379629253561
1319 0.047833354014301985
1373 0.024036630138199032
1390 0.03646379629253561
1444 0.062167480296155896
1468 0.022178439316572537
1481 0.05706055312759781
1494 0.04366160587049253
1524 0.019213105412199328
1536 0.013621787195693146
1543 0.017353313319368742
1698 0.03589053076398616
1729 0.02279081944653807
1759 0.015407118438860518
1895 0.014325979432872766
1896 0.024036630138199032
1926 0.03391033270825656
1929 0.06274974479576025
1999 0.03135686912397751
2052 0.06857618295469803
2080 0.025186154730225195
2086 0.01912174835269893
2096 0.06537739751849193
2146 0.03468264493705641
2150 0.027574947720313058
2154 0.02081019921709002
2183 0.02813572310409151
2187 0.03468264493705641
2227 0.018846501759864152
2243 0.02081019921709002
2253 0.05627144620818302
2259 0.03552861726778697
2266 0.013850366128128448
2302 0.03598389610466433
2343 0.029157077478970395
2356 0.018281028731950325
2362 0.023223880521271955
2363 0.03468264493705641
2364 0.04981397424375004
2382 0.015407118438860518
2395 0.052367437828029086
2456 0.02081019921709002
2524 0.05596634261700755
2566 0.032230622357956144
2675 0.02098089661905337
2681 0.027757964334999052
2690 0.047833354014301985
2701 0.01806854502127674
2748 0.023796723876102956
2757 0.015640097466239806
2763 0.022377908190541394
2764 0.05596634261700755
2768 0.043397078257402535
2814 0.037509237497235025
2822 0.01992588561144113
2832 0.02227761343594106
2897 0.05596634261700755
2923 0.16789902785102268
2928 0.15710231348408724
2962 0.06211871099026505
2984 0.023796723876102956
3017 0.03935224270122787
3025 0.062167480296155896
3031 0.042616164665793106
3048 0.03319987432797036
3070 0.07394226775778238
3152 0.020080254569170855
3164 0.04366160587049253
3269 0.015976896350268947
3270 0.015640097466239806
3302 0.040062701081514066
3332 0.01578287788564656
3361 0.07800705093453567
3362 0.04644776104254391
3390 0.026549656334350854
3442 0.012199980299098164
3520 0.02227761343594106
3548 0.04783173297670423
3591 0.022174297253237416
3609 0.037693003519728305
3661 0.01568743619894006
3721 0.01573502875983833
3723 0.028330807689830047
3755 0.047833354014301985
3814 0.036768899883711084
3889 0.05831415495794079
3891 0.014448974352550895
3918 0.032209188866386025
3939 0.028943187819795577
4025 0.01440778638378462
4048 0.009726988629052242
4081 0.012493158959018404
4134 0.0986655885295047
4203 0.038694460982031546
4259 0.026232622942428365
4268 0.04621506945477157
4269 0.03697113387889119
4289 0.022178439316572537
4297 0.02081019921709002
4320 0.013850366128128448
4349 0.034288091477349014
4382 0.040005469002771916
4451 0.08058537155221106
4552 0.01545322758848404
4568 0.03509555619305308
4624 0.016617826903288023
4712 0.022479349195720172
4738 0.037509237497235025
4772 0.04448558473738759
4787 0.024036630138199032
4790 0.02268577690292813
4791 0.022897120014576708
4827 0.011115461222688144
4841 0.04366160587049253
4861 0.01765328065552071
4941 0.010919143774756944
5041 0.025777344105551003
5051 0.019624975732293496
5181 0.018384449941855542
5222 0.04484682935528906
5224 0.011701548092582439
5235 0.028943187819795577
5236 0.03192971247880851
5247 0.021513615953736905
5249 0.024666397132376176
5261 0.06112294475865198
5271 0.03254209260877404
5293 0.027757964334999052
5354 0.023796723876102956
5370 0.027574947720313058
5389 0.014285356975963063
5401 0.019624975732293496
5425 0.024272247941719737
5431 0.06639974865594073
5447 0.03697113387889119
5473 0.017016209842373023
5603 0.04083501331031392
5648 0.030068234861609623
5857 0.03697113387889119
5882 0.16784717295242696
5888 0.05596634261700755
5915 0.06211871099026505
5929 0.04484682935528906
5933 0.18635613297079515
5998 0.020002734501385958
6034 0.018712014469688332
6057 0.022924899387075925
6066 0.04410059527413959
6146 0.028330807689830047
6162 0.010174612449205162
6214 0.014325979432872766
6230 0.02124326029182391
6398 0.05843478537386464
6409 0.01518009861258447
6410 0.012264299358387791
6446 0.03286489150355715
6457 0.03286489150355715
6484 0.02592652394220816
6507 0.02268577690292813
6508 0.031083740148077948
6554 0.02506688572526481
6584 0.012493158959018404
6621 0.07361045494533916
6628 0.0986655885295047
6778 0.024082385354522687
6794 0.3169739646486905
6796 0.05596634261700755
6809 0.03552861726778697
6837 0.06211871099026505
6895 0.052367437828029086
6932 0.014785545152877081
6952 0.012394352840286012
6982 0.018320363083357074
6994 0.0466710593664614
7102 0.019405804316734426
7121 0.023223880521271955
7150 0.016961249968063665
7181 0.02794483421275482
7202 0.04168098564104448
7205 0.015976896350268947
7208 0.020002734501385958
7212 0.03808208085206601
7215 0.03192971247880851
7229 0.05068856606163423
7262 0.00891636125828467
7272 0.05036585722013191
7277 0.026078253984698638
7293 0.08336197128208896
7376 0.049073636630226104
7382 0.025777344105551003
7409 0.09962794848750008
7425 0.01794526538199308
7441 0.042616164665793106
7455 0.038694460982031546
7484 0.028116787209207118
7537 0.010502599411658925
7542 0.010174612449205162
7554 0.0167447516413192
7561 0.17204107212863787
7566 0.0296009695389919
7580 0.03755800680312587
7589 0.11774985439376098
7616 0.03468264493705641
7625 0.026878434341075664
7658 0.07019111238610616
7770 0.052367437828029086
7837 0.025777344105551003
7952 0.02179481004041116
7956 0.04302723190747381
8012 0.037509237497235025
8166 0.1603106735401671
8171 0.01388904153285697
8176 0.028943187819795577
8177 0.09566670802860397
8178 0.02520450075072001
8222 0.020237355862259023
8224 0.013621787195693146
8233 0.03935224270122787
8252 0.010646014798857377
8294 0.06211871099026505
8324 0.018239139586021587
8327 0.03910263126072557
8339 0.026078253984698638
8369 0.026078253984698638
8412 0.02098089661905337
8421 0.03598389610466433
8436 0.05596634261700755
8437 0.031083740148077948
8447 0.056743552056021905
8448 0.042616164665793106
8473 0.016798383172114885
8497 0.04621506945477157
8514 0.049595791411066834
8517 0.07284960392607898
8560 0.023679159358149317
8603 0.04831811909204117
8633 0.03838382931511921
8714 0.02813572310409151
8738 0.05596634261700755
8775 0.07501847499447005
8811 0.02592652394220816
8828 0.0403169152838913
8837 0.017410763302080412
8877 0.04168098564104448
8905 0.06967164156381586
8942 0.03566544503313868
8976 0.03056147237932599
9000 0.0715370470597661
9034 0.030818765505633686
9099 0.015046622543297448
9109 0.030818765505633686
9139 0.05126126032909143
9140 0.07394226775778238
9230 0.1209507458516739
9232 0.02520450075072001
9267 0.015225040436911802
9273 0.012934503740692159
9278 0.06271373824795502
9291 0.01898305816627799
9312 0.04621506945477157
9319 0.06936528987411282
9338 0.04333286420219078
9445 0.02177512315567674
9485 0.026712523130299638
9563 0.048980942467388
9580 0.021983354730834008
9585 0.06211871099026505
9631 0.02794483421275482
9637 0.06774588886576936
9638 0.024159059546020586
9776 0.015407118438860518
9842 0.03286489150355715
9849 0.017239516999876213
9865 0.018712014469688332
9894 0.02813572310409151
9960 0.05596634261700755
9987 0.019191914657559605
10004 0.014742769208197844
10074 0.08969365871057812
10102 0.037509237497235025
10141 0.03866786709763359
10167 0.018779003401562935
10172 0.1422187318956156
10237 0.05375686868215133
10254 0.034288091477349014
10318 0.0387383211990514
10321 0.06268541274436606
10325 0.03910263126072557
10327 0.07616416170413202
10411 0.03935224270122787
10418 0.024931371774820438
10420 0.01622553981728389
10432 0.05596634261700755
10476 0.15807374068679517
10479 0.03935224270122787
10493 0.03286489150355715
10508 0.0801375693908989
10553 0.03319987432797036
10576 0.021792465839497312
10597 0.030093245086594896
10619 0.012394352840286012
10737 0.05596634261700755
10750 0.0190521323774625
10845 0.06613363411868249
10898 0.014828528245795863
10981 0.017296232792476888
10987 0.02813572310409151
11001 0.03391033270825656
11011 0.028570713951926126
11080 0.012199980299098164
11125 0.04759344775220591
11132 0.031083740148077948
11142 0.02133246698584198
11145 0.08001093800554383
11148 0.052367437828029086
11154 0.024159059546020586
11157 0.06709599407667784
11169 0.06211871099026505
11187 0.026549656334350854
11194 0.024283201308692992
11217 0.02161776318961231
11249 0.02520450075072001
11268 0.03509555619305308
11276 0.1685234073245538
11300 0.03185598538598873
11319 0.011128678801585735
11332 0.00842132922130314
11378 0.04621506945477157
11494 0.025777344105551003
11497 0.0189754581859646
11517 0.04621506945477157
11586 0.05596634261700755
11624 0.021983354730834008
11634 0.011258394928822909
11643 0.0296009695389919
11770 0.03651347126562195
11813 0.031083740148077948
11846 0.0233355296832307
11858 0.04484682935528906
11861 0.021422579347055548
11875 0.1587935700230975
11877 0.028330807689830047
11879 0.05596634261700755
11893 0.021720231925849234
11929 0.011885195843994398
11945 0.020478347806130275
11977 0.011374422611634303
11985 0.04366160587049253
12004 0.01617525077997219
12024 0.01712716117883969
12029 0.01926264006237586
12030 0.03910263126072557
12109 0.028734331328513957
12138 0.018193561050518853
12177 0.021782899103070134
12204 0.014166090493164573
12303 0.07139017162830887
12304 0.01898305816627799
12337 0.06211871099026505
12338 0.05596634261700755
12341 0.03552861726778697
