38
76 0.0777004199326374
159 0.2960429178241968
337 0.08561925158613175
547 0.06813041302350334
1543 0.15027470515878505
1612 0.3238477696201838
1854 0.2668816504654287
2371 0.13232678297508635
2419 0.29467846047421387
2781 0.06939058384811223
2895 0.06691025445322614
3270 0.0677193741661591
3791 0.10252735674927631
4127 0.14090258390526453
4448 0.1020249735587049
4453 0.10152907291294334
4861 0.019109042008080914
4884 0.20010460850888406
5563 0.16488993676757432
5802 0.03583383902921398
6289 0.10853601246883254
6646 0.10737132434380821
6872 0.10737132434380821
6932 0.06401928546926428
7246 0.20711154806477325
7312 0.06572764524286236
7537 0.02273737298666614
8100 0.1668089259197812
8867 0.10303639421513301
9175 0.12018799607548931
9338 0.031270845668041995
9765 0.1675414547163961
9860 0.48722882211806473
10110 0.08627622086281556
10141 0.08371315350957069
10266 0.10973710293312983
11893 0.007837123542747161
12162 0.15788299721168514
