232
76 0.02036906950466883
103 0.02227565244700372
159 0.07760728673994112
200 0.032852442794168525
230 0.019504030705725182
247 0.06259879859634417
262 0.02333714282616119
337 0.02244498148153635
456 0.014370305117590179
547 0.053580911897026434
619 0.02995409182979599
826 0.02742213907597681
938 0.02275327603506516
1079 0.07050886764654882
1101 0.047310690339383794
1174 0.0287674465443529
1181 0.03849048253998059
1362 0.025062678075408663
1524 0.021808152245790392
1543 0.09848582275445271
1553 0.02043879186178866
1564 0.028928647429679252
1582 0.03624234687538003
1612 0.3678839425517322
1684 0.025989753793312642
1729 0.02586909557998037
1854 0.06996269637363503
1895 0.032521878565635584
1974 0.03559213157560805
2181 0.022530725321589482
2261 0.03238376106148733
2371 0.06937860675876716
2419 0.23174878777225924
2423 0.050904133472360454
2658 0.028452582156620165
2662 0.03171924506322522
2757 0.05325765190454674
2781 0.0363813123943762
2895 0.03508088179483226
2901 0.02586909557998037
2950 0.03849048253998059
3014 0.0359119946438674
3054 0.03983579000835667
3270 0.017752550634848912
3306 0.045473829754168735
3361 0.037947081429086385
3407 0.023061102534237023
3456 0.030320490040349344
3595 0.025749865308028804
3661 0.03561256648864097
3680 0.016032475062279717
3759 0.016494704767590403
3774 0.04837218071854127
3791 0.02687742045109304
3867 0.03129939929817208
3887 0.01717966637687467
3897 0.029428328695724502
3918 0.009139892789865729
3971 0.03528211202585986
3975 0.062191720492813865
4018 0.046350455489863635
4101 0.0309232685346964
4127 0.036937439043984145
4440 0.05659752962334341
4448 0.0802371639470258
4453 0.3726201019996714
4624 0.003772467712283396
4791 0.10395901517325057
4803 0.028452582156620165
4820 0.019190147362873177
4861 0.03506588299231568
4872 0.033468046785688835
4879 0.040844114879469345
4884 0.05245717696835689
4927 0.05944052418254504
4951 0.04257547878979621
5005 0.026564070392539888
5016 0.046350455489863635
5018 0.029600552383457542
5059 0.1390513664695909
5111 0.03891926386251056
5112 0.02452378811160428
5132 0.05429403755357195
5146 0.0219453002154911
5556 0.02995409182979599
5563 0.1729027763582727
5577 0.09462138067876759
5598 0.03089635193700189
5622 0.021089007161560633
5667 0.0287674465443529
5756 0.056542173218172516
5802 0.009393796821664087
5807 0.0227044337695337
5829 0.05429403755357195
5962 0.06352552043236066
5977 0.032852442794168525
5998 0.0227044337695337
6013 0.034976207892999066
6143 0.040844114879469345
6149 0.08645138817913635
6156 0.03193591664832241
6162 0.011548861705265619
6210 0.05245717696835689
6214 0.016260939282817792
6285 0.04466741224959702
6289 0.22762065725296132
6303 0.030508810297083563
6368 0.08784157251634458
6410 0.013920795303909906
6602 0.12705104086472133
6646 0.028147260597348664
6657 0.016880391687254106
6772 0.06260271955295592
6871 0.04466741224959702
6872 0.11258904238939466
6896 0.04392078625817229
6932 0.01678257693450302
7079 0.04196469540100567
7125 0.056542173218172516
7176 0.01202305936493634
7205 0.01813483976414584
7246 0.05429403755357195
7254 0.02623549379053372
7262 0.020241325868713966
7272 0.011433719418922872
7277 0.029600552383457542
7282 0.015376614012629146
7312 0.03446084269533587
7351 0.04196469540100567
7376 0.027850920398506795
7408 0.03440548629016496
7483 0.02219196729406471
7484 0.007978605787114797
7537 0.029802871794032893
7739 0.13372860657837632
7880 0.04032734312519564
7952 0.008246186224318426
7986 0.022970744615607837
8052 0.03129939929817208
8068 0.036937439043984145
8100 0.24050815104380038
8156 0.017699103080349127
8166 0.01654211586870726
8171 0.01576498571148881
8201 0.024735897849037063
8225 0.024843651179863636
8324 0.006900878755942336
8326 0.01612324000405388
8473 0.019067281932883
8586 0.023913004722813738
8595 0.04837218071854127
8621 0.036937439043984145
8633 0.043568198660329495
8657 0.08168822975893869
8786 0.025989753793312642
8867 0.027010863996591312
8890 0.024229021778073703
8891 0.05245717696835689
8923 0.06668799182201497
8942 0.010120662934356983
8944 0.027705956165195427
8950 0.04455130489400744
9027 0.015504414970248353
9129 0.04466741224959702
9175 0.06301427065158487
9184 0.04837218071854127
9273 0.014681521844025028
9338 0.05328448921284028
9468 0.08933482449919404
9473 0.026360648696819335
9520 0.043225694089568174
9522 0.04466741224959702
9549 0.026745721315675267
9563 0.037064417838907536
9575 0.02453759872431483
9614 0.0432508742944635
9656 0.05325765190454674
9685 0.05429403755357195
9765 0.08784157251634458
9860 0.12772643636938863
9875 0.040844114879469345
9921 0.10544259478727734
9944 0.041388833504353115
10004 0.033468046785688835
10110 0.06785161550780817
10135 0.02995409182979599
10141 0.06583590064647331
10218 0.01796922221994611
10237 0.030508810297083563
10266 0.2301395723548232
10276 0.08311786849558628
10318 0.03140755037216982
10319 0.056542173218172516
10325 0.022192043333178455
10350 0.043225694089568174
10757 0.04955882600398436
10844 0.02742213907597681
10845 0.01876651809384065
10875 0.07615841492119016
10881 0.08713639732065899
10951 0.016900321236199452
10952 0.043225694089568174
10959 0.01894589684531104
10963 0.020650901599221446
10980 0.023525463082895413
11035 0.043225694089568174
11080 0.04154336668388481
11087 0.032852442794168525
11103 0.016353795611973036
11125 0.027010863996591312
11153 0.03171924506322522
11200 0.16288211266071584
11207 0.04466741224959702
11276 0.019128527351854663
11300 0.018079330861220506
11319 0.01263179045722523
11332 0.009558768654519108
11385 0.0373038372545375
11629 0.01281179062477468
11736 0.02784159060781981
11764 0.025062678075408663
11770 0.020722608951007276
11893 0.030817384442186277
11995 0.03150713532579243
12024 0.01944046683307979
12089 0.04278406544511077
12103 0.0359119946438674
12162 0.041388833504353115
12204 0.008039727352102548
12216 0.03849048253998059
12232 0.02909246958219737
12265 0.012874351882548736
