285
29 0.030262128480205392
111 0.0544734761053806
116 0.06613349408199648
132 0.02765634112432077
192 0.05350004582956573
214 0.2280533220433917
215 0.15250358106496856
220 0.07432575270875492
236 0.04500762630659598
247 0.03812589526624214
280 0.1159119320806344
374 0.02778526858518986
450 0.04660103687401122
479 0.03013087381405202
485 0.03392529243345349
493 0.021302313604093223
524 0.033574634454965786
526 0.15558396790171133
547 0.02175569160071261
576 0.02559801485702834
642 0.0272367380526903
674 0.015646121678518816
678 0.034104451736521116
736 0.03584673836789147
744 0.023078055651104486
769 0.06494067176620255
846 0.03392529243345349
855 0.1767669096431394
979 0.016220844487642248
1336 0.04688537604464902
1524 0.013282288911561087
1530 0.041245906010613544
1645 0.04795319656952241
1664 0.025964376221282098
1675 0.16050013748869718
1706 0.03739663950415409
1742 0.024896555696408702
1784 0.07738063327238212
1929 0.04337977758529395
1958 0.11995745636661587
1995 0.03812589526624214
2042 0.016305189797673647
2080 0.03482308315299439
2091 0.03180695531649839
2096 0.06026174762810404
2100 0.03210998785602351
2144 0.05186132263390378
2157 0.05186132263390378
2162 0.04374451194895292
2163 0.041245906010613544
2167 0.02541885555396071
2174 0.034104451736521116
2177 0.03543762734104514
2183 0.03890123902270825
2249 0.09824572323001814
2356 0.012637931245832814
2362 0.03210998785602351
2464 0.027032196746155493
2578 0.02391425603540655
2596 0.02900877547269566
2630 0.010223864293704744
2732 0.05762929849450184
2748 0.09870605138210048
2763 0.03094032281053686
2814 0.05186132263390378
2853 0.029745328149656317
2902 0.048524099240310974
2937 0.04061642473551629
2984 0.032902017127366824
3280 0.04261088861601389
3339 0.04590307638364686
3341 0.060367759513396554
3369 0.048524099240310974
3378 0.043354885754411
3407 0.028090800451743482
3442 0.06747213823959386
3595 0.06273198143525283
3605 0.06515809201239764
3623 0.03812589526624214
3679 0.05440951326313964
3725 0.08460558537492645
3876 0.03257904600619882
3891 0.059932670240114616
3903 0.10460696642306642
3906 0.17177414030374977
3917 0.05645963344901519
3971 0.04297724998026765
3975 0.03787796371662159
4048 0.026897613985609668
4097 0.07253991884271757
4168 0.08588707015187488
4226 0.03094032281053686
4302 0.15558396790171133
4356 0.016561760695980234
4410 0.02683064426165147
4514 0.043354885754411
4600 0.07575592743324318
4624 0.00919050921863517
4658 0.04795319656952241
4699 0.024811626677166427
4772 0.020502338593202888
4827 0.015368548100637078
4861 0.012203960207006332
4941 0.03019422819407593
4972 0.01947429831159463
5001 0.016432804753174792
5051 0.027134041266768754
5064 0.06887419639288933
5066 0.08314636784098203
5134 0.07240468668312734
5146 0.08019491456990212
5174 0.11525859698900368
5224 0.016178888226941256
5312 0.02368049288562992
5351 0.03340299257590147
5389 0.019751334777880263
5401 0.027134041266768754
5425 0.0335594900229157
5461 0.034104451736521116
5471 0.2318238641612688
5472 0.1329348729865112
5473 0.023527088459384657
5515 0.036708298671134926
5581 0.05762929849450184
5590 0.05539181292414179
5802 0.022885226030266943
6008 0.028348718716970592
6013 0.042604627208186446
6057 0.0475449122453063
6079 0.03635163231219441
6281 0.025964376221282098
6352 0.047407675902201026
6360 0.06421549312805076
6361 0.0400176623608182
6403 0.038378939165156244
6409 0.020988429632027336
6507 0.03136599071762641
6621 0.03392529243345349
6629 0.05111732549550667
6630 0.03039480214321548
6638 0.022787575952611244
6657 0.020562057418110905
6664 0.03605652457555391
6775 0.041245906010613544
6778 0.016648490345304485
6781 0.08588707015187488
6869 0.036708298671134926
7016 0.0409271297943921
7025 0.04030000519078381
7096 0.08588707015187488
7102 0.026831008727243623
7220 0.020266327582937935
7229 0.1051251473146903
7231 0.0369334828661395
7282 0.03746060234639504
7484 0.029156293292945463
7537 0.04356356457175454
7542 0.014067704227313597
7628 0.06389824980363457
7758 0.04374451194895292
7773 0.2973030108350197
7833 0.018627604387275978
7835 0.021366065406170687
7844 0.040313392195991164
7861 0.025242274172192696
7872 0.05111732549550667
7893 0.060367759513396554
7971 0.039728891524585135
7977 0.05265335190524708
7986 0.027980735191087402
8098 0.018077638078065124
8156 0.021559332302815894
8224 0.05650159382671776
8324 0.00840598179497516
8327 0.027032196746155493
8352 0.027444746325644566
8385 0.02937152683712881
8403 0.04225514793117825
8473 0.02322591520238739
8475 0.04543991974563227
8483 0.026535278892070656
8708 0.023004788601832644
8719 0.03306674704099824
8721 0.05041586633488703
8726 0.08588707015187488
8741 0.04795319656952241
8754 0.02498207656027995
8779 0.08588707015187488
8785 0.06613573537399461
8837 0.02407260912670604
8873 0.024152558558011593
8890 0.014756723250728427
8912 0.05111732549550667
8927 0.039170968436499545
8942 0.024656021758396353
8985 0.03787796371662159
9000 0.02472728136713502
9001 0.08912592291009337
9002 0.07738063327238212
9135 0.062006482709058515
9160 0.06580403425473365
9338 0.05492046273328616
9341 0.01832457184775085
9434 0.030664531557006765
9445 0.007526723833380946
9503 0.041573183920491016
9568 0.023078055651104486
9575 0.014944662517899174
9578 0.021494571232733285
9600 0.05041586633488703
9618 0.026535278892070656
9652 0.0409271297943921
9658 0.020682374012230314
9675 0.0364504026209492
9796 0.048524099240310974
9814 0.06515809201239764
9849 0.16685087434112955
9870 0.040313392195991164
9931 0.05762929849450184
10048 0.08588707015187488
10094 0.05350004582956573
10167 0.025964376221282098
10188 0.0589223032143798
10318 0.03060610753966777
10325 0.027032196746155493
10364 0.02559801485702834
10392 0.026564577823122174
10460 0.022364354899143936
10483 0.04688537604464902
10567 0.04912286161500907
10576 0.03013087381405202
10591 0.130064657263233
10620 0.04975234289010632
10638 0.03739663950415409
10749 0.028490615646851535
10760 0.023835839191589932
10781 0.04590307638364686
10801 0.039728891524585135
10845 0.022859553838133633
10848 0.028427045986646714
10874 0.05041586633488703
10881 0.026535278892070656
10898 0.020502338593202888
10951 0.006862111221144302
10988 0.014534930569992147
10990 0.05186132263390378
10998 0.05111732549550667
11000 0.08588707015187488
11011 0.019751334777880263
11036 0.009793216798678473
11067 0.015251483356359057
11071 0.029249414443532733
11080 0.050604103679695395
11115 0.060367759513396554
11142 0.02949486651152011
11244 0.03428626534787241
11256 0.07240468668312734
11266 0.04590307638364686
11276 0.04660103687401122
11299 0.05186132263390378
11319 0.03846705773882152
11332 0.011643565715899131
11350 0.062006482709058515
11376 0.05539181292414179
11497 0.03935400016519941
11607 0.039446759690029636
11629 0.031212163714701646
11634 0.015566172247213267
11637 0.01925708566237323
11736 0.016956963893254667
11812 0.11462575789953873
11893 0.017518084022433662
11929 0.016432804753174792
11977 0.015726595372135214
12006 0.07792880611944306
12024 0.02368049288562992
12029 0.026633065818234096
12051 0.062411645637374606
12137 0.08738551544179904
12138 0.02515492722479726
12175 0.03039480214321548
12204 0.029379650396035416
12259 0.05350004582956573
12270 0.018627604387275978
12279 0.05762929849450184
