278
29 0.02665462925106609
73 0.03785400175019833
76 0.02185387292332464
103 0.023899436238330986
116 0.029124913784339762
215 0.0335809691592375
230 0.020925777117007778
236 0.019821170104699505
262 0.025038303963737976
335 0.024081108513643177
344 0.008982409341980324
435 0.027142156073852505
450 0.020522901444366592
455 0.03086444969735716
457 0.033148541658753215
493 0.0187628993670571
547 0.019162230908405405
640 0.04129624644824234
689 0.04567901851916418
838 0.04972917216378086
942 0.024359473577411077
952 0.03339415190955377
958 0.021415600217380454
1029 0.023989890707051036
1142 0.05461479052452221
1250 0.044405872719981185
1362 0.026889622113206123
1376 0.08881174543996237
1465 0.2078306506929265
1487 0.0335809691592375
1524 0.023397857607721326
1543 0.19019690509263534
1547 0.06815621354714624
1551 0.10898714545703636
1553 0.08771471076799653
1612 0.15180801703768823
1638 0.034031419583335866
1726 0.03233236195386951
1895 0.017446280529365567
1933 0.032137595496540154
1995 0.0335809691592375
2080 0.015335939959234017
2084 0.08170998293996841
2096 0.07961706372202555
2118 0.05075940333723487
2167 0.022388715031079223
2169 0.046376631266313036
2194 0.02464519715387947
2227 0.022951405049856186
2242 0.058251801679895555
2261 0.03474437547845949
2266 0.03373415046950078
2356 0.022262767939702513
2419 0.027626901862424388
2483 0.04273962011093968
2566 0.03925068313323599
2573 0.05461479052452221
2629 0.04129624644824234
2656 0.017799061124818452
2658 0.39684623249153317
2675 0.025550686421739577
2751 0.06815621354714624
2757 0.057139868694043514
2895 0.018819051420260288
2937 0.0357746066519135
2938 0.025656143316092526
3112 0.049877357744052504
3252 0.04972917216378086
3269 0.01945677899521416
3315 0.04567901851916418
3320 0.04792344347849082
3347 0.031391834580991665
3361 0.04071323411077875
3440 0.09275326253262607
3442 0.014857223532123867
3591 0.013502009137812368
3595 0.055253803724848775
3596 0.03450146085273051
3643 0.02957225676384772
3668 0.034263885444661746
3721 0.019162230908405405
3810 0.043821446828339466
3830 0.028147930235476817
3868 0.04567901851916418
3887 0.03686395647864781
3918 0.009806145318358972
4048 0.011845596534851701
4079 0.035247221768279
4080 0.05189827106264186
4097 0.09583882924427085
4127 0.039629993839200836
4250 0.1275468829524488
4320 0.01686707523475039
4339 0.02417310265132578
4382 0.024359473577411077
4410 0.04726441339573019
4416 0.03785400175019833
4440 0.39470084429798946
4448 0.028695350798496153
4552 0.018819051420260288
4624 0.00809492352831234
4658 0.04223677382112018
4820 0.06176703973914625
4827 0.01353648842042313
4861 0.01074914591434944
4872 0.017953850107848092
4926 0.02215624916975335
4959 0.058251801679895555
5121 0.03818662017650349
5155 0.03785400175019833
5297 0.04091438308057397
5326 0.06815621354714624
5431 0.04043104513583014
5532 0.04567901851916418
5598 0.033148541658753215
5641 0.03499287483483883
5718 0.04712239218186152
5777 0.029271980623493874
5999 0.03785400175019833
6008 0.008323104653592218
6013 0.0187628993670571
6026 0.06066381520448555
6045 0.04129624644824234
6061 0.04792344347849082
6093 0.0637734414762244
6114 0.02642463661842812
6147 0.04002310064905935
6162 0.012390716034332103
6251 0.016588710170982495
6258 0.017298543661019655
6281 0.02286920506487697
6289 0.06105326653715895
6360 0.014140117099018398
6409 0.01848643299395513
6452 0.012484303163828555
6507 0.027626901862424388
6638 0.08028442400469771
6646 0.06039811058557842
6747 0.01994541567876318
6804 0.03632904848567879
6872 0.06039811058557842
6901 0.058251801679895555
6905 0.03925068313323599
6932 0.09002971480078692
6982 0.04462133919006848
7020 0.04273962011093968
7035 0.021415600217380454
7105 0.05189827106264186
7121 0.02828220830925282
7176 0.012899480334665338
7185 0.0335809691592375
7218 0.10379654212528372
7235 0.03632904848567879
7271 0.06815621354714624
7272 0.01226718045047744
7312 0.07394573197582052
7405 0.03632904848567879
7443 0.036913474377320496
7484 0.03424082517602352
7537 0.012790140910219655
7544 0.05189827106264186
7552 0.029871103487916315
7557 0.04175628378732242
7589 0.023899436238330986
7660 0.019821170104699505
7739 0.028695350798496153
7758 0.03852979966464861
7774 0.06815621354714624
7908 0.0637734414762244
7959 0.056281043133563705
8036 0.03103740132198793
8098 0.07961316088869345
8100 0.023458181260072854
8112 0.022951405049856186
8178 0.09208266550152844
8224 0.016588710170982495
8225 0.02665462925106609
8233 0.09584688695698164
8258 0.0360482730649083
8274 0.05075940333723487
8312 0.023201823491182126
8324 0.01480783669151571
8326 0.05189563098305897
8340 0.06815621354714624
8412 0.025550686421739577
8473 0.020457191540286985
8556 0.08823228735566281
8586 0.025656143316092526
8633 0.07011615406408943
8658 0.056281043133563705
8727 0.025870194784662837
8754 0.022004003752464772
8766 0.03550769812968796
8780 0.04972917216378086
8838 0.03852979966464861
8844 0.04712239218186152
8950 0.04779887247666197
8974 0.03818662017650349
8978 0.04129624644824234
9000 0.02177958228083319
9211 0.03785400175019833
9230 0.024549114335158096
9273 0.015751731448841864
9330 0.03233236195386951
9338 0.03518071526649419
9359 0.058251801679895555
9380 0.05189827106264186
9445 0.013258950597950169
9473 0.02828220830925282
9522 0.04792344347849082
9614 0.023201823491182126
9618 0.023372051354696475
9650 0.03632904848567879
9663 0.0360482730649083
9664 0.016588710170982495
9789 0.03499287483483883
9821 0.018989279283774637
9849 0.02099440748047305
10004 0.017953850107848092
10167 0.02286920506487697
10266 0.06172889939471432
10280 0.0335809691592375
10285 0.04043104513583014
10298 0.02311770442125631
10312 0.04157961993318428
10419 0.13631242709429248
10465 0.038884232923652354
10513 0.04792344347849082
10521 0.03785400175019833
10553 0.04043104513583014
10567 0.04326700499457419
10619 0.01509393180723053
10643 0.031213165291094903
10749 0.012547147793952796
10760 0.0419888149609461
10848 0.025038303963737976
10872 0.09945834432756172
10930 0.05461479052452221
10951 0.012088180155524895
10960 0.03401798594974996
10963 0.02215624916975335
10979 0.022626290439147993
10988 0.012802245082877858
11036 0.043128916578824096
11096 0.04567901851916418
11145 0.048718947154822154
11159 0.03380384810558165
11161 0.03450146085273051
11217 0.013163133550155451
11276 0.10261450722183295
11319 0.013552584882828855
11379 0.06815621354714624
11389 0.13631242709429248
11403 0.05317141686182486
11499 0.030526633268579476
11629 0.013745706163450003
11736 0.014935551743958157
11764 0.08066886633961838
11876 0.21368643288005634
11877 0.03450146085273051
11892 0.028418175459668463
11893 0.013225527131210607
11911 0.03818662017650349
11929 0.014473876764403253
11957 0.017747953483824
11977 0.04155556037309021
12004 0.019698336442721343
12006 0.03431951979932026
12024 0.020857579755562846
12046 0.048788644790903016
12078 0.02311770442125631
12089 0.022951405049856186
12098 0.022004003752464772
12115 0.058251801679895555
12161 0.06815621354714624
12175 0.026771487102001064
12204 0.01725156663152964
12265 0.0069064139122038855
