276
29 0.02641412411278644
73 0.03751244449799962
76 0.02165668508477461
103 0.02368379124986897
116 0.028862119229926465
215 0.033277967547204794
230 0.02073696350149167
236 0.019642323375600672
262 0.024812382953906413
335 0.023863824293388288
344 0.008901360921440353
435 0.026897251973395406
450 0.020337722982370927
455 0.03058595928308545
457 0.03284944184684762
493 0.01859360143144163
547 0.0189893297980218
640 0.04092362976808094
689 0.045266856017785885
838 0.0492804650624692
942 0.024139677664814754
952 0.033092835952498484
958 0.021222366920338184
1029 0.023773429546497384
1142 0.05412200041202462
1250 0.044005197833140636
1362 0.026646996630641382
1376 0.08801039566628127
1465 0.2059553914682403
1487 0.033277967547204794
1524 0.023186738371119394
1543 0.2094230615904405
1547 0.06754123896207981
1551 0.10800375273219474
1553 0.08692325955538689
1612 0.1504382509161749
1638 0.03372435355005328
1726 0.03204062654425723
1895 0.017288862466196937
1933 0.0318476174677307
1995 0.033277967547204794
2080 0.015197563532167543
2084 0.08097271248084097
2096 0.07889867770586592
2118 0.05030140044386782
2167 0.022186701303792505
2194 0.024422823152966063
2227 0.02274431416169434
2242 0.05772619475863246
2261 0.034430876432939926
2266 0.03342976670010023
2356 0.022061890634998988
2419 0.027377623893105232
2483 0.04235397984755503
2566 0.03889652360298658
2573 0.05412200041202462
2629 0.04092362976808094
2656 0.017638459916797477
2658 0.4235166736814892
2675 0.025320142176943724
2751 0.06754123896207981
2757 0.05662429476157201
2895 0.01864924682378703
2937 0.03545181181433855
2938 0.02542464753208298
3112 0.049427313561923154
3252 0.0492804650624692
3269 0.019281220172818105
3315 0.045266856017785885
3320 0.04749102949546119
3347 0.031108585564633605
3361 0.040345877960093104
3440 0.04595817419416288
3442 0.014723166570896307
3591 0.013380180297345086
3595 0.054755247786210465
3596 0.03419015362969329
3643 0.029305425826705866
3668 0.03395472186826209
3721 0.0189893297980218
3810 0.043426045225496215
3830 0.027893951018966103
3868 0.045266856017785885
3887 0.036531332420480594
3918 0.009717664315169329
4048 0.011738713531310936
4079 0.0349291855327904
4080 0.051429992147905265
4097 0.06331604932205329
4127 0.03927241178249534
4250 0.1263960254247497
4320 0.016714883350050114
4339 0.02395498836652203
4382 0.024139677664814754
4410 0.046837945851485804
4440 0.3911394523820547
4448 0.028436432197649384
4552 0.01864924682378703
4624 0.00802188290620494
4658 0.04185567074770457
4820 0.06120971476967611
4827 0.013414348472847436
4861 0.0053260781009873024
4872 0.017791852236402648
4926 0.021956332985583697
4959 0.05772619475863246
5121 0.03784206170302125
5155 0.03751244449799962
5297 0.0405452119595753
5326 0.06754123896207981
5431 0.040066235180696554
5532 0.045266856017785885
5556 0.0318476174677307
5598 0.03284944184684762
5641 0.034677133575724564
5718 0.046697206097259976
5777 0.029007859082681553
5999 0.03751244449799962
6008 0.008248005149608377
6013 0.01859360143144163
6026 0.060116444647315165
6045 0.04092362976808094
6061 0.04749102949546119
6093 0.06319801271237485
6114 0.026186206707284245
6147 0.03966197158343569
6162 0.012278914408987728
6251 0.01643902997862365
6258 0.01714245862993397
6281 0.022662855868470347
6289 0.06050238195449845
6360 0.014012530600397193
6409 0.0183196296187654
6452 0.01237165710034517
6507 0.027377623893105232
6638 0.07956001638622823
6646 0.059853137485356686
6747 0.01976544787989859
6804 0.036001250910731586
6872 0.059853137485356686
6901 0.05772619475863246
6905 0.03889652360298658
6932 0.08921737527043781
6982 0.04421872014588494
7020 0.04235397984755503
7105 0.051429992147905265
7121 0.028027017499573908
7176 0.012783088121050128
7185 0.033277967547204794
7218 0.10285998429581053
7235 0.036001250910731586
7271 0.06754123896207981
7272 0.012156493488646017
7312 0.0732785184750616
7405 0.036001250910731586
7443 0.03658040351837599
7484 0.03393186967278989
7537 0.012674735267948134
7544 0.051429992147905265
7552 0.02960157605209052
7557 0.04137951618302672
7589 0.02368379124986897
7660 0.019642323375600672
7739 0.028436432197649384
7758 0.038182144677256016
7774 0.06754123896207981
7908 0.06319801271237485
7959 0.055773218397610215
8036 0.030757350362491383
8098 0.06311584807028821
8100 0.023246517722208513
8112 0.02274431416169434
8178 0.09125180216476984
8224 0.01643902997862365
8225 0.02641412411278644
8233 0.09498205899092238
8258 0.03572300893099161
8274 0.05030140044386782
8312 0.022992473073491976
8324 0.01467422534852646
8326 0.05142737588980191
8340 0.06754123896207981
8412 0.025320142176943724
8473 0.02027260597978765
8556 0.08743616604137536
8586 0.02542464753208298
8633 0.06948349490496243
8658 0.055773218397610215
8727 0.025636767610891214
8754 0.021805461281085965
8766 0.0351873116119002
8780 0.0492804650624692
8838 0.038182144677256016
8844 0.046697206097259976
8950 0.04736758249973794
8974 0.03784206170302125
8978 0.04092362976808094
9000 0.021583064767916917
9211 0.03751244449799962
9230 0.024327607291026766
9273 0.015609603328635648
9330 0.03204062654425723
9338 0.034863279120215515
9359 0.05772619475863246
9380 0.051429992147905265
9445 0.013139314878504718
9473 0.028027017499573908
9522 0.04749102949546119
9614 0.022992473073491976
9618 0.02316116496832081
9650 0.036001250910731586
9663 0.03572300893099161
9664 0.01643902997862365
9789 0.034677133575724564
9821 0.018817938718615868
9849 0.02080497461210972
10004 0.017791852236402648
10167 0.022662855868470347
10266 0.0611719185661709
10280 0.033277967547204794
10285 0.040066235180696554
10298 0.02290911301125499
10312 0.04120444636961855
10419 0.13508247792415962
10465 0.03853337987939824
10513 0.04749102949546119
10521 0.03751244449799962
10553 0.040066235180696554
10567 0.042876606129103184
10619 0.014957739023519745
10643 0.030931528410545153
10749 0.012433934682384974
10760 0.04160994922421944
10848 0.024812382953906413
10872 0.0985609301249384
10930 0.05412200041202462
10951 0.0119791083161656
10960 0.03371104112835416
10963 0.021956332985583697
10979 0.022422133065223716
10988 0.012686730224466373
11036 0.042739763687296754
11096 0.045266856017785885
11145 0.04827935532962951
11159 0.033498835453316306
11161 0.03419015362969329
11217 0.013044362389436829
11276 0.10168861491185463
11319 0.013430299696620117
11379 0.06754123896207981
11389 0.13508247792415962
11403 0.05269165033255052
11499 0.030251190977249227
11629 0.013621678440893712
11736 0.01480078802604526
11764 0.07994098989192415
11876 0.2117583368407446
11877 0.03419015362969329
11892 0.02816175781625631
11893 0.013106192992230382
11911 0.03784206170302125
11929 0.014343278747080381
11957 0.01758781342085024
11977 0.041180603899313
12004 0.019520598043683345
12006 0.03400985423326492
12024 0.020669381485909934
12046 0.04834842408284558
12078 0.02290911301125499
12089 0.04548862832338868
12098 0.021805461281085965
12115 0.05772619475863246
12161 0.06754123896207981
12175 0.02652992755349745
12204 0.017095905474918703
12265 0.006844097231025336
