122
84 0.05673351726812466
104 0.055929867324225106
119 0.04992806256613341
178 0.16939361510331089
236 0.048995897809596275
374 0.030247411204012704
456 0.0381112895679805
522 0.07715574049555882
524 0.07309958305928131
674 0.13626060146431146
677 0.0609203974775705
696 0.09439340513092263
878 0.09199902682545918
913 0.07058719098642684
952 0.027515638511013053
979 0.07063290416499031
1073 0.270677829131678
1122 0.061645854158248255
1205 0.23112473688829807
1227 0.11648171625038418
1524 0.028918551080886826
1905 0.057144592243208434
2042 0.03550009092462674
2080 0.03790886930931394
2110 0.07128123900432137
2266 0.04169367853579253
2373 0.05223558963053025
2434 0.08712751400187617
2456 0.06264482457695114
2483 0.10564795359281405
2489 0.11291384472186053
2630 0.06677900408359803
2646 0.11291384472186053
2670 0.07024681254448079
2768 0.06531898917033424
2936 0.07163514280537826
2950 0.1020800820642904
2968 0.1350021558413221
3152 0.12089495269350246
3270 0.04708129662374354
3286 0.08843115529693552
3351 0.1020800820642904
3400 0.05952602826391754
3449 0.08469680755165544
3484 0.07464896468049757
3520 0.06706217327038194
3826 0.0750507669342136
3903 0.05693826421907196
3918 0.02423978460335458
4048 0.05856219731222578
4101 0.0820111773459593
4105 0.03711418333307471
4297 0.06264482457695114
4624 0.010004909999628421
4772 0.04463823440620302
4861 0.026570785275438154
5005 0.07045020760172123
5112 0.06503920288241459
5146 0.05820083041556879
5224 0.035225103800860615
5393 0.11291384472186053
5425 0.07306661020085702
5433 0.0555369286786026
5461 0.07425311527215603
5766 0.08910763057736472
5802 0.12456580005910523
5942 0.26705451992718093
6186 0.06860707441093827
6360 0.034952917952859354
6410 0.07383830148386746
6558 0.09357120652515151
6563 0.17425502800375234
6666 0.1729930494126182
6778 0.036247533966173404
6868 0.07992227975779663
6932 0.13352652793673184
7205 0.04809516039254357
7262 0.026840871683306882
7353 0.10976675899765816
7484 0.12695970740215795
7542 0.030628578101043722
7605 0.06860707441093827
7952 0.021869597649795285
8208 0.09891583061968136
8222 0.0609203974775705
8305 0.13912096124616619
8811 0.07804646785485543
8986 0.048995897809596275
9040 0.1020800820642904
9268 0.08910763057736472
9338 0.054351947972819524
9434 0.13352725996359047
9445 0.016387382408004934
9546 0.05439163851392019
9575 0.09761374472911254
9658 0.04503021228713752
9675 0.039680390824630894
9898 0.06234303057098402
10192 0.07199379713473514
10297 0.1439924740697492
10318 0.01665910691610179
10321 0.06290051405305908
10657 0.09124631940672025
10759 0.11463827182124117
10788 0.09051423672567305
10898 0.08927646881240604
11011 0.04300312901586291
11088 0.13912096124616619
11194 0.07309958305928131
11276 0.10146101129379775
11319 0.01675029931299378
11332 0.07605203865708948
11497 0.028560857032805642
11637 0.04192703675581333
11877 0.08528406957273313
11893 0.010897381812408763
11945 0.061645854158248255
11953 0.07093196152936952
12180 0.054767973557111306
12204 0.021322050899847258
12270 0.12166954037246874
12271 0.17143377672962531
