116
104 0.04629927830907757
159 0.056793591404565955
230 0.04281958552506553
374 0.025039095861704656
619 0.06576188359645667
826 0.060203177853865676
938 0.02497652572072977
942 0.04984582203858805
965 0.04324359589121078
979 0.05847059262192875
1543 0.08648719178242156
1556 0.13049705711046147
1612 0.4348941912945098
1664 0.04679634484732514
1716 0.11175607389498547
1742 0.04487178108768941
1854 0.07679883471614107
1895 0.0356996300325823
1958 0.030886112392161078
1971 0.031887877411635714
2169 0.09489865622521153
2243 0.051857984051668554
2356 0.022777708337626858
2379 0.10175882733774465
2419 0.05653183059706741
2616 0.10175882733774465
2656 0.03642151093545691
2757 0.038974346978126635
2841 0.05206964624186109
3054 0.08745638493691849
3429 0.06826854753185232
3434 0.07813976223764711
3471 0.0818976791943275
3680 0.03519805456962552
3683 0.059007290393615734
4000 0.10880255576999964
4019 0.12413395253617591
4286 0.09213023148231733
4453 0.40902925571302645
4502 0.107221727325551
4791 0.05705848714653001
4861 0.04399109961147385
4965 0.06498571518350756
5425 0.06048523772065349
5556 0.06576188359645667
5563 0.09489865622521153
5622 0.04629927830907757
5802 0.020623351781960723
6008 0.01703123805418435
6010 0.04254136135239718
6057 0.02856385598232947
6068 0.03816574669707297
6149 0.09489865622521153
6162 0.025354629459264307
6202 0.11175607389498547
6233 0.08967008392596826
6279 0.06351060001028444
6289 0.06246543565513996
6368 0.0964246771288092
6436 0.03652658728549229
6463 0.08745638493691849
6646 0.12359025174121469
6772 0.04581313719959472
6825 0.0737641475823229
6872 0.24718050348242937
7021 0.09983426357810893
7150 0.04226659347008425
7262 0.022219129913533767
7312 0.03782805265543442
7394 0.12165255248711854
7537 0.013085978349106644
7756 0.07956725945903527
7952 0.018103861792228008
8094 0.12413395253617591
8100 0.09600308682555732
8171 0.03461080246230221
8201 0.054305743744302894
8324 0.015150343667242184
8586 0.05249914575807407
8623 0.10880255576999964
8890 0.026596468336936192
8950 0.04890446592668273
9175 0.2075144101372692
9232 0.06280836547147084
9445 0.01356563165914884
9568 0.04159424595648994
9614 0.1899078748211783
9656 0.038974346978126635
9860 0.09347115900382337
9898 0.02580407804567692
9944 0.09086597138621821
10110 0.09930863683466257
10135 0.06576188359645667
10141 0.048179203244108175
10183 0.06351060001028444
10266 0.0631566959788515
10318 0.041371703405875836
10844 0.060203177853865676
11036 0.01765059736347271
11067 0.027488188758889264
11080 0.030401745662373896
11087 0.07212498817074223
11226 0.09983426357810893
11332 0.04197106927198904
11497 0.023642950211950366
11826 0.0749285495851787
11893 0.03608382694335195
11957 0.03631693140217078
11977 0.028344496861263193
11995 0.0691714700457564
12024 0.04268003597645634
12089 0.0469645474076074
12103 0.0788419967764607
12129 0.059007290393615734
12204 0.01765059736347271
12329 0.1151656603442852
