87
116 0.08656490913970459
119 0.0600332024642379
178 0.20367786509192776
201 0.07184716322703458
337 0.07157373875515985
394 0.18954707326495107
493 0.11153397334896442
594 0.05800732228331298
635 0.11778805050891042
674 0.20479866069233643
965 0.06281135544453721
1073 0.24409604664689138
1184 0.11322053639666894
1205 0.04631716584145519
2042 0.08537019209003194
2768 0.07853916014521845
2805 0.15425175683991113
3055 0.08975746664461669
3270 0.05661026819833447
3332 0.057127070465937624
3616 0.10114799878688858
3652 0.10400563081644662
3803 0.1459294861862098
3975 0.09916011645962587
4101 0.09860974692176559
4105 0.04462587105954805
4350 0.09173514824738467
4624 0.012029843674558706
4772 0.0536727448657583
4827 0.040233076700630484
4941 0.0395224939562846
4988 0.08099817709696298
5224 0.042354453179508346
5425 0.1757097062500055
5433 0.06677726938008621
5802 0.029955433921205192
5942 0.24082856273277006
6055 0.0581863042589079
6186 0.16498546816774098
6214 0.05185373938041902
6244 0.14500934267639695
6258 0.05141463666994766
6792 0.13784036929690702
7188 0.07441870982631707
7193 0.10026445715583968
7262 0.0645466057068106
7482 0.06896033263005158
7483 0.10615037068810158
7605 0.08249273408387049
7949 0.22484238968999098
8218 0.17313568572194696
8224 0.049304873460882796
8659 0.10183893254596388
8776 0.06846222681479334
8777 0.10047161208784283
8873 0.06322859743274434
8942 0.0322733028534053
9267 0.05510794445651758
9341 0.1439148122182496
9434 0.08027618757759003
9445 0.05911227045845521
9470 0.07887913349261153
9575 0.039123393401277136
9653 0.11451805941258124
9671 0.0656256341975958
9776 0.11153397334896442
9888 0.10114799878688858
10578 0.0687103143914067
10653 0.0656256341975958
10759 0.13784036929690702
10898 0.0536727448657583
10963 0.06585268236184866
11067 0.03992661477562391
11094 0.10553578579206686
11204 0.11155036498854715
11278 0.22484238968999098
11319 0.020140459258990537
11332 0.030481504788157712
11637 0.05041281709966843
11818 0.0927715988240637
11893 0.0065514732101600815
12051 0.054462150219576747
12205 0.15378250233069762
12270 0.048764908119798785
12271 0.1374206287828134
12274 0.08975746664461669
12286 0.159842374969176
