167
29 0.16284080735809192
79 0.03582819647913449
116 0.08896624354073533
119 0.12339708004184678
129 0.05306584928243508
236 0.030273309302381743
344 0.027438062925044065
374 0.0373782000498849
394 0.1948051612381186
414 0.20819296970795248
450 0.03134507902035009
516 0.07451597087342764
524 0.04516635854757904
594 0.05961646136628471
635 0.06052776172185513
641 0.044042850367203006
674 0.04209596637955415
678 0.04587909653242677
769 0.052416957853951465
938 0.018642397874444962
958 0.03270851750186021
979 0.06546339133396091
1162 0.10466397255948945
1184 0.14545163154134616
1205 0.07140302515163464
1622 0.05907069028947032
1664 0.03492864017470232
1958 0.02305329421904354
2030 0.0490844568490393
2042 0.1754767694226695
2078 0.06608264889860788
2130 0.05423168876598174
2266 0.051522910394384405
2269 0.06175122499581104
2356 0.05100362311148077
2362 0.04319603915297623
2413 0.07319452986862687
2450 0.03480404185352939
2458 0.054639344025792055
2525 0.05030792012299522
2541 0.03720476007000803
2578 0.06434142203052491
2630 0.0137536782731215
2656 0.02718489775716481
2705 0.03227687986470322
2828 0.0259782092848466
2864 0.07451597087342764
3214 0.08896925864423953
3221 0.11097231048003767
3231 0.23107957945358412
3520 0.04143599780115793
3687 0.0573224014052426
3701 0.06527716235975402
3759 0.027029149439846273
3803 0.037494402572710354
3887 0.02815156599465961
3891 0.026874856735568244
3897 0.04822291185499355
3933 0.0519564185696932
4001 0.05306584928243508
4048 0.01809204027191933
4101 0.025336302109361896
4105 0.02293190250158884
4596 0.04053363118108506
4708 0.039678040812601206
4759 0.08595927574624347
4772 0.02758082078917492
4803 0.04662399878607436
4941 0.02030942940734458
5005 0.021764688683041055
5110 0.058847410947255735
5310 0.04071020183952298
5337 0.035960801201624086
5425 0.022572992731790212
5687 0.05423168876598174
5802 0.04617960885226616
5833 0.04968485753077794
6008 0.038136182708186785
6013 0.05731397823115484
6079 0.024451060829933993
6155 0.041251535555958174
6198 0.04001497493963235
6410 0.022811396862961693
6502 0.11011464152178821
6514 0.14166409907301353
6657 0.02766115768342922
6664 0.04850512726038621
6778 0.022396422073352296
6791 0.028742751382164335
6867 0.03238373589594563
7188 0.03824155265796211
7193 0.15456873118315323
7205 0.029716766741765082
7374 0.04612368173469122
7389 0.05306584928243508
7399 0.06608264889860788
7484 0.039222574367977305
7536 0.034314844604446795
7733 0.06608264889860788
7951 0.03582819647913449
7984 0.04612368173469122
8098 0.0243189865320036
8208 0.09167633421746735
8324 0.01130816742638031
8332 0.11368768076986852
8455 0.07969129667073135
8566 0.4448462932211977
8708 0.030947247741306538
8725 0.05684384038493426
8776 0.14072277565303412
8777 0.05162936112779599
8823 0.0362292493796521
8873 0.032491288062592896
8890 0.05955455338378683
8905 0.04319603915297623
9044 0.06976657023552875
9112 0.051976936053900885
9338 0.06044881572355927
9341 0.07395352435629945
9434 0.041251535555958174
9473 0.04319603915297623
9546 0.0672143983398031
9568 0.0310458104172926
9575 0.02010434355022935
9625 0.033839726946168124
9658 0.02782301387389676
9671 0.03372305367476321
9776 0.20059892380904193
9865 0.03480404185352939
9898 0.019260080248530417
9923 0.1850956200627702
10173 0.06527716235975402
10218 0.029445376534113075
10228 0.05781524992033397
10270 0.06527716235975402
10318 0.020586470252365482
10325 0.03636512832934141
10348 0.06052776172185513
10392 0.017868031418682283
10578 0.035308178710388
10792 0.20819296970795248
10816 0.03664028801875315
10898 0.05516164157834984
10951 0.009231271787137162
10963 0.033839726946168124
11011 0.053141062165105044
11095 0.051976936053900885
11125 0.044261518453954256
11244 0.04612368173469122
11257 0.04637194504751814
11276 0.09403523706105027
11318 0.06527716235975402
11319 0.02069916114121765
11332 0.06265414023816032
11497 0.03529404287090681
11637 0.10362256503788098
11768 0.038864615250179396
11818 0.04767255425246792
11893 0.010099819319830465
11953 0.04382704076876146
12004 0.060171405494521574
12006 0.052416957853951465
12007 0.04662399878607436
12098 0.03360719916990155
12200 0.04794543979087512
12204 0.013174348684468403
12270 0.025058830045243466
