175
119 0.04056670941849336
178 0.06881642515310894
188 0.06131043652058718
210 0.03616357602029836
236 0.03980932259302794
262 0.05028754177526627
343 0.04121869697036712
344 0.018040490509323725
362 0.06834953503428626
403 0.10423375632416726
435 0.02725648489233547
485 0.0600139585832028
493 0.03768386577271744
496 0.03734900740467345
547 0.03848589300254968
593 0.05008745230560516
594 0.03919774542452314
628 0.03734900740467345
674 0.027678042871531815
711 0.03163616251378696
769 0.06892816255106059
858 0.08294039090807687
958 0.04301161500929173
1059 0.07240023287133031
1073 0.10996329795361959
1122 0.05008745230560516
1178 0.09709970061685175
1184 0.07650740609657941
1186 0.10423375632416726
1205 0.06259652760979297
1208 0.06416168252042656
1211 0.12183868946397958
1274 0.0747495015066755
1308 0.04969272227164511
1413 0.04043862908369311
1465 0.052176519943391154
1553 0.04404209235217415
1587 0.052176519943391154
1710 0.06454593244132822
2042 0.20190755643147876
2162 0.07738419155845239
2266 0.06775249247892276
2419 0.055486545076691395
2644 0.041086723592648026
2658 0.06131043652058718
2825 0.10194642654333028
2833 0.07738419155845239
2853 0.05261958743963372
2976 0.07354310483454954
3081 0.13688660545697787
3133 0.06615478344823818
3269 0.039077470580714396
3285 0.04659910949898817
3400 0.04836508703338563
3441 0.07602690250629558
3591 0.054235530453748904
3609 0.046096162979618764
3680 0.03454723508618669
3697 0.07602690250629558
3803 0.04930504136633821
3887 0.03701923568997294
3891 0.03534036635180398
3894 0.09625061543423473
4080 0.10423375632416726
4339 0.048549850308425874
4431 0.03626870723678607
4440 0.0609789865132973
4446 0.045604604912934346
4453 0.05735231687833203
4530 0.08918584033116898
4624 0.008129021152693533
4658 0.08482936907620174
4782 0.06533545776826455
4941 0.026706846578338887
5005 0.02862050872158331
5040 0.05735231687833203
5224 0.02862050872158331
5312 0.041890873072228156
5425 0.029683426432643534
5598 0.19972902428230355
5802 0.04048404327956042
5942 0.10849132283504281
6023 0.19972902428230355
6062 0.11699434253632855
6186 0.05574346587142208
6222 0.06700624762968271
6279 0.06233627556545412
6289 0.06131043652058718
6562 0.08918584033116898
6563 0.07079138186442037
6620 0.058495188841551256
6638 0.04031129995752212
6664 0.06378411554671595
6732 0.045767224053677925
6762 0.18928352885464955
6778 0.02945123647838355
7042 0.031893083308517645
7201 0.1219579730265946
7205 0.039077470580714396
7231 0.06533545776826455
7374 0.06065252090593263
7396 0.056266612963365395
7484 0.05157758275937784
7507 0.031551193505989894
7537 0.012844015838007901
7698 0.08205416362268099
7951 0.09422796941806685
8100 0.04711398470903343
8208 0.040184713279454984
8312 0.04659910949898817
8326 0.03474281797459757
8352 0.048549850308425874
8385 0.05195833163668444
8539 0.11699434253632855
8556 0.03544157657604212
8776 0.1850500821103556
8942 0.021808293495737395
9010 0.07883203153971424
9011 0.12183868946397958
9330 0.06493710615555245
9341 0.06483246080092192
9445 0.03994440077029104
9546 0.04419337905345863
9658 0.03658719051006118
9664 0.03331717104038735
9776 0.07536773154543489
9789 0.07028054526545154
9802 0.08801206508333098
9870 0.07131452895636367
9923 0.08113341883698671
10266 0.0619889152945142
10298 0.04643016270254711
10318 0.013535577282654629
10346 0.11303622289407342
10392 0.04699282921095906
10428 0.05152842543443623
10476 0.11046525854490653
10565 0.09987728506920002
10578 0.04643016270254711
10653 0.13303718227346475
10760 0.04216568121987273
10794 0.06065252090593263
10898 0.14507482894714427
10925 0.048549850308425874
10951 0.012139098267963347
11067 0.1348996316356534
11087 0.07079138186442037
11094 0.07131452895636367
11101 0.20442746982095963
11145 0.04892416223245966
11162 0.09625061543423473
11189 0.058790561476552
11219 0.056266612963365395
11233 0.07959384843432651
11318 0.08583929785741863
11319 0.04082901418433493
11332 0.12358504593682651
11499 0.06131043652058718
11632 0.15193452144997613
11637 0.06813170106885999
11736 0.029996927241904888
11768 0.05110686745523991
11892 0.057075758313127244
11893 0.0044270786676411196
11929 0.029069687926710615
11945 0.05008745230560516
11957 0.07129084729827205
11960 0.052176519943391154
11977 0.027820401111337864
12129 0.05791623309733442
12215 0.09464176442732478
12265 0.02774202107540702
12270 0.06590459200286201
12274 0.06065252090593263
12275 0.08217344718529605
