120
8 0.07833755786221873
36 0.08163124608288727
220 0.07635883580982387
362 0.07938836690809643
413 0.12403808017802714
444 0.11600802476389505
493 0.043770020688205694
674 0.09644460441527287
711 0.03674557955586409
842 0.12740517679999144
858 0.09633572754530605
937 0.05936091215579996
958 0.04995823120017655
979 0.03332908866142338
1184 0.04443188986827177
1186 0.12106809047232195
1205 0.07270621663433714
1211 0.14151631869793949
1308 0.11543674924444036
1336 0.09633572754530605
1632 0.047118459693309786
1664 0.05334919509134929
1710 0.07497046124025443
1731 0.15899455721785183
1971 0.03635310831716857
2042 0.10050718077385218
2177 0.07281395395289017
2181 0.05639092245009478
2393 0.10222650544249903
2450 0.05315888650472633
2458 0.08345486710950017
2630 0.04201409855902954
2652 0.27177916533847435
2829 0.09336573783960087
2832 0.06328838223996318
2895 0.04390101198556904
2976 0.08542072725494128
3286 0.08345486710950017
3520 0.06328838223996318
3591 0.06299487171284482
3713 0.11841134414932483
3830 0.06566338520687977
3918 0.04575147742994526
4410 0.027564561207678317
4624 0.028325710491665393
4851 0.12403808017802714
4981 0.14877044310504306
5005 0.06648576164697113
5425 0.17238732842455254
5777 0.06828556570124805
5998 0.05682568784167152
6062 0.13588958266923717
6125 0.05888059728991153
6146 0.080484877403795
6149 0.10818723003651608
6162 0.028905015507177594
6180 0.048815573723980966
6186 0.06474634712744567
6214 0.08139723448533775
6251 0.03869808035368878
6409 0.043125080978540536
6410 0.03484159862684114
6548 0.0828322239182148
6554 0.07121241464701
6664 0.07408560665981101
6666 0.12244365603773996
6867 0.09892433461242002
6869 0.07542481169536809
6993 0.2975408862100861
7042 0.03704399449472458
7272 0.028616832164333382
7484 0.019969216870703355
7537 0.014918396173575679
7542 0.028905015507177594
7758 0.08988217095035268
8208 0.046674769043062614
8222 0.05749222272034209
8403 0.17364392746292895
8539 0.13588958266923717
8635 0.12106809047232195
8776 0.05373417612709767
8886 0.15899455721785183
8942 0.05066090953831849
8943 0.09244869976016677
9112 0.07938836690809643
9116 0.12740517679999144
9338 0.010258679941437582
9341 0.07530326553116275
9445 0.04639564472070193
9582 0.10519285939475027
9658 0.042496226241950645
9776 0.17508008275282277
9870 0.0828322239182148
9923 0.09423691938661957
10105 0.05749222272034209
10140 0.062179818317631606
10348 0.09244869976016677
10392 0.054582433744102314
10578 0.05392889345016619
10778 0.11600802476389505
10951 0.02819926095318976
10997 0.06934372521155213
11036 0.020122194699071356
11067 0.06267467040813726
11094 0.0828322239182148
11101 0.05936091215579996
11103 0.04093102227986385
11189 0.06828556570124805
11300 0.04524977025785192
11319 0.03161541876313563
11332 0.04784824050017372
11637 0.11870302730985983
11752 0.12740517679999144
11893 0.015426229838494029
11945 0.05817685576258121
11965 0.05704591428986562
12204 0.020122194699071356
12270 0.0765485519137335
12271 0.16178668035049856
12274 0.07044824198388126
