191
76 0.0285473634763138
104 0.029556360081036712
230 0.05467001363826653
310 0.06779387859605553
337 0.03145676558399902
348 0.19763713531911353
374 0.015984364344768628
404 0.04745605300753829
435 0.0177276814432311
496 0.024291881660687523
620 0.09881856765955677
769 0.02988735862307426
781 0.08903136794682381
826 0.03843227945785663
846 0.03903321885095518
938 0.0159444210522484
943 0.04861725038958692
979 0.03732623817910577
1057 0.03766885329480532
1226 0.07134242437285511
1524 0.015282122945396895
1543 0.08281705491134231
1553 0.028645079745123668
1611 0.07924416823409085
1612 0.23796525162556134
1615 0.07351902341507319
1632 0.026384682566804468
1692 0.07134242437285511
1716 0.07134242437285511
1729 0.07251136083127713
1854 0.049026552801131815
1952 0.05517321980267752
1980 0.05517321980267752
2186 0.04708928058142999
2356 0.014540748237013814
2419 0.03608857853059659
2609 0.05127253745958199
2617 0.07924416823409085
2656 0.04650125579571816
2748 0.037855875161269766
2757 0.04976059564120348
2783 0.049026552801131815
2804 0.05800667888332256
2950 0.053944623989607254
3269 0.025416078147954515
3280 0.049026552801131815
3330 0.03766885329480532
3361 0.0177276814432311
3434 0.04988256909589194
3456 0.08498866870314388
3535 0.09881856765955677
3591 0.01763745784877575
3596 0.04506870461278733
3605 0.07496855245741764
3680 0.022469602399998147
3715 0.052814425400447645
3749 0.03923935308839885
3777 0.09881856765955677
3975 0.08716203996057484
4081 0.019874141851829986
4095 0.05966976880862491
4356 0.019055364992694238
4416 0.04944807498365986
4453 0.18651040434348515
4622 0.24991866938341845
4624 0.015861403039622506
4634 0.17806273589364763
4699 0.0570947269526276
4712 0.035760192927831363
4772 0.02358925190798739
4792 0.09881856765955677
4861 0.04212431039845877
4907 0.06291353116799804
4972 0.022406425809190285
5005 0.0372296914560777
5051 0.03121945000633906
5176 0.06155522466012214
5252 0.07424441306373246
5358 0.32480209757705236
5425 0.07722467956085755
5622 0.029556360081036712
5659 0.052814425400447645
5761 0.05517321980267752
5777 0.03823751851501881
5802 0.013165458158470063
5976 0.08330622312780615
6010 0.027157395112623748
6034 0.029767109433569593
6162 0.06474317400946177
6214 0.02278979626764331
6277 0.03712220653186623
6285 0.12520325022636122
6289 0.07975290225982486
6368 0.06155522466012214
6409 0.02414853073917627
6452 0.016308044867686992
6584 0.019874141851829986
6616 0.033935730451909236
6646 0.03944854127729591
6778 0.01915515300158408
6872 0.07889708255459182
7150 0.05396397963964264
7201 0.07932175054185377
7262 0.014184165032286915
7272 0.016024420951745652
7320 0.07351902341507319
7416 0.07609339367628858
7461 0.04475836366997284
7535 0.07924416823409085
7537 0.008353777903769491
7542 0.01618579350236544
7554 0.02663758385568386
7558 0.037855875161269766
7788 0.05966976880862491
7833 0.021432250293606094
7835 0.02458302485140836
7836 0.06496041951541047
8052 0.0877325621723069
8068 0.2588401247369459
8100 0.24514436567801748
8171 0.06628414378991758
8258 0.04708928058142999
8327 0.031102271371264187
8380 0.033935730451909236
8582 0.0855165324641971
8586 0.03351420826938119
8595 0.06779387859605553
8603 0.03843227945785663
8621 0.051768024947389184
8680 0.05881375251386478
8786 0.03642478356841682
8830 0.06260162511318061
8858 0.05724325272027125
8890 0.01697855395936601
8898 0.052281534064304906
8936 0.045386020089944544
8950 0.03121945000633906
9033 0.06155522466012214
9151 0.07025096365295792
9175 0.04415742427687429
9227 0.06945696852135788
9232 0.04009536938315898
9445 0.008659977189447962
9614 0.12123267868170405
9675 0.020969259815516735
9795 0.13427509100991852
9813 0.04445469724606766
9860 0.05966976880862491
9875 0.05724325272027125
9922 0.036595936506273775
9936 0.06260162511318061
9944 0.11601335776664512
10004 0.09381130504899503
10110 0.09509441410234817
10141 0.0307564595282497
10237 0.04275826623209855
10266 0.08063547061870774
10312 0.027157395112623748
10318 0.00880357108280724
10420 0.05162324132895723
10515 0.04673179453808968
10567 0.05651899425082264
10628 0.0331049058578363
10749 0.016390137799451795
10848 0.06541426927767795
10938 0.05127253745958199
10951 0.03158119147829607
11049 0.04124396529673198
11087 0.04604288012837153
11101 0.03324002597498173
11125 0.037855875161269766
11153 0.04445469724606766
11163 0.041730908188520634
11300 0.05067656422749199
11317 0.06155522466012214
11332 0.013396667093899658
11458 0.06779387859605553
11510 0.05033085895371562
11634 0.01790987680324289
11875 0.025260912361315998
11893 0.014396911533910756
11957 0.02318386680663262
11995 0.04415742427687429
12024 0.027245921700347932
12138 0.028942352714317048
12166 0.06155522466012214
12177 0.017326139375102072
12201 0.052814425400447645
12216 0.10788924797921451
12256 0.05517321980267752
12265 0.009021737655439824
