126
2 0.24083163211314323
8 0.11865916824980252
230 0.03697087025556939
335 0.04254559023017518
456 0.027239635440043652
619 0.11355897243719223
769 0.020211475805484862
826 0.0519800425463093
913 0.05045143764493427
931 0.05020815580442552
938 0.021564989023900152
958 0.037836271152788176
1023 0.04551645496356948
1376 0.1569092272880431
1543 0.0373369651638117
1612 0.10728346135530625
1709 0.06521732809516542
1736 0.09179683004046846
1905 0.0408434843774673
1971 0.027532321110884495
1974 0.0674666738611471
1977 0.13365310160542773
2074 0.06575531764922898
2261 0.06138504633507203
2278 0.13708112044378423
2419 0.14643049076856812
2483 0.07551074165888946
2656 0.031446706893469366
2658 0.05393329918412991
2685 0.12041581605657162
2730 0.07218105117355669
2757 0.23555596240096027
2895 0.033248787106015955
3361 0.047953733094444034
3442 0.07874753905092065
3559 0.058565587599183185
3599 0.047298849197446646
3933 0.03005084441718994
3993 0.06227345611003335
4356 0.02577257183357657
4431 0.06380939851134065
4439 0.0964913428651645
4453 0.20180575057973707
4467 0.1126725003991527
4555 0.07954618880545822
4624 0.0071509021103629555
4662 0.07462233188392817
4676 0.03614299101057374
4861 0.028486775669224668
5005 0.02517676511999443
5184 0.06469407985114774
5224 0.02517676511999443
5241 0.06869918963436107
5243 0.07071129798660267
5616 0.20583415277898442
5622 0.03997527277066714
6008 0.014704945988428083
6079 0.028284283061196087
6147 0.14142259597320533
6150 0.04011726127765258
6162 0.02189144767802055
6251 0.029308304681319054
6258 0.030562411600095905
6277 0.05020815580442552
6584 0.08063992718638939
6646 0.05335454682650871
6823 0.08619792930144045
6872 0.10670909365301742
7020 0.07551074165888946
7171 0.13365310160542773
7220 0.12614972357639131
7258 0.0964913428651645
7259 0.03887584022742197
7262 0.03836845028516377
7272 0.021673189688503656
7312 0.09798338841413433
7474 0.08967979084063608
7537 0.033895704625315014
7542 0.02189144767802055
7558 0.05120044996728168
7677 0.09943521485029658
7989 0.08967979084063608
8045 0.11029247590569016
8100 0.08289005191524236
8112 0.04054967294818376
8171 0.029883322586713862
8515 0.03395805463521222
8586 0.13598490615098116
8723 0.04477471644295395
8890 0.04592732825802954
8950 0.12667385560994646
9017 0.04688813732042187
9224 0.08325405731630836
9273 0.05565912476649535
9276 0.13365310160542773
9549 0.20279143477008418
9582 0.03983433215888984
9614 0.3689289248709137
9692 0.07954618880545822
9726 0.08466932440006542
9789 0.06182408558374232
9979 0.08967979084063608
10110 0.04287204888429557
10318 0.023813835968047443
10635 0.13365310160542773
10654 0.07218105117355669
10726 0.07845461364402155
10749 0.06650347615391407
10951 0.032035408122976616
11025 0.07462233188392817
11036 0.015239707182038306
11159 0.059723358203728205
11300 0.03427028011094606
11332 0.018119126300672514
11736 0.05277513400182651
11818 0.05514623795284508
11886 0.06575531764922898
11893 0.0038943933829828983
11957 0.031356411849528636
11977 0.02447292992370812
12021 0.05672226746635768
12064 0.03579888501232109
12105 0.11275495917872448
12204 0.015239707182038306
12265 0.02440398091326515
12286 0.09501513131960439
