136
111 0.03485299995389057
159 0.08064554118948103
230 0.030401393561990474
252 0.0926513496860994
262 0.03637615600462774
337 0.03498552303404014
958 0.03111301850031025
1465 0.22645543952671973
1543 0.21491705095285432
1553 0.0318584278653463
1612 0.1323298603255328
1906 0.16353248271885393
2080 0.022280364726086566
2169 0.06737691084650632
2177 0.04534711982374998
2202 0.043641145738559754
2362 0.04108896605388004
2392 0.043641145738559754
2506 0.10990383820016279
2610 0.0926513496860994
2627 0.1376118940821377
2656 0.051717674260205064
2658 0.2217485608614139
2757 0.02767132018617989
2797 0.06962415101187583
2814 0.0663634048934731
2822 0.03525397216593843
3112 0.03623141865007971
3239 0.02135972652922268
3295 0.057575259108803914
3308 0.04878711332413472
3451 0.10990383820016279
3595 0.04013692355231155
3661 0.08326522342296572
3798 0.06846036743547633
3887 0.026778351955411492
4009 0.09901872987349038
4013 0.050477333629235246
4079 0.05120787892141294
4080 0.07539886117203598
4339 0.03511917398374904
4410 0.0171666746841189
4440 0.3528796275347541
4453 0.20743277085570005
4517 0.32971151460048836
4624 0.035281407423347816
4658 0.12272488391181535
4712 0.07954340061043974
4782 0.047261264331300165
4861 0.031233154550976843
4872 0.02608371770518615
4907 0.03498552303404014
5181 0.032526779445332187
5752 0.10003280076335444
5842 0.023384999864190188
6119 0.07050794433187686
6209 0.030008775817236762
6258 0.050263350407235306
6289 0.08869942434456556
6360 0.02054304901252617
6638 0.05831942004870068
6747 0.028977104573800448
6872 0.08774760048554664
6923 0.036088003116314604
6961 0.12732937410495426
7042 0.023070282080677105
7201 0.08821990688368853
7272 0.017822008649217982
7356 0.05012442233244292
7482 0.033708079913455834
7537 0.009290888107779475
7616 0.061362441955907676
7695 0.09901872987349038
7837 0.04560669419316148
7861 0.03230082026921085
7966 0.11515051821760783
8171 0.024573255771866753
8225 0.038724386175937424
8312 0.033708079913455834
8324 0.010756562791987343
8326 0.025131675203617653
8329 0.042313265665871014
8376 0.044840498734021954
8515 0.027923935152950375
8556 0.05127426289165601
8633 0.033955390407349524
8692 0.07724851322014553
8774 0.040322770594740515
8870 0.07088113303275455
8981 0.046412198538413746
9273 0.022884435038248142
9338 0.006388907115782379
9445 0.03852574488329548
9473 0.04108896605388004
9779 0.21980767640032559
9821 0.02758801021995855
9849 0.030501101146485122
9875 0.06366468705247713
9939 0.07724851322014553
10072 0.08813362154681795
10098 0.08176624135942696
10105 0.03580504245545906
10106 0.04846985219430425
10266 0.08968099746804391
10285 0.058739042685203406
10312 0.030203857727207618
10318 0.01958227638355993
10420 0.0287071169758904
10490 0.03822580805273728
10509 0.05277957872580472
10567 0.06285918270722489
10909 0.037902004997462296
10925 0.03511917398374904
10963 0.032189048325461336
11067 0.0390325704706361
11080 0.021584875788027636
11087 0.15362363676423882
11101 0.22181295619115146
11145 0.0707798748929499
11159 0.0491109163794097
11319 0.00984473514415597
11499 0.04434971217228278
11547 0.09901872987349038
11549 0.10990383820016279
11634 0.019918971191221217
11736 0.06509601781018191
11764 0.03906578857386181
11780 0.04534711982374998
11892 0.041286501888662896
11893 0.0064047713836781674
11957 0.02578458691233478
11977 0.02012425374578745
12021 0.06996464912995068
12051 0.026621311728709917
12159 0.051586304264113966
12175 0.03889415963272317
