399
29 0.054011144010519166
36 0.07090720280684296
51 0.05142771669626142
72 0.05038392119362232
84 0.02325359005588041
104 0.022924194889782167
119 0.10232105773649243
129 0.03520183023081384
150 0.030761353282923575
177 0.045616507619024804
178 0.06943002784544594
189 0.03402310615893927
192 0.047742819573318364
203 0.056502819362811985
215 0.03402310615893927
236 0.02008214150904206
338 0.03652289531960771
343 0.041586224103306216
344 0.009100674407462029
362 0.03447948734692003
374 0.012397625500031073
403 0.052581579091916936
444 0.05038392119362232
455 0.0312708201961336
456 0.015620824281463847
485 0.09082361092449816
522 0.03162412708280376
524 0.11984645546884468
547 0.019414526523855332
590 0.03680736751284301
594 0.11864175813760909
674 0.09773692095322091
678 0.030434416656216316
711 0.031918246833780056
769 0.034771380775795474
858 0.04183996507699871
878 0.037708003281882334
887 0.019297396384111546
913 0.02893184983820347
938 0.012366645101234917
952 0.03383382921793823
979 0.028950586478652583
992 0.039037094434554075
1073 0.16641568103640356
1122 0.20213623131677624
1160 0.05038392119362232
1161 0.07664462395050595
1184 0.11578437830466927
1186 0.10516315818383387
1205 0.09473200573787303
1232 0.03316371926605104
1254 0.04015177409191412
1266 0.0690535784691017
1308 0.02506790408946768
1421 0.061462532987697466
1487 0.03402310615893927
1524 0.011852960370267696
1622 0.03918520930701853
1632 0.040928423094596975
1664 0.023170307801519335
1669 0.07664462395050595
1698 0.022141607495854827
1731 0.0690535784691017
1736 0.026320876335033317
1905 0.04684415794825396
1958 0.015292662990101
2030 0.032560728610509876
2042 0.11640449611560463
2049 0.027862555922017238
2086 0.023593200638025065
2091 0.056768315066114704
2105 0.024872335255495853
2110 0.029216322031438764
2167 0.022683491493428472
2176 0.05387148750629322
2261 0.03520183023081384
2266 0.0170891521498827
2330 0.04139290040482539
2356 0.045111772290584315
2428 0.03380185492342115
2434 0.035711297144023865
2450 0.023087654098463913
2456 0.02567648085258783
2464 0.0241232184367387
2479 0.0570220560398072
2489 0.04628044202488897
2541 0.024680197631286944
2630 0.018247315520865965
2646 0.04628044202488897
2656 0.018033408842596303
2670 0.028792337586293088
2678 0.03520183023081384
2681 0.03424891959559447
2705 0.021411232661713804
2768 0.08031765366422093
2781 0.019773626356268177
2792 0.061462532987697466
2806 0.05730916050409739
2809 0.037708003281882334
2828 0.01723293842106503
2832 0.05497407390118014
2838 0.046987239748371164
2902 0.043302342625428106
2936 0.029361377975530897
2937 0.036245625733452934
2938 0.025993939708326055
2968 0.11066773010944522
3000 0.05142771669626142
3025 0.03835239876432782
3035 0.0570220560398072
3055 0.09178999503445905
3119 0.052581579091916936
3152 0.02477584508354851
3270 0.019297396384111546
3285 0.023507305580676242
3286 0.036245625733452934
3332 0.019473564745921903
3347 0.03180514878556268
3400 0.048796335061058835
3432 0.047742819573318364
3449 0.03471501392272297
3520 0.02748703695059007
3609 0.02325359005588041
3661 0.019355804862141182
3765 0.03942590543626956
3803 0.09948934102198341
3826 0.030761353282923575
3867 0.03402310615893927
3878 0.027005572005259583
3891 0.017827739630581204
3903 0.0233375104946577
3918 0.039741023744067336
3926 0.07664462395050595
3932 0.05533386505472261
3933 0.01723293842106503
3977 0.06804621231787854
4001 0.03520183023081384
4033 0.02546984144534964
4048 0.03600467751631505
4075 0.07664462395050595
4081 0.01541457404867786
4099 0.03424891959559447
4101 0.050421366147375524
4105 0.030424272847648755
4116 0.052581579091916936
4146 0.04139290040482539
4198 0.028251409681405992
4350 0.09381246058840081
4356 0.01477952290440268
4381 0.020529206181215374
4410 0.023943355340305388
4446 0.023005619530082105
4552 0.019066828632785984
4570 0.028654580252048693
4624 0.012302255538528938
4683 0.03680736751284301
4708 0.026320876335033317
4772 0.01829604885582044
4803 0.030928555976061943
4846 0.0690535784691017
4861 0.016336008536306797
4931 0.022843371174812076
4941 0.013472489289240209
4943 0.0690535784691017
4972 0.01737863764770139
4995 0.030274536974832716
5001 0.014664444118678259
5013 0.023855003471745594
5035 0.029073162297838986
5040 0.02893184983820347
5051 0.02421410330415844
5057 0.04139290040482539
5112 0.026657874114190225
5146 0.023855003471745594
5224 0.02887570391907498
5297 0.02072653699148755
5310 0.054011144010519166
5312 0.04226439367351306
5368 0.025167013939377803
5393 0.04628044202488897
5425 0.10481834703175553
5433 0.02276313958028609
5461 0.030434416656216316
5465 0.08461211880825442
5473 0.02099530050834388
5622 0.022924194889782167
5628 0.039037094434554075
5687 0.035975203014461596
5752 0.02325359005588041
5766 0.03652289531960771
5777 0.029657384202134776
5802 0.04084501986178999
5807 0.024680197631286944
5942 0.16418803102603452
5978 0.043302342625428106
5999 0.03835239876432782
6008 0.008432689118003985
6013 0.019009937264996234
6055 0.01983463801084233
6062 0.05901876217766567
6155 0.027364671837672418
6180 0.021201292104888844
6186 0.05624050332523924
6251 0.03361424409825035
6289 0.030928555976061943
6303 0.03316371926605104
6314 0.0690535784691017
6360 0.042978870223648345
6410 0.015132197647941773
6452 0.012648675201992442
6473 0.04383667121485718
6502 0.03652289531960771
6507 0.027990645846184534
6563 0.035711297144023865
6584 0.01541457404867786
6588 0.0690535784691017
6616 0.026320876335033317
6618 0.042792875712218084
6630 0.027123968441318733
6638 0.020335368135658248
6657 0.018349341241621322
6664 0.03217642378729085
6666 0.05317900661631223
6699 0.11606818963045418
6778 0.02971383887244257
6867 0.04296423363286948
6868 0.03275805942078205
6923 0.025167013939377803
6932 0.07297205818215285
7016 0.03652289531960771
7086 0.06461310152121144
7176 0.026138637437195016
7188 0.07610389709944186
7193 0.0170891521498827
7205 0.05913885815440434
7208 0.024680197631286944
7230 0.028251409681405992
7234 0.06461310152121144
7262 0.011001373736734273
7312 0.018729830853629073
7353 0.0449905336105127
7374 0.06119333002297269
7465 0.052581579091916936
7483 0.012061567890310392
7484 0.07805621258043396
7486 0.05038392119362232
7496 0.03424891959559447
7499 0.061462532987697466
7537 0.006479269849430343
7542 0.012553855876592112
7547 0.03380185492342115
7554 0.020660364200001752
7605 0.02812025166261962
7833 0.01662305782275419
7855 0.05533386505472261
7952 0.008963778079049379
7988 0.03180514878556268
8052 0.03402310615893927
8098 0.016132274275470815
8128 0.04139290040482539
8134 0.06461310152121144
8156 0.0192392977668391
8161 0.0690535784691017
8208 0.060814531321838984
8222 0.024969683129105632
8224 0.016807122049125173
8239 0.03380185492342115
8305 0.0570220560398072
8324 0.0075014005306199855
8343 0.046987239748371164
8473 0.02072653699148755
8483 0.023679774714729356
8515 0.019473564745921903
8539 0.05901876217766567
8543 0.039037094434554075
8625 0.02724365885311888
8708 0.020529206181215374
8725 0.037708003281882334
8776 0.07001253148397309
8786 0.028251409681405992
8811 0.03198921301193366
8837 0.04296423363286948
8858 0.04439841299424725
8868 0.02578128130468949
8890 0.026337456902273387
8927 0.034955717319076665
8986 0.02008214150904206
9000 0.022066338720730532
9010 0.0397674692686951
9040 0.04183996507699871
9268 0.03652289531960771
9338 0.06683234062108397
9341 0.0654105404150514
9434 0.21891737470137934
9445 0.006716760936991865
9473 0.028654580252048693
9534 0.026210809442016907
9546 0.022293714992018595
9568 0.020594588845095674
9575 0.040009329811558345
9578 0.019181505740002734
9580 0.027123968441318733
9584 0.023087654098463913
9618 0.023679774714729356
9653 0.039037094434554075
9658 0.03691342074582352
9671 0.022370568385806925
9674 0.07664462395050595
9776 0.0570298117949887
9780 0.048554417748902214
9802 0.04439841299424725
9865 0.023087654098463913
9898 0.02555278335534092
9921 0.028654580252048693
9923 0.040928423094596975
9929 0.04139290040482539
9966 0.037399488129108455
9973 0.05038392119362232
9998 0.08192674453499593
10004 0.01819023582328524
10081 0.026544385392159513
10094 0.047742819573318364
10106 0.03380185492342115
10167 0.023170307801519335
10173 0.043302342625428106
10181 0.03520183023081384
10216 0.029216322031438764
10229 0.047742819573318364
10298 0.02342207897412698
10318 0.03414066865388604
10321 0.05156256260937898
10325 0.0482464368734774
10348 0.04015177409191412
10392 0.011852960370267696
10464 0.03835239876432782
10468 0.046987239748371164
10493 0.040550056662622444
10578 0.02342207897412698
10653 0.04474113677161385
10657 0.037399488129108455
10683 0.047742819573318364
10749 0.012712347263155933
10759 0.046987239748371164
10778 0.05038392119362232
10788 0.03709942651876218
10801 0.03545360140342148
10816 0.02430574872324147
10898 0.05488814656746133
10951 0.030618341801689167
10988 0.012970803238646071
11011 0.03525172354568055
11036 0.01747870587442792
11088 0.0570220560398072
11104 0.043302342625428106
11111 0.05038392119362232
11177 0.040550056662622444
11187 0.03275805942078205
11189 0.05931476840426955
11191 0.05533386505472261
11217 0.013336443270519447
11276 0.14555178436157176
11311 0.07664462395050595
11318 0.043302342625428106
11319 0.02746204446989174
11332 0.10390582821838304
11497 0.0468254036108292
11634 0.0138910713350305
11637 0.017184799602144262
11698 0.04230605940412721
11736 0.015132197647941773
11750 0.032560728610509876
11768 0.07734384391406847
11818 0.09487238124841128
11828 0.021411232661713804
11893 0.011166381953306697
11908 0.026320876335033317
11917 0.030274536974832716
11929 0.014664444118678259
11953 0.05814632459567797
11957 0.03596325660648509
11965 0.04955169016709702
11977 0.028068462137260553
12004 0.01995769058263916
12006 0.034771380775795474
12007 0.030928555976061943
12015 0.06461310152121144
12021 0.016263957990341353
12030 0.0241232184367387
12098 0.022293714992018595
12150 0.05901876217766567
12177 0.013438319016055132
12180 0.022447964917625532
12193 0.033372326786093726
12204 0.03495741174885584
12205 0.026210809442016907
12216 0.04183996507699871
12270 0.06649223129101677
12271 0.25764286871539677
12286 0.02724365885311888
