284
70 0.03461253031847841
103 0.021662560278187897
132 0.022079540264186747
159 0.05031420234956185
193 0.027821385577341352
201 0.021910612789071273
210 0.016320670531735595
247 0.030437946793290236
335 0.021827228874366496
344 0.008141697648161573
347 0.025274438515430642
352 0.02415988005264733
393 0.05279970425327103
435 0.012300888317332006
455 0.027975680905383125
456 0.013974791605604425
493 0.017006779343211507
547 0.03473747062302052
594 0.035379990535306056
619 0.02912966618531579
682 0.028785857195422256
696 0.03461253031847841
733 0.05780454427249183
819 0.035244849760462035
885 0.1371365080483275
942 0.06623862079256024
952 0.010089538256129045
959 0.03492358980431926
978 0.04080970224521334
1033 0.03319010219597392
1106 0.028785857195422256
1113 0.02912966618531579
1174 0.027975680905383125
1458 0.030846237154914583
1487 0.030437946793290236
1492 0.03461253031847841
1504 0.05780454427249183
1533 0.06856825402416375
1543 0.03831008006685308
1582 0.035244849760462035
1592 0.03873939065705506
1611 0.05498596454188962
1612 0.3302387842454733
1615 0.05101339953135475
1622 0.01752804859143637
1664 0.02072875394598571
1716 0.049503100408727
1818 0.05416876056681506
1822 0.1371365080483275
1854 0.03401855750407627
1895 0.03162677979754305
1931 0.05498596454188962
1971 0.028249897161074306
1980 0.03828360843879471
2167 0.06087970662681139
2196 0.031948245915917994
2312 0.11560908854498365
2356 0.010089538256129045
2371 0.06746910127566855
2380 0.05780454427249183
2419 0.25041152474320616
2595 0.05780454427249183
2596 0.02315926113237321
2656 0.01613315187297728
2757 0.0345278953452809
2781 0.035379990535306056
2782 0.0392174147709969
2806 0.02563512528872276
2851 0.028785857195422256
2895 0.034115351651338825
2901 0.025157101174780924
2936 0.02626744473070638
2950 0.03743111004908062
3011 0.061777109283026696
3054 0.03873939065705506
3148 0.03557700193655933
3306 0.044222254790217685
3361 0.02460177663466401
3380 0.049503100408727
3429 0.060480019482482494
3456 0.11794392011204353
3539 0.030846237154914583
3591 0.024476567891203956
3661 0.017316201400981363
3669 0.048194819800752554
3680 0.0155912136926833
3683 0.026137673948235754
3725 0.02251505866790199
3791 0.026137673948235754
3814 0.04058647108454092
3867 0.030437946793290236
3892 0.03171770467125118
3903 0.020878337780385357
3915 0.03461253031847841
3918 0.017776671544655315
3975 0.060480019482482494
3977 0.030437946793290236
4000 0.048194819800752554
4028 0.061777109283026696
4289 0.024481140008790092
4320 0.015288395523049676
4448 0.02600959956449502
4453 0.20706542239684914
4620 0.12355421856605339
4621 0.06856825402416375
4622 0.11560908854498365
4712 0.024813292184887384
4717 0.03828360843879471
4790 0.025041152474320618
4791 0.025274438515430642
4803 0.027669482521522425
4861 0.019486151805971907
4866 0.1371365080483275
4884 0.05101339953135475
4885 0.06856825402416375
4907 0.021827228874366496
5051 0.021662560278187897
5112 0.02384882056680648
5128 0.03492358980431926
5181 0.02029323554227046
5202 0.05498596454188962
5358 0.13522425953979533
5425 0.04018851090292618
5433 0.04072898154308838
5459 0.061777109283026696
5563 0.1261079835047973
5577 0.09201711902426793
5622 0.04101714999651046
5681 0.028453705019324965
5718 0.042711955667589924
5756 0.05498596454188962
5802 0.00913525161045148
5807 0.022079540264186747
5833 0.05897196005602177
5991 0.05780454427249183
6034 0.04130961963014625
6079 0.014510728763758708
6143 0.03971996343050989
6161 0.05498596454188962
6162 0.011231002702613254
6210 0.1020267990627095
6277 0.025758366546899735
6289 0.08300844756456728
6294 0.030240009741241247
6360 0.012816667972562711
6368 0.042711955667589924
6437 0.024701318956520574
6452 0.02263166102502962
6459 0.042035994501599096
6463 0.03873939065705506
6570 0.02600959956449502
6646 0.027372564319118043
6664 0.028785857195422256
6666 0.031716872377765
6772 0.06087970662681139
6828 0.02216510893770089
6872 0.054745128638236086
6905 0.03557700193655933
6923 0.02251505866790199
6932 0.06528268212694238
6952 0.013681210064887416
7021 0.044222254790217685
7042 0.014393391423108987
7125 0.10997192908377924
7150 0.018722270276338944
7176 0.02338429806631302
7235 0.03292881868937282
7262 0.009842112207143
7272 0.011119029474246441
7312 0.08378094467725421
7379 0.025883177799606142
7483 0.010790589194704247
7484 0.03879505419885496
7487 0.06856825402416375
7592 0.05101339953135475
7660 0.017966000866941556
7739 0.10403839825798009
7823 0.03063996530794355
7844 0.0321843429026333
7986 0.02233852144417872
8068 0.2873664874116229
8069 0.046008559512133965
8092 0.0158584361888825
8100 0.3189390706722839
8201 0.024055092413777512
8321 0.028291758343108302
8327 0.021581252335699803
8350 0.042035994501599096
8360 0.042035994501599096
8361 0.03242627002985983
8376 0.027975680905383125
8380 0.07064200102976373
8586 0.02325484775240433
8595 0.047040834520819884
8621 0.07184162185290573
8633 0.021184536164246055
8680 0.04080970224521334
8714 0.031056945293942397
8774 0.025157101174780924
8811 0.05723674723100713
8838 0.03492358980431926
8877 0.046008559512133965
8890 0.02356216707895565
8896 0.029485980028010884
8903 0.04140367505961549
8942 0.029526336621429002
8950 0.043325120556375794
8961 0.02216510893770089
8969 0.023547333676587907
9033 0.042711955667589924
9045 0.040249689779682817
9151 0.024372878676978387
9175 0.1225598612317742
9184 0.047040834520819884
9227 0.048194819800752554
9324 0.047040834520819884
9332 0.031948245915917994
9338 0.059789932711982116
9444 0.023351376127695465
9546 0.03988906289636634
9549 0.02600959956449502
9568 0.0184244494482174
9613 0.028618373615503564
9614 0.04206048167240856
9658 0.016511848321122565
9675 0.029100311161816123
9725 0.061777109283026696
9765 0.042711955667589924
9789 0.03171770467125118
9804 0.023747290633981646
9813 0.030846237154914583
9821 0.01721197115371119
9860 0.04140367505961549
9888 0.030846237154914583
10004 0.016273453327866873
10110 0.08797884981714076
10135 0.02912966618531579
10141 0.021341300322045127
10216 0.026137673948235754
10220 0.07184162185290573
10266 0.08392704271614938
10276 0.026943405896697203
10318 0.012217248491302747
10515 0.03242627002985983
10619 0.013681210064887416
10749 0.03411837953356042
10881 0.021184536164246055
10886 0.061777109283026696
10951 0.005478391386753058
10960 0.015417030423443787
10979 0.02050857499825523
10988 0.01160401454822532
11036 0.01563690031521781
11103 0.015903690545736746
11160 0.042035994501599096
11187 0.02930620340903906
11249 0.027821385577341352
11276 0.07440821368143666
11317 0.08542391133517985
11319 0.018426189054535656
11332 0.00929568292809424
11385 0.036277124769147955
11542 0.05780454427249183
11552 0.04507475317993178
11588 0.07115400387311865
11736 0.04061296091443902
11826 0.03319010219597392
11893 0.0319671449801715
11945 0.022604534639908597
11993 0.03242627002985983
11995 0.09191989592383065
12021 0.029100311161816123
12089 0.02080326039508021
12098 0.01994453144818317
12105 0.019282282741869466
12125 0.05780454427249183
12129 0.026137673948235754
12137 0.02325484775240433
12162 0.040249689779682817
12175 0.024265800552805333
12177 0.012022266200244512
12180 0.02008252740324265
12216 0.03743111004908062
12265 0.012520011450251698
