23
975 0.1925872218315364
1468 0.201065371033558
1553 0.16324512243893183
1971 0.11600922286118619
2096 0.1975662113645883
2406 0.3778716222245052
3361 0.30308425253219484
3730 0.32209545997760647
4451 0.09132139213981476
7561 0.2835800982353791
7835 0.1400959235406079
8633 0.17399012556231333
9278 0.28427521138298023
9338 0.03273726904463245
9445 0.049352246500568644
9473 0.21054313548380893
10508 0.24217048358415452
10597 0.136409722130869
10619 0.22472953276660645
11875 0.14395912903835253
11945 0.1856526756017993
12105 0.15836678081477815
12304 0.17209667366910794
