118
73 0.11274115289705801
119 0.060156831835969655
236 0.059033694353353636
344 0.026752447249592574
373 0.06910234608673074
403 0.15456941518569067
485 0.0889953773932365
587 0.05621718076645706
674 0.08208816512055844
711 0.04691362290799211
1122 0.07427524905598681
1133 0.10497734017126033
1205 0.09282509818805512
1211 0.18067596948985568
1374 0.07227146107987531
1726 0.09629596856414592
1814 0.05522143099847986
1958 0.13486346449655048
1995 0.10001471451807993
2030 0.09571589264271782
2042 0.12831899878464212
2450 0.06786873375884728
2455 0.08304816911247094
2705 0.0629407060054348
2828 0.05065814415764692
2832 0.08080121023397144
2841 0.07578695130166269
2853 0.07803018086157874
2938 0.07641208439298668
3080 0.10497734017126033
3285 0.06910234608673074
3609 0.06835652100942242
3680 0.05123048532326903
3803 0.14623000606444028
3891 0.10481325728025935
3975 0.0993643218392415
4033 0.07487143910604142
4101 0.04940640944895396
4145 0.1065480586436111
4146 0.12167904651986647
4289 0.08044150433944611
4297 0.07547887868626572
4320 0.050235468379699416
4552 0.05604906893464824
4570 0.0842333339629861
4708 0.07737315106435054
4820 0.061320573336681714
4931 0.0671506368644442
5036 0.20299069417048066
5425 0.1320536655169183
5461 0.08946536154506918
5628 0.11475389217105438
5700 0.15282416878597335
5802 0.030017122642173176
5928 0.1583612448092307
6008 0.024788830003262173
6055 0.05830613022093628
6289 0.09091793917791807
6563 0.10497734017126033
6638 0.05977808225994518
6657 0.10787986948060609
6664 0.18917237152100058
6698 0.08383341152027572
6732 0.06786873375884728
6737 0.18993741701839817
6775 0.10819936124473516
6982 0.06644820879568748
7035 0.06378240996613543
7176 0.03841871975122097
7188 0.07457196399173323
7374 0.08994230867792515
7484 0.025494993448554448
7833 0.04886533213027863
7911 0.07340116796209284
8054 0.1583612448092307
8092 0.052108540004541536
8321 0.09296264801028697
8324 0.044102406702723085
8338 0.1272920648518853
8369 0.09458618576050029
8556 0.052556714425416436
8823 0.070647923329662
8986 0.11806738870670727
9330 0.09629596856414592
9338 0.013097407854860759
9341 0.0961407887851803
9445 0.01974466776963953
9568 0.060540090441398256
9625 0.06598829607914279
9658 0.16276667482383728
9675 0.04780971812917944
9692 0.13409481090631917
9760 0.16762269233777316
9870 0.10575312090592262
10269 0.10421981480574924
10298 0.06885181297304177
10325 0.07091289060842536
10420 0.05885025600726555
10848 0.07457196399173323
10898 0.05378327582953331
10925 0.07199512167812268
10951 0.01800120600398707
11103 0.10451447862221648
11332 0.06108855374626516
11637 0.050516634731402686
11877 0.10275622902007109
11893 0.013129929972209537
11953 0.08546380256325264
11957 0.052859001553757556
11977 0.041255187202860186
12006 0.0340714503984906
12098 0.06553486122219751
12177 0.039503437273333934
12186 0.04833319864903702
12205 0.0770495971586165
12270 0.1465959963908359
12271 0.06885181297304177
12274 0.08994230867792515
