44
76 0.08008860451053926
319 0.10782038181889045
1215 0.1199567825820485
1471 0.11921633115595595
1481 0.12732885179771136
1552 0.12643863460563326
1688 0.30605124407980244
2768 0.0968392320616664
2812 0.13313625491563916
2837 0.18601964939257556
2869 0.21347728721293333
3318 0.14972262653860283
3443 0.21347728721293333
3551 0.13754223576768373
4081 0.05575619226897154
4624 0.02966573162005182
4787 0.10727398697798055
4820 0.07545323178812068
4861 0.05908912111236743
5297 0.07497014046044637
5368 0.09103182894373862
6041 0.3234611454566714
6436 0.06541698840586913
6666 0.06411808522265185
6952 0.0553152266996175
6994 0.10414501920487304
7188 0.09175869333559818
7483 0.04362800400670701
7837 0.11504268526856776
8198 0.5624306048255862
8828 0.08996594406724419
8905 0.10364673593150225
9291 0.08472020923163111
9445 0.048590510908052956
9567 0.10124521291371101
9671 0.08091678097275808
9876 0.16059389273599692
9923 0.07402128077369406
10023 0.14816897651012118
11116 0.11248612096511725
11217 0.04823936703194812
11219 0.102668587520371
11332 0.03758386912097519
11977 0.05076334145456584
