252
79 0.05993616339925883
84 0.02932066957919146
104 0.028905332127944564
119 0.025803516082252346
132 0.062238984875637546
172 0.07189964473664257
178 0.08754497264458236
186 0.05062774816010151
192 0.060199368532955856
203 0.03562246717277968
236 0.02532176039115669
262 0.03198670563956263
313 0.03545708879798872
347 0.03562246717277968
373 0.029640581861629264
374 0.046896846462773846
456 0.019696443697973815
457 0.04234762250490004
493 0.02396980801367318
522 0.03987515814534482
524 0.07555775930931269
571 0.029111439375725072
586 0.07441731021428294
674 0.15844808492939616
694 0.04835889895005166
696 0.09756764521467591
740 0.051129946385271324
857 0.08707030409875535
952 0.014220464090548668
979 0.03650406574746171
1073 0.20983509147356758
1178 0.030881401552705436
1205 0.159264631519372
1524 0.014945508788823954
1542 0.042900053340010715
1562 0.154997367451802
1632 0.05160703216450469
1665 0.05672898537452977
1759 0.02396980801367318
1794 0.06977098890581021
1876 0.05275640399093386
1905 0.029533118834888808
1958 0.09641331025470873
2030 0.16422451114898864
2042 0.055040819932578845
2129 0.03250785915836798
2130 0.045361470555580596
2161 0.04347550865606239
2176 0.06792706335304666
2266 0.043095744129928844
2287 0.030190811193467806
2370 0.12969137968285716
2428 0.04262107558410183
2434 0.04502870917084307
2455 0.03562246717277968
2489 0.05835544298019231
2630 0.011504105555504646
2646 0.05835544298019231
2662 0.04347550865606239
2677 0.025400894872740252
2705 0.02699762387866408
2715 0.046779014505720994
2828 0.021729173521523603
2844 0.0496750304793158
2901 0.03545708879798872
2950 0.05275640399093386
2976 0.046779014505720994
3178 0.055274069468574244
3272 0.06792706335304666
3300 0.03562246717277968
3400 0.030763878041253526
3449 0.04377248632229118
3472 0.028803420748449788
3520 0.03465866243459774
3548 0.037207394132866646
3605 0.03665862274636496
3609 0.05864133915838292
3624 0.04570244909571989
3630 0.051129946385271324
3652 0.044703778197001595
3661 0.024405915707567588
3670 0.030763878041253526
3676 0.07189964473664257
3730 0.11054813893714849
3737 0.031119492437818773
3753 0.0496750304793158
3765 0.024856246785536204
3889 0.045361470555580596
3891 0.1123958196983742
3933 0.043458347043047206
3977 0.042900053340010715
4048 0.015132878410377684
4101 0.04238451533679836
4397 0.05598237494152456
4431 0.02306965942966712
4451 0.031342912895785426
4547 0.03250785915836798
4624 0.04136541140324759
4708 0.033188239587938866
4712 0.034972515245594596
4719 0.059246650852170145
4773 0.08707030409875535
4861 0.006866075408641065
4907 0.030763878041253526
5005 0.0546144684397017
5013 0.06015799478056429
5183 0.04605206091481823
5224 0.0182048228132339
5247 0.033470064252268346
5253 0.04347550865606239
5368 0.031733323681983346
5389 0.022224614257326757
5425 0.05664275823529578
5461 0.03837504112130413
5700 0.06555200426409137
5766 0.04605206091481823
5802 0.05150186824680022
5842 0.020563170746845886
5845 0.026908820169109532
5942 0.20702622670321802
6023 0.04234762250490004
6074 0.030078997390282147
6084 0.038579621592672544
6142 0.08147126510949691
6186 0.07091417759597744
6235 0.08707030409875535
6251 0.06357677300519754
6281 0.029215658204342965
6410 0.03816065959502187
6452 0.031897666151411964
6558 0.04835889895005166
6584 0.019436380846963853
6664 0.08114310846970609
6666 0.04470260514038269
6778 0.1123993735265715
6779 0.06792706335304666
6791 0.02404154287237082
6868 0.041304944054837686
6869 0.041304944054837686
7102 0.030190811193467806
7176 0.016479226427070982
7188 0.03198670563956263
7205 0.024856246785536204
7216 0.06792706335304666
7255 0.059246650852170145
7256 0.03987515814534482
7259 0.028110354117485775
7277 0.04057155423485304
7353 0.05672898537452977
7374 0.038579621592672544
7392 0.06484568984142858
7397 0.05598237494152456
7483 0.015208543965422833
7484 0.010935756644573452
7537 0.00816977206156273
7554 0.026050846799925333
7577 0.077498683725901
7589 0.09159536920082131
7605 0.03545708879798872
7733 0.055274069468574244
7767 0.06792706335304666
7781 0.06792706335304666
7901 0.04377248632229118
7952 0.033907535301699744
7980 0.13585412670609331
8019 0.077498683725901
8043 0.0496750304793158
8052 0.042900053340010715
8103 0.05598237494152456
8156 0.02425901081947183
8208 0.051121074902585814
8224 0.02119225766839918
8252 0.01656266431987055
8324 0.009458586214469697
8338 0.05460032954369741
8437 0.04835889895005166
8476 0.047946661494158486
8495 0.043184783618079516
8512 0.047157365001675416
8527 0.077498683725901
8556 0.06763062404637939
8577 0.04407599149005735
8708 0.02588546842513437
8774 0.03545708879798872
8875 0.077498683725901
8986 0.07596528117347007
8988 0.06870356942226306
9010 0.4011453968616591
9017 0.033903888283208033
9112 0.04347550865606239
9330 0.041304944054837686
9338 0.06741561958719536
9388 0.042079479531222326
9434 0.138017484468812
9445 0.016938453598149363
9470 0.033903888283208033
9505 0.07441731021428294
9546 0.05622070823497155
9568 0.02596791003863296
9575 0.01681604627744983
9582 0.028803420748449788
9626 0.0337577606841978
9658 0.046544478083815795
9669 0.04835889895005166
9675 0.020507377017427803
9776 0.02396980801367318
9821 0.02425901081947183
9828 0.07441731021428294
9898 0.016109871976545596
9929 0.05219269595695617
10132 0.04262107558410183
10192 0.037207394132866646
10318 0.04304828899140717
10321 0.03250785915836798
10325 0.030417192152719204
10523 0.077498683725901
10565 0.1270591166243289
10653 0.028207259281801997
10788 0.046779014505720994
10794 0.07715924318534509
10897 0.03250785915836798
10898 0.13841795657800274
10951 0.02316417243632578
10985 0.032375715286370656
10988 0.016355007335345787
11104 0.05460032954369741
11163 0.040811715579411774
11219 0.03578985018272625
11244 0.038579621592672544
11257 0.038787278577197305
11276 0.05243645961974381
11319 0.017313574590757354
11332 0.09171108265242284
11497 0.07380323768749673
11637 0.04333694966740616
11656 0.04605206091481823
11736 0.019080329797510936
11801 0.077498683725901
11893 0.0197117138818408
11957 0.022673203608914748
11991 0.03702203659484339
12004 0.025164839051995087
12021 0.020507377017427803
12051 0.023408962230559754
12064 0.02588546842513437
12078 0.059066237669777616
12098 0.028110354117485775
12177 0.03388900471906937
12204 0.011019532003110528
12265 0.008823018889561622
12270 0.020960169360752755
12271 0.029533118834888808
