122
344 0.020475643276399075
373 0.05288917962657486
374 0.02789346655505916
674 0.06282819551203105
696 0.0870474260186685
744 0.04633584674455854
938 0.027823763633505288
958 0.04881743571312041
1033 0.08347014618326502
1122 0.056848388102484514
1484 0.13278654601395903
1622 0.04408147855634028
1684 0.06356295817127221
2042 0.09821210075422289
2084 0.09313005002901549
2232 0.12120567241076215
2398 0.10571677620302797
2596 0.0582434757447084
2622 0.07370248721095299
2630 0.02052735361298061
2656 0.040573437746075434
2658 0.06958628018828257
2810 0.10571677620302797
2841 0.058005406585085656
2895 0.04289853301169061
3116 0.29074654437594305
3283 0.09313005002901549
3688 0.0912337325661094
3721 0.04368081986942665
3750 0.1824674651322188
3759 0.04034098350941699
3765 0.04435225014204349
3766 0.14537327218797153
3819 0.10978706688887271
3887 0.04201618930267332
3891 0.04011070177403514
3918 0.022353371552201184
4101 0.03781441024838954
4145 0.08154917642581858
4170 0.06447005322977176
4199 0.13828479560680895
4289 0.12313576639210015
4381 0.04618874203098083
4431 0.04116435254866158
4526 0.23141484563582443
4708 0.05921944357403439
4795 0.07976719775897868
4941 0.06062361367535626
4965 0.07239386290301784
5066 0.08347014618326502
5069 0.0663910229872182
5754 0.3107278376057116
5842 0.11007569652973885
6008 0.01897274053661856
6034 0.05194500410007253
6079 0.036493188360341135
6119 0.055314739706971025
6214 0.03976926490643769
6279 0.07075058968035773
6280 0.048981157022037605
6410 0.03404599122600944
6648 0.1724430419989026
6666 0.0398825523075543
6923 0.05662336401490617
7020 0.09742611161912129
7025 0.04045693650616758
7176 0.02940471177917857
7193 0.038448950885463976
7201 0.13842018037783727
7259 0.10031743474044011
7272 0.02796336721566244
7374 0.20651867219059916
7537 0.014577734812673243
7624 0.11121502579587789
7833 0.07480056683768138
7952 0.020167639686673035
8124 0.06847451418183084
8208 0.04560895136688505
8326 0.039432494748248004
8412 0.0582434757447084
8495 0.07705677940378425
8731 0.1282941489919247
8896 0.07415460937006256
9010 0.08947298609906466
9027 0.037919038712768444
9318 0.11570742281791221
9330 0.07370248721095299
9338 0.010024423133316163
9341 0.0735837165516497
9444 0.05872662781965113
9445 0.015112066948129773
9461 0.1282941489919247
9534 0.05897180363692185
9658 0.08305165106042886
10040 0.12120567241076215
10110 0.055314739706971025
10392 0.05333604465882196
10418 0.06921009018891863
10466 0.1092427761732261
10628 0.057769615634177734
10818 0.13413226557779998
10898 0.04116435254866158
10951 0.05511066247417434
11036 0.05898811402225967
11067 0.03062174760782402
11101 0.058005406585085656
11487 0.18827180519966213
11572 0.1724430419989026
11637 0.07732829693179612
11768 0.058005406585085656
11813 0.08628921338496547
11818 0.07115124836727134
11826 0.08347014618326502
11893 0.015073972103196498
11929 0.06598718142790502
11977 0.06315134376947097
12064 0.04618874203098083
12078 0.05269742794804762
12157 0.0575360597022144
12186 0.036993001975177714
12205 0.05897180363692185
12270 0.03740028341884069
