74
6 0.11566436986347883
344 0.028820928939515697
485 0.09587644165282536
674 0.0442175841268293
711 0.05054095348779981
1205 0.05000113697490325
1564 0.09958650334354847
1664 0.07337805581823098
1905 0.1483507800642861
2042 0.09216035978710432
2080 0.049206846287893326
2181 0.07756173730642757
2356 0.07143224366188097
2578 0.06758420072419052
2841 0.08164674871159766
2851 0.1018995276592771
2938 0.08232021668388056
2976 0.11749018671817484
3605 0.09207180777129899
3619 0.11749018671817484
3680 0.1103831857521988
3748 0.16286645385414308
3803 0.07876820715294312
3878 0.08552395535614137
4014 0.11070127330968467
4071 0.24272588618951219
4101 0.10645296130107161
4146 0.1310871906580623
4772 0.0579417634714132
4861 0.017244837034428112
5175 0.18690653842378724
5368 0.07970142517920148
5425 0.09484264559818013
5472 0.09392198032277622
5598 0.21272060250704947
5807 0.07815972644415171
6014 0.10072373672744764
6289 0.0979476546548052
6360 0.09073986601848473
6410 0.04792216198312071
6563 0.22618823863909032
6620 0.09345010214853067
6762 0.30239350375319285
6778 0.047050383318883705
7042 0.0509514021928497
7201 0.19483628077575024
7484 0.05493249926923201
7537 0.020519201934887772
7542 0.03975681053258166
7860 0.1665206210754096
7951 0.15053568578467472
7986 0.07907649816766395
8324 0.02375618794389288
8403 0.11941748868051566
8560 0.09252518038132185
9338 0.014110090847204472
10392 0.03753714431034667
10615 0.15654308449317259
10638 0.10568683328124182
10898 0.0579417634714132
10925 0.07756173730642757
11067 0.043102294755551586
11087 0.22618823863909032
11101 0.244940246134793
11217 0.04223518682201872
11319 0.021742389540702626
11332 0.09871782103405737
11413 0.18058316906281674
11629 0.04410442738439199
11637 0.05442254782427056
11736 0.04792216198312071
11991 0.09298455810101104
12030 0.07639582883962898
12270 0.2105742703526373
