90
29 0.07923287882040386
116 0.08657598433626701
117 0.09124086987442118
236 0.11783982093252739
337 0.07158289596716756
344 0.02670088352025849
352 0.15846575764080773
374 0.07274791726043787
674 0.040964972565438046
887 0.056617510969729695
979 0.04246972272603514
1184 0.11323502193945939
1465 0.07722401898002251
1543 0.06281939158891503
1664 0.06798042233327592
1684 0.08288809877296688
1706 0.09791259091577481
1729 0.08250328828249473
1958 0.04486784109960572
2042 0.12807167165004316
2084 0.12144451749297622
2266 0.050138642542783086
2663 0.1400748348178074
2698 0.12412367630958455
2730 0.12144451749297622
2828 0.0505605036386491
2895 0.05594103773312826
3080 0.10477500267651449
3089 0.07923287882040386
3141 0.12275618091518752
3750 0.2379433196293219
3759 0.10521182531238565
3893 0.17315783686575795
4001 0.10328025447456883
4115 0.16234654921182715
4127 0.11780312042378764
4145 0.1063426936836987
4339 0.0718563554212285
4491 0.13383635124204363
4756 0.15805601305648043
4965 0.09440387658946278
5802 0.02995926644782697
6214 0.1037207471940136
6279 0.09226099656767701
6294 0.09917280309895647
6664 0.09440387658946278
7020 0.12704671707053422
7176 0.03834466998492738
7188 0.07442823102662144
7193 0.050138642542783086
7272 0.03646511129250958
7374 0.08976895030001368
7415 0.15427149195595385
7482 0.13793831096080283
7879 0.18032772745050019
7911 0.07325969163574812
7952 0.026299237141579113
8208 0.05947550860743941
8265 0.23560624084757528
8273 0.12861440807771846
8324 0.04401740197246479
8510 0.12861440807771846
8719 0.08657598433626701
8776 0.1369419718740257
8890 0.03863633273105666
8898 0.11897165981466094
9117 0.09496269575133275
9211 0.11252385112131542
9341 0.19191096642106026
9445 0.019706611112797395
9546 0.06540854672788299
9923 0.060040883169088975
9966 0.10972806316791435
10081 0.07787978239192482
10316 0.22487115623853968
10325 0.070776210286677
10392 0.03477594077613178
10951 0.035933019529191416
11067 0.11979516907373877
11159 0.10048446652116776
11319 0.020143036048446767
11637 0.05041926696329323
11892 0.0844751518126191
11893 0.006552311411855168
11957 0.05275711901480481
12120 0.13785800472446502
12186 0.04824003932235047
12270 0.048771147148386026
12274 0.08976895030001368
12291 0.16349444600291832
