64
374 0.07529078376134055
525 0.21378072663228795
547 0.05895221299968848
674 0.08479376475265647
736 0.09713525059983953
938 0.03755131989460344
1896 0.09005465203334018
1914 0.21847741980312002
1916 0.10008004290121866
2042 0.04418278396267206
2480 0.07765142817527106
2781 0.2401704788007349
2832 0.08346439224517903
3285 0.07137993728242609
4596 0.16329351634075823
4624 0.012451933658933517
5235 0.1084373596823416
5297 0.06293613300158177
5380 0.07765142817527106
5471 0.10469696902976812
5752 0.07060953004943417
5998 0.0749414241880317
6008 0.02560586190108163
6295 0.0982820685520273
6396 0.12994057417553298
6732 0.0701056654873031
6747 0.06136166498995707
7272 0.03773973073797701
7415 0.3193279472129095
7540 0.1449710795281887
7554 0.06273519930929414
7773 0.10070163903466005
7944 0.21530973304678994
7984 0.0929067783662371
8098 0.04898565350478064
8224 0.05103482888106157
8277 0.11546432206802247
8397 0.11853614370492459
8455 0.08026095661761738
8837 0.06523045126496164
8942 0.03340567317056299
8957 0.08828066212435064
9232 0.09443014814181508
9445 0.04079089139145283
9729 0.1449710795281887
10140 0.08200242385907748
10318 0.02073362920247001
10657 0.11356355188767679
10749 0.03860104456643507
10828 0.3923953869046038
10875 0.12568954892316286
10898 0.1111119107515424
11036 0.02653704663881658
11194 0.09097844546164603
11202 0.11090177767669175
11297 0.27702906585482295
11465 0.18663099157937105
11624 0.0823619346567468
11629 0.12686515491628655
11637 0.052181646833249315
11690 0.1680212903875777
11945 0.07672333747682958
11957 0.054601217315882064
12006 0.03519443449160338
