119
29 0.07360640870408137
119 0.11155454279315904
344 0.024804805459701457
373 0.06407153093317183
374 0.06758195600061365
461 0.15541936164861236
485 0.08251630224541658
571 0.0629277285168787
587 0.05212443629530284
628 0.10270617224149999
674 0.11416792718226812
956 0.058166513460795155
1174 0.08523177259197356
1184 0.05259699905252658
1205 0.0430336051287319
1622 0.10680323789644738
1684 0.07700206487279782
1706 0.09095964063804934
1729 0.07664458047166285
1755 0.13233995993561426
1929 0.05275619724706197
1958 0.12504508351135
2042 0.1586360939588528
2266 0.04657820679767549
2379 0.13732645599099744
2452 0.16086158549843618
2739 0.1019360748225757
2895 0.05196856340470008
3285 0.06407153093317183
3442 0.04102802771003334
3520 0.07491868994499648
3604 0.08821922286779156
3680 0.04750078414112683
3750 0.11052326694288643
3759 0.0488702715952029
3891 0.04859130142708842
3893 0.16086158549843618
4025 0.04845278799653905
4048 0.03271145929944124
4101 0.09161901065797431
4145 0.19758221310417762
4491 0.12433238973071356
4570 0.07810094690330635
4710 0.208902648474649
4949 0.17610952129739482
4965 0.08770008646592602
5085 0.16752232917708412
5425 0.04081328152682717
5627 0.06675370558110587
5700 0.07084910290467689
5802 0.027831804718741936
5972 0.15541936164861236
6008 0.022984144219325323
6074 0.06501921658377066
6214 0.04817767461384506
6279 0.0857093762325531
6294 0.09213036287344091
6410 0.04124433003857179
6584 0.04201397538275927
6657 0.05001297919623356
6664 0.08770008646592602
6666 0.09662982870633702
6673 0.10111822665689896
6696 0.09594613669343252
6732 0.0629277285168787
6778 0.08098806304810967
6923 0.1371904667320043
7020 0.11802489976922775
7035 0.05913889881550958
7150 0.05703998011684976
7176 0.07124349115046583
7193 0.04657820679767549
7374 0.08339429468032418
7465 0.1433163941201406
7482 0.06407153093317183
7484 0.023638897286205746
7793 0.208902648474649
7911 0.06805738835135212
7952 0.02443168071724952
8112 0.06338000369542048
8166 0.04901074051664494
8208 0.05525204510573633
8265 0.10943770764891705
8273 0.11948126620087128
8324 0.06133746989720762
8338 0.11802489976922775
8556 0.04873046061023049
8776 0.06360873731061899
8942 0.029985353075087595
9211 0.10453332881374323
9330 0.08928539301478461
9341 0.04457075534640973
9445 0.018307208993741865
9470 0.07328715870130902
9656 0.05259699905252658
9658 0.10061124917308285
9875 0.12101235004504574
10081 0.07234939810174779
10098 0.15541936164861236
10269 0.09663236440330122
10298 0.06383923722604704
10420 0.054565817395867605
10578 0.06383923722604704
10749 0.03464878389014785
10925 0.06675370558110587
10951 0.01669067539141524
11011 0.04804106297621282
11067 0.14838439642551413
11629 0.07591717418111482
11637 0.04683890357022664
11768 0.0702694809892669
11818 0.08619474612547788
11893 0.006087019920488226
11953 0.07924183446283038
12078 0.06383923722604704
12157 0.13940180033085478
12186 0.044814426827912986
12271 0.06383923722604704
12291 0.07594220475451878
