211
104 0.027725620765007324
105 0.03238000748315558
110 0.03720425600294033
162 0.05872404153970249
344 0.03302037631510001
373 0.05686172560219086
435 0.03325923566976946
464 0.0677064590865825
479 0.06504034237272363
711 0.01930172927450825
720 0.07814618388306022
769 0.014018058525799078
817 0.0743357351944867
895 0.04287928592437193
913 0.03499156679224124
938 0.059827254804067496
952 0.013640085252498824
958 0.02624207497375594
963 0.06359468361427721
975 0.06340122006702582
1543 0.05179154336666489
1553 0.0268707856995642
1698 0.02677912203718609
1742 0.0537415713991284
1905 0.028327785655588935
1971 0.019095571862136645
2052 0.05116697728056389
2107 0.0374064789592156
2129 0.03118111810366773
2167 0.02743450253310264
2192 0.04809668461767298
2243 0.062108734821141355
2362 0.034656223656643295
2373 0.012947144502748881
2455 0.03416860983207956
2466 0.05774245578116231
2675 0.03130909346010539
2756 0.03416860983207956
2763 0.033393807314366815
2891 0.062199147092678056
2900 0.06160889560168457
2938 0.03143831737631688
3181 0.05116697728056389
3239 0.018015723707206225
3246 0.04904318334549422
3308 0.04114917636783793
3368 0.07138012157135631
3442 0.018205624398769996
3449 0.041986002801885636
3580 0.1226447535365735
3602 0.053018172613999805
3624 0.04383719813532155
3797 0.04114917636783793
3814 0.05486900506620528
3826 0.03720425600294033
3917 0.12187346150080315
3918 0.024032350065918338
4016 0.055973786237130195
4048 0.014515261268472881
4198 0.03416860983207956
4410 0.01447912114686764
4411 0.05369757006364247
4431 0.08851247592570854
4451 0.03006371671402062
4624 0.004959645958566028
4638 0.09277046096323717
4676 0.025067667901131692
4683 0.08903319116992844
4820 0.025229198517103334
4861 0.032929253689475184
4957 0.05872404153970249
5241 0.047647646823895065
5338 0.09269768415184321
5340 0.03294978764769985
5347 0.16792135871139058
5389 0.021317562580486893
5807 0.059698829400154
5842 0.19723927451501758
5875 0.04170114566504007
5882 0.3757091215212647
6034 0.027923316171639834
6084 0.03700507410886437
6119 0.08920420698094941
6155 0.06619229311022412
6162 0.015183235391533477
6180 0.025641859504967664
6209 0.02531070859803296
6214 0.02137818212039778
6257 0.09908613412204846
6258 0.021197149511637422
6370 0.07814618388306022
6403 0.0414222859683472
6410 0.018301605589427797
6436 0.06562017879567728
6616 0.06366746042567117
6794 0.25041689667167505
6934 0.029849414700077
6948 0.10233395456112777
7042 0.05837544229475418
7178 0.056828621302573316
7220 0.021873392931892423
7229 0.11346128916682371
7230 0.03416860983207956
7235 0.04451659558496422
7282 0.020215563753097243
7296 0.062199147092678056
7343 0.09269768415184321
7476 0.09269768415184321
7483 0.01458783869034334
7537 0.015672679415190474
7552 0.018301605589427797
7561 0.09335678683073426
7658 0.05237192999105757
7671 0.07814618388306022
7698 0.05006255899086942
7826 0.038915710138994725
7837 0.03846667234521681
7854 0.03432916145057481
7952 0.03252366935933476
7956 0.03210405278622233
8001 0.2780930524555296
8201 0.032520171186361815
8222 0.03019953234512755
8223 0.05369757006364247
8304 0.07138012157135631
8324 0.06350787503022293
8350 0.056828621302573316
8376 0.03782042972227457
8380 0.06366746042567117
8448 0.12718936722855442
8514 0.03700507410886437
8515 0.023552263173652395
8538 0.06692343025984057
8556 0.04324694664432806
8719 0.03568885127546103
8723 0.031054367410570678
8769 0.05369757006364247
8773 0.06692343025984057
8812 0.06359468361427721
8828 0.030081795157891035
8869 0.17404054371701227
8949 0.07440851200588065
8976 0.04560586767935367
8981 0.03914606979485948
9099 0.022453573840081373
9230 0.030081795157891035
9252 0.08351670967316496
9267 0.02271982092225107
9278 0.04679281175845194
9291 0.028327785655588935
9338 0.016166047617435654
9388 0.08072418516469196
9445 0.03249429127672562
9578 0.02319903300447733
9632 0.03720425600294033
9636 0.04088158451219117
9637 0.06739662289138736
9638 0.03605176017824245
9804 0.03210405278622233
9898 0.03090476172475542
9922 0.06865832290114962
9987 0.05727891048719263
10072 0.0743357351944867
10094 0.05774245578116231
10167 0.05604656304852415
10280 0.04114917636783793
10318 0.04129136208763108
10392 0.014335538750596693
10464 0.046385230481618585
10476 0.06739662289138736
10521 0.046385230481618585
10576 0.032520171186361815
10597 0.022453573840081373
10628 0.09316310223171202
10914 0.03031832548535629
10925 0.059242082004272986
10951 0.05925006569371888
10959 0.02490808348453186
10960 0.10421171116943713
11036 0.021139585179215825
11067 0.03292177005257882
11071 0.031568814455056486
11225 0.047647646823895065
11249 0.037611837279773686
11300 0.04753762633804319
11497 0.05663288891602124
11505 0.04451659558496422
11629 0.01684360223608044
11634 0.03360105580208487
11736 0.09150802794713898
11828 0.025895771683332444
11861 0.06393640377831934
11875 0.04739247149430227
11877 0.04227712103379032
11893 0.010804126307357356
11929 0.017735882037250423
11930 0.04543964184450214
11957 0.021747843685242824
11977 0.016973672148929458
12021 0.03934082165556916
12029 0.08623498923114759
12030 0.02917577734895995
12126 0.18539536830368641
12127 0.09269768415184321
12177 0.03250589506411856
12204 0.15854688884411872
12265 0.016925851234069634
12275 0.025067667901131692
12302 0.09269768415184321
12303 0.03551105872208643
12304 0.0849833569667668
