58
14 0.17269314456378673
303 0.13135386117726683
674 0.2084002347541101
1122 0.0942826491306908
1205 0.058914620107092745
1622 0.0731088200495145
1958 0.11412760747161939
2042 0.05429469122387636
2091 0.1059140579846121
2181 0.09138832764038653
2645 0.24749750498947315
3609 0.0867696031724931
3891 0.1330466297454036
4101 0.06271493163721019
4289 0.10210989832513562
4624 0.015301749516806615
4708 0.09821502784106925
4827 0.051175765755418226
4861 0.020318998410016095
5146 0.08901374712238781
5181 0.08464230902503934
5425 0.11174982757238046
5700 0.19399016048369633
5802 0.07620556990261115
6055 0.07401195536409726
6251 0.06271493163721019
6620 0.11010904151665743
6664 0.12006470901155177
6869 0.12223505316003519
7035 0.0809633714592346
7188 0.0946592896742685
7374 0.11416991849725193
7484 0.03236253735194405
7952 0.03344788761547466
8098 0.06019677107012728
8324 0.08397329776378673
8338 0.32316103251313405
8412 0.0965963921068546
8577 0.13043550321035752
8986 0.07493550223453689
9330 0.12223505316003519
9338 0.016625434784750242
9341 0.06101903643129144
9355 0.5719911282093485
9445 0.05012651205312745
9658 0.06887028760198709
10325 0.09001457779074692
10578 0.08739831110705654
11036 0.032610456472490126
11080 0.056168909368600604
11319 0.025618309852711116
11400 0.1781499329246658
11629 0.05196672999049019
11637 0.06412421645404377
11768 0.09620155609136223
11893 0.008333358665329122
12004 0.07447111985433329
12270 0.12405621044558131
