114
104 0.05461034856378556
203 0.06730091667505222
262 0.060431934725807095
344 0.02167975817456273
479 0.06405403503472198
769 0.02761096203290839
979 0.03448325287598046
1023 0.0621801753601116
1141 0.1464169348676839
1205 0.07522398464976786
1347 0.056410301748903616
1465 0.25080788888270056
1524 0.05647258718966566
1543 0.15301844419727129
1553 0.05292660480619532
1820 0.11193368199170341
1958 0.07286080583184701
2042 0.034662559240512314
2099 0.0654800169024231
2551 0.12526059807333673
2627 0.15241033163974135
2658 0.07367845329129226
2757 0.0919410734358733
2895 0.04542127488658355
3442 0.035859088698673755
3814 0.05403694145227906
3891 0.04246949914757528
4339 0.05834370265896663
4410 0.08555731099002266
4440 0.14656028123569742
4451 0.059215628129332475
4453 0.1378437421122804
4699 0.05274605755729767
4861 0.038915875763485444
5247 0.06323441872863364
5252 0.06858952295221003
5435 0.11775526815372495
5627 0.05834370265896663
5929 0.13181713349360683
6008 0.020088473958555456
6014 0.07576668535813272
6162 0.08971793101608083
6180 0.05050602463542468
6620 0.07029529201574633
6696 0.1677166180300446
6723 0.10717709975655137
7035 0.15506475474437523
7102 0.05703898212969455
7150 0.04985376632863352
7262 0.026207631601985727
7272 0.029607814064666237
7312 0.04461847390388979
7352 0.11373363517682147
7506 0.18258393150125457
7537 0.03087002065873466
7552 0.03604814005740853
7557 0.10078210648302333
7901 0.08269860816623799
8124 0.07250130745801069
8178 0.07408294160054248
8324 0.035739889637416714
8326 0.041751408677211305
8402 0.08000663737762247
8412 0.06166861047275248
8413 0.0947346403528899
8495 0.08158827152015424
8577 0.08327201527774448
8942 0.026207631601985727
8950 0.11536637408269473
8986 0.09567993580484473
9112 0.08213753335150735
9126 0.08570064884365348
9338 0.01061393121750101
9341 0.0389554838129092
9445 0.0320015300648345
9616 0.07174505238122923
9675 0.038744235910993276
9776 0.04528574744755215
10100 0.10194180733180765
10167 0.055196642301063366
10318 0.016266078912288824
10420 0.09538262476290317
10476 0.06637458362638217
10668 0.3078445295745913
10749 0.030283537478311317
10845 0.04859622297920382
10897 0.12283308227305686
10898 0.08717022431193427
10951 0.014587891319844387
11021 0.06192313906083711
11096 0.11024993823411318
11132 0.09136363893463406
11161 0.08327201527774448
11226 0.11775526815372495
11276 0.049533652210082775
11319 0.01635511986337439
11403 0.12833343655089854
11637 0.040937878114541686
11643 0.08700536937292555
11821 0.0986067659100701
11852 0.1533022840722091
11876 0.07367845329129226
11877 0.08327201527774448
11892 0.06858952295221003
11957 0.04283609496890988
11960 0.06270197222067514
11977 0.06686509638985982
12006 0.02761096203290839
12021 0.038744235910993276
12105 0.051344970663663544
12120 0.33580104597511024
12204 0.02081901294321672
12264 0.11566703608688447
12265 0.016669178365122866
