154
79 0.15021866752617538
111 0.0512078547516602
119 0.04311442467597248
201 0.05159893159089036
242 0.12013524851984321
262 0.05344575547508286
338 0.07694719220264941
373 0.04952567820414892
374 0.026119574142721744
509 0.12949053731036006
593 0.05323309976571377
674 0.08824892960277836
979 0.03049684756175884
1064 0.06411985926986867
1073 0.058434667177879894
1178 0.05159893159089036
1205 0.1330555676462892
1347 0.09977807949478243
1374 0.051796984147154515
1698 0.04664839719715474
1702 0.05897127231986891
1818 0.06378302144622226
1896 0.062482791204243285
1958 0.032218899079392155
2042 0.06131085075182502
2157 0.09750459366787559
2172 0.07075754230059406
2266 0.036003779644254864
2318 0.0801128310911109
2596 0.054539466438881995
2638 0.11657853279215158
2644 0.04366709735422053
2822 0.051796984147154515
2828 0.03630671153801492
2838 0.09899368974860119
2900 0.05366038940549621
3152 0.05219826349866039
3285 0.04952567820414892
3316 0.09750459366787559
3332 0.041027309479781
3342 0.05240155099110935
3400 0.0514025646087319
3677 0.07469438163629398
3683 0.06155355228917722
3737 0.0519967514654971
3765 0.04153165701706339
3891 0.03755985104380975
3977 0.07168058463145864
4195 0.062482791204243285
4200 0.07816184007226523
4451 0.02618502945225269
4583 0.08630248099316624
4624 0.017279097821891267
4772 0.038546494617639766
4872 0.03832356552943958
4926 0.09458767471523753
4964 0.16147648095284448
5152 0.16147648095284448
5224 0.06083593099627581
5312 0.04452174991693923
5368 0.05302238614473736
5371 0.08378292778963897
5373 0.07879401608684192
5380 0.05387703870745607
5389 0.07426906118496845
5425 0.03154763774040687
5473 0.044233333897288396
5687 0.07579330271214768
5700 0.10952914095870367
5766 0.07694719220264941
5802 0.04302656684694548
5942 0.057652457315599905
6409 0.03946039551370347
6410 0.03188082737349536
6436 0.0762055395333321
6452 0.02664849085373804
6666 0.03734621080323206
6732 0.04864154777096875
6868 0.06901535796597959
6869 0.06901535796597959
6911 0.08814930487735877
7083 0.07030950917192402
7205 0.04153165701706339
7282 0.035214882930417975
7328 0.07264209796937782
7471 0.06155355228917722
7537 0.013650659896322342
7560 0.07523730035915029
7605 0.05924432853790806
7660 0.04230947160718311
7781 0.11349756548911782
7857 0.12434195036036026
7901 0.0731383102367391
7911 0.05260664550718266
7952 0.01888507328552934
8156 0.040533750956874386
8169 0.11329825229627119
8208 0.04270843799380954
8312 0.04952567820414892
8321 0.0666263658340121
8324 0.015804105982495587
8346 0.08151162184663337
8413 0.08378292778963897
8483 0.049889039747391214
8526 0.12949053731036006
8543 0.08224415896392498
8677 0.14548350913160227
8754 0.046968860420027805
8823 0.05063339401276989
8890 0.055488299617369806
8942 0.023177922013187316
8986 0.12692841482154932
8988 0.05739750465371556
9338 0.009386917282290127
9341 0.034452070279146395
9437 0.12949053731036006
9575 0.028097494863323795
9776 0.04005052950182385
10004 0.03832356552943958
10161 0.11077995972932636
10221 0.09015691673722159
10318 0.028771307092153656
10788 0.07816184007226523
10794 0.12892337492942255
10897 0.10863307470136362
10898 0.26982546232347837
10914 0.05281357946050617
10951 0.012901471315041936
10981 0.044961248560164965
10985 0.05409574158790827
10988 0.027327156872227046
11079 0.08720741976787602
11153 0.07264209796937782
11154 0.0628010442655997
11319 0.014464400998406129
11378 0.12013524851984321
11497 0.02466318250565115
11629 0.3814334017833115
11637 0.036205291677418164
11650 0.10058556097090933
11692 0.11077995972932636
11780 0.0666263658340121
11812 0.05387703870745607
11857 0.07944400219966734
11893 0.01882045179278005
11957 0.03788406688621383
12083 0.062482791204243285
12157 0.05387703870745607
12186 0.06928084438305533
12204 0.018412249749147604
12205 0.11044295225078316
12265 0.04422645915185863
12270 0.0350218024636323
12271 0.04934612102453492
