198
111 0.04362643370573304
119 0.03673125146540439
178 0.18693012966662034
196 0.137569578446282
236 0.03604547324130045
262 0.045533008937675264
335 0.043792316395265464
374 0.06675756338274366
462 0.07278337231652625
571 0.04144007339236596
587 0.034325733925604514
594 0.0354917188183053
628 0.03381777330795548
674 0.10024467523816592
887 0.03463693275326596
958 0.03894499873137929
965 0.038431061429557566
979 0.025981730827022848
1073 0.04978330270064088
1122 0.13605551194102453
1174 0.05612805348004038
1184 0.10391079825979788
1208 0.05809539222885182
1623 0.07868252290480915
1632 0.11019375439621316
1649 0.08872381302417912
1742 0.03987804760207622
1905 0.04204033322528819
1995 0.061068136686806454
2002 0.04590043986085632
2042 0.10446732356738175
2080 0.027888929387659914
2086 0.04234747981890561
2100 0.05143215952595817
2162 0.07006775359217945
2181 0.04395961086933935
2194 0.04481813080884228
2228 0.07206849418769326
2450 0.04144007339236596
2458 0.06505734121538366
2541 0.044298532749010376
2578 0.0383046495337403
2630 0.016376070326882066
2677 0.036158121011215405
2678 0.06318383072135457
2730 0.07429619412103823
2806 0.05143215952595817
2828 0.06186286661169021
2853 0.14293370051132956
2925 0.11031921506743105
2936 0.10540158415557262
2938 0.0466565708527934
3141 0.07509863133475364
3239 0.02673654189402712
3269 0.03538281559208289
3285 0.042193306620303614
3332 0.034953137674376585
3342 0.044643400928977686
3369 0.07772345552329231
3609 0.0834758243034998
3714 0.137569578446282
3765 0.03538281559208289
3803 0.08928680185795537
3894 0.08715041495584319
3918 0.03566561881121303
3933 0.030931433305845104
3983 0.0843374842404082
4001 0.06318383072135457
4025 0.031907827248249775
4048 0.021541620937050705
4061 0.07772345552329231
4101 0.06033426941167996
4105 0.027304292032853495
4146 0.07429619412103823
4320 0.030673351059584887
4431 0.03283961220754588
4552 0.03422308626647717
4624 0.007360447135282266
4931 0.04100160951719436
4941 0.024181796147107203
5057 0.07429619412103823
5112 0.047848267955902656
5196 0.057417498084690946
5337 0.08563478042665698
5385 0.07680901241078006
5425 0.10750779802270242
5433 0.08171520335714721
5595 0.07772345552329231
5627 0.04395961086933935
5802 0.03665640115636168
5807 0.044298532749010376
5942 0.04911690050773078
5998 0.044298532749010376
6008 0.04540754826645737
6023 0.06028175254221889
6114 0.04805410210948184
6162 0.022532939321789923
6198 0.047644566837109846
6203 0.08872381302417912
6232 0.061068136686806454
6258 0.031457991095032
6289 0.05551372279322131
6410 0.05432161954992352
6502 0.06555501291259126
6548 0.0645719589728149
6584 0.02766764770318393
6585 0.06555501291259126
6657 0.032935266810193
6699 0.06944366999915458
6732 0.04144007339236596
7006 0.07969079427210374
7025 0.03227525817143083
7042 0.02887769010118941
7150 0.03756278858384882
7185 0.061068136686806454
7396 0.10189355456677882
7425 0.07948402516254185
7484 0.07783513417238756
7554 0.0741666524550059
7605 0.05047309214444134
7749 0.137569578446282
7833 0.02983675748270625
7951 0.042659501958416335
7952 0.01608910198864256
7980 0.09669403337800556
8092 0.03181703271244168
8100 0.042659501958416335
8156 0.03453265143678846
8208 0.03638537188968914
8324 0.026928555600207765
8403 0.203046496211767
8444 0.04889969407610543
8455 0.047442954997380965
8682 0.05612805348004038
8776 0.12566562331138748
8823 0.08627404596060527
8837 0.038558291531042274
8868 0.046274869887566746
8890 0.023636575252379152
8937 0.137569578446282
8986 0.03604547324130045
9017 0.04826211444269144
9027 0.06050120793899009
9168 0.24788879351371307
9246 0.0735252332664177
9338 0.007997166186770458
9358 0.06606561258267825
9373 0.08715041495584319
9445 0.13261519403440922
9470 0.09652422888538288
9546 0.04001503060976672
9563 0.036158121011215405
9614 0.08438661324060723
9618 0.04250287179061489
9656 0.03463693275326596
9658 0.03312798386415504
9664 0.03016713470583998
9675 0.05838441704780601
9776 0.034120971844347286
9804 0.047644566837109846
9870 0.0645719589728149
9894 0.06231004322220678
10228 0.06883879205695362
10298 0.04204033322528819
10428 0.0466565708527934
10450 0.08075359267035268
10619 0.027448829316819495
10749 0.022817415807068673
10778 0.09043419410020553
10816 0.04362643370573304
10897 0.046274869887566746
10901 0.07429619412103823
10925 0.04395961086933935
10938 0.07137870474389282
10951 0.010991383758638035
10960 0.030931433305845104
10979 0.041146680153904346
10988 0.02328131891941301
11036 0.01568628088308162
11067 0.048858114086430975
11080 0.02701836725270913
11094 0.0645719589728149
11106 0.03505967984335581
11332 0.0746003059280214
11598 0.08075359267035268
11634 0.024933109841616792
11637 0.06169005770000168
11768 0.046274869887566746
11893 0.012025535873815971
11923 0.2046979894272092
11953 0.05218347322046776
12007 0.05551372279322131
12052 0.04847235154892754
12071 0.1023489947136046
12119 0.08187715458547082
12270 0.23869405986165
12271 0.04204033322528819
12336 0.08075359267035268
