47
29 0.12169034320152299
70 0.174339056499878
133 0.16585840818739583
594 0.08910232959199361
696 0.174339056499878
864 0.16852657463082482
942 0.11121192765136746
1184 0.08695638027667063
1664 0.10440818316689127
2356 0.05081976278266757
2578 0.09616422143806734
2675 0.11665034881592369
2694 0.14851725345584746
2841 0.11617354261304474
2957 0.13165224770649422
3055 0.13787223856412498
3221 0.16585840818739583
3332 0.08775021602307798
3443 0.26594561386555476
3670 0.10994106622515293
3680 0.07853102503226285
4494 0.19282982530367185
4624 0.018478479161570267
5389 0.07942424503883122
5802 0.04601313836350335
5914 0.2952234814914844
6584 0.0694599176023218
6869 0.1476117407457422
7418 0.15037970309394633
7977 0.21173013220967576
8776 0.1051616185360167
9291 0.10554269423730692
9292 0.09648157981857074
9341 0.0736869331128632
9373 0.2187920240557495
9407 0.16852657463082482
9445 0.030266529569006495
9470 0.1211625407575722
9515 0.236938895592628
9534 0.23621809572984068
10525 0.18652136882672352
10533 0.14091006260187663
10816 0.10952461600610348
11094 0.16210857524964378
11106 0.0880176912474939
11433 0.1951255442577556
12204 0.039380571464351116
