22
105 0.18298560786120735
593 0.17269563167694488
711 0.10907775935214667
921 0.2718035527154231
1999 0.2644351181082844
2202 0.20801380435070566
3373 0.33785213218644367
6199 0.27443020757170355
6794 0.1572393022660358
6809 0.2996158215377197
7272 0.08494790312114658
7561 0.13189425909705083
8098 0.11026121455770664
8176 0.24408034039678606
8324 0.051270733392353364
9312 0.3897355728129821
9987 0.1618470325953301
10476 0.19043559538997376
10657 0.25561882438498773
11319 0.04692454277962683
12186 0.1123783814628612
12303 0.20067977653916075
