50
119 0.08792174398682569
462 0.1742178872761417
493 0.08167364931483317
571 0.09919301353046764
724 0.15123994874016494
1023 0.11214304992046883
1205 0.06783389574683532
1394 0.22590971192109502
1702 0.12025806087989845
1814 0.08070844774660244
2005 0.22590971192109502
2042 0.06251454082861249
2086 0.30409507957809756
2100 0.1231105661289531
2269 0.17599364241401425
2670 0.12370242206465576
2677 0.08654987052611016
2957 0.12552401444579078
4081 0.06622665281002406
4317 0.12490894782484181
4790 0.12025806087989845
6008 0.03622991934187236
6698 0.12252606263118837
6778 0.06383076445849105
7193 0.07342125333298008
7344 0.15691572795396033
7566 0.15691572795396033
7854 0.1219487311365604
7951 0.1021118981836487
8208 0.08709382949186355
8823 0.20650983233719394
8837 0.18459007527988483
8986 0.08628023124097778
9338 0.019142413341281736
9614 0.10099598991670594
9658 0.15859356814168188
9776 0.08167364931483317
9858 0.21646776910996374
10898 0.15721304676253273
11011 0.07572715434245098
11036 0.037547459367310625
11080 0.0646725029440424
11103 0.07637615672144353
11332 0.08928349480986247
11637 0.07383218980083747
11864 0.19329580173619565
11893 0.019189945785863353
12006 0.04979686010333982
12271 0.201259650433418
12336 0.3865916034723913
