89
103 0.05995909175185909
119 0.10134717956565431
188 0.07658545527071951
346 0.10854859907268627
374 0.030699066388053725
462 0.10041026658871625
493 0.04707250804836726
524 0.07419110806343049
547 0.048074354129100855
571 0.05716977222060692
724 0.08716695977258243
742 0.11140579929113283
938 0.030622352559315377
1023 0.06463350988029136
1029 0.060186024627399165
1205 0.039095982979605814
1394 0.13020278660033813
1702 0.069310586537266
1814 0.046516215303155174
2002 0.06332319122181464
2005 0.13020278660033813
2042 0.036030179268118044
2086 0.17526482777486407
2100 0.07095462445427565
2167 0.056168982622347104
2269 0.2028674417879984
2670 0.07129573990008416
2677 0.049882912188981166
2957 0.07234561244454814
3067 0.10854859907268627
3270 0.047784315852333455
3723 0.08655753366785313
3765 0.04881331866308327
4081 0.03816965047562904
4317 0.07199111954864121
4431 0.04530477376191904
4451 0.030775997844966516
4596 0.1331626063230775
4790 0.069310586537266
4975 0.12240133199354938
6008 0.02088106977120528
6079 0.040163771325248454
6698 0.07061774657709437
6778 0.03678878314991688
7025 0.04452620391260933
7102 0.05928946957274644
7193 0.08463249940296796
7344 0.09043818819158263
7566 0.18087637638316525
7854 0.07028500227516302
7951 0.05885206782612687
7984 0.07576362509403965
8208 0.10039284454929581
8823 0.2380433793839078
8837 0.1063882644788718
8986 0.04972750591626005
8988 0.06746089336085269
9017 0.06658130316153875
9232 0.07700590276835005
9338 0.05516353276925312
9434 0.06776054635864781
9614 0.05820891545914474
9658 0.09140520933491303
9776 0.09414501609673452
9858 0.24952186878198607
10883 0.116350053679475
10898 0.13591432128575712
10951 0.015163460255511355
10985 0.06358023883712317
11011 0.043645252932484994
11036 0.021640432355977464
11080 0.037273918098191326
11103 0.044019304661100336
11179 0.08655753366785313
11332 0.05145843320680807
11543 0.15219385200517127
11634 0.06879428986046121
11637 0.04255309243292627
11736 0.037470428526023045
11864 0.11140579929113283
11893 0.016590152730362833
12006 0.028700359512063154
12021 0.04027289952231213
12196 0.09942403716281943
12265 0.017326865006714803
12270 0.08232420888530756
12271 0.11599575376287327
12275 0.051323161446886166
12336 0.5570289964556641
