112
103 0.042427926455413795
110 0.05390001101270363
119 0.17928685022742497
188 0.05419298339654588
344 0.015946192167609785
346 0.07681056940211796
374 0.06516931925950116
462 0.07105176682504459
493 0.03330919217077826
524 0.10499741689176893
547 0.034018113046513365
571 0.04045416333667965
590 0.12898766163140113
724 0.06168061007125696
742 0.07883236588359792
938 0.021668822597502087
1023 0.04573561279255428
1029 0.08517701492554178
1205 0.027664886876966305
1394 0.09213338782767333
1702 0.04904518034320518
1782 0.12701909491608507
1814 0.06583110264692321
1929 0.03391522101234418
2002 0.04480841222879186
2005 0.18426677565534666
2042 0.025495479526100207
2086 0.12401994436185124
2100 0.10041705102793423
2167 0.07949198008665523
2269 0.14355195599026496
2278 0.03443528857203616
2670 0.05044990377078703
2677 0.035297875066133494
2835 0.08365491846575908
2957 0.05119280887162514
3067 0.07681056940211796
3270 0.033812877738299066
3390 0.05739863741674576
3723 0.061249371285011296
3765 0.03454101511165335
4081 0.027009400507782482
4317 0.050941964536311474
4320 0.02994359450329433
4431 0.032058317647719575
4451 0.04355508847806142
4596 0.09422779936474895
4790 0.04904518034320518
4827 0.024030907233081284
4861 0.00954131235072972
4975 0.08661296494215125
5224 0.025297989085898066
5368 0.04409761547267035
5380 0.04480841222879186
6008 0.014775749042856244
6079 0.02842046945961056
6584 0.08102820152334744
6698 0.04997014582241584
6778 0.026032278679745734
7025 0.03150739028471644
7102 0.04195409205035171
7193 0.05988718900658866
7344 0.06399537893657915
7537 0.011352969845850124
7566 0.1279907578731583
7854 0.049734691108905035
7951 0.04164458020494472
7984 0.053611444395933315
7986 0.04375185263353283
8208 0.10655915810437315
8823 0.21055370208692023
8837 0.11292282777670816
8986 0.03518790732451044
8988 0.04773631051611159
9017 0.09422779936474895
9232 0.05449049816847833
9338 0.07026213435442509
9434 0.09589669868187176
9575 0.04673620386853
9614 0.04118947622440291
9650 0.06449383081570056
9658 0.06467965717948267
9776 0.06661838434155652
9858 0.17656530791881558
9899 0.10341261329026878
10174 0.05739863741674576
10883 0.08233099228764004
10898 0.09617495294315874
10951 0.010729885289005868
10985 0.13497090859363117
11011 0.030884016542662034
11036 0.03062617013154808
11080 0.05275113446748113
11103 0.031148700992818332
11179 0.061249371285011296
11332 0.05461910502192308
11543 0.10769458594478
11634 0.04867984129632128
11637 0.030111187868996393
11736 0.02651462087408373
11828 0.07503347890111099
11864 0.07883236588359792
11893 0.0234788673197703
11929 0.025695023629884132
12006 0.020308792328963113
12021 0.028497690160991285
12196 0.07035389652168367
12265 0.012260741994728175
12270 0.08738071353401512
12271 0.1231204267609394
12275 0.03631701641411702
12336 0.6306589270687833
