357
29 0.05072035240403966
103 0.02273878613820037
110 0.028887125194592758
111 0.022824847784130364
116 0.027710494056485537
119 0.19217367829639867
129 0.03305705271168339
133 0.0345647677996379
184 0.04559609362315387
188 0.029044140560111235
220 0.031143119795336096
236 0.037717153118179816
326 0.026164945792793114
330 0.021680969242728772
337 0.022911635697259788
344 0.017092376823975443
346 0.041165790004458115
374 0.058211314151429334
450 0.01952622908026407
455 0.02936555130182682
462 0.038079422341645325
493 0.03570339917523353
516 0.04641927737582657
524 0.0844083369337304
547 0.018231638027436263
571 0.021680969242728772
576 0.06435470997561711
590 0.0691295355992758
594 0.018568858621109744
638 0.032162201026659454
664 0.04412440066195105
674 0.11800543461922008
677 0.023448329986840946
724 0.03305705271168339
742 0.04224934985873595
769 0.010884276562011698
887 0.018121644394200456
922 0.04283718451562305
938 0.023226340011171208
952 0.010590800426776752
956 0.020040551582312566
965 0.020106688830651368
979 0.027186684811099416
1023 0.024511504687421096
1029 0.04564969556826073
1178 0.022999162239805502
1184 0.10872986636520275
1205 0.05930678199830565
1247 0.04346066671833364
1394 0.04937788803331951
1396 0.04559609362315387
1564 0.029530103719110454
1572 0.03887091329058259
1573 0.04412440066195105
1596 0.03174237511599903
1622 0.036797732421497184
1652 0.057717743067500764
1702 0.05257046290516082
1782 0.06807450365974911
1814 0.10584439231811411
1887 0.07266425708750016
1929 0.01817649415980568
1994 0.03541052962213255
2002 0.024014581620752533
2005 0.09875577606663902
2030 0.03057686816142451
2042 0.0956481764271134
2086 0.2215571383688494
2100 0.08072614096587297
2130 0.03378330542943119
2167 0.0639042943846915
2177 0.029697331902422772
2246 0.03699586248736749
2266 0.016047944090195377
2269 0.07693511089714061
2278 0.018455218717077625
2356 0.010590800426776752
2362 0.026908713655290992
2476 0.13925783212747972
2541 0.02317648226477894
2578 0.020040551582312566
2656 0.016934669100222555
2670 0.027038077709082484
2677 0.0189175125752418
2678 0.03305705271168339
2681 0.032162201026659454
2704 0.045306877410066275
2705 0.060320066491954115
2729 0.04731412906085051
2798 0.03259989715323802
2828 0.03236593949957075
2835 0.04483394451059163
2844 0.03699586248736749
2864 0.04641927737582657
2957 0.027436229625054338
3067 0.041165790004458115
3080 0.03353547881891745
3141 0.03929073920124301
3183 0.04283718451562305
3221 0.0345647677996379
3239 0.02797650172927146
3270 0.018121644394200456
3342 0.023356913325599516
3390 0.030762175997807867
3449 0.03259989715323802
3472 0.02145156999187237
3520 0.025812306445596938
3580 0.06348475023199807
3609 0.021836795052214072
3623 0.06390029190736501
3668 0.03259989715323802
3687 0.07141729268207898
3723 0.03282593497027687
3765 0.018511881707101743
3803 0.023356913325599516
3820 0.05906020743822091
3887 0.01753684928415778
3891 0.016741530904334032
3933 0.016182969749785375
3937 0.04283718451562305
3966 0.05598454701913765
3977 0.03195014595368251
3983 0.04412440066195105
4001 0.03305705271168339
4048 0.05635164018082515
4059 0.017958828750825075
4081 0.028950789405787682
4101 0.015783097522676228
4105 0.028570582399974002
4314 0.14488298453712503
4317 0.02730179232935782
4320 0.032095888180390754
4410 0.03372680146412699
4431 0.017181306979685642
4446 0.043207865754954805
4451 0.02334287637586541
4596 0.05050036513756803
4624 0.007701802380600217
4708 0.024717197677502138
4731 0.04483394451059163
4755 0.03929073920124301
4772 0.017181306979685642
4790 0.02628523145258041
4803 0.029044140560111235
4820 0.019589130234594656
4827 0.025758207196583036
4861 0.010227125346274336
4872 0.03416388184963926
4907 0.022911635697259788
4931 0.02145156999187237
4941 0.012651637306123873
4975 0.04641927737582657
5005 0.013558182348488587
5040 0.027169089756896126
5112 0.02503366285207589
5155 0.036015663369176325
5196 0.030040173871843347
5207 0.04937788803331951
5224 0.027116364696977174
5247 0.04985417754442531
5312 0.01984465410366191
5337 0.022401565544526894
5368 0.023633637823224304
5380 0.024014581620752533
5425 0.0703085525517282
5628 0.03665864189369401
5687 0.03378330542943119
5776 0.05354781555041013
5802 0.01917820700980255
5833 0.030950884167061765
5844 0.04346066671833364
5845 0.020040551582312566
5971 0.031143119795336096
5993 0.04346066671833364
6008 0.03167560855186272
6013 0.017851699587616766
6074 0.04480313108905379
6079 0.015231641774161666
6155 0.0256973967956933
6162 0.011788974400658242
6198 0.024927088772212655
6303 0.031143119795336096
6409 0.017588659502918578
6410 0.014210222934765225
6584 0.057901578811575365
6619 0.04483394451059163
6620 0.027710494056485537
6621 0.028429969636147398
6657 0.01723135236638855
6664 0.030215978266915987
6698 0.026780956649971138
6732 0.021680969242728772
6778 0.041855150631329496
6867 0.040346508309548515
6869 0.030762175997807867
6906 0.03929073920124301
7025 0.05065813033850691
7047 0.11084573270725047
7102 0.04496967947551401
7121 0.026908713655290992
7150 0.019652418475387574
7181 0.06475744148673515
7184 0.18925651624340203
7188 0.023822345992478202
7193 0.16047944090195376
7201 0.028887125194592758
7205 0.018511881707101743
7344 0.03429762793147968
7470 0.04689665997368189
7484 0.02443346758607931
7507 0.014946514019999396
7537 0.006084500821163353
7540 0.04483394451059163
7552 0.014210222934765225
7554 0.019401569291252294
7566 0.06859525586295936
7624 0.04641927737582657
7731 0.04937788803331951
7824 0.0606763537249937
7833 0.015610247963616807
7854 0.02665476725484763
7912 0.0519624826851752
7951 0.0892758409101598
7984 0.028732471052060962
7986 0.023448329986840946
8092 0.016646305162201325
8098 0.015149366881974295
8100 0.02231896022753995
8119 0.038079422341645325
8156 0.018067085610152637
8208 0.09518203809104778
8213 0.0519624826851752
8225 0.02536017620201983
8252 0.01233517213155012
8258 0.03429762793147968
8277 0.03570864634103949
8312 0.04415010438916591
8332 0.03541052962213255
8361 0.034037251829874555
8378 0.07266425708750016
8444 0.02558375689166119
8495 0.032162201026659454
8510 0.041165790004458115
8708 0.019278402469750325
8776 0.13149361431316603
8823 0.15798155609487452
8837 0.060519762464322786
8873 0.02024025313227468
8890 0.03709915203562467
8927 0.03282593497027687
8956 0.03057686816142451
8981 0.030394840282547277
8986 0.037717153118179816
8988 0.02558375689166119
9001 0.037344516441499546
9017 0.1515010954127041
9112 0.06475744148673515
9151 0.02558375689166119
9194 0.04559609362315387
9232 0.02920359036916652
9297 0.0606763537249937
9338 0.07531245479920974
9341 0.04606890468952033
9434 0.0770921903870799
9445 0.02523008819598897
9470 0.025250182568784016
9506 0.050589204892917204
9534 0.024613836941415473
9546 0.020935403267336502
9568 0.019339801497930097
9575 0.07514328180482409
9584 0.021680969242728772
9602 0.03378330542943119
9614 0.04415010438916591
9618 0.022237013127243258
9625 0.021080255051693395
9650 0.0345647677996379
9656 0.018121644394200456
9658 0.05199653913002058
9664 0.015783097522676228
9672 0.04346066671833364
9736 0.0606763537249937
9776 0.12496189711331737
9849 0.019974836939084594
9853 0.0519624826851752
9858 0.09462825812170102
9898 0.011997951537876642
9899 0.055422866353625234
9923 0.03843473565927974
10004 0.01708194092481963
10148 0.12969256248416866
10167 0.021758587020009202
10173 0.04066401699350101
10174 0.030762175997807867
10220 0.03770540633600807
10276 0.028281991447548987
10299 0.04169330597422146
10318 0.006412109119915698
10348 0.03770540633600807
10392 0.011130783063843406
10420 0.018799976362516266
10590 0.039728435327821575
10750 0.022075052194582955
10816 0.022824847784130364
10883 0.04412440066195105
10896 0.0803711817725339
10898 0.08590653489842821
10951 0.02300226169483183
10985 0.0723361917913751
11011 0.09931171837825586
11036 0.032827526161818874
11067 0.012781001359915362
11080 0.028271397294515867
11095 0.09713616223010274
11103 0.01669380781789464
11136 0.03259989715323802
11179 0.03282593497027687
11244 0.057464942104121924
11257 0.028887125194592758
11276 0.0585786872407922
11318 0.04066401699350101
11319 0.02578883670705143
11332 0.09757505271585412
11497 0.010993106219616897
11512 0.04731412906085051
11543 0.057717743067500764
11634 0.03913414794057211
11637 0.0322755278667603
11736 0.042630668804295675
11741 0.0606763537249937
11750 0.03057686816142451
11764 0.02558375689166119
11778 0.030762175997807867
11828 0.060320066491954115
11864 0.04224934985873595
11892 0.027038077709082484
11893 0.025166487611053896
11929 0.013770968697938502
11953 0.02730179232935782
11977 0.013179153275887215
12004 0.0562251245405075
12006 0.021768553124023395
12007 0.029044140560111235
12021 0.030546054739886665
12051 0.017434005360386775
12078 0.02199501827570249
12083 0.02785041875471683
12098 0.041870806534673004
12138 0.021080255051693395
12196 0.03770540633600807
12200 0.02986732431278393
12217 0.04937788803331951
12265 0.013142022879989322
12270 0.06244099185446723
12271 0.06598505482710747
12275 0.038927420612267366
12336 0.3379947988698876
