337
15 0.03501916914120042
26 0.024807656309756523
29 0.02609177451540603
76 0.021392393765181237
84 0.02246674976162526
111 0.023483306148502317
119 0.09885878240677318
177 0.08814593008761977
178 0.06708069841249506
201 0.02366264928224163
203 0.027295456323089225
222 0.04539731520506409
236 0.019402614687752274
262 0.09803832199150454
303 0.034010692931559304
337 0.0471451954931147
338 0.03528705665421149
344 0.04396365767245729
374 0.02395624495643038
455 0.06042539586352155
456 0.015092256694927815
462 0.03917794945509849
485 0.14625063156444426
493 0.03673338202750862
522 0.0916621495294037
524 0.11579116679901214
571 0.02230642864033718
594 0.038209077751743765
628 0.018203484823170572
669 0.04691146402618135
674 0.09442976074881294
684 0.047758395241815854
711 0.03083821735573183
724 0.034010692931559304
769 0.011198269584448287
800 0.059382802613785715
878 0.036432063681726384
887 0.018644423272744907
913 0.027952872175600316
929 0.0423533536198116
952 0.01089632715766053
965 0.020686732893401772
979 0.055941949634886474
1023 0.025218620258899142
1073 0.10718974154874193
1178 0.04732529856448326
1184 0.037288846545489814
1205 0.15254420659455897
1208 0.031271680163674896
1232 0.03204154627843118
1274 0.036432063681726384
1394 0.050802356827068344
1524 0.011451887383123607
1549 0.04183710530373064
1587 0.05086049428968388
1622 0.03785928494232942
1632 0.019771756481354638
1702 0.027043516049835774
1742 0.021465618912623642
1814 0.018149637421581034
1816 0.033312792229967254
1894 0.03556190305703357
1905 0.04525907491653439
1958 0.014775199518088299
1995 0.03287185378039293
2005 0.050802356827068344
2042 0.09840746500599042
2086 0.04558973763075207
2099 0.026556947953990807
2100 0.027684984662589243
2134 0.05702172257703395
2167 0.043831883668555345
2174 0.02940459608658753
2224 0.04289608753564475
2227 0.02246674976162526
2253 0.03354034920624753
2266 0.03302180042454684
2269 0.03957727954757017
2356 0.01089632715766053
2373 0.010342774231093102
2434 0.034502920825119465
2450 0.02230642864033718
2455 0.027295456323089225
2458 0.03501916914120042
2473 0.033312792229967254
2630 0.008814937191279964
2644 0.06007561656851307
2646 0.04471443365656336
2656 0.017423205743374484
2670 0.027818080651159607
2677 0.01946325090857431
2805 0.050802356827068344
2806 0.027684984662589243
2828 0.016649821134421254
2841 0.024908910590347822
2844 0.03806313072645292
2851 0.03108765828054417
2938 0.07534311957968653
3014 0.03771618188737588
3035 0.05509257972042703
3085 0.06802138586311861
3112 0.024412059147849666
3152 0.023937495685063717
3269 0.01904591827398655
3270 0.018644423272744907
3286 0.10505750742360126
3339 0.07915455909514034
3340 0.03771618188737588
3351 0.040424210763204675
3369 0.04183710530373064
3400 0.02357259774655735
3520 0.026556947953990807
3560 0.04346817234845717
3591 0.013216892818520882
3619 0.035844079554763465
3680 0.03367586521162617
3709 0.029561354384481632
3725 0.024315428416196373
3765 0.05713775482195965
3803 0.07209216265053635
3876 0.02808940299347409
3891 0.03444899167252589
4048 0.011595457992553534
4059 0.018476910672647402
4061 0.04183710530373064
4101 0.03247682653589235
4105 0.014697397758903923
4146 0.11997682074917952
4256 0.06671698709239689
4297 0.024807656309756523
4317 0.02808940299347409
4391 0.0423533536198116
4410 0.011566587601992287
4451 0.012008139495725777
4552 0.018421657327371145
4624 0.011885979585238437
4630 0.27546289860213513
4708 0.02543024714484194
4715 0.05509257972042703
4770 0.06671698709239689
4790 0.027043516049835774
4820 0.06046273081414061
4861 0.010522160664425148
4869 0.03164961289480755
4941 0.026033231410733788
5112 0.05151168361196464
5297 0.04005041104567538
5312 0.020417138906461317
5380 0.02470736179982
5401 0.023394761769230565
5418 0.06671698709239689
5425 0.07233683571718083
5431 0.03957727954757017
5433 0.02199289483947481
5461 0.02940459608658753
5464 0.06671698709239689
5551 0.062426764199038205
5590 0.047758395241815854
5670 0.050802356827068344
5690 0.050802356827068344
5700 0.025114373193228845
5766 0.03528705665421149
5796 0.03771618188737588
5802 0.029597198906864845
5845 0.020618687696989137
5942 0.10575489341793222
5972 0.05509257972042703
6008 0.008147349109384777
6013 0.01836669101375431
6035 0.05509257972042703
6055 0.01916348605661112
6057 0.013664285934929488
6063 0.030906782225168527
6117 0.04612732819708931
6249 0.0370546545168118
6258 0.01693325749898317
6289 0.02988201503220724
6335 0.06671698709239689
6410 0.043860491702500316
6436 0.05242041549343605
6446 0.03917794945509849
6452 0.02444135463782948
6550 0.05509257972042703
6584 0.014892985427259281
6657 0.01772844782141181
6664 0.03108765828054417
6666 0.03425304598413663
6695 0.044072965043809885
6699 0.03738024917795218
6775 0.03556190305703357
6778 0.014354200379386223
6804 0.03556190305703357
6867 0.04151043702972582
7020 0.04183710530373064
7193 0.01651090021227342
7205 0.01904591827398655
7230 0.027295456323089225
7272 0.024016278991451555
7277 0.03108765828054417
7282 0.016149121669891138
7344 0.03528705665421149
7353 0.04346817234845717
7374 0.029561354384481632
7470 0.024124774761255786
7483 0.011653436173651428
7484 0.08379443972931179
7507 0.015377695742118653
7525 0.059382802613785715
7537 0.006260028408318111
7542 0.012129066429963137
7552 0.01462016390083344
7566 0.03528705665421149
7589 0.023394761769230565
7593 0.03354034920624753
7605 0.054337472693016566
7641 0.052048618135174536
7733 0.0423533536198116
7745 0.036738780565198706
7854 0.027423712336774743
7951 0.022962824589085728
7952 0.00866046741758128
8166 0.03474635464241764
8201 0.02597860775135608
8208 0.019585575873014703
8224 0.048715239803838524
8302 0.040424210763204675
8324 0.01449514575411064
8332 0.036432063681726384
8338 0.04183710530373064
8378 0.03738024917795218
8455 0.025537669301781748
8457 0.07612626145290584
8476 0.036738780565198706
8483 0.022878513453149597
8556 0.0518214736729918
8601 0.040424210763204675
8664 0.062426764199038205
8719 0.02850989507615229
8777 0.0330900262845935
8780 0.048679061888781655
8823 0.06965959609357018
8837 0.04151043702972582
8986 0.09701307343876138
9027 0.032566686471986295
9094 0.062426764199038205
9182 0.030906782225168527
9246 0.07915455909514034
9330 0.03164961289480755
9338 0.07748509210540037
9341 0.03159860992960977
9358 0.14224761222813428
9426 0.04612732819708931
9434 0.13219361677241528
9445 0.006489483422448785
9470 0.02597860775135608
9534 0.025323904625837487
9546 0.06461806303186483
9575 0.025770346251812546
9580 0.026206164727636358
9584 0.02230642864033718
9614 0.02271188022072983
9616 0.029097879203115205
9658 0.05349655159154333
9669 0.0370546545168118
9776 0.05510007304126292
9798 0.03204154627843118
9858 0.048679061888781655
9898 0.03703221661544845
9995 0.03501916914120042
10004 0.05272417833520994
10081 0.025646193243652658
10110 0.023753473801932993
10150 0.07476049835590436
10181 0.034010692931559304
10216 0.028227718578422396
10221 0.04134487741017048
10321 0.049817821180695644
10325 0.023306952206555254
10375 0.06671698709239689
10392 0.011451887383123607
10570 0.04346817234845717
10578 0.022629537458267197
10597 0.017936947012511775
10619 0.014775199518088299
10653 0.043227214442283717
10740 0.24970705679615282
10760 0.02055107729713206
10778 0.048679061888781655
10788 0.035844079554763465
10816 0.023483306148502317
10818 0.028799803391234814
10898 0.035353917419408555
10914 0.024219672182793608
10951 0.01774937861348867
10988 0.012531905390507522
11011 0.10217669396384467
11036 0.00844363623195717
11080 0.05817395885326832
11084 0.027684984662589243
11103 0.05152618805779487
11136 0.06708069841249506
11138 0.047758395241815854
11150 0.0938229280523627
11217 0.012885173125906273
11222 0.10160471365413669
11319 0.01989960086480256
11332 0.060233957055585874
11634 0.02684206807250348
11637 0.033206622412905076
11656 0.03528705665421149
11710 0.033312792229967254
11750 0.03145895923986696
11754 0.06951579363077184
11864 0.04346817234845717
11893 0.021577081946039453
11945 0.024412059147849666
11953 0.05617880598694818
11957 0.01737317732120882
11960 0.02543024714484194
11965 0.023937495685063717
11993 0.03501916914120042
12004 0.057847124559596015
12006 0.011198269584448287
12017 0.106923025351401
12030 0.023306952206555254
12084 0.0534615126757005
12119 0.044072965043809885
12131 0.04289608753564475
12138 0.0216883848579974
12177 0.012983601664305249
12204 0.00844363623195717
12216 0.040424210763204675
12265 0.006760574038000532
12270 0.016060577290619386
12271 0.3847021367905423
12279 0.04968753809842277
12336 0.08693634469691434
