134
110 0.06888286370866194
119 0.04582482057771859
222 0.10521694549212188
289 0.07041607969237773
374 0.11104634308838952
462 0.09080237793115951
479 0.06021038344203087
482 0.10074578859940139
638 0.07669245364383523
674 0.12506228547609466
711 0.03573672826174415
938 0.027692212407138816
952 0.0505086371488332
1029 0.05442704556075059
1073 0.12421634564625669
1205 0.03535503233593928
1524 0.026541935467532314
1549 0.0969654793109824
1577 0.08991051716732028
1702 0.06267851174189006
2042 0.19549550455224482
2080 0.034793401648671785
2167 0.10158875902548879
2227 0.052070982047642655
2325 0.10363423712398113
2373 0.023971353979736064
2677 0.04510980001122433
2705 0.09589090620990462
2781 0.04427841638816793
2841 0.057731156038945845
3285 0.05263911868826908
3340 0.08741445250428174
3389 0.08514913832931548
3897 0.07163236869918874
4105 0.034064025414043096
4320 0.03826716359356087
4431 0.040969726791640085
4624 0.009182675675065767
4873 0.07939005709507603
4882 0.08663586431207712
4907 0.05463399588728472
4994 0.1546293555596932
5196 0.07163236869918874
5219 0.07720875625393489
5235 0.0799671064990784
5425 0.03353088554398994
5471 0.07720875625393489
5598 0.07520572766107358
5802 0.022865719775396948
5842 0.03651841892319941
5845 0.04778774537070395
5942 0.12255357840014389
6008 0.018883037097572684
6010 0.04716686491274768
6014 0.07122019986831384
6023 0.07520572766107358
6036 0.08055806203793531
6162 0.05622285439864064
6360 0.06416075896139226
6410 0.033885021202053
6502 0.08178449099451199
6620 0.06607712510450417
6732 0.05169940723966982
6762 0.10690888997922429
6775 0.08242150000823471
6778 0.03326859996188497
7042 0.03602695020702846
7193 0.03826716359356087
7201 0.06888286370866194
7220 0.04049810709974895
7259 0.049921566103772554
7262 0.04927001232655117
7366 0.1716277283715972
7484 0.03884192251333134
7537 0.01450881103523204
7542 0.05622285439864064
7605 0.06296873368717437
7951 0.053220730173608906
7964 0.10690888997922429
8515 0.043606498517078755
8776 0.052258902263424445
8823 0.053816471246320205
8873 0.04826394418092768
8890 0.02948829067346599
8942 0.024635006163275585
9017 0.06021038344203087
9094 0.1446859448914513
9338 0.00997702749072178
9341 0.03661790574588538
9445 0.015040616839289546
9575 0.02986384882720555
9584 0.05169940723966982
9776 0.042568313093750136
9870 0.08055806203793531
9898 0.0286097441333964
10041 0.1446859448914513
10127 0.07426240104800122
10174 0.14670804120276487
10318 0.03058002038049103
10376 0.1716277283715972
10570 0.10074578859940139
10740 0.1446859448914513
10790 0.09816198334845974
10794 0.06851408280193495
10897 0.11546231207789169
10898 0.16387890716656034
10925 0.05484270751436609
10951 0.013712524581821867
10985 0.2874823995582648
10987 0.07773616299289031
10988 0.029045083402605518
11021 0.05820735484916956
11036 0.019569739072896535
11087 0.1599342129981568
11101 0.17319346811683756
11319 0.015373708115036652
11332 0.06980184783686748
11637 0.03848134371618478
11736 0.033885021202053
11771 0.08116361053655571
11893 0.010001801404952819
11929 0.0328375964574664
11945 0.05657960795935415
11953 0.1953076632607289
12006 0.025954127797001257
12024 0.047320617567855314
12029 0.053220730173608906
12052 0.12094533804827169
12091 0.19632396669691948
12186 0.036818098434416184
12227 0.07569135676103433
12265 0.01566892109893775
12270 0.22334072546703476
12336 0.10074578859940139
