150
150 0.05688337798057766
203 0.05224203241681423
207 0.07736976089053553
344 0.016828814305943043
404 0.06806356597664272
522 0.1169576096091688
594 0.03656505784141545
636 0.08210079982051847
711 0.0590226861095602
958 0.040122771696035064
979 0.053534938410488626
1178 0.04528903551705361
1205 0.11678455625112953
1262 0.12769271783468406
1274 0.06972900651828273
1420 0.22731096798161657
1487 0.06291495663120338
1524 0.02191829529505879
1587 0.14601636770416934
1632 0.03784207638113533
1724 0.09509927019808517
1782 0.06702480251033363
1929 0.03579242935006655
1979 0.06509463339309889
2080 0.02873234518213814
2134 0.10913650404196093
2162 0.0721867395611927
2281 0.08558101630305674
2356 0.020854982963343583
2373 0.019795512493538846
2455 0.05224203241681423
2541 0.045638207057528586
2761 0.10913650404196093
2806 0.05298756866645787
2807 0.09961825014693251
2900 0.04709840313967846
2938 0.09613511369500637
2976 0.0686036365864606
2977 0.09140699473441129
3085 0.06509463339309889
3112 0.046723365613211686
3609 0.04300014828308403
3624 0.06702480251033363
3658 0.08319573932189007
3680 0.25781516472569144
3725 0.04653841960037578
3748 0.09509927019808517
3803 0.3679480378084466
3814 0.04194593159385469
3819 0.04511668173074146
3891 0.1648337839071321
4081 0.028504371506545483
4101 0.09323834366059709
4146 0.07654305640536208
4429 0.05456640274258483
4431 0.033832746337414614
4624 0.030332165834861383
4708 0.04867212256805645
5005 0.08009470025799273
5112 0.049295293202783995
5425 0.11075904419359499
5472 0.054841936892995845
5842 0.03015686217180624
5928 0.09961825014693251
5995 0.11948146242216283
6014 0.058813547097812426
6023 0.062104790691378954
6035 0.10544422857828706
6214 0.032686131769335915
6230 0.04846858871761055
6232 0.06291495663120338
6251 0.0310794478868657
6258 0.032409342299063705
6289 0.057192566393248705
6360 0.0264919350548333
6436 0.033443283418009985
6563 0.06603673105460885
6584 0.08551311451963646
6619 0.08828522031100582
6666 0.06555848407502898
6778 0.0274731659607027
6917 0.14172995167855978
7201 0.11376675596115532
7206 0.05688337798057766
7230 0.05224203241681423
7272 0.022982931861471583
7394 0.055691772674406954
7472 0.11948146242216283
7484 0.032075608371379294
7507 0.02943208092755368
7537 0.035944071038763965
7542 0.023214379496701267
7554 0.03820479857293847
7580 0.0428461441367019
7823 0.06333252704665976
7833 0.030739079410060894
7839 0.06652474135901039
7860 0.09723297316576583
7986 0.046173518779378524
8005 0.13612713195328544
8098 0.029831530715112325
8107 0.14707467288169956
8166 0.09975397539295641
8224 0.0310794478868657
8252 0.0728697910319364
8324 0.04161439171830949
8371 0.09723297316576583
8457 0.07285078094168819
8876 0.10544422857828706
8942 0.02034355559121812
9182 0.05915391557461722
9246 0.0757487801859718
9444 0.04826708011319406
9445 0.04968208617742254
9563 0.03725161334057703
9578 0.03547011834004385
9675 0.030075038029565414
9715 0.07498448390936886
9813 0.06375888906097545
10318 0.01262647024457623
10521 0.07092061182445343
10576 0.049721655217099675
10615 0.09140699473441129
10639 0.11365548399080828
10897 0.047674312498220274
10925 0.04528903551705361
10938 0.07353733644084978
10985 0.04748051726188575
11036 0.016160664710065914
11080 0.027835455544812274
11150 0.1795720280596951
11217 0.024661526965220344
11222 0.09723297316576583
11300 0.036341282662293584
11319 0.038086763641364214
11332 0.03842818257421941
11497 0.021647187529348147
11736 0.05596441161530538
11893 0.004129737202934122
11957 0.03325132513098547
12006 0.02143288449616809
12017 0.1023224541548816
12021 0.030075038029565414
12098 0.08245032686427635
12177 0.07454974164984442
12191 0.07913186723697466
12265 0.012939374373116317
12270 0.12295631764024358
12271 0.0866234303232566
12275 0.038327164187854576
