224
15 0.05193886799628559
119 0.05864917273160528
133 0.05274382670612547
210 0.02614167931057433
303 0.05044314111256808
330 0.033083898933968896
344 0.05216394719764328
462 0.05810698526023786
485 0.0867649625446103
496 0.02699859586876066
522 0.045316402429646505
571 0.06616779786793779
576 0.032733849010190386
628 0.02699859586876066
674 0.060023144858721005
711 0.022868933497849603
724 0.05044314111256808
887 0.02765257608841081
929 0.06281660292937472
956 0.030580716927707405
965 0.030681638524676397
979 0.062227951336289736
1023 0.07480626301521194
1174 0.04481012451672298
1178 0.03509538483215484
1205 0.09049870233033547
1208 0.09276151935496757
1394 0.07534778722196867
1413 0.029232000526491296
1595 0.04010973545958042
1632 0.02932458636580264
1665 0.06447005228887955
1702 0.04010973545958042
1759 0.027240656003160946
1887 0.055440716479984685
1914 0.10310272109790902
1929 0.027736273642773777
1931 0.08807392127925207
1973 0.05698556157044805
2005 0.07534778722196867
2042 0.08340203314992631
2086 0.03380833159178369
2100 0.04106113306319646
2105 0.03564129219604708
2134 0.08457207279555297
2137 0.08807392127925207
2162 0.05593895687455374
2174 0.04361158394327951
2269 0.058699253822527345
2318 0.05448931887636864
2455 0.04048340202324723
2476 0.07083311931752125
2630 0.013073921238033812
2670 0.041258535090449536
2677 0.0288670246756281
2806 0.08212226612639292
2807 0.1543923726923259
2938 0.07449703382927562
3080 0.05117319154536467
3085 0.15132942333770424
3112 0.036206876082218106
3175 0.04907764945134299
3239 0.021345257801323514
3270 0.02765257608841081
3286 0.05193886799628559
3456 0.04722925032714873
3520 0.03938807938603403
3609 0.033321680062413817
3623 0.048754065734938914
3680 0.02497326979453575
3709 0.04384408085115347
3725 0.10819067308733957
3803 0.10692387658814123
3819 0.03496182441540395
3891 0.025546603117139664
3918 0.014236916486554804
4059 0.027404128879709257
4101 0.07225226844694448
4143 0.1044881733126362
4146 0.059314754445675626
4198 0.04048340202324723
4313 0.1098293911454303
4320 0.048976459902138995
4391 0.06281660292937472
4431 0.026217675847681438
4552 0.027322179585164738
4554 0.045316402429646505
4624 0.011752502792495486
4676 0.029700490667138167
4731 0.06841399350709548
4790 0.04010973545958042
4941 0.03861132639403643
4972 0.024903053774738986
5081 0.32948817343629094
5112 0.038199914518253865
5247 0.03803728866662786
5401 0.034698066034554775
5425 0.21457352951092104
5690 0.07534778722196867
5741 0.185177178367399
5796 0.05593895687455374
5842 0.02336915924940076
5845 0.030580716927707405
6014 0.045575800967643895
6055 0.028422426832279364
6186 0.04029545661227554
6196 0.06536705380945777
6232 0.048754065734938914
6289 0.044319670405739135
6410 0.02168397427899164
6548 0.05155136054895451
6584 0.044177221969950435
6638 0.02913995771575296
6666 0.02540129416930804
6699 0.055440716479984685
6869 0.04694129262886898
7016 0.2093447471755426
7042 0.023054654650544723
7061 0.07534778722196867
7150 0.029988448365417912
7176 0.018727932157068982
7193 0.024488229951069498
7272 0.017809936313300696
7344 0.05233618679388565
7472 0.0925885891836995
7484 0.03728405142659172
7537 0.018569189225572057
7554 0.029605667090158112
7566 0.05233618679388565
7593 0.09949109660189367
7839 0.05155136054895451
7844 0.05155136054895451
7854 0.040673625615865384
7951 0.06811487219159656
7986 0.0357807887078281
8098 0.023117053357978562
8119 0.05810698526023786
8128 0.059314754445675626
8166 0.025767120856694203
8169 0.03853031102149993
8208 0.029048451600838757
8324 0.05374638236518886
8378 0.055440716479984685
8403 0.05403441009030727
8457 0.11290707180146606
8515 0.027905019937952226
8556 0.025619765274098358
8664 0.0925885891836995
8777 0.04907764945134299
8823 0.06887733499311477
8837 0.061566426680822996
8876 0.08171085425061037
8903 0.06631845141307381
8986 0.02877709174042993
9017 0.07706062204299986
9182 0.04583955934849307
9273 0.022868933497849603
9338 0.031922896875226994
9358 0.05274382670612547
9365 0.1098293911454303
9426 0.06841399350709548
9445 0.019249824088264884
9470 0.03853031102149993
9545 0.1098293911454303
9546 0.03194620858893249
9575 0.05733214029698635
9584 0.033083898933968896
9614 0.06737049322761286
9658 0.07934369659560704
9675 0.04661150415057273
9776 0.027240656003160946
9821 0.027569322554992157
9898 0.018308176707869758
9922 0.040673625615865384
9932 0.07219861097874633
10116 0.03853031102149993
10167 0.03320233915083726
10181 0.05044314111256808
10280 0.048754065734938914
10392 0.016984928017626758
10472 0.07929172844018462
10576 0.03853031102149993
10578 0.06712623901057238
10619 0.021913916183862514
10643 0.045316402429646505
10653 0.032056337140840885
10778 0.07219861097874633
10845 0.029232000526491296
10898 0.026217675847681438
10951 0.017550057210190022
10979 0.032849666910360516
11036 0.0125232242344755
11067 0.13652145656989897
11071 0.03740313150760597
11080 0.04314050909543765
11103 0.025473780460970475
11136 0.04974554830094684
11187 0.04694129262886898
11221 0.07369433786246384
11300 0.02816159111728165
11319 0.009838066482277493
11629 0.019956513425451516
11634 0.05971643522196713
11637 0.04925057962261105
11710 0.049408045954589065
11736 0.04336794855798328
11780 0.045316402429646505
11828 0.030681638524676397
11893 0.01600108224186675
11929 0.042027395687417625
11993 0.05193886799628559
12006 0.03321754684631801
12024 0.03028178876114164
12098 0.03194620858893249
12119 0.06536705380945777
12129 0.041866091773036344
12177 0.01925669824545666
12184 0.0925885891836995
12186 0.0706827976904048
12216 0.05995538438443212
12270 0.11910165550732822
12271 0.2685049560422895
12274 0.04384408085115347
12336 0.1289401045777591
