284
15 0.04404166860887387
29 0.032814179056950124
39 0.09313005529283679
41 0.04055035407110261
50 0.04307928839422588
70 0.04701106814312233
79 0.08663721633130216
103 0.05884459113633243
111 0.02953365292771239
119 0.04973168513827998
120 0.06723558217782434
178 0.08436367743685558
188 0.037580954536854144
303 0.04277336395990113
337 0.029645950022918737
344 0.011058131243704127
347 0.03432798297019443
374 0.09038532558239439
390 0.023879678386033044
411 0.0502960665045683
450 0.025265486021969347
496 0.022893514202926103
513 0.08268221812562376
522 0.03842613548095789
524 0.07281206723430161
547 0.047180763254014456
576 0.027756733752896168
597 0.062489263468759645
636 0.053948032411752146
673 0.05709368785799488
674 0.10179349518819984
819 0.047869890428051995
887 0.023448058058457386
919 0.13447116435564868
929 0.05326546603881676
938 0.015026576982211083
959 0.04743355209765777
979 0.01758877257495612
1020 0.04927193617071382
1073 0.06740329926912005
1122 0.030701694112579617
1178 0.1190368113982923
1184 0.04689611611691477
1205 0.07673855845011475
1232 0.08059375465023888
1274 0.13745576335107026
1444 0.04660158577907925
1464 0.053948032411752146
1587 0.09594663821511479
1622 0.02380676244025024
1649 0.06006308739224335
1664 0.028153990919193475
1759 0.023098769585531653
1895 0.021477896682636725
1971 0.019184639612528687
2035 0.07851068225212914
2042 0.14144184680952437
2049 0.033855490964282996
2161 0.041895652918343164
2174 0.03698053118283906
2249 0.05326546603881676
2286 0.07851068225212914
2356 0.013703706898258734
2392 0.03698053118283906
2409 0.053948032411752146
2483 0.052616209137116676
2489 0.05623486557306522
2544 0.06545866300300812
2578 0.12965490515197473
2630 0.01108605806782661
2678 0.04277336395990113
2694 0.04004813874077093
2806 0.1392714847157239
2816 0.06928688482218624
2828 0.04187911494087886
2829 0.04927193617071382
2832 0.03339920191529367
2851 0.03909722524532479
2853 0.032253796181224086
2855 0.05709368785799488
2895 0.023167897672471786
2936 0.03567669346386065
2938 0.03158495557207429
2950 0.050839289962300464
3019 0.04832102267526768
3055 0.037177677408088035
3085 0.1283200918797034
3191 0.050839289962300464
3269 0.023952996074590963
3270 0.023448058058457386
3285 0.028563473283236555
3286 0.04404166860887387
3400 0.029645950022918737
3456 0.04004813874077093
3472 0.027756733752896168
3484 0.037177677408088035
3609 0.02825518628755444
3652 0.04307928839422588
3677 0.04307928839422588
3680 0.06352840453413038
3753 0.047869890428051995
3759 0.02178666057644315
3803 0.060444212215122015
3820 0.03820975466771489
3890 0.03799683609640902
3892 0.04307928839422588
3945 0.06389130921142147
4048 0.01458296501030735
4081 0.018730082548202256
4101 0.020422152592975848
4105 0.018484102775268282
4146 0.3520724655319781
4267 0.05623486557306522
4289 0.03325051738734433
4297 0.062398429485964864
4320 0.020764844324293544
4391 0.05326546603881676
4429 0.03585531529759824
4431 0.022231331484949546
4503 0.047869890428051995
4552 0.023167897672471786
4596 0.03267185548840027
4624 0.009965558613040375
4630 0.13857376964437249
4658 0.051997161389844025
4708 0.06396442547674319
4861 0.006616569216182938
4869 0.03980396442565266
4931 0.027756733752896168
4941 0.0163702763190452
5005 0.07017311232003988
5112 0.06478339020482936
5181 0.02756246567772013
5310 0.032814179056950124
5329 0.09573978085610399
5337 0.028985957237771996
5340 0.03310347581597594
5371 0.04832102267526768
5401 0.029422295568166217
5425 0.09097403008121231
5461 0.03698053118283906
5500 0.04660158577907925
5802 0.012407585692578793
5807 0.029988641754236434
5942 0.06650103477468866
5998 0.029988641754236434
6008 0.030739408585296998
6023 0.08161750600403436
6055 0.04820170912068137
6057 0.01718481527921344
6066 0.022038935938702275
6068 0.022961581496146483
6074 0.05797191447554399
6143 0.053948032411752146
6162 0.015254054774674246
6186 0.0341686142772309
6198 0.032253796181224086
6214 0.021477896682636725
6258 0.021296019680876445
6289 0.037580954536854144
6360 0.01740772043771247
6436 0.043950834626079086
6666 0.021539078982645322
6695 0.11085625208544969
6699 0.09402213628624466
6747 0.0245545505541803
6772 0.05512493135544026
6867 0.026102688274831566
6868 0.07960792885130533
6982 0.02746638492233482
7006 0.053948032411752146
7017 0.045079112727541136
7025 0.021849282465233655
7042 0.03909848247304648
7102 0.029093707841147468
7150 0.02542876570006327
7193 0.08305937729717418
7205 0.023952996074590963
7272 0.01510197167007246
7380 0.062489263468759645
7467 0.037177677408088035
7484 0.08430689902308973
7507 0.019339675853293666
7537 0.031491563438255994
7580 0.028153990919193475
7593 0.08436367743685558
7605 0.0341686142772309
7743 0.062489263468759645
7854 0.03448928345191223
8040 0.0502960665045683
8041 0.06928688482218624
8092 0.021539078982645322
8112 0.02825518628755444
8166 0.04369856493046731
8208 0.02463169353434011
8224 0.040844305185951696
8265 0.048787987317938555
8312 0.028563473283236555
8324 0.018229741635668702
8455 0.03211731163286899
8635 0.06389130921142147
8708 0.024944816847288005
8776 0.02835715710691125
8817 0.04544371435153569
8837 0.0783080648244947
8838 0.04743355209765777
8942 0.013367650483363903
9000 0.026812570004899006
9027 0.020478658524208923
9330 0.03980396442565266
9338 0.08120725572886271
9341 0.07947964164481831
9358 0.13417270494542777
9434 0.099751552162033
9444 0.03171606133021454
9445 0.01632292743336473
9470 0.03267185548840027
9546 0.05417770491587703
9628 0.07912837977599133
9658 0.022426549560255228
9671 0.027182236187207918
9715 0.04927193617071382
9776 0.06929630875659495
9789 0.04307928839422588
9849 0.025845951176802117
9888 0.041895652918343164
9898 0.015524455624607901
9929 0.0502960665045683
10004 0.04420551842243365
10097 0.06545866300300812
10105 0.03034039245805277
10122 0.051997161389844025
10150 0.04701106814312233
10153 0.05326546603881676
10181 0.04277336395990113
10392 0.014402404210106986
10426 0.037177677408088035
10446 0.06928688482218624
10493 0.04927193617071382
10576 0.03267185548840027
10578 0.02845991535351823
10653 0.054364472374415836
10778 0.061220958819786904
10822 0.05709368785799488
10845 0.02478733421864771
10876 0.04437857589028073
10898 0.022231331484949546
10951 0.007440803328378689
10963 0.02727627987763551
11011 0.08566797757653698
11036 0.010619093425155737
11061 0.06723558217782434
11080 0.03658108230882605
11095 0.041895652918343164
11103 0.021600543880885142
11116 0.037787270713179444
11162 0.11799589786197676
11319 0.02502662536631649
11512 0.061220958819786904
11634 0.03375778168977736
11736 0.03677394006303685
11828 0.05203311540704706
11893 0.01899541026080971
11929 0.017818607766842676
11930 0.02282579330964353
11957 0.021849282465233655
11960 0.031982212738371596
11966 0.08390625786289391
12004 0.024250374412153972
12006 0.014083443157732129
12021 0.039524319615658214
12083 0.0360363674348419
12119 0.055428126042724846
12129 0.03550043755186637
12137 0.03158495557207429
12156 0.03842613548095789
12159 0.043713080881855125
12177 0.032657512777834775
12204 0.010619093425155737
12205 0.03184847164468252
12265 0.008502399362670008
12270 0.020198498138223324
12271 0.31305906888870055
12279 0.062489263468759645
