274
90 0.037810305599399976
105 0.030901657828814703
119 0.2362038857415484
129 0.040630976993737085
132 0.05697320483523739
201 0.05653731081177061
203 0.032608599305187606
210 0.021056618347285224
262 0.02928044433964713
264 0.06812117303322768
344 0.010504263274169335
374 0.10016790127561487
390 0.045367236677028105
404 0.04248413485345574
435 0.06348148751045096
450 0.04800003021771193
456 0.036060020052468375
462 0.04680405560025499
493 0.021941822871196497
496 0.021746848102873268
522 0.03650148789206042
571 0.02664844232141391
587 0.06622049135838519
594 0.022823295047341385
638 0.03953109980431772
641 0.03372232922315181
674 0.04834748518939489
696 0.044656427536653
711 0.018420484734463147
776 0.07094184442756479
784 0.05192938333259028
887 0.022273616552912236
942 0.028486602417618696
956 0.024632177507916665
1178 0.11307462162354122
1232 0.07655705999889555
1335 0.036093690800548445
1487 0.03927045936348112
1524 0.013681031837102012
1536 0.019399269436597942
1702 0.032307618097102364
1726 0.037810305599399976
1742 0.025643966441678497
1759 0.021941822871196497
1782 0.08367151228463178
1996 0.04777689037828271
2002 0.05903344873828769
2042 0.08397341083952754
2086 0.08169587655358031
2094 0.04248413485345574
2100 0.06614790102402393
2110 0.13488931689260725
2113 0.045057750562193966
2167 0.026181946079620513
2172 0.03876476738940811
2227 0.026839970432992657
2269 0.1418433495025794
2270 0.07094184442756479
2278 0.022683618338514053
2356 0.013017330136438346
2458 0.04183575614231589
2476 0.057054711064925566
2658 0.035698639476218784
2677 0.04650366292042251
2681 0.03953109980431772
2693 0.06218003879726086
2704 0.02784372082051724
2705 0.12356733953624506
2783 0.043890095121743404
2806 0.033073950512011965
2812 0.04248413485345574
2814 0.05341823316695693
2828 0.019890759086380418
2841 0.02975750524025196
2900 0.029398032290215023
2933 0.03494375170992444
2938 0.030002961759104177
2967 0.057054711064925566
3060 0.04728111650085981
3080 0.04121901853288374
3112 0.029163940164407383
3152 0.028597001490816527
3400 0.05632215013380373
3429 0.03901508474797879
3454 0.04777689037828271
3463 0.06812117303322768
3481 0.043890095121743404
3484 0.035315561265293935
3591 0.015789600909298204
3680 0.02011548702361357
3687 0.08778019024348681
3688 0.04680405560025499
3723 0.04034690630794924
3803 0.02870837325560285
3807 0.07094184442756479
3891 0.020577295953959077
3939 0.04121901853288374
3996 0.057054711064925566
4013 0.08126195398747417
4030 0.03650148789206042
4048 0.013852548899117273
4059 0.02207349711946173
4081 0.017791950004686082
4146 0.04777689037828271
4191 0.08367151228463178
4314 0.059359367402923746
4317 0.06711418018399837
4382 0.05697320483523739
4431 0.02111783209176461
4552 0.022007488543709857
4596 0.031035422183216158
4623 0.044656427536653
4624 0.004733207132314569
4708 0.0911409645871995
4731 0.05510615189552295
4772 0.02111783209176461
4790 0.032307618097102364
4827 0.015829921879792753
5013 0.02753413930158612
5069 0.03405943222809524
5112 0.030769294174013785
5119 0.049392782624041016
5247 0.03063830218798227
5288 0.11871873480584749
5347 0.05341823316695693
5368 0.02904849996909605
5423 0.043890095121743404
5425 0.08641741918457767
5433 0.026273878219611184
5562 0.07094184442756479
5622 0.026459772945310024
5716 0.07094184442756479
5762 0.049392782624041016
5833 0.03804224996995106
5842 0.01882340692675077
5845 0.024632177507916665
5938 0.04006907944225973
5971 0.03827852999944777
5993 0.10683646633391386
6008 0.009733255211515622
6055 0.022893716474781316
6074 0.02753413930158612
6125 0.029516724369143845
6162 0.01449002582990733
6209 0.024155116607311837
6230 0.060506558235349714
6232 0.03927045936348112
6244 0.11410942212985113
6289 0.035698639476218784
6401 0.05265190075204733
6410 0.017466022944455015
6437 0.03186917136343315
6452 0.014599469054979478
6464 0.08846545568817264
6469 0.057054711064925566
6484 0.03692288069720579
6584 0.035583900009372164
6778 0.017148288820576944
6966 0.04352367487088192
7193 0.039449593574629536
7220 0.041749471755877544
7229 0.07218738160109689
7235 0.04248413485345574
7259 0.02573205469733604
7356 0.04034690630794924
7467 0.035315561265293935
7484 0.11011580845076088
7537 0.0074785618379005605
7554 0.023846793674883682
7559 0.04547223404028453
7677 0.13163303339045898
7745 0.043890095121743404
7788 0.05341823316695693
7833 0.019186817149372745
7866 0.056042922131163735
7951 0.109730430893351
7952 0.010346253547578682
7964 0.05510615189552295
7971 0.04092157860890404
7984 0.035315561265293935
8092 0.020460252399848212
8098 0.018620340494953785
8156 0.022206557437909225
8206 0.08846545568817264
8208 0.30417357552785046
8383 0.045057750562193966
8455 0.061017307466354385
8475 0.04680405560025499
8556 0.06190867997973328
8582 0.03827852999944777
8786 0.032608599305187606
8823 0.13869841130878247
8837 0.024795284461695252
8950 0.055897245559353353
8957 0.06711418018399837
8986 0.06953817664781087
9017 0.031035422183216158
9042 0.11629430216822431
9117 0.11207642136336136
9151 0.031445423968817984
9233 0.05059756177261982
9331 0.07970365005786872
9332 0.08243803706576748
9338 0.056569210635710604
9445 0.007752680963288624
9528 0.06386795752582689
9575 0.10775317683905536
9613 0.1107686420916174
9614 0.0542656325520903
9618 0.054663770340489026
9628 0.0375825406349151
9656 0.022273616552912236
9658 0.021303272290808643
9663 0.04215578876852452
9675 0.01877233367128219
9776 0.10970911435598249
9807 0.07094184442756479
9858 0.05815458825434494
9898 0.05898753251346509
10004 0.02099569960994803
10105 0.02882073500461117
10218 0.022545468181651877
10299 0.10249188096751934
10318 0.007881230683355719
10325 0.02784372082051724
10420 0.04621473146625846
10450 0.05192938333259028
10464 0.04426745489170572
10476 0.032159772978600114
10530 0.08431157753704904
10576 0.031035422183216158
10618 0.037810305599399976
10651 0.07970365005786872
10653 0.051641522242494464
10679 0.049980824163187665
10745 0.059359367402923746
10749 0.014672961201135364
10897 0.05951501048050392
10898 0.02111783209176461
10951 0.0282724649979553
10979 0.026459772945310024
10985 0.0889096245247281
11003 0.05124594048375967
11011 0.10172141327472481
11021 0.060005923518208354
11036 0.04034886206811636
11080 0.017374423894848477
11103 0.0205186387093432
11154 0.03440577207198242
11319 0.015848745501880677
11332 0.011993113108535989
11419 0.05510615189552295
11497 0.013511810922608308
11634 0.06413391532556531
11753 0.07970365005786872
11818 0.03650148789206042
11828 0.14828080744349406
11892 0.06646590807318599
11893 0.023199413481964096
11929 0.016926128207118064
11946 0.06581651669522949
11953 0.10067127027599755
11957 0.020754918738839914
12006 0.02675609313641371
12024 0.024391396636808553
12051 0.042856855805309436
12098 0.02573205469733604
12180 0.10364037780352349
12186 0.07591150652581026
12204 0.04034886206811636
12270 0.17268135434435472
12271 0.08110333573879447
12275 0.02392317223676076
12336 0.05192938333259028
