85
84 0.07553798757772062
114 0.1461492337664443
193 0.10102125523714496
203 0.09177312528684053
338 0.11864258406229411
485 0.3933805648814812
493 0.061752718678095155
547 0.06306700427168888
711 0.05184232041243435
979 0.09404436203343002
1073 0.18019734611096272
1133 0.11600615275177267
1178 0.07955885593166567
1205 0.1538658128797283
1208 0.10514203490942534
1986 0.1317245925939271
2042 0.09453337485137904
2578 0.06932441014607162
2630 0.02963769228384927
2828 0.055980237255831726
2938 0.08443986025663214
3035 0.18523296189707275
3055 0.09939155614265556
3269 0.06403642508379469
3342 0.08079639088173537
3400 0.07925608352995883
3560 0.1461492337664443
3609 0.07553798757772062
3803 0.08079639088173537
3918 0.032274123594370735
3988 0.11956667608194253
4101 0.10919399314369517
4146 0.13446252338119433
4431 0.05943369208243351
5224 0.04690055511203603
5425 0.04864236309917168
5627 0.07955885593166567
5766 0.11864258406229411
5942 0.17778521392827046
5971 0.10773048840759442
5972 0.18523296189707275
6186 0.09134706579366142
6258 0.05693321055248199
6289 0.10046968539061353
6410 0.04915609827157768
6558 0.12458562374556732
6563 0.11600615275177267
6666 0.11516602043025698
7025 0.05841231449137191
7262 0.0357373476812087
7484 0.05634694305596718
7605 0.09134706579366142
7733 0.14240097626728088
8051 0.1224923410382033
8385 0.08514434946497183
8483 0.0769224246211442
8556 0.05807826938479914
8719 0.0958563264804316
8918 0.1605738749389615
9025 0.13446252338119433
9434 0.08889260696413523
9445 0.06545706744658628
9534 0.17028869892994367
9618 0.0769224246211442
9798 0.10773048840759442
9998 0.13306722523481132
10004 0.05908996436047758
10181 0.11435117795997328
10428 0.08443986025663214
10578 0.07608531441125076
10653 0.07266954103744108
10788 0.12051541343854286
10898 0.05943369208243351
10925 0.07955885593166567
11106 0.063451608476665
11319 0.04460445825871323
11332 0.03375322753326067
11629 0.04524006173766649
11637 0.055823860993202835
12017 0.17974896784051236
12051 0.060307828012027116
12129 0.09490758912383128
12177 0.04365362821228192
12270 0.05399907422042994
12271 0.07608531441125076
