24
236 0.1513073972378268
594 0.14898291283193668
887 0.14539479362954888
1184 0.43618438088864664
2042 0.10963012414601425
2080 0.11706882828663667
2730 0.31187172053133644
3141 0.3152400959564907
3342 0.18739875471155526
3680 0.1313072386609693
3887 0.2814056525023341
4001 0.2652255641079963
4048 0.0904248523649408
4105 0.22922941437089822
4941 0.1015074656132464
5802 0.15387187772360197
7952 0.06753691731271665
8776 0.17583473203628286
9341 0.24641541883530943
10597 0.1398776819790764
11067 0.10254538797255032
11332 0.07828707121939914
12205 0.19748338863076811
12274 0.2305282902702996
