53
230 0.08917203763627184
344 0.03827718031348329
547 0.08165695191173832
619 0.13694950773548822
678 0.1280062995255038
937 0.10843534325358213
1543 0.09005504170705951
1575 0.08888142488399707
1612 0.2587627715440032
1637 0.19465423605550258
1664 0.09745366221545758
1729 0.11827298672151847
1958 0.06432050994654495
2419 0.11772786830685522
2578 0.08975882223961235
2841 0.10843534325358213
3361 0.05783109868306833
3784 0.17597771504153284
3814 0.09540612653073301
3880 0.15244808128030995
3985 0.15481075138767042
4170 0.12052035772376593
4440 0.1293813857720016
4453 0.24337309159231277
4861 0.022902930645598105
5425 0.06298043089776857
5622 0.0964185182384007
5802 0.04294825087016676
6055 0.08342392899708284
6584 0.06483326442631493
6646 0.12868871153940298
6664 0.13533313246975687
6872 0.38606613461820893
6932 0.07672960551676325
7021 0.41581087719615367
7312 0.07877714120148782
7510 0.22115664114065112
7861 0.09474335296029561
8100 0.09996349528646878
8324 0.0631013588352899
8950 0.10184383670979619
9445 0.02825050737965007
9614 0.0988710653858705
9658 0.15525680829948504
10110 0.10340540891321286
10749 0.05346777465200352
10981 0.08975882223961235
11067 0.05724431407972781
11136 0.1460103711012468
11319 0.028876146450449988
11764 0.11458606204665583
11893 0.009393097617589491
12265 0.02943063943896098
