247
159 0.03340597870730845
237 0.04817219794844196
262 0.03013634914022566
344 0.010811316311295841
374 0.01472799100250444
390 0.07004006845833168
425 0.055819369946672054
450 0.02470156621605049
505 0.03615513427777777
587 0.022718733644254554
619 0.03868112631804989
704 0.0534473455591834
744 0.024465726861170888
782 0.07675834197814115
826 0.0354114967509671
913 0.03437013193387736
938 0.014691187258535675
965 0.0254358741513413
1023 0.062016332349940445
1064 0.03615513427777777
1106 0.03822458421822806
1162 0.041240349831860854
1174 0.03714875550067515
1224 0.048663203948726946
1274 0.04479592749890525
1340 0.05985452117493809
1413 0.024234086650416837
1450 0.03325201105452499
1506 0.09105141399299073
1543 0.0254358741513413
1565 0.09105141399299073
1577 0.14309715216647412
1611 0.07301556518477444
1612 0.32889172280382317
1615 0.06774041757403299
1637 0.16493914912967442
1664 0.02752560035187221
1706 0.0396452795446188
1742 0.02639357234685896
1854 0.04517305868188592
1895 0.041997029989949024
1935 0.18210282798598146
1958 0.054501614745979136
1971 0.018756442892405703
2080 0.036916976619051876
2356 0.013397843328972344
2419 0.06650402210904997
2601 0.09105141399299073
2622 0.07783109828693802
2647 0.05768112835283509
2661 0.08203348958888258
2679 0.03126837714523891
2841 0.030627355140510657
2895 0.022650795553492253
3171 0.0534473455591834
3204 0.08203348958888258
3264 0.18210282798598146
3361 0.016334283125661066
3396 0.09105141399299073
3420 0.04096055163265991
3561 0.03714875550067515
3577 0.1535166839562823
3595 0.03325201105452499
3729 0.050258274235969
3759 0.04260077470013216
3770 0.05497971637655814
3880 0.0430586687491972
3887 0.022184910462377038
3918 0.01180277304173029
3939 0.0424239031114166
3977 0.04041838506775794
4018 0.05985452117493809
4081 0.05493609430994596
4170 0.03404074434508905
4320 0.020301377800391776
4440 0.036543524755980356
4448 0.06907601342464341
4453 0.2405909235371415
4482 0.05768112835283509
4547 0.030627355140510657
4570 0.03404074434508905
4581 0.05671697512626618
4624 0.00974312964911496
4662 0.05083659677082995
4676 0.024622477128619424
4735 0.07011244196152164
4772 0.021735133306715042
4827 0.016292650722720584
4861 0.01940666676364431
4883 0.03800218367749341
4905 0.06360990554231259
4965 0.03822458421822806
4982 0.06774041757403299
5018 0.03822458421822806
5236 0.04680144554256391
5252 0.03420439574585732
5425 0.0355774043062224
5556 0.03868112631804989
5563 0.055819369946672054
5598 0.07979582214228895
5622 0.027233225916972872
5627 0.029094984323135918
5718 0.05671697512626618
5943 0.04596179197244999
6034 0.027427410340008982
6055 0.02356292905934981
6057 0.016801254175794377
6074 0.05667799474918818
6125 0.030379535936886876
6150 0.0273299558407568
6186 0.03340597870730845
6251 0.019966334869277118
6258 0.020820697445838438
6270 0.06774041757403299
6280 0.025862473511094827
6289 0.07348431264273203
6374 0.18210282798598146
6403 0.040686644361708546
6436 0.021484931079947513
6452 0.015026230189650333
6463 0.10288365503104949
6479 0.07675834197814115
6484 0.03800218367749341
6493 0.04817219794844196
6587 0.04680144554256391
6646 0.03634788024486495
6657 0.021798442992797703
6664 0.03822458421822806
6872 0.10904364073459484
6873 0.06774041757403299
6896 0.05671697512626618
6932 0.021672130206269825
7021 0.23488997267969935
7025 0.021361611532778726
7150 0.04972240305896843
7176 0.03105188303935855
7205 0.023418370740812974
7254 0.03387912593359236
7262 0.013069287615552263
7282 0.019856544219269523
7312 0.022250452741130765
7405 0.043726000398517234
7408 0.04442942115507525
7416 0.07011244196152164
7483 0.01432876508200241
7484 0.010303148566377793
7510 0.06246526996329154
7537 0.01539433951202498
7624 0.05872249316992484
7758 0.046374846182810375
7854 0.03371949062015864
7866 0.05768112835283509
8110 0.052743924802625373
8112 0.027624537063010577
8224 0.019966334869277118
8273 0.05207659315330535
8281 0.07301556518477444
8324 0.017822858017589944
8380 0.03126837714523891
8385 0.031137621121836268
8386 0.18210282798598146
8473 0.024622477128619424
8535 0.06573489953037434
8548 0.09105141399299073
8564 0.05768112835283509
8586 0.03087998666703632
8621 0.04769905072215804
8672 0.03915427354433381
8682 0.03714875550067515
8753 0.02772423191725787
8789 0.09105141399299073
8890 0.015644037170043517
8896 0.03915427354433381
8936 0.0418186723667218
8950 0.02876559673434761
9017 0.03194262722855176
9033 0.05671697512626618
9090 0.09105141399299073
9154 0.07301556518477444
9169 0.04096055163265991
9175 0.08137328872341709
9288 0.09105141399299073
9332 0.0424239031114166
9338 0.026464909519465903
9549 0.034538006712321705
9580 0.032222425427752714
9613 0.07600436735498682
9614 0.055851886328467396
9656 0.022924702824443616
9675 0.019321072970485943
9813 0.04096055163265991
9849 0.025269075522847274
9860 0.05497971637655814
9865 0.027427410340008982
9944 0.0534473455591834
9995 0.0861173374983944
10060 0.07675834197814115
10084 0.09105141399299073
10110 0.05841331962823983
10141 0.02833899737459409
10178 0.06573489953037434
10266 0.0742975110013503
10298 0.027824696623561178
10318 0.03244643650529103
10334 0.0260371085468058
10338 0.07301556518477444
10364 0.02713720987366962
10398 0.09105141399299073
10420 0.023782823558505504
10480 0.05671697512626618
10715 0.09105141399299073
10749 0.015101870605141546
10751 0.09105141399299073
10818 0.0708229935019342
10951 0.007274726318612438
10981 0.050704415059538425
10988 0.015408908213395864
11011 0.02093897203146908
11028 0.08203348958888258
11036 0.01038207771533955
11050 0.08203348958888258
11067 0.01616854693764102
11087 0.0848478062228332
11187 0.03891554914346901
11217 0.015843277125376067
11263 0.07011244196152164
11300 0.023346689486110555
11319 0.008156012291666834
11332 0.01234368712867058
11524 0.04817219794844196
11629 0.016544467257870857
11764 0.03236461389021871
11768 0.030627355140510657
11780 0.03756847302222699
11875 0.023275401007377405
11893 0.00795918732688369
11960 0.03126837714523891
12006 0.027538207925880007
12024 0.025104388326145432
12078 0.027824696623561178
12087 0.04152629793182246
12089 0.055249074126021154
12103 0.09274969236562075
12118 0.10995943275311627
12180 0.02666747961781032
12232 0.03756847302222699
12265 0.008312627774889258
