125
8 0.12684130231353585
76 0.041272985437743055
110 0.11468118440172521
289 0.058616896752455114
493 0.10630621973460841
513 0.06342065115676793
570 0.10041895647247161
638 0.0638415778977221
674 0.05205318946612583
882 0.14286914122123887
952 0.02102261004726776
979 0.08094785807926848
1122 0.0941978324421503
1178 0.22826528670998078
1184 0.03597124373634111
1444 0.07149065378378504
1450 0.052175864765865596
1487 0.06342065115676793
1632 0.038146241430061775
1693 0.10041895647247161
1742 0.04141426090589501
1802 0.1204418242294118
1929 0.03608011985401276
1990 0.11456901805539405
2042 0.08136877156446187
2345 0.14286914122123887
2678 0.13123569521953454
3089 0.050339641343550456
3270 0.03597124373634111
3680 0.032485927235153186
3725 0.046912483658915774
3918 0.018519778821128537
4105 0.028356129301587762
4209 0.08276070530622162
4289 0.05100902012088836
4342 0.0980145072375847
4416 0.07149065378378504
4600 0.06300822857076863
4607 0.11456901805539405
4676 0.07727045650002223
4699 0.041272985437743055
4861 0.010150359717650154
4941 0.025113346189930413
5001 0.02733520538994803
5013 0.04446683516953269
5297 0.03863522825001112
5568 0.11456901805539405
5802 0.01903425383946926
6008 0.03143784887646938
6074 0.04446683516953269
6119 0.04582828780567212
6162 0.02340097081384504
6258 0.032669840404050965
6280 0.04058091157894153
6352 0.07886046096886712
6403 0.0638415778977221
6436 0.03371209208047997
6562 0.08386444565466229
6616 0.04906333679195795
6966 0.2811578826209179
6967 0.14286914122123887
6989 0.12871907963831647
7042 0.029990139039504374
7176 0.024361817508276293
7193 0.12741989540868312
7208 0.04600503543509321
7262 0.02050707195114031
7272 0.023167662861
7282 0.031156983684481606
7467 0.05703360560876136
7488 0.05796877172370434
7554 0.19255939545599363
7593 0.06471039938594471
7833 0.15493076181974086
7947 0.07558719024575762
8006 0.22907288922818367
8092 0.033042713303142054
8156 0.07172589042704428
8222 0.04654464985731369
8385 0.04885816698784619
8729 0.14286914122123887
8776 0.04350220420895398
8823 0.08959756215932847
8873 0.04017665631598534
9056 0.1204418242294118
9077 0.06342065115676793
9241 0.28573828244247773
9341 0.060964143694867995
9445 0.02504070911682141
9469 0.09214170106356695
9534 0.04885816698784619
9575 0.024859750088085678
9584 0.08607292054797228
9625 0.04184404991035887
9634 0.14286914122123887
9776 0.1417416263128112
9981 0.07343633711271545
10004 0.1017223349818819
10318 0.012727958622249512
10392 0.022094469014853124
10620 0.08276070530622162
10656 0.18101538265130065
10925 0.04565305734199616
10938 0.07412841097151697
10944 0.08626889488954918
10951 0.05707401215316179
10959 0.03838927077264239
11021 0.09690782344977998
11036 0.04887168014975281
11067 0.02537013226344723
11101 0.048057506576883055
11103 0.03313700549699034
11260 0.2091431522152196
11319 0.012797631808222232
11424 0.0610625452418382
11497 0.021821182153418685
11637 0.06406653029709937
11736 0.05641423941612857
11780 0.058948842662586654
11886 0.07028947065522947
11893 0.05828103382036181
11957 0.03351859088124375
12052 0.050339641343550456
12186 0.030648719496741816
12270 0.030986152363948173
