32
26 0.19396638084877468
79 0.17954198994035983
674 0.21095099153677013
1178 0.18501378708496433
1742 0.33567124287538
2042 0.10991848413581119
3080 0.2697718235691699
3680 0.13165261594021158
4356 0.11164811038151408
4624 0.030978076743783393
4827 0.1036042837619313
4907 0.18430969112972953
5001 0.11077877724713371
5310 0.20400665864937848
7193 0.38728683420252197
7208 0.1864402151002229
7262 0.08310705272775107
7467 0.23113464856778465
7484 0.065517290334086
7861 0.17016621993224673
8556 0.13506077281266735
8625 0.205805224600534
9338 0.03365785030627278
9445 0.05074004562597331
9575 0.10074673587198138
9675 0.12286189403346827
9776 0.28721137858593626
11021 0.19636454225062158
11319 0.05186374066518689
11637 0.12981815551656636
11893 0.016870712985106593
12270 0.12557462150014911
