348
56 0.0647358764494805
62 0.05761947505072523
76 0.020757162757117798
186 0.037641210556591996
214 0.027255309344333862
286 0.07185227784823577
326 0.052240796718204106
343 0.038985968942313966
344 0.008531637999209906
374 0.02324488231977881
404 0.03450591915099956
435 0.01289002990867443
473 0.060573048491129086
495 0.05019709641497848
496 0.035325892124917525
594 0.018537243994246257
628 0.035325892124917525
699 0.07185227784823577
788 0.034239234104940244
811 0.04059478399699585
826 0.027944614937756573
952 0.010572768935961393
958 0.06102265270963796
975 0.1720035125633583
979 0.04071059670558521
1057 0.027389517752244286
1143 0.052969876643757
1144 0.04404927614886349
1276 0.08435483547053424
1308 0.023500487273216863
1335 0.02931555463988916
1356 0.029989028623379183
1499 0.05761947505072523
1524 0.011111832219290053
1553 0.020828213539001304
1564 0.02947982689653513
1595 0.026240479225136067
1632 0.019184649075858103
1698 0.020757162757117798
1706 0.03128566066453639
1729 0.05272396239897061
1737 0.055328505505970176
1742 0.020828213539001304
1872 0.03323679975785732
1883 0.04162232054975483
1901 0.05929354072710625
1958 0.014336461105396495
2000 0.10605072303551084
2080 0.05826529748463078
2086 0.022117992367830776
2096 0.05041438515178263
2150 0.12758299543987722
2181 0.022960004747833558
2186 0.034239234104940244
2243 0.02407101165473026
2278 0.01842379756915843
2284 0.08435483547053424
2289 0.03801458977691571
2356 0.010572768935961393
2373 0.050178266731503524
2382 0.035642611936463786
2393 0.04162232054975483
2405 0.036270270854459406
2435 0.041095702708459636
2483 0.04059478399699585
2541 0.02313702287452992
2622 0.030709801496201502
2630 0.017106368551515757
2700 0.060573048491129086
2701 0.04179951890455652
2748 0.055051007613195806
2757 0.018090791177136047
2776 0.04551846346204693
2933 0.02838156585968882
3009 0.04475761195534726
3025 0.0359543444813604
3069 0.2155568335447073
3070 0.08552850313480331
3189 0.028994691119781348
3283 0.038804733163704586
3332 0.018255944288057963
3342 0.023317146740343048
3361 0.1289002990867443
3362 0.05372579982189817
3363 0.033478382598240576
3442 0.028223263497247388
3452 0.037280935099383385
3471 0.07602917955383141
3548 0.02766331523156828
3591 0.05129770859471557
3683 0.027389517752244286
3737 0.02313702287452992
3759 0.016808979487894754
3791 0.027389517752244286
3814 0.06379549338280065
3876 0.027255309344333862
3878 0.025316998938183715
3918 0.0186280715649151
4048 0.011251139607691165
4055 0.07185227784823577
4059 0.017928252737433648
4114 0.049293819134022386
4134 0.05706289753978222
4156 0.028233839613081672
4169 0.016665385580649884
4320 0.032041242951549295
4347 0.055328505505970176
4349 0.1189823856503865
4356 0.013855406047490899
4381 0.01924557980073003
4410 0.022446253003232407
4451 0.034954700534072194
4463 0.055328505505970176
4502 0.02488464886643241
4506 0.05761947505072523
4624 0.023066068761331396
4662 0.04011717243971182
4739 0.060573048491129086
4758 0.05050307365196996
4782 0.03089818837816043
4795 0.03323679975785732
4827 0.02571435226043383
4861 0.05104856517354899
4879 0.04162232054975483
4941 0.012630097113438547
4951 0.04338667225321468
4972 0.016292006360326176
5001 0.013747522774534294
5035 0.027255309344333862
5120 0.03840206206329166
5121 0.036270270854459406
5181 0.021265164460933548
5267 0.060573048491129086
5278 0.04404927614886349
5380 0.023973695314668014
5389 0.01652377234226559
5490 0.041095702708459636
5539 0.04011717243971182
5648 0.03477971663032355
5687 0.033725787268667526
5702 0.04634024569361853
5857 0.04276425156740166
5875 0.03232359397464659
5882 0.291221473725735
6010 0.019746498512193816
6057 0.05303414105489638
6079 0.015205708964771808
6084 0.02868355224828784
6119 0.02304813230187284
6122 0.027255309344333862
6186 0.026361981199485306
6230 0.024571930366194046
6251 0.01575622582586864
6252 0.057989382239562695
6277 0.026992043714461678
6280 0.04081820481568526
6297 0.03840206206329166
6409 0.05267614117649533
6484 0.029989028623379183
6499 0.07185227784823577
6507 0.026240479225136067
6510 0.09446714767693418
6511 0.0964242082144298
6628 0.02853144876989111
6629 0.08552850313480331
6638 0.019063861835541453
6772 0.021265164460933548
6778 0.013927963218784627
6794 0.3235072627429885
6807 0.03232359397464659
6817 0.03812772367108291
6818 0.035350241011836946
6835 0.049293819134022386
6877 0.036270270854459406
6932 0.051307009507746394
6994 0.026992043714461678
7025 0.01685729391591274
7102 0.022446557911560836
7150 0.039237918042107474
7163 0.037280935099383385
7272 0.046606267378762924
7282 0.0313391713490263
7392 0.0482121041072149
7412 0.060573048491129086
7460 0.04634024569361853
7470 0.023408407759081446
7482 0.04407493611389773
7483 0.033922188511209476
7484 0.0650449816021545
7496 0.03210744289610799
7536 0.02133983240464568
7542 0.023537805889532307
7547 0.03168833176494932
7552 0.028372058307871827
7561 0.16281712059422443
7566 0.10271770231482073
7589 0.022700071952597673
7602 0.04276425156740166
7658 0.0811895679939917
7798 0.039223844294863267
7826 0.03016453370062811
7833 0.0155836705538424
7835 0.035749280197194894
7837 0.029816473351352946
7859 0.0647358764494805
7952 0.05882310955888911
7955 0.0482121041072149
7956 0.02488464886643241
7957 0.04634024569361853
7986 0.023408407759081446
8012 0.08677334450642936
8156 0.01803632528278247
8166 0.01685729391591274
8171 0.01606535704549505
8201 0.05041438515178263
8224 0.03151245165173728
8257 0.11065701101194035
8324 0.03516180831711501
8326 0.01643043718121282
8327 0.022614869828698415
8329 0.05532663046313656
8339 0.03016453370062811
8352 0.022960004747833558
8390 0.035350241011836946
8473 0.019430572139094816
8514 0.02868355224828784
8517 0.08426462653500434
8560 0.027389517752244286
8603 0.05588922987551315
8738 0.0647358764494805
8763 0.03232359397464659
8775 0.04338667225321468
8814 0.05761947505072523
8863 0.08894031109065936
8890 0.037035988441540074
8942 0.010313492606533909
8985 0.03168833176494932
9000 0.020686600300617006
9027 0.015799821632381
9040 0.039223844294863267
9139 0.029646770363553124
9230 0.09326858696137219
9267 0.035221395237742495
9270 0.0365962282952904
9278 0.10881081256337823
9291 0.06587271120225191
9292 0.06021736785907444
9338 0.0417690170559563
9433 0.07192858723493589
9438 0.028233839613081672
9445 0.018890349311253815
9469 0.04634024569361853
9473 0.026862899910949086
9483 0.05345664709237381
9485 0.06179637675632086
9489 0.05345664709237381
9563 0.05665591303056427
9584 0.0216440560556216
9616 0.028233839613081672
9618 0.022199153241133883
9631 0.06464718794929318
9636 0.03168833176494932
9637 0.07836119507730617
9638 0.027944614937756573
9798 0.031090096713423287
9821 0.03607265056556494
9842 0.07602917955383141
9848 0.05050307365196996
9865 0.0432881121112432
9888 0.03232359397464659
9898 0.023955048571043448
9987 0.022199153241133883
10064 0.0695594332606471
10110 0.02304813230187284
10145 0.04162232054975483
10167 0.02172154168384986
10318 0.03840715265239234
10325 0.04522973965739683
10392 0.022223664438580107
10420 0.037535936486892005
10423 0.05345664709237381
10452 0.08219140541691927
10460 0.018709799266272496
10476 0.026120398359102053
10493 0.03801458977691571
10508 0.03089818837816043
10567 0.041095702708459636
10576 0.025207192575891314
10597 0.08702161445590575
10619 0.014336461105396495
10628 0.02407101165473026
10723 0.026609385869912253
10730 0.0647358764494805
10745 0.0482121041072149
10749 0.011917484365836074
10760 0.0598224856423025
10815 0.04338667225321468
10844 0.027944614937756573
10845 0.03824815565276159
10848 0.023781786979405157
10860 0.04551846346204693
10867 0.04723357383846709
10951 0.0057407747314616436
11036 0.00819290881854927
11042 0.07185227784823577
11094 0.033725787268667526
11101 0.02416925926578112
11103 0.016665385580649884
11106 0.01831159102052969
11156 0.032770046791756796
11157 0.038804733163704586
11161 0.032770046791756796
11217 0.025005115244596927
11235 0.09268049138723707
11268 0.04059478399699585
11319 0.012872464811135931
11424 0.030709801496201502
11510 0.0731924565905808
11517 0.05345664709237381
11703 0.0647358764494805
11769 0.04475761195534726
11770 0.021117438214326403
11828 0.02007245595302481
11846 0.026992043714461678
11861 0.024779347461214032
11875 0.07347016402578575
11876 0.057989382239562695
11877 0.0983101403752704
11893 0.010468183380828267
11930 0.05283209285661374
11945 0.023687161452359745
11957 0.01685729391591274
12024 0.019810867356316594
12029 0.022280960821439
12052 0.025316998938183715
12089 0.02179961656205715
12103 0.0365962282952904
12105 0.020205792853188277
12113 0.026120398359102053
12137 0.02436862081153969
12138 0.0210443646175399
12169 0.0647358764494805
12177 0.05039225359776586
12186 0.015413967566042583
12204 0.08192908818549272
12211 0.0647358764494805
12313 0.07185227784823577
12341 0.041095702708459636
