116
132 0.04385375738362667
230 0.03767215863006495
319 0.05296603501258131
344 0.01617080922343527
435 0.024431675905242613
503 0.07994279361094578
628 0.033478229048899966
671 0.09138089753109213
938 0.043948096528325244
975 0.04657347138264156
979 0.025720863635611223
1347 0.04207612559480664
1524 0.021061291976710826
1729 0.04996632168033176
1929 0.03439294867368123
1958 0.027173231857239615
2174 0.054078315907080565
2289 0.07205259752542068
2356 0.020039555058797332
2373 0.019021509786349027
2455 0.05019937378229237
2464 0.042864072016015095
2656 0.032043209215651985
2781 0.03513536746249521
2984 0.05217165459629869
3025 0.06814762246307156
3361 0.09772670362097045
3661 0.06878589734736246
3697 0.13629524492614312
3721 0.0689945800770916
3725 0.04471877169932833
4025 0.03158745962787396
4048 0.021325334262782738
4356 0.02626144333924572
4410 0.021272238410129825
4568 0.07694308027869622
4624 0.007286545239196199
4638 0.20444286738921466
4676 0.07365715122760644
4773 0.12269994438036048
4827 0.024369405074746213
4861 0.029027132021823124
5089 0.10132136899565314
5224 0.025654334962521945
5253 0.24506368958842262
5340 0.048408721171357534
5389 0.03131904684926834
5431 0.07278700988831442
5473 0.03730613621675587
5700 0.04618811982155545
5875 0.061265922397105654
5882 0.27598961030828095
6008 0.014983879310743272
6150 0.040878232516796745
6281 0.04117086386470709
6629 0.08105507450544504
6794 0.49053879020156094
6923 0.04471877169932833
6932 0.06483130692696062
6994 0.15348161378774156
7220 0.032135654130245654
7272 0.022084301351867737
7482 0.041769668585267074
7537 0.01151288706212638
7542 0.022306699405971447
7971 0.06299680649033677
8031 0.0878329896964709
8043 0.0700023221463848
8252 0.023340196314620983
8324 0.03998727285192287
8326 0.031142140013398992
8329 0.05243286144335573
8457 0.0700023221463848
8517 0.15971460581283056
8556 0.12707392253946725
8804 0.37372469164051203
8828 0.08839032589236706
8932 0.0713448970650391
8942 0.019548124449609194
8976 0.06700260881413524
9278 0.06874642718363154
9291 0.12485469331688828
9292 0.03804519787316704
9332 0.063454700979514
9338 0.08708558508428481
9445 0.02386976060201854
9584 0.04102399812664445
9616 0.05351422951495299
9631 0.061265922397105654
9637 0.049508427191154544
9638 0.05296603501258131
9715 0.07205259752542068
9821 0.06837185901856305
9987 0.04207612559480664
10218 0.03470766633534831
10318 0.04853110570441524
10590 0.075172804232895
10597 0.032988036431271635
10646 0.046379841746015955
10749 0.02258831963112529
10760 0.03779571217480769
11225 0.21000696643915437
11276 0.036946871527795404
11300 0.06984068374435058
11497 0.06240235349867686
11629 0.049492109198742695
11736 0.02688810414924223
11846 0.051160537929247185
11861 0.046966608348082195
11893 0.007936529720693076
11929 0.026056962110020735
11930 0.033379197700693045
12024 0.03754938460814262
12051 0.032988036431271635
12204 0.07764392107472792
12303 0.10434330919259738
