242
82 0.05545767624257239
116 0.03427669870857014
119 0.09508425591050276
129 0.04089016362111733
132 0.02866831959383335
150 0.035732141218177214
236 0.023327254485999985
289 0.03652747821635736
344 0.010571270389739451
346 0.05092032564294296
390 0.02282831804718329
435 0.031943219229190224
462 0.04710262054297388
496 0.04377114423348178
513 0.07904193438896134
571 0.05363686760170616
594 0.02296888575932295
628 0.02188557211674089
640 0.04860096780998422
642 0.028233362745927033
674 0.14596768719358866
769 0.013463385662353763
797 0.04380131413372113
887 0.06724710253137622
938 0.04309498724794805
952 0.07860220923623551
956 0.024789307153465
959 0.09069035151045449
979 0.016814384511791375
1078 0.06855572072068274
1131 0.07139438529066412
1178 0.17069389373636867
1184 0.022415700843792075
1205 0.01833998966047842
1335 0.03632393389782227
1450 0.032513709685167494
1451 0.05640042217301479
1551 0.042755142848944806
1726 0.038051499051135966
1742 0.02580755032930432
1814 0.021820832798844628
1914 0.041788507242915565
1929 0.022483547663341864
1971 0.01833998966047842
1994 0.04380131413372113
2042 0.2197236095235968
2053 0.04494129267405444
2100 0.1331397222608127
2129 0.05989465911281024
2162 0.04534517575522724
2174 0.03535237425514886
2325 0.05375899021292433
2356 0.026200736412078502
2409 0.05157284038781469
2413 0.05640042217301479
2450 0.05363686760170616
2630 0.01059796766818725
2677 0.023400155823110898
2729 0.05852555869885711
2781 0.02296888575932295
2844 0.04576230324000285
3080 0.16592782520304955
3120 0.038051499051135966
3141 0.04860096780998422
3221 0.042755142848944806
3239 0.017302869424473368
3270 0.04483140168758415
3320 0.05640042217301479
3342 0.028891505116863284
3347 0.036944605701132956
3538 0.07505406042659389
3559 0.039012049391078635
3595 0.032513709685167494
3680 0.10121902259953121
3725 0.05846760302453215
3874 0.043094396247440034
3897 0.03715841322999591
3918 0.01154071359862965
3933 0.020017643034172923
3966 0.034625247868174204
3983 0.054580000778872734
3996 0.057418665348854106
4001 0.04089016362111733
4020 0.066236362887724
4048 0.013940914862611963
4105 0.017670295644243175
4169 0.14454669548454938
4191 0.1263078843122192
4317 0.033771152111895505
4431 0.02125254358733831
4515 0.05092032564294296
4624 0.01905360179971208
4635 0.08021208282953401
4699 0.025719513656069646
4708 0.1222964752609484
4790 0.032513709685167494
4791 0.0328166108644176
4820 0.02423091820901664
4874 0.041788507242915565
4941 0.015649535487463395
5001 0.05110230196786186
5018 0.0373758757649209
5233 0.08021208282953401
5297 0.1203788955466298
5310 0.0627389116268345
5312 0.02454699033154946
5329 0.04576230324000285
5425 0.017393735871607235
5433 0.026441480339663332
5622 0.026628560895252725
5752 0.027011183677916235
5802 0.011861311857262536
5845 0.024789307153465
5998 0.02866831959383335
6008 0.02938603210744705
6055 0.023039756407865198
6066 0.02106861871826791
6114 0.03109878074009354
6125 0.029705012734489573
6180 0.02462725084075736
6230 0.06089253199044362
6360 0.01664130363083036
6502 0.04242470223120478
6541 0.07505406042659389
6543 0.13711144144136547
6613 0.066236362887724
6616 0.0611482376304742
6657 0.02131444759519442
6764 0.05157284038781469
6828 0.028779422907134797
6883 0.07139438529066412
6966 0.21900657066860565
7180 0.05226064294591399
7188 0.02946722546523409
7193 0.37716181904430574
7208 0.0573366391876667
7220 0.021007896653041237
7254 0.03312690060116386
7262 0.012779107483972641
7272 0.014437071004507657
7277 0.0373758757649209
7360 0.08021208282953401
7452 0.04060428083706273
7459 0.036734332343291855
7467 0.07108168128627829
7470 0.029004583625962716
7483 0.014010620508313398
7484 0.050371927998738415
7507 0.018488200057444764
7540 0.05545767624257239
7554 0.11999456662773858
7593 0.08064936340536921
7739 0.033771152111895505
7833 0.03861842124678634
7838 0.04534517575522724
7951 0.11043040570096177
7956 0.03083374514309467
8098 0.018739120391738025
8156 0.04469642791202453
8208 0.02354722391787099
8283 0.05157284038781469
8312 0.08191769278894398
8342 0.09420524108594776
8473 0.02407577910932596
8556 0.020767865975171988
8582 0.03852271027335947
8625 0.09493804675815956
8708 0.023846561223022603
8774 0.06532851752378499
8776 0.027108664986423753
8823 0.13958317402210985
8890 0.03059337866914049
8942 0.03833732245191793
8986 0.023327254485999985
9017 0.03123339838266196
9044 0.10751798042584866
9338 0.07763191076315779
9341 0.018995089762235667
9433 0.022281083201223652
9470 0.03123339838266196
9563 0.023400155823110898
9575 0.030983011046848166
9582 0.026534676716278967
9584 0.02681843380085308
9613 0.03715841322999591
9614 0.027305897596314656
9625 0.02607537597972185
9658 0.021439166716829185
9663 0.04242470223120478
9664 0.019523018152256134
9675 0.018892083138617576
9776 0.06624537191072925
9853 0.06427537378144228
9870 0.041788507242915565
10004 0.04225926403507045
10018 0.05029965383963227
10140 0.03136945581341725
10218 0.022689286624944828
10318 0.015863010738228617
10321 0.05989465911281024
10572 0.05375899021292433
10628 0.029825594191911126
10657 0.08688589081408819
10749 0.01476656060751906
10938 0.0461935733037908
10951 0.02133961213725372
10960 0.020017643034172923
10988 0.015066780995417993
11011 0.0409481192954423
11021 0.06038870370441748
11036 0.08121249814620436
11037 0.21418315587199235
11038 0.07139438529066412
11080 0.05245576811942131
11319 0.015949845283347253
11332 0.012069617656749791
11408 0.06107834048478388
11484 0.054580000778872734
11497 0.013598003304922182
11629 0.01617712698447365
11634 0.04840727110246717
11637 0.019961725368264904
11656 0.04242470223120478
11739 0.04860096780998422
11768 0.02994732955640512
11828 0.024871116107506096
11893 0.028535715350369223
11911 0.04494129267405444
11946 0.132472725775448
11960 0.0611482376304742
11991 0.03410594113115159
12006 0.026926771324707527
12080 0.13711144144136547
12138 0.02607537597972185
12179 0.0890297803684039
12204 0.04060624907310218
12227 0.03926396353409171
12232 0.036734332343291855
12265 0.008128060758503503
12270 0.01930921062339317
12275 0.04815155821865192
12336 0.05226064294591399
