98
70 0.09597125339783402
119 0.10152528638099922
289 0.07800371683366697
291 0.255138765226364
493 0.09431046588102499
513 0.08439625412329758
571 0.05727024197327143
627 0.09772450543796554
638 0.0849563972241473
641 0.07247275211130452
674 0.1039037157294112
977 0.32055296246053255
1122 0.12535261085541763
1133 0.08858390808764395
1178 0.12150449289511646
1205 0.03916468998310724
1622 0.04860057260940053
1887 0.09597125339783402
2042 0.10828049534969243
2086 0.11704855796098708
2181 0.06075224644755823
2333 0.10161197979646142
2356 0.027975580627491906
2456 0.0636919742984027
2645 0.08226449595096591
2828 0.08549457204060795
3239 0.0369499399603264
3591 0.03393347550412905
3595 0.06943239247099545
3674 0.12044200079799115
3680 0.04323024945915213
3915 0.09597125339783402
4515 0.10873936161165226
4570 0.07107931960859278
4624 0.010172148694764196
4708 0.06529043402275346
4815 0.09864547424219819
5001 0.03637598950064387
5013 0.05917369583213723
5425 0.037143983484763776
5473 0.05208003963011565
6008 0.02091776601528314
6055 0.09840190029603432
6180 0.05259101352673927
6543 0.14639940361471174
6570 0.07211763623209382
6966 0.2806105544208575
7026 0.09202724212419981
7193 0.21195307989453752
7208 0.06122063698043725
7262 0.109158138501925
7272 0.03083008336553769
7467 0.07589677155201033
7482 0.05831121139477454
7484 0.021513653829077748
7554 0.10249842205222036
7593 0.08611257076967847
7833 0.04123444243337632
7951 0.1179109880663396
8208 0.10056927422304424
8225 0.06698886065998025
8483 0.05873903091242747
8556 0.08869874493779996
8625 0.20273834597069582
8823 0.17884628634926178
8890 0.03266578153243727
8942 0.02728953462548125
8957 0.07211763623209382
9000 0.05473681096445769
9044 0.11480127439936376
9338 0.011052095354183921
9445 0.04998392506630649
9575 0.03308180770155737
9776 0.04715523294051249
9906 0.08278195879493168
10004 0.045121916791872205
10018 0.21482785817834738
10218 0.048452528766619
10328 0.11160158305352005
10578 0.05809980193936513
10657 0.0927715620519903
10726 0.11160158305352005
10898 0.0907687841007066
10979 0.056864772089062356
11036 0.021678463098481877
11037 0.15246131640242325
11038 0.15246131640242325
11319 0.017030291656787256
11434 0.13043160405504978
11629 0.03454593895053163
11637 0.04262787493608805
11828 0.05311178304442574
11852 0.1596309064813369
11893 0.016619308147233378
12006 0.028750797320533553
12078 0.05809980193936513
12138 0.05568345649831338
12271 0.05809980193936513
