31
26 0.20262363330222066
79 0.18755544220000472
1122 0.19939248025540546
1178 0.19327146068362475
1622 0.15461327288345786
2042 0.11482444805749574
3680 0.2750572677472941
4169 0.1402849628910438
4356 0.11663127227427811
4382 0.1947615540999736
5219 0.27209176525165263
5802 0.08058119777211538
6008 0.06654580576706472
7193 0.2697150063938532
7205 0.15556298878320723
7262 0.086816348807709
8556 0.14108890615041508
8625 0.21499087717500812
8823 0.18965489630303164
9044 0.3652179349558592
9112 0.27209176525165263
9445 0.05300471325838067
9664 0.13263188808852588
9776 0.15001520572834273
10004 0.14354660571667838
10321 0.20345065661972536
11629 0.10990118838518981
11637 0.13561229644155404
11893 0.05287109776162292
12006 0.09146507197482737
12270 0.13117936184389092
