40
84 0.12327080653602213
210 0.09670898606506527
1215 0.17580590402755966
1552 0.18530555740480617
2167 0.12024862761957969
2382 0.1007745596797718
2768 0.1419253532103626
2822 0.13033081797163037
3318 0.21943004093158186
3623 0.18036164424480106
3933 0.0913544193840765
4081 0.0817149941503006
4429 0.15642840186423218
4624 0.04347741456415702
4861 0.02886655269158664
4872 0.0964291980562275
5129 0.1866102392649346
5368 0.13341415665087308
5515 0.1736554396826814
6630 0.14378826917409415
6952 0.08106872514494202
6994 0.1526325469654623
7035 0.11502207840935826
7188 0.13447943240073662
7459 0.16764429243514006
7483 0.0639402001305839
8198 0.3297141480649432
8672 0.17472071543254497
8956 0.17260935913863631
9291 0.12416399183750568
9292 0.1135041906560329
9567 0.14838265750069737
9898 0.06772958940713245
10195 0.1548801527926158
10653 0.11858977478147732
10820 0.27262612354564336
11116 0.1648570740324716
11584 0.3660634891915133
11629 0.14765495023027095
11893 0.011838936750545405
