154
84 0.03429367483970103
104 0.0676157860891954
107 0.06547740520773643
188 0.045612477013472603
189 0.05017622383672477
273 0.05980196840907867
303 0.05191456961255789
593 0.11178909643804345
677 0.036824515785396916
711 0.023536021228132194
744 0.030372262158824957
769 0.017093252026705377
952 0.016632361354292396
1100 0.06464896581923837
1188 0.22753201418254027
1242 0.050849280686267484
1413 0.03008469918358741
1454 0.07944800227544431
1458 0.10169856137253497
1524 0.017480379066157608
1536 0.02478662336261978
1587 0.07763442740329493
1698 0.032653757379674575
1714 0.1018380800919944
1896 0.043737792228211225
1905 0.1381686283241906
1950 0.09064304118371935
2002 0.11314136321896469
2105 0.036680950154632484
2243 0.037866879190285876
2356 0.016632361354292396
2357 0.15509137054561783
2364 0.09064304118371935
2373 0.015787407621701617
2377 0.10382913922511577
2428 0.04984992936303245
2630 0.013455288058021
2670 0.0424620482551916
2824 0.19057880427307838
2840 0.07430464742910797
3107 0.22606623800053888
3148 0.05864783274415555
3169 0.0692953267720582
3191 0.1234085708234281
3361 0.02027771878939818
3546 0.15168800945502683
3616 0.050849280686267484
3783 0.07944800227544431
3805 0.03711553315635196
3918 0.014652207925752513
3933 0.02541460416754645
4081 0.02273293667547792
4156 0.04441555714574108
4205 0.04396056854798379
4317 0.04287619984733564
4410 0.01765545966533906
4451 0.0366589057754655
4577 0.10856473259892278
4624 0.006047661891051159
4706 0.17407808727157692
4839 0.05561059605401613
4861 0.024091839736420213
4905 0.039483329843255456
5005 0.021292497171158754
5224 0.021292497171158754
5275 0.11303311900026944
5340 0.040178104796181245
5389 0.02599407536448097
5496 0.1485902897778395
5497 0.05980196840907867
5692 0.2495666675928736
5796 0.05757069854625569
6008 0.012436268891907448
6057 0.08342970545202232
6398 0.035443244843218334
6666 0.02614225096448336
6778 0.06573157474278656
6817 0.05997994296055184
6933 0.07160655237795356
6952 0.022553146019834987
7025 0.07955624649413955
7176 0.05782268012400872
7205 0.029072052488306386
7215 0.058100287863783164
7230 0.041664304524553
7312 0.02762217479337242
7382 0.04690524895550812
7466 0.06825296336716925
7470 0.036824515785396916
7483 0.017788026979631145
7484 0.025581085826311033
7507 0.023472807734069078
7554 0.030469265616277955
7561 0.14229601434858696
7593 0.051196627989943365
7619 0.4648023029102653
7818 0.04690524895550812
7835 0.02811916868688891
7911 0.036824515785396916
8252 0.019371816292621705
8326 0.05169449366805512
8352 0.036119118650493054
8483 0.034922198782761545
8586 0.03833505768433811
8633 0.034922198782761545
8754 0.06575616161358422
8780 0.07430464742910797
8950 0.03571021004723308
9151 0.040178104796181245
9267 0.027703952320566706
9273 0.023536021228132194
9338 0.026283271271551577
9377 0.09528940213653919
9445 0.009905671124143482
9503 0.05471308588120896
9595 0.05656093056537772
9640 0.08409436322826414
9650 0.05428236629946139
9703 0.07430464742910797
9898 0.018842226975094238
10081 0.15658735176304164
10182 0.09064304118371935
10218 0.028806550173393276
10269 0.052285873944777905
10298 0.03454215708104765
10318 0.010069920273065663
10321 0.03802143565312844
10420 0.029524491796007798
10460 0.029432984315439614
10619 0.045106292039669975
10643 0.04663828375149337
10644 0.06727381345634342
10794 0.045123014492028005
10845 0.03008469918358741
10875 0.06104496827130749
10951 0.009030996550250307
10987 0.051196627989943365
11004 0.08703904363578846
11071 0.038494182391339414
11142 0.038817213701647466
11217 0.039336347457596635
11249 0.045862885550619174
11276 0.030665038038912937
11319 0.03037512985803625
11607 0.05191456961255789
11677 0.06386095455476684
11733 0.09528940213653919
11812 0.0377137877396549
11875 0.05778913377552624
11945 0.03726303214601449
12006 0.051279756080116125
12029 0.07010178581365303
12089 0.10288102451910308
12265 0.010319469004142367
