206
29 0.021087800369462062
79 0.01855893168813394
82 0.037280863669219885
84 0.018157995871230233
110 0.024020571643453822
344 0.0071064299284108795
373 0.03671222866249206
374 0.029042745498864826
435 0.02147350704040616
450 0.016236686114988356
515 0.06464482368897655
679 0.024283722592096164
742 0.035131690271522
769 0.0181012505179232
937 0.020131790332615487
938 0.019313447097809116
952 0.008806590434292563
1064 0.04753055426356645
1205 0.024657746250908677
1347 0.01849079004439507
1356 0.12489684311083546
1444 0.029948179904303956
1524 0.009255603326108763
1536 0.013124152100466833
1695 0.05392176389634682
1742 0.01734886548897161
1769 0.08641694386014004
1782 0.028303067218292215
1929 0.045343014639008715
1930 0.09217178400168521
1933 0.025425647147519624
1958 0.011941558734245772
2042 0.04544830184888538
2105 0.019422022999108404
2113 0.030482837181874462
2141 0.04608589200084261
2174 0.023765277131783225
2204 0.05984937215719694
2259 0.06846135095828469
2333 0.03198700685431574
2393 0.03466932193701619
2501 0.05392176389634682
2644 0.016184699747949623
2656 0.07040860411686498
2781 0.1698466203974929
2828 0.013456658689987225
2895 0.014888685779683756
3006 0.05045433534478454
3089 0.021087800369462062
3112 0.019730226842692874
3152 0.01934667686375366
3200 0.05984937215719694
3239 0.011631679504178654
3285 0.01835611433124603
3316 0.6505009040483356
3429 0.026394803583638146
3539 0.02692394539436654
3683 0.022814105415315932
3725 0.0196521282995119
3800 0.037280863669219885
3880 0.028303067218292215
3891 0.013921120215310548
3918 0.0077581283506022915
4007 0.04799415563549669
4025 0.013881436937409333
4078 0.020905841780661856
4203 0.037280863669219885
4381 0.016030610335107217
4451 0.01941035082493142
4699 0.017289683723071478
4791 0.022060635760699592
4926 0.017528908581954137
5108 0.028091902636688617
5121 0.03021133085294629
5138 0.03135325540836976
5188 0.035131690271522
5219 0.05384789078873308
5224 0.03382219119379619
5312 0.016501466740823284
5389 0.013763480156354334
5433 0.03555003709292174
5471 0.02692394539436654
5473 0.016394568710879093
5617 0.05984937215719694
5648 0.057939546705162534
5700 0.020297848580220948
5802 0.007973647297346525
5842 0.012734564894985128
5929 0.04320847193007002
6008 0.006584821260722407
6034 0.018028421709889265
6060 0.0733817103768604
6162 0.009802910545313145
6186 0.02195821859595735
6258 0.013685736611452422
6452 0.009876951969239281
6467 0.05392176389634682
6569 0.05984937215719694
6657 0.014328422480334281
6660 0.23042946000421302
6673 0.0869093200577438
6732 0.018028421709889265
6747 0.015779808458707932
6877 0.03021133085294629
7042 0.012563181783544942
7102 0.01869686582427621
7193 0.013344380520801556
7220 0.014122346700453146
7272 0.03882070164986284
7300 0.14398246690649005
7353 0.035131690271522
7394 0.023517383512865548
7399 0.034230675479142346
7443 0.029204082010671872
7464 0.037280863669219885
7466 0.036138939113796426
7471 0.022814105415315932
7483 0.01883699673267738
7484 0.013544808276947888
7536 0.01777501854646087
7537 0.005059457696287676
7542 0.009802910545313145
7593 0.027107860677155888
7739 0.04540463297917887
7773 0.10358601421294276
7954 0.04320847193007002
8025 0.05392176389634682
8169 0.08398534853406563
8312 0.0550683429937381
8321 0.02469428452212687
8324 0.005857607343043223
8327 0.037674122552471566
8391 0.03466932193701619
8402 0.02622545684107108
8447 0.018223526697961415
8473 0.016184699747949623
8556 0.013960988497506942
8672 0.025736653459109596
8754 0.0348169193493706
8763 0.02692394539436654
8784 0.05392176389634682
8811 0.02497936862216709
8828 0.019422022999108404
8863 0.09877713808850748
8942 0.04295313076592344
8957 0.06810694946876832
8986 0.031363023234722696
9044 0.07227787822759285
9338 0.010437453848167523
9341 0.01276925756342608
9445 0.01048981400883487
9525 0.05045433534478454
9612 0.17954811647159083
9625 0.07011563432781655
9628 0.05085129429503925
9672 0.036138939113796426
10105 0.019498038886669494
10218 0.03050528831091126
10276 0.023517383512865548
10318 0.06931436863375806
10321 0.020131790332615487
10428 0.040595697160441896
10530 0.05703915660550694
10536 0.03232241184448827
10576 0.020996337133516407
10794 0.023891971760785773
10896 0.03341560845586623
10898 0.014286808135236816
10914 0.01957473654016886
10951 0.028690678179994517
10988 0.010128491604431437
11003 0.03466932193701619
11011 0.013763480156354334
11036 0.006824285375712353
11067 0.010627812798014072
11176 0.04452672708393441
11276 0.048710058344965064
11319 0.005361061333986731
11323 0.05984937215719694
11426 0.03934321671671636
11484 0.0366908551884302
11497 0.018282241223632298
11508 0.037280863669219885
11629 0.03262473149956016
11637 0.04025720580871058
11812 0.03993779058477112
11852 0.40200888989721084
11857 0.058889983547431364
11877 0.027295818376017796
11893 0.015695056567672123
11930 0.014668834827559561
11957 0.014041287031535428
11977 0.010958888893615671
12000 0.04320847193007002
12004 0.031168663619509377
12006 0.0271518757768848
12021 0.012700012399324076
12024 0.016501466740823284
12050 0.05984937215719694
12072 0.023765277131783225
12186 0.025678136000853224
12204 0.006824285375712353
12225 0.054976000390032205
12227 0.026394803583638146
12270 0.025960844290059362
12274 0.023891971760785773
