308
51 0.03273902816865467
106 0.017420426565130317
111 0.015473107562021943
133 0.04686334604097223
157 0.031467919461302195
199 0.09758436359567066
210 0.011613554041588836
214 0.018508056366617055
329 0.04879218179783533
347 0.017984926354527267
360 0.03273902816865467
435 0.01750626985026112
467 0.02903959623009027
514 0.028641099426925498
587 0.012174402720120303
664 0.029912208134277973
674 0.026665541577541318
678 0.019374634695319314
887 0.024569552933196827
888 0.2254290536162409
913 0.018418096459901515
942 0.01571148278331801
952 0.007179570077368128
1003 0.09758436359567066
1023 0.016616502862252143
1057 0.018599192253100638
1143 0.017984926354527267
1159 0.02635083607424497
1182 0.07260080045737535
1205 0.010051109931773562
1326 0.04879218179783533
1335 0.01990709152624265
1347 0.04522383227657152
1352 0.023617598599841888
1374 0.015651120535786225
1397 0.04113288099607315
1536 0.02139892173125885
1586 0.0204836013031717
1595 0.017818923368295093
1596 0.021518355306859496
1895 0.011252580450845496
1901 0.020132007677647733
1971 0.010051109931773562
1973 0.02531608207055718
2042 0.04631464220688261
2080 0.01978288700449923
2086 0.015019497459687442
2098 0.029912208134277973
2113 0.024851123410038662
2127 0.027566392328004827
2308 0.03273902816865467
2356 0.007179570077368128
2373 0.006814835064338623
2381 0.020018642642653187
2450 0.014697665119803265
2495 0.027242064267299904
2624 0.028641099426925498
2630 0.01742443808175297
2704 0.015356908271535434
2828 0.010970536757992089
2831 0.04113288099607315
2851 0.0204836013031717
2853 0.01689822992154562
2895 0.012137996391760292
2951 0.02635083607424497
2957 0.018599192253100638
2984 0.0186915352724828
2995 0.043959701030449855
3040 0.035225693129767005
3051 0.03347358019431097
3089 0.01719182260827649
3112 0.016085061218230976
3148 0.02531608207055718
3168 0.06181975605809833
3222 0.04113288099607315
3239 0.01896544610330698
3328 0.043959701030449855
3405 0.027906547401269195
3442 0.019165357657756097
3466 0.02826415378787159
3468 0.030393212362381523
3472 0.029084307855867676
3485 0.03912722026306438
3490 0.02240958349991443
3591 0.008708586556060023
3595 0.017818923368295093
3597 0.016085061218230976
3614 0.04113288099607315
3725 0.016021391405504726
3819 0.0776597081650745
3830 0.018154978590786623
3867 0.021659204461698677
3918 0.012649623387837261
3928 0.0258142793925488
3956 0.04879218179783533
3966 0.018976137892154545
4022 0.043959701030449855
4025 0.011316837090392369
4033 0.03242834448417532
4048 0.015280452217000163
4178 0.017984926354527267
4202 0.043959701030449855
4259 0.16483882388887533
4320 0.010879002015932534
4381 0.013068950025848397
4410 0.0457272207651026
4429 0.01878511783245641
4446 0.029290883368635463
4504 0.02903959623009027
4552 0.012137996391760292
4616 0.07324573269876962
4624 0.01827385059661264
4699 0.014095409208762
4708 0.050267830293483085
4712 0.017656781268795
4719 0.029912208134277973
4778 0.02635083607424497
4788 0.03347358019431097
4861 0.010399548686796179
4941 0.034306497326909165
4965 0.1024180065158585
4990 0.027242064267299904
5108 0.022901914775250935
5164 0.04113288099607315
5181 0.014440374075965535
5312 0.026905631124565232
5389 0.022441345723590356
5427 0.029462258728293424
5431 0.026077397261663686
5433 0.01449107827064351
5500 0.024415244232923204
5541 0.023808618659540023
5543 0.04879218179783533
5546 0.0822657619921463
5634 0.030393212362381523
5654 0.031467919461302195
5681 0.02024724659950702
5687 0.022901914775250935
5802 0.006500513447360636
5807 0.01571148278331801
5833 0.020981798625163323
5842 0.01038185001908543
5942 0.017420426565130317
6008 0.00536827345850083
6013 0.012101779188036814
6059 0.15650888105225752
6066 0.011546517024721644
6150 0.029290883368635463
6162 0.031967278936096195
6186 0.017901430793233874
6198 0.01689822992154562
6214 0.022505160901690992
6258 0.011157292461304107
6280 0.01385905450509732
6409 0.059617313318877756
6437 0.0351542054650579
6452 0.008052181981555835
6520 0.035225693129767005
6539 0.043959701030449855
6570 0.018508056366617055
6584 0.009812960916932257
6638 0.01294555218434724
6657 0.02336248382691151
6698 0.018154978590786623
6701 0.04113288099607315
6778 0.009457956432221713
6828 0.015772372218723938
6892 0.026077397261663686
7042 0.010242129991471696
7176 0.016639929639512635
7188 0.06459727143111138
7193 0.043516008063730134
7259 0.01419224126589922
7262 0.035017526326132246
7272 0.015824282395515997
7312 0.023846925327551102
7318 0.036300400228687676
7344 0.02325057722728699
7374 0.11686753471021925
7396 0.018069434007865457
7414 0.0342947394956789
7425 0.028190818417524
7483 0.0076784278262098885
7537 0.012374163879313477
7542 0.007991819734024049
7589 0.015414765832121544
7733 0.027906547401269195
7753 0.02325057722728699
7823 0.04360591585306249
7835 0.012137996391760292
7839 0.022901914775250935
7854 0.018069434007865457
7863 0.04879218179783533
7907 0.04879218179783533
7918 0.04879218179783533
7952 0.01711909852584806
7963 0.06078642472476305
7968 0.020728250827610574
7989 0.03273902816865467
8083 0.03347358019431097
8092 0.01128463474197034
8108 0.03207454503468538
8112 0.044409901242056904
8208 0.012904900197224818
8296 0.04879218179783533
8346 0.024629777960907945
8376 0.01990709152624265
8515 0.02479385147609342
8682 0.01990709152624265
8714 0.04419934975545542
8719 0.01878511783245641
8722 0.04925955592181589
8723 0.0653828778648386
8725 0.024005020267971824
8753 0.014856724399868513
8754 0.01419224126589922
8867 0.0186915352724828
8869 0.022901914775250935
8890 0.008383249333301042
8896 0.020981798625163323
8956 0.020728250827610574
9099 0.011818621649941031
9214 0.6342983633718593
9338 0.04821840878345857
9341 0.052050666030516404
9430 0.029912208134277973
9445 0.004275908783138369
9548 0.027906547401269195
9582 0.014542153927933838
9602 0.022901914775250935
9603 0.14637654539350597
9616 0.019172539500586346
9625 0.014290437199607191
9650 0.18745338416388893
9737 0.09758436359567066
9774 0.03273902816865467
9776 0.012101779188036814
9849 0.0135410673234455
9887 0.04879218179783533
9898 0.008133486646888718
9922 0.036138868015730914
10100 0.027242064267299904
10103 0.021659204461698677
10105 0.06358308024090038
10106 0.021518355306859496
10127 0.021112116364044795
10141 0.015186161875267713
10172 0.015958297798079713
10192 0.01878511783245641
10221 0.027242064267299904
10239 0.025560731594996052
10274 0.12363951211619666
10302 0.04879218179783533
10306 0.06975173168186097
10318 0.00434680901490435
10325 0.015356908271535434
10460 0.012705121598638203
10515 0.023074066633883717
10549 0.04879218179783533
10557 0.14637654539350597
10567 0.027906547401269195
10630 0.025560731594996052
10646 0.016616502862252143
10647 0.01726719411034224
10749 0.008092715793630353
10750 0.014964816426136993
10760 0.0135410673234455
10816 0.015473107562021943
10848 0.016149317857777845
10890 0.051121463189992104
10951 0.019491721956924245
10959 0.026221145624785766
10960 0.06582322054795253
10972 0.04879218179783533
10980 0.016279635596659316
10988 0.00825724958990803
11018 0.16037272517342688
11020 0.24657985190836906
11041 0.04879218179783533
11103 0.033950511271177104
11123 0.06078642472476305
11226 0.031467919461302195
11300 0.012510908593595365
11319 0.004370603563729636
11321 0.04879218179783533
11332 0.013229348123776727
11424 0.0208538721728902
11497 0.007452295699212937
11629 0.026597302077807763
11634 0.008843094831846103
11637 0.010939891451338462
11656 0.02325057722728699
11669 0.023617598599841888
11780 0.020132007677647733
11893 0.014217099914056305
11929 0.018670852214365218
11930 0.035876288916890736
11960 0.01675594343116103
12004 0.025410243197276406
12006 0.007378519391305462
12072 0.03874926939063863
12089 0.014803300414018969
12159 0.022901914775250935
12186 0.05233523071438391
12204 0.027817482514060587
12253 0.04879218179783533
12265 0.017818119579838927
12286 0.06937355744392337
