53
203 0.10618999673511532
403 0.19764103013142054
485 0.22758885441603352
674 0.05248124118388739
1178 0.2761708711094044
1211 0.2310223189178111
2042 0.16407579128614694
2356 0.04239097275387718
3080 0.268459703065826
3239 0.05598968325169742
3544 0.10520985057168236
3680 0.1310122818444986
3803 0.09348889946947078
4101 0.12634755261065367
4143 0.09135924212887259
4191 0.2724765186376377
4699 0.08322477547881481
4827 0.051550185796079284
5001 0.05511998483069065
6008 0.031696373384810184
6180 0.0796903646503748
6563 0.134229851532913
6584 0.057939535986398005
6966 0.1417349714774135
7193 0.12846771410463795
7205 0.07409606842224081
7206 0.11562424818862407
7397 0.16688255149287054
7484 0.032599313145571074
7554 0.07765715168501618
8342 0.15241754068812613
8971 0.20248947386771193
9044 0.17395662881761276
9341 0.06146547332899988
9445 0.07573988307271819
9625 0.08437629655278872
9776 0.07145360882410431
9898 0.04802326700997599
10004 0.06837255572266036
10662 0.2880880090180094
10750 0.08835809366731527
10898 0.06877028049838511
10980 0.19224259435712987
11021 0.1954094612543636
11037 0.2310223189178111
11319 0.025805742487575094
11332 0.03905560707836661
11637 0.06459337194937781
11893 0.0167886569418886
11957 0.06758845212846576
12006 0.04356564684377919
12159 0.13522180782239349
12270 0.12496384965085054
