204
106 0.04186606828130388
188 0.04731856621621655
189 0.05205301543690501
210 0.027910559174653234
273 0.06203880138299123
303 0.05385638230242612
310 0.08044620427606854
343 0.03181203319737515
344 0.01392340673437902
380 0.05138272044776057
513 0.05205301543690501
587 0.02925843254520992
769 0.01773260806768358
788 0.05587752114668407
826 0.045604869762409114
938 0.01892011756216958
952 0.01725447823942259
956 0.03264996480424445
1023 0.03993401888447532
1121 0.11726101006222318
1276 0.06883242610484874
1524 0.018134215207874577
1543 0.06551543054633907
1548 0.07304323457834429
1553 0.16995545795594658
1554 0.07188724934560102
1587 0.040269132858711094
1638 0.05275124730650854
1814 0.028740191021514504
1895 0.05408608104223407
1971 0.02415557696783504
2002 0.11737330304794158
2003 0.07868087406745852
2018 0.07304323457834429
2025 0.06267114586854158
2243 0.03928325203294193
2258 0.06332829441513349
2278 0.06013429711176499
2357 0.08044620427606854
2373 0.04913375956600011
2377 0.16156914690727836
2382 0.0872516947706248
2630 0.013958569685739195
2665 0.05239849448426664
2670 0.08810059762577656
2677 0.030820315360512777
2681 0.05239849448426664
2699 0.11726101006222318
2757 0.029523690964068927
3019 0.06084149642480991
3112 0.03865681869233684
3169 0.07188724934560102
3239 0.04557917445809106
3301 0.045373760716622163
3361 0.06310855989907393
3442 0.023029808407255402
3581 0.051057367697321776
3633 0.06472536496080787
3637 0.20120128768871617
3638 0.06706709589623873
3661 0.02961305192348045
3681 0.06547016047364593
3757 0.08723982899792607
3867 0.05205301543690501
3933 0.02636521208453055
4059 0.02925843254520992
4081 0.02358323949497266
4174 0.06624960985648677
4205 0.045604869762409114
4289 0.04186606828130388
4306 0.05631274406244823
4317 0.04447994133220665
4381 0.0628165506856547
4577 0.1689382321873447
4624 0.031369343256722096
4690 0.06472536496080787
4861 0.024992970969359034
4905 0.04096016441012319
4917 0.10564723189100339
4941 0.020611983211359496
4975 0.07562605082670625
5224 0.022088921787880186
5380 0.039124434349313855
5427 0.07080589737734395
5496 0.15414816134328171
5497 0.12407760276598245
5648 0.05675957428049413
5692 0.12945072992161574
5700 0.039768942276540764
5845 0.03264996480424445
5870 0.16483935109712752
5937 0.11726101006222318
5987 0.11726101006222318
6001 0.043222716273780735
6028 0.06084149642480991
6057 0.043275155180290945
6215 0.11726101006222318
6251 0.02571374228402709
6257 0.06267114586854158
6409 0.028655354687491284
6507 0.04282376551729306
6778 0.06819019872663423
6952 0.023396723949202496
7009 0.11726101006222318
7042 0.024614650620969836
7105 0.08044620427606854
7108 0.08465701274956411
7176 0.019995159931341117
7205 0.030159463611303602
7262 0.016831346152530242
7382 0.1459790790094842
7437 0.10564723189100339
7452 0.0534798464525237
7536 0.03482603999851836
7537 0.009912837820178195
7542 0.038413074378585946
7558 0.04492089152205618
7561 0.059047381928137854
7589 0.0370459148319416
7593 0.053111586789588064
7619 0.18082041352314365
7802 0.06624960985648677
7818 0.048659693003161406
7835 0.1750256288509621
7952 0.013713964755071466
7971 0.054241574902804554
7986 0.038201900064684866
8093 0.07868087406745852
8106 0.10564723189100339
8112 0.03557639553801224
8171 0.05243647245655854
8178 0.04757834103490434
8229 0.15736174813491705
8252 0.04019279951404753
8326 0.026814037318376106
8346 0.05919211920612415
8350 0.07188724934560102
8385 0.04010073807269388
8395 0.05867653575178841
8412 0.07921095239554597
8447 0.035704788044996744
8556 0.027353329762338757
8560 0.08939793178245684
8633 0.10868528637656893
8754 0.03410785262240394
8867 0.04492089152205618
8944 0.09215375350959888
8950 0.0740918296638832
8954 0.06084149642480991
8957 0.04447994133220665
9151 0.04168092672710231
9267 0.05748038204302901
9273 0.02441636262421573
9338 0.0136331854075185
9433 0.05869277247780677
9652 0.05587752114668407
9664 0.02571374228402709
9675 0.02488273858305496
9818 0.06084149642480991
9865 0.03532252492100895
9898 0.039094003358713866
10005 0.06332829441513349
10037 0.11726101006222318
10062 0.09403345371978358
10269 0.10848314980560911
10318 0.010446575595803238
10334 0.033532017938054506
10350 0.07188724934560102
10493 0.06203880138299123
10540 0.08044620427606854
10579 0.05721864793362893
10619 0.023396723949202496
10624 0.10550249461301708
10798 0.10564723189100339
10951 0.009368791967496534
11021 0.039768942276540764
11033 0.09029465223867834
11080 0.023029808407255402
11103 0.05439493373866359
11115 0.08241967554856376
11125 0.04492089152205618
11319 0.031511281290185704
11487 0.06401227265548645
11494 0.048659693003161406
11497 0.03581982558569823
11498 0.06472536496080787
11540 0.06979012334083791
11624 0.04149780861836826
11710 0.05275124730650854
11795 0.11635269033923619
11875 0.08992601801675922
11893 0.0034167594779533927
11987 0.08241967554856376
12006 0.01773260806768358
12029 0.03636193659158865
12051 0.02840339294433495
12078 0.03583417200972724
12083 0.045373760716622163
12105 0.032975317554683255
12109 0.054241574902804554
12132 0.09029465223867834
12204 0.026741219406849242
12265 0.010705458448232804
12296 0.07188724934560102
