188
36 0.043563845295822655
70 0.09507969960120598
110 0.03779821463717656
193 0.038212302868980585
234 0.09266791278517417
547 0.023855726823150257
587 0.023498761444182996
594 0.024296973097879326
694 0.09425152313759794
864 0.09190973274958764
887 0.023711802395580423
956 0.02622265334653137
1088 0.09417758445871506
1128 0.09417758445871506
1174 0.038424225448825164
1184 0.07113540718674127
1335 0.038424225448825164
1347 0.029096678517202747
1444 0.04712576156879897
1530 0.0452272942833175
1582 0.0968166642796799
1622 0.024074541493133674
1664 0.028470667705554148
1814 0.023082538397477703
1895 0.02171948059586471
2059 0.10772919463711148
2110 0.035899747351695085
2115 0.090454588566635
2133 0.04796708586511088
2161 0.04236689625882525
2167 0.02787248897353097
2227 0.02857300132192191
2356 0.027715693064932708
2428 0.041534250973263666
2541 0.1516297736928855
2575 0.04558616370271269
2578 0.02622265334653137
2798 0.042656301083869176
2812 0.0452272942833175
2841 0.03167891852524717
2895 0.023428490758642374
3054 0.05320803755916337
3055 0.338362675589815
3132 0.042656301083869176
3239 0.018303341195029764
3256 0.25455011258127797
3332 0.023928270425798204
3481 0.04672403604406741
3484 0.03759585284331277
3523 0.04075013759817683
3647 0.05258202674751477
3677 0.08712769059164531
3680 0.02141432453331983
3765 0.024222419967011133
3918 0.01220801090546676
3966 0.0366273194431714
3988 0.0452272942833175
4101 0.020651861470565275
4105 0.018692012420562718
4169 0.0655305219984996
4178 0.03471410497188315
4431 0.02248139005147317
4554 0.038858353603471875
4659 0.15104498119094048
4668 0.09417758445871506
4705 0.18835516891743012
4872 0.022351371593624755
4907 0.02997940840218769
4931 0.08420682654246775
5001 0.018019031907818662
5013 0.029311992001866054
5040 0.21330120166892275
5120 0.050334012388491986
5121 0.04753984980060299
5137 0.06460996023803864
5146 0.029311992001866054
5181 0.02787248897353097
5322 0.11056482661283247
5337 0.029311992001866054
5341 0.0596615593201144
5389 0.021657893276914492
5825 0.12921992047607728
5914 0.16100672160889073
6008 0.01036172207117555
6010 0.0258819565236885
6046 0.14503938236360112
6114 0.032896947938025424
6162 0.015425632760149846
6421 0.0596615593201144
6621 0.03720003590515338
6703 0.07939377234837686
6778 0.01825553721686463
6807 0.04236689625882525
6817 0.024987216994263504
6932 0.022416223794815178
6952 0.018790959967119724
6982 0.02777532749943214
6994 0.03537877368343528
7002 0.038212302868980585
7087 0.07251969118180056
7188 0.031171054264455614
7193 0.04199681561390937
7197 0.06619494366384782
7215 0.04840833213983995
7257 0.07552249059547024
7282 0.020538301254853928
7312 0.023014402526838354
7382 0.03908078520821753
7388 0.058664302737879155
7389 0.1730179192635694
7418 0.041006465456869576
7468 0.0596615593201144
7484 0.021313796277242454
7496 0.0420835846218872
7552 0.0185937871253082
7554 0.05077311608052149
7589 0.02975323827659512
7634 0.12381914735827436
7833 0.020425691344972706
7942 0.06799184966950159
8078 0.07006622541675445
8092 0.021781351075897393
8098 0.01982263784176711
8208 0.04981750286515567
8258 0.0448777472097762
8312 0.08665426781207451
8313 0.09417758445871506
8329 0.07251723354218056
8352 0.030093935099437995
8376 0.038424225448825164
8380 0.032341949458460764
8483 0.029096678517202747
8512 0.04595486637479382
8716 0.03953699180211046
8725 0.09266791278517417
8776 0.028676119111577504
8777 0.0841671692437744
8831 0.08485003752709265
8837 0.02639629195830128
9227 0.06619494366384782
9251 0.06799184966950159
9291 0.028780033185484454
9292 0.10523677035278554
9332 0.04388049062754096
9338 0.0656965415602298
9340 0.056867396732225406
9341 0.020093407655071522
9373 0.0596615593201144
9407 0.13786459912438145
9433 0.07070820301920903
9473 0.03520950345531091
9534 0.16103352020820624
9541 0.06319214425017815
9643 0.06619494366384782
9658 0.02267880394451939
9776 0.046717170234540355
9921 0.03520950345531091
9973 0.06190957367913718
10218 0.0960048288824974
10280 0.04180611488028809
10312 0.051763913047377
10533 0.3073938035906013
10534 0.07251969118180056
10543 0.07939377234837686
10571 0.032756037690264785
10597 0.02281204073297457
10630 0.04933675580625675
10749 0.031240760182149215
10816 0.05973169637295268
10951 0.007524497668294327
10953 0.07939377234837686
11036 0.010738537250707642
11080 0.01849627361380756
11276 0.05109934566757463
11319 0.033744167290094
11661 0.06619494366384782
11846 0.03537877368343528
11893 0.005488306030100216
11930 0.023082538397477703
11945 0.031047027527487125
11965 0.0304434821729793
11995 0.0420835846218872
12004 0.024523143223471898
12006 0.0142418540747806
12030 0.0296415628995593
12177 0.03302484528947407
12186 0.020203259740227054
12204 0.032215611752122925
