39
110 0.15214486954165246
696 0.19135676950277192
769 0.057326121115454966
864 0.18497691535198257
887 0.0954444308204105
952 0.05578041907663571
958 0.10731560048046163
981 0.3039921220989923
1184 0.0954444308204105
2428 0.16718311318392692
2450 0.1141909489002736
2541 0.12206762863579317
3054 0.21417228328673668
3055 0.15133032554736184
3661 0.09573331766450391
5040 0.14309619211960084
5224 0.07140924791709138
5389 0.0871770632235694
5914 0.16202052722366134
6657 0.09075537424198812
7389 0.3482147107661677
7418 0.16505867796103224
7552 0.07484346400009197
7554 0.10218563490954277
8302 0.206939401193414
8312 0.11626653443862504
8776 0.11542673226953629
9292 0.31769823356738974
9407 0.18497691535198257
9534 0.12963799565185347
9776 0.09402266534169094
10525 0.20472823071600035
10533 0.15466467991323182
10601 0.20472823071600035
10630 0.19858965159609465
10816 0.12021561387751468
11217 0.06596170860497286
11276 0.10284220240141063
12177 0.06646558344661027
