36
195 0.3458828418232425
210 0.12995616067450774
236 0.14305738791813674
493 0.13541942070239565
594 0.1408596456171414
674 0.0994628458355382
887 0.13746716798549138
1184 0.13746716798549138
1335 0.22276119572717729
1622 0.13957011720994816
1706 0.23773151367444817
2042 0.10365256083824173
2630 0.06499339957737603
2730 0.2948669696209292
3141 0.298051684966292
3221 0.2622014116452354
3887 0.13303102930620805
4048 0.085494453135551
4105 0.10836536036093637
4820 0.14859922190673266
4941 0.09597278883858015
5802 0.07274102027740885
6013 0.13541942070239565
6982 0.16102511093497218
8100 0.16930716595689516
8208 0.14440637874619103
8776 0.16624737408481136
8890 0.09380891443149328
9027 0.12005869247025173
9341 0.23297966130449127
10862 0.20609927798933164
10898 0.13033395653336072
10951 0.04362263853745037
11067 0.09695411866312575
11637 0.12241784781132452
12270 0.11841621722786076
