58
201 0.16909417470858243
457 0.11593930194708618
495 0.09242198209757377
593 0.0872247427856837
1025 0.3719413673131929
1059 0.12608131176835047
1308 0.08653734057021713
1916 0.11377836636310669
1999 0.13356032770790838
2080 0.05363850367476145
2130 0.12419061379180801
2139 0.13600027622107233
2630 0.03149593504278719
3189 0.10676899721225686
3363 0.123279579821555
3484 0.2112465414708762
3723 0.12067122978135707
3765 0.13610284265692213
3933 0.059490121545337074
4381 0.07086922387286694
4451 0.042905306451444976
4827 0.047344798285093
4861 0.018797938181813842
5247 0.18326865386991223
5857 0.15747352636114548
6023 0.11593930194708618
6057 0.04882274857707959
6068 0.06523477279819757
6409 0.06465756952070255
6794 0.07941809276109409
6807 0.2380544562942176
6809 0.15132932266078755
7150 0.07224414194904741
7206 0.1061917939347618
7272 0.08581061290288995
7537 0.022367198294893413
8166 0.12414937339245258
8252 0.04534525496460892
8289 0.21217586163094046
8324 0.025895713106091355
8577 0.12067122978135707
8828 0.17172442810532307
8969 0.09086274749504657
9338 0.06152348438109159
9987 0.08174535540749572
10081 0.09163432693495611
10141 0.08235026559741387
10354 0.21217586163094046
10476 0.2885544179172173
10479 0.16761553618240974
10618 0.11308465735301221
10844 0.10290223482847788
10987 0.11984029346883866
11145 0.08519893247302981
11259 0.2037396786094756
11629 0.04807655171579257
12004 0.06889628509750435
12303 0.10135891522526347
