191
23 0.05939842614981763
189 0.05403600582961603
273 0.06440220619412838
310 0.08351084998142398
344 0.014453827144346398
456 0.02480922664713291
493 0.030191866553080076
496 0.05984716399601934
576 0.03628018359652061
634 0.06877342790552
677 0.039657224029602894
769 0.018408142254142945
788 0.0580062083451556
862 0.055134904083723534
887 0.030648413423425426
938 0.019640890624783452
958 0.034460396086357994
1023 0.041455328939725464
1130 0.12172813755601518
1275 0.06505864021664802
1276 0.07145463806562082
1374 0.03904686536420643
1524 0.01882504885573802
1536 0.05338664499255175
1543 0.06801127960056326
1548 0.07582585977701242
1553 0.10585800695463385
1787 0.060392607428126965
1895 0.056146522270968315
1971 0.0250757979512989
2002 0.24368941681880657
2018 0.07582585977701242
2025 0.06505864021664802
2122 0.06796428493769076
2243 0.04077977074030082
2279 0.060392607428126965
2373 0.06800738557423319
2377 0.16772421906566276
2382 0.06038373310616015
2458 0.057565844643386474
2459 0.07582585977701242
2670 0.09145684197046348
2677 0.031994433492714004
2681 0.054394646105506886
2757 0.030648413423425426
2876 0.1026194937687196
3026 0.09056328185291641
3169 0.0746258366035004
3188 0.1026194937687196
3239 0.04731554005188936
3269 0.03130840620547521
3301 0.04710230095251479
3361 0.0873502903909843
3581 0.05300242830084485
3599 0.04307869216792036
3637 0.1392441131183793
3638 0.06962205655918965
3681 0.06796428493769076
3721 0.03083444126240203
3805 0.039970627772471574
4059 0.030373049828300105
4081 0.024481656944087
4105 0.048320284963912045
4134 0.048336395512323785
4174 0.06877342790552
4205 0.047342214234014454
4306 0.1169160226703306
4317 0.046174430990294356
4410 0.019013597446178126
4451 0.019739437274478057
4577 0.1753740340054959
4624 0.03256437693117146
4861 0.043241821620520524
4905 0.042520566085749285
5001 0.023290289375203874
5224 0.02293041232061993
5427 0.07350328989280248
5496 0.3200410533398072
5497 0.12880441238825677
5692 0.06719111599952671
5845 0.03389378451354925
5870 0.08555950180860566
5998 0.03919745883430752
6001 0.08973862240019058
6008 0.013392922921591624
6028 0.06315928919581279
6057 0.02246187389887338
6180 0.03367220906942856
6257 0.13011728043329604
6398 0.07633939896317508
6409 0.029746997363099555
6778 0.047191963103865996
6952 0.04857607195669485
6982 0.0359006753671454
7105 0.08351084998142398
7108 0.17576414338563123
7176 0.06227066210546681
7208 0.03919745883430752
7262 0.017472546233576795
7359 0.093734480390796
7379 0.04594999642935243
7382 0.05051341277189405
7452 0.0555171928162048
7484 0.013774449302288109
7537 0.020580946473253384
7552 0.024033182523055568
7558 0.09326435887656244
7561 0.06129682684685085
7589 0.038457200856090876
7593 0.055134904083723534
7619 0.18770887406309167
7706 0.06315928919581279
7818 0.05051341277189405
7835 0.09084666682170159
7861 0.035775990695990065
7910 0.09056328185291641
7952 0.014236406349031522
8171 0.05443407087110284
8178 0.19756346424478455
8252 0.06258595195552792
8291 0.05202683968827475
8326 0.02783553392036616
8346 0.061447077976999304
8350 0.0746258366035004
8395 0.06091185306619833
8412 0.04111427022516465
8447 0.03706498305142885
8473 0.03291819590097915
8556 0.028395371028768778
8560 0.04640179941936212
8633 0.07521714440484244
8707 0.093734480390796
8867 0.04663217943828122
8950 0.038457200856090876
8954 0.12631857839162558
8957 0.046174430990294356
9151 0.04326878626925163
9267 0.029835065587415947
9268 0.0580062083451556
9273 0.025346518391415353
9338 0.01415254966448314
9433 0.03046435416994612
9445 0.010667660132261865
9473 0.045509632727583293
9548 0.06962205655918965
9575 0.02118113857522642
9578 0.03046435416994612
9584 0.03666815738776889
9632 0.04885564115039515
9650 0.0584580113351653
9652 0.0580062083451556
9731 0.06091185306619833
9898 0.020291656262979563
9966 0.05939842614981763
10081 0.04215818970477634
10269 0.056307939762072955
10280 0.05403600582961603
10318 0.010844544068317898
10325 0.11493856845291806
10350 0.0746258366035004
10364 0.03628018359652061
10540 0.08351084998142398
10571 0.042338434189703705
10597 0.0589708739767955
10619 0.04857607195669485
10624 0.10952167451006355
10646 0.041455328939725464
10752 0.0746258366035004
10862 0.04594999642935243
10951 0.019451403271180147
11080 0.02390714257193829
11094 0.057136355238403456
11173 0.09056328185291641
11304 0.06440220619412838
11319 0.06542344435584489
11494 0.05051341277189405
11497 0.0371844030152445
11498 0.06719111599952671
11624 0.04307869216792036
11783 0.06719111599952671
11875 0.15558633805047556
11893 0.010640768849955198
11908 0.04180320927890273
11960 0.04180320927890273
11987 0.08555950180860566
12006 0.018408142254142945
12051 0.02948543698839775
12078 0.07439859194955471
12132 0.093734480390796
12180 0.035652193467736175
12265 0.011113289216041917
