160
70 0.1498993532735154
493 0.024550889531970075
594 0.025537176138560404
694 0.04953122633828242
864 0.09660112906323678
956 0.02756114988616546
958 0.02802189709128134
1174 0.040385533182322526
1184 0.07476640879083751
1347 0.030581875419112482
1582 0.05087926382636221
1595 0.03614926469870755
1664 0.029923910811862343
1814 0.024260752415819282
1964 0.06383899445621016
2006 0.13581576011607696
2041 0.04514449166498048
2059 0.11322807197548786
2115 0.09507170919857447
2129 0.03329592204754719
2133 0.050415494788431166
2152 0.05661403598774393
2227 0.030031467896259306
2266 0.022070240463094037
2356 0.04369559941171682
2530 0.07937742438080193
2541 0.12749559290521634
2578 0.02756114988616546
2812 0.04753585459928723
2828 0.022255937070652623
2835 0.06165873526829601
2840 0.06506965626287418
2841 0.03329592204754719
2895 0.024624363403369993
3054 0.05592396310691429
3055 0.35563389770579534
3239 0.019237608163728034
3442 0.019440388532349223
3467 0.07937742438080193
3523 0.042830168075793915
3647 0.05526599849966415
3661 0.024997569447417725
3677 0.04578749731955375
3680 0.022507387043343874
3820 0.04061183702522113
3918 0.02566230151702161
3966 0.03849690676840835
3988 0.04753585459928723
4018 0.06506965626287418
4025 0.022958476843816588
4033 0.0328937047505662
4048 0.030999466156924317
4054 0.06957376661759189
4105 0.019646118536869598
4169 0.022958476843816588
4178 0.07297207019065519
4248 0.14728530443884041
4356 0.019087408290891256
4716 0.06506965626287418
4872 0.023492264284337143
4907 0.03150966294494216
4931 0.05900335960427083
5040 0.26155365354562854
5121 0.049966451091171794
5217 0.05661403598774393
5271 0.05185507750508597
5322 0.23241688917931375
5337 0.061616358524022176
5389 0.02276338839305799
5914 0.12691880360944857
6010 0.05440612539622761
6055 0.025615971264011488
6114 0.03457612396943928
6146 0.04514449166498048
6156 0.04483362885615203
6170 0.04753585459928723
6410 0.019542879476758205
6421 0.0627068953371773
6807 0.044529451790032586
6932 0.02356042677017855
6952 0.01975011671453253
7049 0.08344630998263025
7188 0.032762134607026636
7193 0.022070240463094037
7197 0.20872129985277565
7312 0.04837827730096124
7382 0.041075606063152165
7389 0.0454623407364541
7418 0.043099579810757224
7425 0.02859536841775475
7457 0.08344630998263025
7468 0.0627068953371773
7484 0.011200863735591005
7552 0.019542879476758205
7554 0.10672950932847024
7634 0.19520896878862257
7660 0.025935616245390074
7833 0.021468290536732083
8078 0.07364265221942021
8098 0.020834455059765555
8224 0.021706005181732116
8343 0.060682921589572246
8376 0.040385533182322526
8483 0.030581875419112482
8621 0.05185507750508597
8625 0.035184548461461365
8708 0.026512989817284165
8725 0.09739800927689612
8776 0.030139849180909277
8777 0.08846335785958015
8905 0.14802688184529536
9230 0.032122039475858545
9246 0.21161295029586905
9292 0.08295631918611954
9338 0.04027912251769997
9341 0.021119045917544606
9407 0.04830056453161839
9433 0.02477246620622924
9534 0.10155194278405781
9541 0.06641769375095397
9572 0.05733951236249727
9643 0.13914753323518378
9776 0.024550889531970075
9921 0.07401344092264768
9923 0.026429050767132617
10004 0.023492264284337143
10135 0.04205141974187593
10153 0.05661403598774393
10218 0.050452626659463894
10339 0.07937742438080193
10364 0.029501679802135417
10373 0.06165873526829601
10494 0.060682921589572246
10520 0.09898473990722201
10533 0.24231319909393517
10560 0.03889534687523802
10571 0.03442802116658003
10579 0.04830056453161839
10597 0.04795289519654877
10601 0.05345796312110602
10630 0.10371015501017194
10818 0.03849690676840835
10952 0.060682921589572246
10953 0.1668926199652605
10987 0.04483362885615203
11276 0.026853818078926325
11319 0.02659994128480737
11508 0.06165873526829601
11661 0.06957376661759189
11826 0.04791304197719307
11846 0.03718463083778155
11893 0.014421121226539267
11930 0.024260752415819282
11995 0.08846335785958015
12030 0.031154572618526367
12106 0.16210601007900038
12177 0.06942109930389773
12186 0.02123450523984388
12196 0.05185507750508597
12204 0.022573339990712555
