28
210 0.16279859186254192
236 0.17921075220849123
493 0.16964252319217477
594 0.1764575979907784
674 0.12459902755378201
887 0.17220777575463928
1184 0.17220777575463928
1622 0.17484218085496744
2042 0.1298475644388771
2630 0.0814184866391785
2730 0.3693855465713113
3141 0.3733751009796372
3887 0.16665053917158018
4048 0.10710055229614072
4105 0.13575137940265394
4941 0.1202269657625149
5802 0.09112408069261874
8100 0.21209435602714746
8208 0.18090065906710315
8776 0.20826129566600518
8890 0.11751623850947258
9027 0.1503998423281289
9341 0.2918581204317099
10862 0.25818454520664735
10898 0.16327186402996774
11067 0.12145629658268954
11637 0.1533552017779482
12270 0.14834228187664664
