167
36 0.052714478312777265
70 0.11505129376386246
344 0.01353141245722661
544 0.08478371216105286
587 0.028434701806392022
694 0.05702457896731575
864 0.055607735966157666
1055 0.050258565498521375
1174 0.046495275735027576
1184 0.0860774767230116
1524 0.017623671436673448
1582 0.058576554879741206
1630 0.0781813525557644
1664 0.06890192475541802
1814 0.02793105065668674
2059 0.06517891448502967
2115 0.0547273365666862
2129 0.03833310976640325
2130 0.053490025950384275
2154 0.038177286353807745
2266 0.0254091461721518
2356 0.03353740449388392
2530 0.09138607176634134
2541 0.1100878634008655
2578 0.03173075016111478
2630 0.027131170888559267
2662 0.0512661088306106
2828 0.025622935969912223
2841 0.03833310976640325
2895 0.02834967068703603
3005 0.08009926347153797
3054 0.0643844436351194
3055 0.31845031794850565
3239 0.022147977891411687
3442 0.022381435974288245
3467 0.09138607176634134
3520 0.040869326552381055
3523 0.04930974825741028
3647 0.06362693857260422
3661 0.02877933736608271
3670 0.03627661569624009
3680 0.02591242665859681
3805 0.03741978129129255
3820 0.046755816050985874
3918 0.029544633709370233
3966 0.044320927671354295
3988 0.0547273365666862
4014 0.05197419527445274
4033 0.037870042854692545
4048 0.03568923357029608
4105 0.022618289929984697
4169 0.026431759771262463
4178 0.042005840422523054
4248 0.08478371216105286
4356 0.02197505496697277
4462 0.0781813525557644
4907 0.03627661569624009
4931 0.10189456191063928
4972 0.025839570061194403
5040 0.30112290919142704
5121 0.05752564688193123
5217 0.13035782897005935
5224 0.042934077435116576
5236 0.058576554879741206
5322 0.20068363278288312
5337 0.07093801551236502
5389 0.02620715728131166
5511 0.08009926347153797
5914 0.14611976875828775
5932 0.11395968835594807
6013 0.028265081289772495
6046 0.0877525310746364
6055 0.029491294364341548
6114 0.0398069875801779
6125 0.03802293996260691
6156 0.051616303453463463
6421 0.07219353465081335
6699 0.05752564688193123
6747 0.030046464807478624
6778 0.022090132635715395
6790 0.10267288006114471
6807 0.0512661088306106
6939 0.06986336317454457
7016 0.05430436675072151
7188 0.037718568066065834
7193 0.0762274385164554
7197 0.2402977904146139
7368 0.09138607176634134
7376 0.045013943848174996
7382 0.047289746584937835
7389 0.10468026055560169
7418 0.09923983612241323
7484 0.02579078233315155
7554 0.09215709638315905
7634 0.07491374686740758
7660 0.02985929697258792
7698 0.12309074758664948
7833 0.0247161299953311
8045 0.04702059298004324
8055 0.07491374686740758
8078 0.08478371216105286
8098 0.02398640444883018
8224 0.024989807401436727
8276 0.10267288006114471
8600 0.09607052045585623
8708 0.030524018750709304
8713 0.0877525310746364
8725 0.11213290850779915
8776 0.03469956907469832
8777 0.05092328727664276
8905 0.04260529789542293
8942 0.016357482859269395
9025 0.06154537379332474
9227 0.08009926347153797
9246 0.06090672635600998
9292 0.15917733532238793
9332 0.05309763534031604
9338 0.02649872382158826
9341 0.02431404975548907
9433 0.028520179285374536
9534 0.11691527161115402
9541 0.07646572277983303
9643 0.08009926347153797
9671 0.03326186326177614
9898 0.01899668285724876
9921 0.08521059579084586
9923 0.03042738094567864
9973 0.07491374686740758
10153 0.06517891448502967
10218 0.058085373727713455
10339 0.09138607176634134
10348 0.059699994945604504
10364 0.033964853970213094
10501 0.044320927671354295
10519 0.11395968835594807
10533 0.23247637867513785
10571 0.0396364789818394
10579 0.055607735966157666
10597 0.08281120399194121
10601 0.06154537379332474
10630 0.059699994945604504
10816 0.03613920203388637
10818 0.044320927671354295
10985 0.038177286353807745
10987 0.051616303453463463
10997 0.08955929191819241
11036 0.012994178662820198
11090 0.11395968835594807
11106 0.029042686863856727
11276 0.030916409360777535
11319 0.020416083138636045
11433 0.0643844436351194
11508 0.07098680324040786
11661 0.08009926347153797
11846 0.042810123518800966
11893 0.006641130672304192
11930 0.02793105065668674
11945 0.03756848937829773
11995 0.05092328727664276
12030 0.03586780537886709
12106 0.12442019114289227
12119 0.0678252788546232
12177 0.05994262486380211
12186 0.02444697639043651
12196 0.059699994945604504
12204 0.012994178662820198
12215 0.07098680324040786
