115
23 0.07465765948100335
106 0.054625944205805126
189 0.06791765345374173
319 0.05950425185416487
945 0.1973504846553686
1276 0.08981106710784183
1471 0.06579348426116088
1553 0.1330525326819792
1596 0.06747598699713035
1729 0.05613424884053407
1814 0.03749958225493387
1902 0.06661855372683
2002 0.20419487719640655
2019 0.12898205758136128
2227 0.04641931467376343
2373 0.04273911417777515
2377 0.14054129539996132
2665 0.06836842707400735
2757 0.07704375221080273
2776 0.09692536898050695
2930 0.1529996404280422
3323 0.07235429464549008
3334 0.1529996404280422
3361 0.1097902530132423
3918 0.019832970760646718
4025 0.035486669007483915
4078 0.05344394034553248
4081 0.06154180594120001
4109 0.13784623280120376
4122 0.11382864995452278
4156 0.0601201164120168
4178 0.05639606928767369
4306 0.0734756556207307
4317 0.058036469466507375
4577 0.1469513112414614
4624 0.00818600869324853
4806 0.11382864995452278
4839 0.07527352403885529
4861 0.010870096745460727
4873 0.07077323870889461
4905 0.05344394034553248
5247 0.052988470828774586
5310 0.05390910142668974
5367 0.11781451752600551
5380 0.05104871929910164
5496 0.26817226795335797
5497 0.16189378377599872
5692 0.08445226218265148
5862 0.0986752423276843
6013 0.03794804405306061
6028 0.07938467416543969
6034 0.04608806976041894
6057 0.11292898088697755
6074 0.04761986901969374
6257 0.16354392270733695
6280 0.0434584041504494
6452 0.02524955643393385
6587 0.07864352705248609
6646 0.061077718224276954
6778 0.08897310265667668
6817 0.040593897554207274
7069 0.13784623280120376
7176 0.02608925403399674
7238 0.12269282517436526
7269 0.07590724220818197
7304 0.10753941754752679
7484 0.01731305376601678
7542 0.05012055213016356
7560 0.07128765646737255
7561 0.038521876105401365
7625 0.06620212692594012
7835 0.07612322364066079
7952 0.0178936858488203
8082 0.09106064983502045
8098 0.03220359153992948
8171 0.0342089899571529
8178 0.06207919466701135
8201 0.053675283732239835
8252 0.052442699156202977
8324 0.029948912910910213
8395 0.15311976021395332
8905 0.0572008870186516
8996 0.06461148040088822
9017 0.053675283732239835
9151 0.05438437549335673
9267 0.07499916450986774
9273 0.1274317763452112
9338 0.00889414334795649
9656 0.07704375221080273
9898 0.025504506798986092
10081 0.052988470828774586
10490 0.05321501944716887
10553 0.08177196135366847
10579 0.07465765948100335
10597 0.07412027075519201
10935 0.13784623280120376
11021 0.05188965936150101
11103 0.035486669007483915
11154 0.17851275556249463
11163 0.06461148040088822
11217 0.02662249378764144
11385 0.08094689188799936
11405 0.12898205758136128
11457 0.1529996404280422
11487 0.08352183470084583
11494 0.06349011942564761
11495 0.2756924656024075
11893 0.013374342535815858
11911 0.07723260229384982
11988 0.09379693467932457
12029 0.04744427172193213
12138 0.04481110851239737
12147 0.1529996404280422
12180 0.04481110851239737
12265 0.013968251615160203
