288
23 0.08169393490341505
189 0.07431870217488516
193 0.03396499249533598
273 0.0442879549298933
277 0.06712814025104215
310 0.0574285413295606
343 0.04541963613306965
344 0.009939573237657857
347 0.030855620476342455
380 0.036680844191642026
493 0.02076227048995212
496 0.041155554419178994
576 0.024949069774529715
634 0.04729394620850159
677 0.027271384852462735
724 0.03844672977113454
769 0.025317734365717274
796 0.0644591030066765
826 0.03255618051278098
854 0.03599716799096676
862 0.0379150388072662
878 0.04118392148595017
911 0.0588373533121156
945 0.05398755385137483
952 0.012317542208606863
965 0.023384916943642926
979 0.015809623644032957
986 0.07541892718996869
1023 0.02850790133108592
1173 0.0644591030066765
1275 0.0447393699065195
1276 0.049137754390634066
1374 0.026851654867085104
1524 0.012945564516266155
1536 0.03671280018205198
1543 0.023384916943642926
1548 0.052143745669242354
1553 0.14559236144312665
1586 0.03514244180601164
1638 0.03765780142629929
1680 0.07056912772922791
1787 0.0415306436523828
1814 0.02051690645632502
1895 0.03861070597972158
1901 0.03453923447242487
1902 0.07289716593518593
1926 0.04569676691244829
1971 0.017244064685465493
2002 0.19550971368646156
2018 0.052143745669242354
2025 0.0447393699065195
2122 0.04673751671006108
2243 0.028043335086282862
2278 0.02146418838579318
2279 0.0415306436523828
2337 0.0315987835068522
2357 0.0574285413295606
2373 0.05845894506573041
2377 0.1153401893134036
2382 0.08304908195980848
2455 0.030855620476342455
2459 0.10428749133848471
2480 0.027929959098065935
2630 0.009964675192729937
2670 0.06289282207210384
2679 0.05749426169930599
2681 0.03740597997352175
2757 0.02107622754844621
2876 0.07056912772922791
3026 0.12455668158060275
3059 0.041887717249320305
3060 0.0447393699065195
3112 0.027596139928787334
3169 0.05131851660700918
3188 0.07056912772922791
3269 0.06459026941291154
3301 0.03239119752188604
3327 0.07056912772922791
3361 0.10512046740299379
3432 0.052143745669242354
3497 0.07541892718996869
3534 0.06712814025104215
3571 0.0415306436523828
3581 0.036448582967592964
3605 0.03175312212826129
3637 0.09575505825764682
3638 0.04787752912882341
3661 0.021140020111401734
3681 0.04673751671006108
3721 0.021204154727267804
3741 0.0379150388072662
3805 0.027486905587842347
3878 0.02949494166619435
3882 0.03434474112693511
3891 0.019471098051234908
3918 0.010851086368933623
4048 0.013107861133831026
4059 0.020886866170770995
4081 0.016835487220431367
4105 0.016614388925052417
4143 0.02654624907058302
4174 0.04729394620850159
4205 0.03255618051278098
4301 0.05303015684544604
4306 0.12060079573201171
4317 0.03175312212826129
4320 0.018664427685047474
4410 0.013075225159417657
4451 0.013574368954354913
4577 0.28140185670802736
4624 0.035830068392390356
4772 0.019982575952072625
4803 0.03377954572322732
4820 0.022782974730074457
4839 0.04118392148595017
4861 0.06542015114723723
4905 0.029240441060711712
5005 0.03153746206514501
5184 0.040519246206191815
5224 0.03153746206514501
5340 0.05950995064943946
5345 0.052143745669242354
5427 0.05054656637318906
5496 0.2567659093414942
5497 0.1771518197195732
5556 0.03556217179138928
5609 0.028273362890999163
5692 0.18482330298477095
5700 0.028390057252715484
5752 0.02539710257180302
5845 0.023307996567925652
5862 0.05398755385137483
5870 0.1176747066242312
6001 0.06171124095268491
6008 0.009210013162329559
6010 0.023005168312043786
6028 0.043433228744938185
6057 0.04633958295818196
6068 0.04127791864712001
6114 0.029240441060711712
6156 0.0379150388072662
6257 0.0447393699065195
6277 0.03144641103605192
6360 0.015646885389412193
6373 0.05303015684544604
6398 0.026248447533498337
6409 0.020456343910726458
6436 0.019752548147356323
6452 0.04144388467292012
6570 0.03175312212826129
6778 0.04867928426311633
6791 0.020824406095668668
6932 0.019924652946858128
6952 0.03340467683676176
7102 0.052301611089441195
7105 0.0574285413295606
7108 0.1208690652163378
7170 0.07541892718996869
7176 0.0570961863939575
7205 0.021530089804303848
7208 0.026955214623974016
7231 0.07199433598193351
7262 0.02403095750386502
7302 0.07541892718996869
7359 0.0644591030066765
7379 0.0631975670137044
7425 0.02418261762271946
7452 0.03817793020734187
7484 0.018944760620310988
7488 0.03396499249533598
7537 0.02122958397747623
7542 0.013711068467417799
7558 0.06413581096958092
7560 0.03900315926957505
7561 0.06322868264533864
7589 0.02644615579022956
7593 0.0379150388072662
7619 0.12908318900424792
7626 0.0574285413295606
7818 0.0347369427291561
7833 0.03631073770260604
7835 0.062473218287006
7861 0.024602347608097087
7910 0.062278340790301374
7911 0.027271384852462735
7956 0.05798248587767328
8056 0.07056912772922791
8092 0.019360346545135333
8171 0.07486618300383047
8178 0.13585996998134392
8201 0.02936701448737275
8252 0.0430389575645251
8321 0.03453923447242487
8324 0.024578635589237438
8346 0.042255779434262515
8350 0.10263703321401836
8395 0.041887717249320305
8412 0.028273362890999163
8417 0.10797510770274966
8473 0.02263710612710158
8556 0.019526860749909586
8560 0.031909478305077364
8633 0.02586257286990774
8707 0.0644591030066765
8811 0.03493797396887907
8838 0.042635528065861655
8890 0.014382619905572974
8942 0.01201547875193251
8950 0.02644615579022956
8954 0.043433228744938185
8957 0.03175312212826129
8969 0.05749426169930599
9000 0.04820082116591899
9151 0.02975497532471973
9230 0.027165063466161817
9267 0.02051690645632502
9268 0.03988957044577873
9273 0.0174302330694233
9338 0.04379576157802228
9445 0.01467182194724586
9485 0.03599716799096676
9575 0.0436973839571187
9578 0.020949654121785177
9580 0.02962425186833967
9584 0.10086348264881649
9632 0.03359693031039376
9640 0.062278340790301374
9650 0.08040053048800781
9652 0.03988957044577873
9828 0.0644591030066765
9898 0.027908235171908106
9966 0.04084696745170752
10081 0.11596497175534656
10162 0.049137754390634066
10226 0.03493797396887907
10280 0.03715935108744258
10318 0.014915100190362504
10325 0.07904067950724003
10350 0.05131851660700918
10364 0.024949069774529715
10392 0.012945564516266155
10460 0.043594775138423525
10493 0.0442879549298933
10571 0.029115193034595206
10579 0.04084696745170752
10597 0.1013823734930857
10619 0.03340467683676176
10624 0.11297340427889788
10646 0.02850790133108592
10679 0.04729394620850159
10749 0.027768339133432518
10951 0.0200644416310946
11001 0.04569676691244829
11005 0.07541892718996869
11021 0.05678011450543097
11173 0.062278340790301374
11230 0.06712814025104215
11260 0.04084696745170752
11262 0.05054656637318906
11304 0.0442879549298933
11319 0.029993491695570782
11494 0.0347369427291561
11497 0.025570881219039342
11498 0.04620582574619274
11510 0.042635528065861655
11610 0.07056912772922791
11875 0.17118918458206056
11876 0.10133863716968196
11893 0.004878278960669036
11927 0.0574285413295606
11930 0.02051690645632502
11945 0.027596139928787334
12012 0.052143745669242354
12016 0.03715935108744258
12029 0.02595788076223903
12051 0.02027647469861714
12078 0.051162245547572656
12083 0.03239119752188604
12105 0.04708051558394944
12113 0.0304309222345271
12132 0.0644591030066765
12138 0.024517215026631987
12180 0.024517215026631987
12204 0.028634835622056914
12223 0.043433228744938185
12265 0.007642360114796916
12275 0.02263710612710158
12314 0.07541892718996869
