309
23 0.07815746123737596
103 0.025301320085710153
189 0.07110149720799973
273 0.04237076014037232
277 0.0642222097125186
310 0.05494249968728762
343 0.04345345165076284
344 0.009509296020038189
380 0.03509295593916416
455 0.032674884598728436
493 0.019863486229875715
496 0.03937395907080044
576 0.023869041883180005
634 0.04524662414564374
677 0.026090825555359763
684 0.051650470165603285
724 0.036782397559181626
769 0.02422174724043083
788 0.03816277866377081
796 0.06166871323552492
826 0.031146846084388162
854 0.0344388756060725
862 0.03627372312762275
878 0.039401098146965734
911 0.056290325178218775
945 0.051650470165603285
952 0.011784324366883805
965 0.022372600141282034
979 0.015125236023908981
986 0.07215409424681843
1023 0.027273814094981797
1057 0.030528139165808727
1173 0.06166871323552492
1275 0.042802633676386294
1276 0.0470106151529878
1374 0.025689265389343754
1524 0.012385160025309613
1536 0.03512352857695815
1543 0.022372600141282034
1548 0.04988647915825922
1553 0.13928976930053005
1638 0.03602762137410218
1680 0.06751423923420294
1787 0.03973281095177965
1814 0.0196287438347404
1895 0.03693927535165968
1901 0.033044055016308686
1902 0.06974149828417296
1926 0.04371858563130347
1971 0.03299516221914127
2002 0.18704623405698287
2018 0.09977295831651845
2025 0.042802633676386294
2119 0.06751423923420294
2122 0.044714282093481446
2167 0.023701983580707447
2187 0.044714282093481446
2243 0.026829358600050427
2278 0.020535018587827112
2279 0.03973281095177965
2337 0.030230894129470994
2357 0.05494249968728762
2373 0.06711395755419858
2377 0.11034719267754488
2382 0.07945394491950286
2455 0.02951990211006604
2459 0.09977295831651845
2480 0.02672089057956898
2670 0.06017023551407065
2679 0.027502687533950652
2681 0.03578670109700365
2731 0.03973281095177965
2757 0.020163852305502546
2876 0.06751423923420294
3010 0.06751423923420294
3026 0.11916470939980622
3059 0.040074427080865956
3060 0.042802633676386294
3112 0.026401522210129664
3169 0.049096973688609616
3188 0.06751423923420294
3301 0.03098900509250862
3327 0.06751423923420294
3361 0.07183562530435678
3362 0.029941175098325636
3432 0.04988647915825922
3497 0.07215409424681843
3534 0.0642222097125186
3571 0.03973281095177965
3581 0.06974149828417296
3605 0.030378551539222077
3637 0.09160988833385056
3638 0.04580494416692528
3681 0.044714282093481446
3721 0.02028624160566022
3741 0.03627372312762275
3805 0.02629701654788813
3878 0.028218126139960043
3882 0.03285798115257553
3891 0.018628207748687144
3933 0.018006699877827777
4048 0.01254043093509356
4059 0.01998268825026387
4081 0.016106690679043276
4105 0.01589516357521163
4143 0.02539708039752028
4174 0.04524662414564374
4205 0.031146846084388162
4301 0.05073451821068612
4306 0.11538007110032564
4317 0.030378551539222077
4320 0.017856457582029438
4356 0.01544312564546454
4410 0.012509207749331083
4429 0.03083331166383
4451 0.012986743956282163
4577 0.26922016590075987
4624 0.03427900963298702
4772 0.01911754412666625
4803 0.03231725266509281
4839 0.039401098146965734
4861 0.0625881582699933
4905 0.02797464268881505
5005 0.030172227250357928
5184 0.03876519619812982
5224 0.04525834087553689
5340 0.05693380624425388
5345 0.04988647915825922
5389 0.018417265545593316
5427 0.048358440643918955
5447 0.04766469548607947
5496 0.2456506915741491
5497 0.16948304056148927
5556 0.03402271008965959
5609 0.02704942866096607
5692 0.17682243064769027
5700 0.027161071404864335
5752 0.02429767965203471
5845 0.022299009595171174
5862 0.051650470165603285
5870 0.11258065035643755
6001 0.08855970633019812
6008 0.008811318093338702
6013 0.019863486229875715
6028 0.041553034457943394
6057 0.04433357461716382
6068 0.039491026236355
6114 0.02797464268881505
6156 0.03627372312762275
6257 0.042802633676386294
6277 0.030085117757035325
6360 0.014969542595230362
6373 0.05073451821068612
6398 0.025112170482008866
6409 0.019570802999650833
6424 0.07215409424681843
6436 0.018897474065750607
6452 0.03964980770824186
6563 0.037314739611343926
6570 0.030378551539222077
6778 0.04657199187866118
6791 0.01992293202840401
6825 0.03816277866377081
6867 0.022446667004922254
6952 0.03195861159219469
6982 0.023619360185790878
7102 0.02501875534706575
7105 0.05494249968728762
7108 0.11563672738511811
7170 0.07215409424681843
7176 0.05462453216586561
7205 0.020598067179730846
7208 0.02578834211632926
7231 0.068877751212145
7262 0.022990674054639587
7302 0.07215409424681843
7359 0.06166871323552492
7379 0.06046178825894199
7425 0.023135768912350082
7452 0.10957570242508292
7484 0.0271869826490282
7488 0.032494671575319316
7536 0.023785207878319697
7537 0.02031057004130003
7542 0.026235051684856903
7552 0.015811635536594638
7558 0.06135941628603261
7560 0.037314739611343926
7561 0.060491556916507636
7589 0.025301320085710153
7593 0.03627372312762275
7619 0.1234952674629294
7626 0.05494249968728762
7739 0.030378551539222077
7818 0.033233204620009976
7833 0.034738871102820666
7835 0.059768796085212024
7861 0.02353732907836609
7910 0.05958235469990311
7911 0.026090825555359763
7956 0.02773623218044739
8056 0.06751423923420294
8092 0.018522250598316158
8171 0.07162527797235009
8178 0.16247335787659659
8201 0.028095736839802363
8252 0.04117583100291847
8321 0.033044055016308686
8324 0.023514643536323418
8346 0.040426556109619136
8350 0.09819394737721923
8380 0.027502687533950652
8383 0.04078986568687534
8390 0.039401098146965734
8395 0.040074427080865956
8412 0.02704942866096607
8417 0.10330094033120657
8473 0.021657161535272647
8556 0.018681556518890342
8560 0.030528139165808727
8633 0.024743000064428613
8707 0.06166871323552492
8811 0.033425533357078714
8838 0.04078986568687534
8890 0.013760006285542999
8942 0.022990674054639587
8950 0.025301320085710153
8954 0.041553034457943394
8957 0.030378551539222077
8969 0.055005375067901305
9151 0.02846690312212694
9267 0.0196287438347404
9268 0.03816277866377081
9338 0.05121095649589038
9445 0.014036688971822489
9485 0.0344388756060725
9575 0.041805754574572106
9578 0.020042758154515235
9580 0.028341838593322934
9584 0.09649717258339673
9632 0.032142542546566136
9640 0.05958235469990311
9650 0.0769200474002171
9652 0.03816277866377081
9828 0.06166871323552492
9898 0.026700107067076755
9966 0.03907873061868798
10081 0.11094492872178956
10162 0.0470106151529878
10226 0.033425533357078714
10280 0.035550748603999864
10312 0.04401858112805164
10318 0.014269435868868958
10325 0.12603177237222146
10334 0.022901427129530177
10350 0.049096973688609616
10364 0.023869041883180005
10392 0.012385160025309613
10460 0.04170758762032682
10493 0.04237076014037232
10571 0.02785481656270383
10579 0.03907873061868798
10597 0.05819616060218282
10619 0.03195861159219469
10624 0.10808286412230655
10646 0.027273814094981797
10664 0.1284444194250372
10679 0.04524662414564374
10749 0.026566267030881347
10862 0.030230894129470994
10951 0.019195865897338654
10959 0.021519288897800103
11001 0.04371858563130347
11005 0.07215409424681843
11021 0.05432214280972867
11173 0.05958235469990311
11230 0.0642222097125186
11260 0.03907873061868798
11262 0.048358440643918955
11304 0.04237076014037232
11319 0.028695094285048774
11494 0.06646640924001995
11497 0.02446393554240545
11498 0.044205607661922566
11510 0.04078986568687534
11610 0.06751423923420294
11875 0.16377852375514704
11876 0.09695175799527843
11893 0.00466710165478464
11927 0.05494249968728762
11930 0.0196287438347404
11945 0.026401522210129664
12012 0.04988647915825922
12016 0.035550748603999864
12029 0.024834182144338288
12051 0.01939872020072761
12078 0.04894746749473031
12083 0.03098900509250862
12105 0.022521216392248855
12113 0.029113588759980637
12132 0.06166871323552492
12138 0.023455881827186883
12180 0.023455881827186883
12186 0.017180285947709047
12204 0.027395253488713883
12223 0.041553034457943394
12265 0.0073115276567408795
12275 0.021657161535272647
12314 0.07215409424681843
