162
50 0.0646043761416827
84 0.042373232031361736
105 0.048785564820315375
201 0.0892574973373119
319 0.0543176367076833
457 0.06119934026507069
495 0.048785564820315375
593 0.09208433419256905
952 0.020550929878153292
975 0.04776194589942595
1025 0.2944976282578154
1059 0.06655286835778353
1143 0.051480375063228126
1144 0.08562123988538563
1276 0.08198279557314811
1308 0.04567931721383049
1374 0.044800047520864326
1524 0.021598739756783444
1536 0.030626328263962044
1553 0.04048505727495091
1554 0.08562123988538563
1729 0.0512413758743092
1905 0.08536051290511024
1916 0.060058675884020536
1999 0.07050071722047366
2000 0.06871239961927912
2080 0.028313444902395075
2099 0.05008751731509224
2130 0.06555485071526132
2139 0.07178866045265324
2150 0.12399538894733499
2243 0.04678827993015154
2279 0.06929088052146587
2302 0.08090381962993783
2382 0.06928069865303367
2469 0.08198279557314811
2630 0.033250682266998774
2701 0.04062412539000468
2768 0.048785564820315375
2979 0.0937127801417808
3189 0.05635873323728866
3191 0.07624175639681088
3270 0.03516416401167009
3361 0.07516539017875898
3362 0.052215041843583596
3363 0.0650739553070416
3407 0.04567931721383049
3484 0.11150790762217828
3723 0.06369712019625805
3765 0.07184280083561166
3797 0.06199769447366749
3826 0.05605405260536924
3933 0.06280452149910494
4048 0.021869519945765185
4134 0.11091660217746695
4198 0.051480375063228126
4381 0.0374087964415768
4435 0.10390691526227569
4451 0.06794356369070167
4624 0.02241745585049427
4790 0.05100520514457583
4827 0.024991270185091553
4861 0.009922618091970514
4951 0.08433329665320606
5135 0.09581537500588051
5247 0.09673959149094312
5297 0.0377683772284792
5857 0.08312345995419829
5875 0.06282932287713489
5882 0.09434412942973344
6008 0.015366242020558979
6023 0.12239868053014138
6057 0.07731424855934585
6068 0.034434613548161075
6300 0.08312345995419829
6409 0.06825986583248335
6452 0.02304870980934065
6457 0.07389125531675293
6554 0.05635873323728866
6568 0.11199845551867087
6621 0.05516696461896311
6698 0.05196713562762535
6772 0.0413343851862307
6794 0.3353709950268539
6807 0.12565864575426977
6809 0.1597604014180968
6817 0.03705558025168268
7150 0.03813455619489295
7176 0.02381521619776333
7181 0.06282932287713489
7206 0.05605405260536924
7272 0.045295709127134445
7425 0.040346951576706674
7459 0.05762621906762516
7537 0.02361335209436102
7561 0.17582082005835045
7651 0.08433329665320606
7835 0.03474401809861368
8166 0.09829962253965818
8252 0.023935797795746793
8257 0.10754535957451321
8289 0.11199845551867087
8324 0.0273384526415318
8402 0.12239868053014138
8453 0.06325850487535828
8457 0.07178866045265324
8461 0.08433329665320606
8577 0.06369712019625805
8586 0.04736676083233829
8828 0.09064589428215426
8908 0.09581537500588051
8969 0.04796251234897407
9000 0.08041959013203526
9097 0.07709108430809067
9139 0.11525243813525032
9273 0.029081085455448245
9338 0.04871337749622117
9631 0.06282932287713489
9663 0.06655286835778353
9664 0.030626328263962044
9675 0.029636562097162228
9804 0.04836979574547156
9898 0.023281437738452992
9987 0.043149835617914016
10074 0.10083065442890159
10081 0.04836979574547156
10122 0.07797817229449683
10132 0.061594525332158354
10141 0.043469141529894624
10142 0.06871239961927912
10172 0.04567931721383049
10354 0.11199845551867087
10476 0.20308718683580118
10478 0.11773949469500809
10479 0.0884769880469111
10597 0.03382983412196156
10618 0.05969249691760677
10844 0.0543176367076833
10951 0.011158690752359153
10987 0.12651700975071656
11103 0.03239351701855572
11145 0.04497282949846823
11217 0.024301976762160546
11225 0.07178866045265324
11257 0.05605405260536924
11259 0.10754535957451321
11497 0.02133158457893769
11629 0.025377531154783736
11634 0.050625265813060684
11672 0.10390691526227569
11734 0.07624175639681088
11812 0.04659912027928513
11861 0.04816511504093509
11875 0.03570209937849759
11893 0.008139056245874129
12004 0.07273473488059855
12006 0.021120405954850582
12177 0.024487617112471098
12204 0.01592505195639174
12265 0.012750726091528488
12303 0.10700597015152637
12304 0.04268025645255512
