332
6 0.03621507978224139
15 0.07188029405705716
26 0.025460079067292557
73 0.038029164143095824
79 0.023566729655818512
90 0.03248197397970606
116 0.029259683936913427
119 0.06087521654956574
177 0.045232050973880715
178 0.17211217619131194
188 0.030667889618851623
192 0.04734044233751212
203 0.028013306355359726
220 0.032884214917405785
222 0.04659123055123776
262 0.025154164085088554
303 0.03490514865083628
320 0.04194950326871202
330 0.045786141971706294
337 0.024192539390059085
338 0.03621507978224139
344 0.018047947560252717
362 0.03418889368415229
374 0.15981079552004077
390 0.019486980836486263
411 0.041044040387847994
435 0.013633875690892496
479 0.026661825653702655
493 0.01884972121412407
496 0.018682222823117284
522 0.06271519688268679
524 0.029709096913333562
525 0.03490514865083628
591 0.056541473252817616
617 0.058521351119877475
625 0.0383633216996588
642 0.02410089948993551
644 0.03649715443934872
674 0.11075793444921327
696 0.0383633216996588
736 0.06343921484101743
858 0.041487337191918355
929 0.043467215058978215
952 0.011182892390685779
958 0.021514696947078065
979 0.014353295239769935
983 0.03870808918742239
1020 0.04020830014598782
1073 0.13751093921155305
1122 0.025054077996688236
1159 0.041044040387847994
1178 0.12142479606800838
1186 0.05213842071462753
1205 0.04696680145025356
1274 0.1121705989077968
1308 0.024856631398723347
1314 0.04901440522236798
1335 0.031007269230682324
1347 0.02348020120023269
1355 0.04734044233751212
1542 0.03373635888401655
1592 0.08587477959864408
1632 0.020291738849855245
1665 0.0446113526841779
1744 0.0446113526841779
1820 0.04659123055123776
1894 0.03649715443934872
1895 0.017527009966238606
1958 0.030327552370806202
1971 0.04696680145025356
1986 0.04020830014598782
2041 0.03466110998259805
2042 0.12985136683624093
2161 0.03418889368415229
2177 0.03135759844134339
2181 0.048569918427203346
2227 0.02305760843240533
2237 0.0446113526841779
2252 0.03649715443934872
2356 0.011182892390685779
2373 0.021229562874524585
2489 0.045890389730108436
2630 0.018093526858072497
2679 0.02609904357445611
2739 0.03708428465372827
2809 0.03739019963593227
2822 0.024378172350051065
2828 0.017087698944455595
2833 0.03870808918742239
2844 0.039064162520788134
2878 0.06406854128326725
2895 0.01890613310056946
2967 0.04901440522236798
2975 0.05486751036796175
2976 0.03678675196736306
2977 0.04901440522236798
3085 0.1396205946033451
3176 0.045232050973880715
3189 0.030667889618851623
3191 0.12446201157575507
3269 0.019546811641943815
3270 0.038269515246506056
3285 0.06992755691627864
3286 0.03594014702852858
3373 0.04901440522236798
3400 0.024192539390059085
3442 0.014925972586526975
3472 0.02265084688253182
3484 0.030338795836556177
3548 0.029259683936913427
3559 0.033301930405241
3591 0.013564487188220621
3599 0.026895367207812763
3609 0.04611521686481066
3623 0.03373635888401655
3652 0.035154797892033185
3658 0.0446113526841779
3680 0.01728075760647911
3748 0.05099428308942784
3753 0.039064162520788134
3759 0.01777897634469385
3765 0.03909362328388763
3803 0.04932542164393293
3820 0.0935430634709183
3859 0.05213842071462753
3878 0.026777968618782684
3918 0.009851521442405229
3933 0.017087698944455595
3962 0.029557216623278638
4014 0.03466110998259805
4025 0.017627096054638924
4101 0.08332735679804727
4105 0.015083928298296183
4161 0.03981337430706249
4162 0.0446113526841779
4381 0.020356185707973144
4410 0.011870780182071126
4429 0.029259683936913427
4552 0.07562453240227784
4624 0.01219857193496268
4630 0.11308294650563523
4639 0.07599866185190696
4699 0.021954997678920847
4708 0.07829713072336833
4772 0.018141849467711923
4820 0.020684285097729092
4861 0.021597771198536012
4894 0.05099428308942784
4928 0.0609445257910077
4931 0.02265084688253182
4933 0.04243221668128591
4941 0.013358942937179694
5005 0.0715808475783864
5108 0.03567200343647485
5110 0.11612426756226717
5112 0.07929960339305728
5150 0.058521351119877475
5175 0.058521351119877475
5181 0.022492314669622676
5215 0.058521351119877475
5252 0.05709935062267847
5261 0.03739019963593227
5297 0.020551853411066346
5340 0.1080561954677436
5425 0.1336306324512867
5433 0.02257129148114898
5461 0.0603558298259629
5473 0.08327340713906727
5595 0.04293738979932204
5597 0.06847159382145733
5702 0.04901440522236798
5717 0.06406854128326725
5785 0.0609445257910077
5802 0.010125194347666016
5807 0.04894438507336508
5845 0.021160943721342126
5931 0.04901440522236798
5942 0.13567020976074207
5948 0.058521351119877475
5984 0.041044040387847994
6008 0.008361618281215533
6055 0.01966747136908662
6074 0.0709618593795694
6079 0.032166371573440024
6143 0.22012111234899173
6180 0.021022607280889602
6209 0.02075111154689847
6214 0.017527009966238606
6251 0.016665471359609454
6360 0.02841109575202834
6410 0.015004663247676579
6436 0.03586602207368585
6521 0.058521351119877475
6584 0.03056931955131384
6634 0.06847159382145733
6666 0.035153875406954374
6732 0.022893070985853147
6747 0.02003770940138417
6772 0.04498462933924535
6775 0.07299430887869744
6778 0.044195115255188835
6779 0.05341745776055807
6791 0.01890613310056946
6868 0.06496394795941211
6966 0.03739019963593227
6982 0.02241390809275505
7008 0.04402422246979835
7017 0.03678675196736306
7025 0.03566015771301305
7093 0.06406854128326725
7150 0.18676000392208625
7193 0.01694512450623291
7205 0.03909362328388763
7231 0.03268123211553819
7256 0.03135759844134339
7262 0.01090865398549586
7334 0.06406854128326725
7379 0.028688011751791757
7396 0.028144935406025216
7483 0.011959912806036635
7484 0.11179762185311035
7507 0.015782117608309915
7537 0.044972637227167656
7542 0.012448051781411354
7566 0.07243015956448277
7580 0.022975028082196567
7593 0.03442243523826239
7605 0.027883253738422778
7627 0.06406854128326725
7659 0.0609445257910077
7766 0.039064162520788134
7833 0.01648295842943924
7854 0.028144935406025216
8040 0.041044040387847994
8092 0.035153875406954374
8156 0.05723144598612783
8208 0.02010066183113393
8224 0.04999641407882836
8239 0.03351697235739837
8324 0.014876357217446831
8327 0.02391990757156412
8352 0.048569918427203346
8361 0.03594014702852858
8457 0.039064162520788134
8473 0.020551853411066346
8483 0.02348020120023269
8528 0.04659123055123776
8645 0.11308294650563523
8754 0.044211646421419365
8766 0.03567200343647485
8828 0.024662710821966465
8903 0.09178077946021687
8942 0.03272596195648758
8944 0.029863131605482637
8986 0.07965155561561117
9010 0.03943230841095033
9011 0.0609445257910077
9053 0.03649715443934872
9162 0.05486751036796175
9261 0.058521351119877475
9330 0.03248197397970606
9338 0.03534350752054939
9341 0.016214814837385506
9358 0.03649715443934872
9426 0.04734044233751212
9433 0.038039687414638486
9434 0.05426808390429683
9445 0.0199804559098697
9575 0.02644808703289768
9688 0.06847159382145733
9719 0.06406854128326725
9813 0.03418889368415229
9849 0.02109155521867025
9870 0.03567200343647485
9923 0.04058347769971049
9935 0.05099428308942784
10140 0.05355593723756537
10176 0.06406854128326725
10181 0.06981029730167256
10280 0.03373635888401655
10318 0.006770586112080616
10321 0.02556399625953221
10462 0.04020830014598782
10476 0.08288318958475067
10490 0.02643320113101909
10499 0.03466110998259805
10565 0.04995928471173554
10576 0.05332365130740531
10597 0.09204337633958233
10653 0.11091014441441968
10781 0.04061813232043147
10794 0.12135518334622471
10845 0.020227672211401603
10898 0.018141849467711923
10899 0.03541032176887241
10951 0.02428823194754363
10980 0.025357146886956155
10988 0.012861485104526699
11049 0.031719607420508715
11055 0.06847159382145733
11125 0.029113919819208287
11145 0.02447219253668254
11161 0.0693222199651961
11162 0.048145200350881094
11163 0.03209410190115864
11217 0.01322404351644884
11235 0.04901440522236798
11319 0.02723059392628877
11400 0.09468088467502424
11497 0.011607689592803398
11634 0.08264398300134645
11710 0.10256668105245687
11750 0.03228630627661286
11773 0.039064162520788134
11893 0.028787905926567915
11929 0.014540851952529644
11930 0.01862695927524643
11945 0.025054077996688236
11957 0.03566015771301305
11977 0.013915950347999828
12006 0.011492775676869613
12043 0.05213842071462753
12064 0.020356185707973144
12083 0.029407431300669192
12156 0.03135759844134339
12177 0.013325060651595555
12204 0.05199418519754451
12205 0.025989904326948733
12265 0.006938372065404842
12270 0.06593183371775696
12271 0.25547145055732823
12275 0.04110370682213269
