259
23 0.04426113464388743
30 0.07646760234570306
41 0.03949511405503606
73 0.04538887483603754
79 0.028127553332956388
102 0.09070653610799383
103 0.0286566405114033
111 0.028765100023456686
124 0.08172276913823141
143 0.2721196083239815
189 0.04026529126563169
234 0.04462625276180028
273 0.0479897348211215
306 0.07646760234570306
330 0.027323522801593246
335 0.028874474816471984
344 0.010770365998280832
390 0.02325825860361741
496 0.022297757326106837
826 0.07055473534825
862 0.041084142651732505
938 0.014635541054181208
942 0.029208248696482454
952 0.013347095958138856
1059 0.08644742846454026
1162 0.041084142651732505
1230 0.06375523519870656
1275 0.04847888102479848
1276 0.05324490161364986
1536 0.039781415693419114
1543 0.05067906001601773
1553 0.15776160422617547
1564 0.03721542396325892
1575 0.025009299760571608
1638 0.08161080850336334
1851 0.05650214671705033
1858 0.0479897348211215
1902 0.07899022811007211
1918 0.04080540425168167
1929 0.022906994934972242
2002 0.18158679931859978
2076 0.06086310821321892
2094 0.04356037825301189
2099 0.0325300560058916
2154 0.030387318999509503
2227 0.027519902862414385
2243 0.030387318999509503
2266 0.020224481726720023
2278 0.02325825860361741
2356 0.013347095958138856
2373 0.08868327712342937
2377 0.04166027465880347
2382 0.04499534271448913
2464 0.028549081088662803
2541 0.05841649739296491
2590 0.059627808598328315
2757 0.06851361093647047
2798 0.041084142651732505
2809 0.04462625276180028
2900 0.030142767667819374
2901 0.06655889196999427
2938 0.03076302171258455
3117 0.059627808598328315
3152 0.02932144449072112
3179 0.049516301436415784
3269 0.04665933669861431
3270 0.02283787031215682
3271 0.06548591368681277
3308 0.04026529126563169
3361 0.16272413322982857
3378 0.09157540251836341
3571 0.04500195547487533
3581 0.03949511405503606
3605 0.03440718617714725
3637 0.0518793412434565
3661 0.022906994934972242
3683 0.034576611283249466
3729 0.050067909621494926
3737 0.029208248696482454
3805 0.029784380703553413
3830 0.03375080105883072
3878 0.031960257170730574
3890 0.0370080461622312
3891 0.021098577110502635
3933 0.020394648320625635
3958 0.055607941420690574
4025 0.06311530173550267
4048 0.014203473176406424
4081 0.018242670463601555
4105 0.018003091811089063
4134 0.0360181885051129
4140 0.09070653610799383
4156 0.035642485792037853
4178 0.03343466743372629
4205 0.035277367674125
4266 0.058500068406178204
4306 0.21780189126505947
4307 0.09070653610799383
4317 0.03440718617714725
4320 0.060673445180160074
4577 0.17424151301204757
4586 0.07646760234570306
4806 0.06748383537594063
4861 0.012888773073989588
4972 0.020567078838000633
5001 0.01735491494894035
5005 0.017086750154001008
5139 0.04751837974728791
5224 0.034173500308002015
5247 0.03141445711304226
5252 0.03407483883789611
5310 0.031960257170730574
5337 0.028231656993496494
5357 0.055607941420690574
5389 0.06257898277503744
5401 0.0286566405114033
5496 0.23848073209408185
5497 0.095979469642243
5681 0.037640407481165726
5692 0.050067909621494926
5835 0.06748383537594063
5845 0.02525618029274528
6001 0.03343466743372629
6013 0.022497671357244564
6028 0.047063566904233155
6057 0.06695046245733619
6068 0.022364053307257648
6074 0.028231656993496494
6088 0.04426113464388743
6106 0.06984687518298136
6156 0.041084142651732505
6162 0.014857099202417524
6180 0.05018214373626736
6209 0.024767034089068298
6257 0.04847888102479848
6277 0.03407483883789611
6278 0.13097182737362553
6295 0.038305211460483546
6297 0.04847888102479848
6409 0.02216617410398434
6436 0.02140355202974708
6437 0.03267650768904104
6452 0.029938629868383353
6747 0.04783113720817533
6778 0.01758270351962847
6791 0.022565000527128502
6932 0.02159004209691338
6933 0.057462647994560904
6952 0.054295177516745605
6982 0.0267516284391753
7101 0.07571648357246882
7102 0.028336603607830645
7176 0.015467133494201443
7231 0.11701790355407723
7260 0.06222866858341228
7379 0.03423994726250771
7382 0.037640407481165726
7452 0.0413690076583998
7483 0.014274491633854986
7507 0.03767280069978886
7510 0.12445733716682456
7537 0.007668014979502155
7552 0.017908486748303358
7561 0.02283787031215682
7619 0.04662417445092815
7631 0.041084142651732505
7660 0.023766591836787802
7835 0.22565000527128504
7837 0.07528081496233145
7910 0.13496767075188126
7911 0.05910169161552611
7956 0.06282891422608453
7968 0.038534612777525484
8082 0.05398572244463776
8092 0.04195713702368054
8166 0.021280699583337535
8171 0.020280956047252024
8178 0.036803934289419284
8200 0.04053253446665336
8201 0.06364327456383849
8252 0.0466363408237879
8324 0.008877674949916878
8326 0.020741834331204835
8380 0.031149941073746763
8514 0.0362102044031264
8515 0.023046360106326293
8518 0.07646760234570306
8633 0.08407283757740634
8651 0.08644742846454026
8754 0.026383920484895396
8763 0.04080540425168167
8812 0.06222866858341228
8838 0.04619919093302134
8950 0.0859699215342099
9000 0.05222965543508166
9053 0.04356037825301189
9080 0.08172276913823141
9127 0.06086310821321892
9151 0.032242025573379844
9338 0.02636466767124584
9445 0.007949078318310324
9485 0.039005967851359076
9503 0.043906021031338775
9575 0.01578326711930587
9595 0.09077774967207508
9640 0.06748383537594063
9675 0.01924789002373407
9692 0.05398572244463776
10064 0.043906021031338775
10081 0.03141445711304226
10124 0.06375523519870656
10141 0.028231656993496494
10298 0.02771930427322434
10312 0.024928040334169222
10318 0.008080884566684144
10325 0.11419632435465121
10334 0.025938487091813917
10392 0.014027611101681313
10493 0.0479897348211215
10579 0.04426113464388743
10597 0.06591381192250688
10619 0.054295177516745605
10749 0.015044668844450616
10815 0.05477146822894413
10848 0.03002220088159665
10862 0.03423994726250771
10874 0.05324490161364986
10951 0.0362358582122508
10958 0.06748383537594063
10963 0.026566470489390898
10988 0.015350543478113925
11036 0.010342753240877075
11071 0.030890715711555352
11103 0.02103843391183422
11142 0.031149941073746763
11304 0.095979469642243
11319 0.024375358634900618
11474 0.05398572244463776
11494 0.037640407481165726
11497 0.013854103342394395
11634 0.016439652237622396
11828 0.025339530008008863
11875 0.1854979211693508
11876 0.10980896120864529
11893 0.015858080198772953
12006 0.013716950358236987
12021 0.01924789002373407
12029 0.028127553332956388
12039 0.0479897348211215
12078 0.02771930427322434
12105 0.0255078549200562
12113 0.06594894213150539
12133 0.05477146822894413
12150 0.06984687518298136
12177 0.01590383390552859
12193 0.11848534216510817
12239 0.07646760234570306
12265 0.01656228362303851
12284 0.06984687518298136
