166
119 0.08068073906005607
169 0.06751367231017939
236 0.039587208505769036
455 0.061643051299751776
511 0.12736949995960029
674 0.055047229282863534
678 0.11998855773211373
711 0.03145965015679561
769 0.022847860459920398
887 0.07608053692205433
943 0.07433244047125057
952 0.022231806489960867
979 0.028534628709261257
1184 0.03804026846102716
1208 0.06380369568162221
1450 0.05517696072528578
1451 0.2871407700871777
1622 0.07724440396362585
1637 0.09123098287866956
1814 0.037030755518006504
1918 0.0679681822857376
1966 0.12115889670338001
2042 0.08604901007437245
2053 0.07626702596631434
2167 0.04471515684643861
2266 0.03368723544944724
2356 0.022231806489960867
2413 0.09571359002905923
2578 0.04206836563585863
2630 0.017985140774698528
2650 0.05210457743301854
2668 0.10619493979102478
2678 0.0693921110208522
2739 0.07372427556639967
2828 0.10191202857543077
3055 0.06031411325557657
3141 0.08247762922253463
3171 0.0886882324787549
3342 0.04902994639995803
3351 0.08247762922253463
3576 0.12115889670338001
3596 0.06890695742562858
3609 0.13751691536014768
3623 0.06706853434537377
3680 0.03435448054808684
3759 0.14137979616580632
3765 0.03885943982447283
3909 0.12115889670338001
3939 0.07039640495588673
4033 0.10041557803503696
4048 0.0236582450694577
4061 0.08536036186824195
4101 0.03313127958196348
4105 0.02998714136921074
4127 0.07914975861202166
4209 0.08752100625011237
4448 0.05731088675420431
4451 0.024500240283786535
4502 0.05232599913230238
4570 0.05648575091318801
4693 0.15108681052809045
4793 0.10907767243673211
4803 0.060968358063577706
4861 0.0107341967785594
4931 0.045030321953701644
4951 0.09123098287866956
4965 0.06342823532360568
5005 0.02846082205128831
5012 0.09411371552437688
5018 0.06342823532360568
5040 0.05703232254821385
5112 0.10509943079564833
5181 0.04471515684643861
5224 0.02846082205128831
5312 0.04165714508011843
5433 0.04487216427615414
5740 0.12115889670338001
5747 0.15108681052809045
5761 0.08435606793320743
5762 0.08435606793320743
5802 0.040258164622605716
5806 0.12736949995960029
6008 0.016623058961537873
6155 0.05394300051327335
6232 0.06706853434537377
6303 0.0653744556486086
6404 0.08752100625011237
6406 0.1163415785626089
6541 0.12736949995960029
6613 0.11240554304724507
6620 0.05816881791553972
6625 0.12736949995960029
6657 0.07234280241960313
6764 0.08752100625011237
6778 0.029286914804892223
7193 0.06737447089889448
7205 0.03885943982447283
7254 0.05621756825412979
7282 0.03294909768705375
7470 0.04922184478731121
7483 0.023776538112990457
7484 0.01709660275469114
7507 0.03137515522924867
7537 0.012772353305998433
7775 0.15108681052809045
7878 0.06457479288008111
7952 0.017669975667435497
8043 0.07766031108176352
8100 0.046851114631645825
8208 0.03996050471898603
8224 0.03313127958196348
8312 0.04633911214160389
8473 0.04085748231159095
8705 0.08752100625011237
8823 0.04737555563794787
8890 0.0778771325831378
8905 0.05648575091318801
8927 0.06890695742562858
9017 0.05300422537338238
9027 0.09966885096076822
9237 0.10907767243673211
9338 0.026348841351448396
9341 0.16117682847218856
9433 0.03781181737227562
9534 0.05166843277241692
9540 0.10365218939111011
9546 0.04394680434653144
9618 0.04667909438739655
9658 0.03638305414460257
9776 0.0374736105635027
9821 0.03792574073126161
10028 0.15108681052809045
10216 0.05759309242540193
10318 0.026920112437594894
10578 0.046171107975206314
10597 0.036596802687086406
10649 0.07433244047125057
10653 0.04409830269758652
10797 0.09744158613488983
10822 0.09262426799411874
10898 0.03606634783252507
10979 0.04518964685713842
11112 0.0709166331752831
11146 0.15108681052809045
11319 0.040601210779792125
11332 0.020482584911542933
11497 0.04615262309734389
11629 0.027453179256178902
11634 0.027382972929493866
11637 0.1016273455707353
11656 0.07199627946056907
11750 0.06418580169966644
11893 0.00880475601551908
11908 0.05188540370858232
11960 0.05188540370858232
11998 0.15108681052809045
12030 0.04755323916303485
12051 0.036596802687086406
12078 0.046171107975206314
12080 0.1163415785626089
12100 0.12115889670338001
12177 0.02649047844902831
12232 0.06233951255030308
12265 0.027587235882177923
12270 0.032768440344697856
12271 0.046171107975206314
