263
23 0.08856897360613004
79 0.028142393420269834
103 0.02867175974492728
117 0.03682335203229468
189 0.040286535219238674
273 0.0480150541884502
277 0.07277737924060516
310 0.06226150040722026
343 0.049241973209221836
347 0.06690461510517103
450 0.024620986604610918
493 0.045019082241588314
496 0.02230952161508343
547 0.04597722517834485
634 0.05127401781322947
677 0.02956643682368905
684 0.05853093302183509
769 0.01372418741645463
796 0.0698837263699302
826 0.1058879400029622
854 0.039026547386372575
862 0.04110581863104477
911 0.06378887243852754
945 0.05853093302183509
965 0.02535289913518993
979 0.03428019817889003
1023 0.030907013642374567
1064 0.03603719168878696
1173 0.0698837263699302
1275 0.04850445846549337
1276 0.05327299360514264
1524 0.014035012064398682
1536 0.01990120217722161
1543 0.05070579827037986
1548 0.05653195722992191
1553 0.1315373659945489
1684 0.03345230755258551
1745 0.04622356561002011
1782 0.042918205963697345
1787 0.09005139698172916
1895 0.06279004560513074
1902 0.03951595166341575
1929 0.04583816131499693
1971 0.018695257019937565
2002 0.1211217363003277
2018 0.11306391445984382
2025 0.04850445846549337
2096 0.03183842636663381
2187 0.05067076140723904
2243 0.03040335133839928
2337 0.03425801224672331
2362 0.10178909748485916
2373 0.0760543426195392
2377 0.12504676381548427
2382 0.045019082241588314
2459 0.05653195722992191
2480 0.030280434075081925
2570 0.09075439284476039
2670 0.034092816710964556
2679 0.03116637577177652
2681 0.0811078388353597
2757 0.022849919564556193
2814 0.05480036563644992
3010 0.07650794662599034
3026 0.13503887964782543
3059 0.04541282199054659
3060 0.04850445846549337
3152 0.02933691447459237
3169 0.05563728015116014
3239 0.017638046534455373
3269 0.07002593122253742
3301 0.03511711269360025
3327 0.07650794662599034
3361 0.11396699049797647
3362 0.033929699161619725
3534 0.07277737924060516
3571 0.04502569849086458
3581 0.0790319033268315
3637 0.051906712765774965
3638 0.051906712765774965
3681 0.05067076140723904
3741 0.04110581863104477
3765 0.09336790829671657
3805 0.02980009493240885
3878 0.0639542387825001
3882 0.0372350588079425
3887 0.04422508099618076
4059 0.02264462228170202
4081 0.03650459058033188
4112 0.06552046403199954
4143 0.028780276480181343
4174 0.05127401781322947
4205 0.035295980000987395
4301 0.05749296526757099
4306 0.2179168034668122
4317 0.034425339396555794
4451 0.014716734198928555
4577 0.30508352485353707
4624 0.033989712177720635
4782 0.039026547386372575
4839 0.04464979755716934
4861 0.04513450615156471
4905 0.031701201020609866
4941 0.015952685557464485
5184 0.04392918583269843
5224 0.06838306046965525
5229 0.06751943982391272
5340 0.03225903645481014
5345 0.05653195722992191
5389 0.02087066647483019
5427 0.05480036563644992
5447 0.05401420529294221
5496 0.15907103629668853
5497 0.14404516256535058
5692 0.20037730173248955
5845 0.025269505444645686
5862 0.05853093302183509
5870 0.06378887243852754
6001 0.10035692265775654
6008 0.009985091471611529
6028 0.047088397625692405
6057 0.10047867824691407
6061 0.05749296526757099
6079 0.01920586133381545
6114 0.031701201020609866
6119 0.029111384021537165
6251 0.01990120217722161
6258 0.020752777715752804
6277 0.034092816710964556
6360 0.016963665426465567
6398 0.05691482628532611
6401 0.05401420529294221
6409 0.0443557379393978
6410 0.017917935259656285
6424 0.08176588604268278
6452 0.04493163821856641
6563 0.04228551101115185
6778 0.05277594044359124
6791 0.022576905813524607
6825 0.08649303809760185
6867 0.02543683259447817
6932 0.06480429898674678
6952 0.036215882422292
6982 0.0267657425889954
7108 0.13104092806399908
7176 0.030950587896860553
7208 0.029223658958292206
7231 0.039026547386372575
7262 0.013026653957886908
7359 0.0698837263699302
7379 0.03425801224672331
7452 0.12417250179717022
7484 0.04107815360683854
7488 0.03682335203229468
7537 0.007672060621526883
7542 0.0148649378027671
7558 0.03476661367632996
7560 0.04228551101115185
7561 0.09139967825822477
7589 0.02867175974492728
7593 0.04110581863104477
7619 0.13994632004724758
7626 0.06226150040722026
7660 0.023779131082339162
7802 0.05127401781322947
7818 0.0376602665470049
7833 0.039366505885699316
7835 0.09030762325409843
7861 0.026672783953014104
7892 0.09075439284476039
7956 0.12572412547856784
8138 0.06751943982391272
8171 0.040583312545156736
8176 0.04228551101115185
8178 0.03682335203229468
8201 0.03183842636663381
8220 0.04901305989510002
8224 0.01990120217722161
8291 0.07757720346897294
8302 0.04954242621975747
8324 0.01776471761623892
8346 0.04581185883437229
8350 0.05563728015116014
8380 0.03116637577177652
8383 0.04622356561002011
8390 0.04464979755716934
8395 0.04541282199054659
8417 0.11706186604367018
8473 0.024542155515716407
8556 0.02117016417943435
8586 0.03077925227209451
8633 0.028039064792381777
8658 0.06751943982391272
8838 0.04622356561002011
8890 0.04677901306785171
8942 0.039079961873660723
8950 0.02867175974492728
8957 0.034425339396555794
9000 0.052257211783045265
9027 0.039912533387762496
9151 0.03225903645481014
9267 0.022243528219788655
9273 0.0377941851986839
9284 0.05749296526757099
9338 0.026378577660699946
9445 0.015906544498508868
9575 0.015791594365524884
9584 0.08201381604803756
9632 0.03642431518846897
9650 0.04358336069336244
9821 0.02278112537568933
9898 0.030256881949152756
10004 0.021538938059260514
10081 0.06286206273928392
10218 0.02312880502688953
10226 0.03787821578137685
10280 0.040286535219238674
10318 0.01617029607711771
10325 0.028564143573872918
10350 0.05563728015116014
10364 0.02704868488670934
10460 0.04726353912521357
10493 0.0480150541884502
10554 0.059659268209316656
10571 0.03156541261560222
10579 0.04428448680306502
10597 0.04396572535110223
10619 0.072431764844584
10624 0.08165386633742286
10646 0.030907013642374567
10731 0.0698837263699302
10749 0.015052606406477808
10845 0.024155032016034396
10985 0.03040335133839928
10988 0.015358642419490994
11001 0.04954242621975747
11021 0.03077925227209451
11045 0.05009432543312239
11080 0.01782396619492326
11125 0.03476661367632996
11145 0.029223658958292206
11262 0.05480036563644992
11304 0.0960301083769004
11319 0.040647031776003366
11494 0.0753205330940098
11497 0.027722825524957143
11498 0.05009432543312239
11770 0.08001835185904231
11875 0.11599736862985305
11876 0.10986689637822245
11893 0.015866446916346557
11945 0.02991852200378787
12012 0.05653195722992191
12016 0.040286535219238674
12051 0.021982862675551114
12078 0.02773392896847647
12083 0.03511711269360025
12113 0.03299186838516892
12133 0.05480036563644992
12186 0.019468906340585436
12204 0.020696420147748425
12265 0.00828551093904639
12275 0.024542155515716407
