130
15 0.05399708518289654
29 0.04023167327016181
119 0.0914599556575256
222 0.06999945333707655
262 0.07558408371167374
343 0.030976632902611642
390 0.029277569826021404
455 0.09317169218084345
504 0.06894649822567614
522 0.04711218662584321
674 0.0624017232357371
711 0.11887588214414797
938 0.018423265578823202
943 0.05617566876241017
979 0.1078231684892541
1133 0.05320106674549294
1205 0.04704247827486529
1208 0.14465616566758727
1536 0.025038486233894416
1564 0.04684689392523302
1592 0.38705916690071135
1622 0.029188171566146386
1901 0.14133655987752963
1971 0.023521239137432644
1986 0.06040963066508811
2042 0.021676765696671506
2053 0.057637703821050525
2167 0.033792834242221306
2266 0.02545864185451292
2373 0.015947827286591568
2650 0.03937728217082656
2781 0.02945784946812849
2828 0.025672848103572034
2874 0.1141816758441786
3055 0.04558152034916982
3270 0.02874838370907949
3351 0.06233127757060493
3484 0.04558152034916982
3609 0.13856856463610714
3680 0.02596290270491534
3748 0.3830733699607388
3891 0.026558955900781115
4061 0.06450986115011856
4101 0.025038486233894416
4451 0.018515702889020127
4502 0.039544618423436075
4596 0.0400571781137051
4820 0.03107642001249547
4931 0.034031015722054796
5005 0.08603542152648351
5105 0.08243387620981539
5111 0.18907693111963123
5252 0.042893515391206706
5312 0.03148178599777685
5340 0.04058636423064702
5401 0.036073070123199706
5425 0.06692297463139493
5433 0.0339114903405415
5473 0.15638922036090272
5681 0.04738186452782532
5785 0.09156408703492738
5802 0.015212263356917268
5928 0.08025529263030176
5948 0.17584693679354677
6066 0.05404147203372436
6170 0.05483394254426697
6186 0.08378454468173466
6232 0.10137215315090435
6620 0.04396024436717024
6772 0.033792834242221306
6867 0.032003080873159374
7025 0.026788212248222455
7093 0.19251532156896353
7150 0.031176821200765654
7205 0.02936746064077762
7379 0.04310135440068778
7470 0.037198698591312924
7483 0.05390632626418737
7484 0.0646025535567809
7537 0.028957564856695928
7660 0.02991746131500496
7798 0.06233127757060493
7952 0.040061487037451125
7966 0.05981628740056416
8043 0.058690658932450936
8208 0.030199574538935105
8556 0.053270034609542785
8839 0.36625634813970953
8927 0.05207543827737972
8969 0.03921164479275453
9338 0.06637585485997605
9341 0.04872282449508084
9445 0.02001265008556112
9534 0.03904767214011694
9546 0.06642432586595966
9584 0.03439493731452937
9618 0.07055410337159221
9625 0.03344195745863389
9849 0.03168830953524706
9898 0.01903368739782824
9921 0.04268829077827092
10127 0.04940580105747369
10140 0.24139003962097086
10216 0.04352514813964135
10318 0.010172243167006345
10334 0.03265144996254462
10536 0.06166526094936817
10553 0.06102536946038461
10578 0.0348931482884895
10597 0.027657505289472986
10653 0.09997996687390785
10821 0.06233127757060493
10899 0.05320106674549294
10988 0.019323312901764603
11217 0.019868026796140036
11319 0.010227926298211348
11332 0.04643825353079053
11484 0.06999945333707655
11497 0.017439589304453874
11634 0.041388572937067526
11637 0.025601133079944518
11693 0.06233127757060493
11893 0.013308134492178792
11953 0.04331187527778499
12051 0.027657505289472986
12138 0.03344195745863389
12177 0.020019796649700168
12204 0.013019490640455381
12270 0.04952855143714818
12271 0.1046794448654685
