119
14 0.08261649971788897
84 0.041510628080397176
114 0.08031384845766311
170 0.07099001154421641
177 0.08143129200908457
178 0.24788293391068011
220 0.05920147439202051
478 0.05743902587005959
482 0.08031384845766311
485 0.1080878300209574
674 0.12462349026115704
887 0.06889663422257548
1033 0.0662272144866903
1073 0.19804882961147297
1205 0.028184788155614062
1575 0.03772367025067234
1634 0.07468968125069764
1667 0.12326945674035945
1759 0.03393516587084533
1995 0.060735589752363775
2042 0.051949223039637386
2183 0.06197073347767003
2227 0.041510628080397176
2266 0.030506319127429134
2278 0.035082424800672335
2356 0.06039770623918546
2373 0.07643919284840303
2471 0.11534263827316811
2828 0.030762995985143305
2851 0.05743902587005959
2901 0.050198240593778205
3148 0.07099001154421641
3196 0.12326945674035945
3330 0.052154866186671964
3444 0.13682044241451627
3595 0.09993375531768733
3603 0.09180504239011854
3653 0.07730021194209186
3805 0.08985266817047874
3884 0.0961674853920458
3997 0.12326945674035945
4381 0.036647254919621376
4414 0.0662272144866903
4451 0.022186805738852965
4489 0.09877801608344003
4491 0.08143129200908457
4533 0.10971847106620262
4554 0.1129062114320292
4570 0.05115208536764806
4624 0.014640731545328009
4640 0.12326945674035945
4699 0.03952559719397552
4708 0.04698612582694076
4861 0.019441241059674312
5013 0.08516845567437893
5293 0.0611386955765408
5337 0.042584227837189466
5389 0.031464414350240895
5420 0.10535602806427537
5630 0.08261649971788897
5717 0.11534263827316811
5942 0.19539773642968883
6057 0.05049356025657959
6186 0.10039648118755641
6214 0.03155388791525452
6258 0.06257337280094741
6281 0.04136195861997528
6410 0.0270129054091553
6507 0.04996687765884367
6786 0.10971847106620262
6791 0.03403672422822715
6840 0.11534263827316811
7059 0.27364088482903254
7206 0.0549129442941321
7294 0.27364088482903254
7524 0.27364088482903254
7605 0.10039648118755641
7952 0.01600148867940245
8249 0.07825405671596172
8455 0.047184604078206946
8659 0.06197073347767003
8672 0.05883604431631495
8883 0.0961674853920458
8999 0.08522703040928319
9010 0.07099001154421641
9143 0.08824066692485445
9153 0.21943694213240525
9262 0.13682044241451627
9445 0.03597082830957127
9715 0.07238702999047178
9892 0.07925683753498561
10203 0.11534263827316811
10318 0.024378181528131877
10468 0.0838782239229272
10476 0.04973822078520921
10501 0.05321187710934946
10653 0.039934321624264295
10759 0.0838782239229272
10760 0.037971141147878695
10794 0.05461895469646542
10818 0.05321187710934946
10897 0.04602287978343493
10898 0.03266078388625759
10951 0.021863060214170886
10980 0.04565048871786368
11036 0.015600861138784712
11112 0.06422033195138643
11249 0.055514528369575315
11332 0.018548517369550026
11497 0.041794662874261826
11629 0.024860913526380014
11637 0.0613541240906476
11945 0.04510487358941135
12041 0.13682044241451627
12052 0.04820839504415496
12083 0.05294221849158906
12186 0.029351134367700954
12193 0.05957386545759175
12265 0.012491155929496033
