46
84 0.10475728027830587
496 0.08487865765612271
1163 0.22697925530280164
1471 0.14848014279556665
1481 0.1585840288289664
1736 0.11857538611344194
1759 0.0856396505381166
2382 0.0856396505381166
2386 0.24927872197324089
2768 0.12061017870042795
3317 0.17429549363193572
3551 0.1713044732142547
3741 0.15639092435313395
4356 0.0665816598450193
4624 0.018473861862591767
4861 0.024531206016708912
4872 0.08194690058133586
5297 0.09337292175523085
6778 0.06693033074516017
6994 0.1297093038600361
7507 0.0717026539211829
7753 0.16453541893432644
8198 0.4202936411850544
8435 0.24927872197324089
8438 0.1424664981368017
8447 0.10513534133919773
8714 0.15639092435313395
9291 0.10551632181942398
9292 0.2893724146237747
9445 0.09077690021385296
9567 0.12609768749828137
9580 0.12219331111621635
10184 0.1475748563499107
10195 0.1316193511794837
10321 0.11614451381825347
10619 0.06889335277717965
10723 0.1278704552290043
11067 0.06131407738620087
11116 0.14009788039501814
11204 0.1713044732142547
11217 0.06008059496396916
11219 0.1278704552290043
11332 0.04680951174878936
11433 0.19507678737856102
11634 0.06257919098568349
11893 0.010060896413552756
