42
864 0.16694890964663556
1184 0.08614233633959498
1524 0.05291085276541045
1929 0.08640306802895674
2458 0.16179814212350968
2541 0.11017081491016266
2662 0.15391421395586058
2694 0.14712690614214613
3055 0.2731630895512354
3332 0.08692874057638404
3680 0.07779585523107689
3805 0.11234393159971204
4048 0.05357418825962618
4662 0.19102464493994958
4872 0.0812000428035012
4931 0.1019713397446216
4972 0.07757712074592724
5040 0.12914991691527736
5802 0.04558238542517431
5914 0.14622987040784483
6584 0.06880966715935212
6699 0.17270697784748162
7193 0.07628487610202984
7418 0.14897192041976678
8483 0.10570499135321396
8713 0.2634559585479081
8776 0.10417714588766207
8777 0.1528849743429922
8890 0.05878435685430618
9001 0.17751942515618063
9292 0.1911567310613223
9332 0.1594129336658362
9534 0.23400673518280993
9671 0.09986077850298623
10360 0.20974801623528586
10533 0.4187727904840403
10601 0.18477524520767055
11217 0.05953302502139107
11319 0.030647200070550388
11750 0.14534899836219284
12106 0.186770913151125
12177 0.11997558359457337
