186
50 0.047239603983232334
68 0.031785231187123966
106 0.03646163463151032
230 0.028249334434924986
326 0.03712503259512972
344 0.02425210630067922
360 0.06852406735352988
404 0.04904340874109884
435 0.018320653993585803
450 0.027705461223024717
476 0.06361418305641632
484 0.05840949596542727
496 0.025104419897420814
505 0.20275934367581647
619 0.17354016112084436
644 0.04904340874109884
819 0.052492850992520115
826 0.039717799329084424
965 0.028529066489549865
1356 0.04262353314191583
1524 0.015793294101466272
1536 0.022394390365710594
1543 0.0855871994686496
1612 0.49184988476799735
1637 0.06166566066300137
1706 0.044466441742698204
1838 0.047934603999229955
1854 0.05066644012326591
1933 0.04338504028021109
1971 0.06311209945462046
2070 0.06260742238062272
2091 0.113460097833382
2138 0.0786386387416325
2151 0.07006151349339228
2356 0.015027121178324757
2382 0.025329497500861747
2419 0.07459140807517839
2656 0.04805667455322364
2677 0.026841762889035822
2681 0.09126888860398319
2715 0.04943255825576639
2757 0.07713755390206262
2909 0.071780232051104
2938 0.034635223762256126
2984 0.0782442298136868
3019 0.05298755063814822
3112 0.03366666269461851
3239 0.03969542099655281
3361 0.036641307987171606
3437 0.10212394621541185
3577 0.08609272985440207
3591 0.018227412513510288
3597 0.03366666269461851
3604 0.04312676376819168
3643 0.0399218899564033
3882 0.04189980257522658
3903 0.031095705657021487
3918 0.03971423528027252
4169 0.023686582968074646
4320 0.02277017702048612
4356 0.03938549436039612
4410 0.015951477135362085
4448 0.038738086375552615
4453 0.15419918707916416
4457 0.07597815846629945
4624 0.02185593401839092
4675 0.10212394621541185
4718 0.09200937482730924
4791 0.03764315478508425
4827 0.01827395877939573
4861 0.014511108291288412
5013 0.031785231187123966
5034 0.06361418305641632
5069 0.11795396060299129
5138 0.05349961166831371
5184 0.04943255825576639
5224 0.019237493003214767
5384 0.05515333126785317
5401 0.03226370821631488
5525 0.04338504028021109
5556 0.08677008056042218
5622 0.06108997931720634
5802 0.013605829073629809
6008 0.011236006461385253
6010 0.05613156360223884
6055 0.026428357280863846
6068 0.02517906068411432
6119 0.032758407861942986
6125 0.034073914484256555
6209 0.027884509383270105
6251 0.022394390365710594
6289 0.04121027704512411
6360 0.019088844091458532
6566 0.09200937482730924
6646 0.04076805405192909
6664 0.0428729792500456
6872 0.16307221620771636
6873 0.07597815846629945
6932 0.07292286948104554
7035 0.14455292371764009
7150 0.05576901876654021
7220 0.024097659221627214
7259 0.029704916449937106
7262 0.014658610635384022
7269 0.05066644012326591
7396 0.07564006522225467
7405 0.04904340874109884
7408 0.04983237071718705
7483 0.016071249971805306
7537 0.00863320310692184
7835 0.050810603051572714
7952 0.02388729550093079
8041 0.07597815846629945
8100 0.03166802379407384
8155 0.07597815846629945
8156 0.025635105361489607
8171 0.04566751974964168
8174 0.08609272985440207
8176 0.047582966695406556
8252 0.017502182923553777
8265 0.05349961166831371
8273 0.05840949596542727
8329 0.039317986867663766
8375 0.10212394621541185
8385 0.03492418849164794
8395 0.05110206178543573
8473 0.0828502629349692
8586 0.10390567128676838
8633 0.031551750334396764
8753 0.031095705657021487
8950 0.09679112464894463
8981 0.04312676376819168
8985 0.09007751975950112
9083 0.059157980129201454
9175 0.09126888860398319
9273 0.021264487676579413
9338 0.04749318439482528
9445 0.017899288881998838
9469 0.06586358707819683
9496 0.06260742238062272
9549 0.038738086375552615
9582 0.030437297347060674
9613 0.08524706628383166
9614 0.1566097324934676
9825 0.05840949596542727
9860 0.12333132132600275
9894 0.046255484494265454
9898 0.03404741178872574
9989 0.06586358707819683
10110 0.032758407861942986
10218 0.02602634171806022
10266 0.041666321722499386
10298 0.031208387622222555
10318 0.00909804140110114
10324 0.0786386387416325
10327 0.06260742238062272
10465 0.052492850992520115
10597 0.02473683769091931
10749 0.016938370902733153
10803 0.0786386387416325
10881 0.06310350066879353
10925 0.03263315179688388
10951 0.008159387391293111
10981 0.028435225381688422
11025 0.0570187067583429
11099 0.05066644012326591
11106 0.02602634171806022
11160 0.06260742238062272
11499 0.04121027704512411
11624 0.03614091310616284
11736 0.040325326397773684
11821 0.05515333126785317
11875 0.0783175910086098
11893 0.005951389314698104
11908 0.10521253627327785
11977 0.037399389153581965
12006 0.01544352987921689
12039 0.054030297132382506
12051 0.04947367538183862
12087 0.046576206019612945
12103 0.260071869816646
12159 0.047934603999229955
12204 0.05822307967052453
12234 0.08609272985440207
12263 0.05458101313080081
12275 0.0276167543116564
