288
50 0.03885400650462791
84 0.02548387479755261
90 0.03589993127443528
105 0.029340344510153018
106 0.029989256252971944
201 0.05368075027185608
319 0.03266741258096721
450 0.022787408864714667
457 0.036806168664537474
464 0.030675268314813157
495 0.029340344510153018
496 0.020648083636254
547 0.021276601247323463
593 0.11076170171029591
677 0.027364560786852555
952 0.012359626558590629
975 0.14362362640730297
979 0.015863639106150247
1025 0.2361535125491087
1059 0.04002585791408302
1064 0.03335342464280842
1143 0.12384416951450512
1144 0.1029877048621379
1276 0.04930563938085125
1308 0.027472202258571405
1374 0.026943396743989743
1390 0.04930563938085125
1524 0.025979589158523886
1536 0.01841911691819732
1543 0.04692962859508233
1553 0.04869659836205038
1554 0.05149385243106895
1587 0.02884534884600462
1622 0.02147175910249239
1729 0.030817304808581615
1779 0.05521631440231459
1895 0.05811393608289587
1901 0.06931448376129473
1905 0.10267409490589173
1916 0.03612015660269627
1929 0.04242449501580761
1971 0.01730298108624379
1999 0.08480030267478628
2000 0.041324631258741334
2054 0.06467933520922393
2080 0.01702811540186524
2091 0.031106522264656686
2099 0.030123357577098168
2130 0.03942563566459871
2139 0.04317473903112693
2150 0.07457262087227608
2243 0.028139148480586355
2253 0.038044580053059385
2261 0.03857808760243055
2278 0.021537523341813386
2279 0.04167253804275044
2302 0.04865672763803232
2308 0.05636022180928191
2382 0.04166641451976452
2464 0.026436910467525936
2469 0.04930563938085125
2566 0.08716324708774757
2630 0.039994882769303276
2679 0.02884534884600462
2701 0.024431936757449358
2768 0.029340344510153018
2911 0.0673574915372192
2979 0.05636022180928191
3009 0.10464380197335724
3089 0.02959571464726549
3152 0.05430426291987064
3189 0.06778991512871742
3191 0.09170579071824439
3270 0.02114823699005921
3314 0.05071926473733516
3316 0.05071926473733516
3330 0.03201850083814828
3361 0.06027407085702785
3362 0.031402881609455854
3363 0.039136418208523635
3407 0.027472202258571405
3472 0.025034311242866397
3484 0.06706246893504508
3595 0.030675268314813157
3668 0.038044580053059385
3723 0.03830836965291397
3765 0.0432072998407386
3797 0.03728631043613804
3826 0.06742343644843515
3887 0.020465772126011427
3933 0.05665732182355633
4025 0.019481929802812225
4048 0.05261058281020148
4134 0.06670684928561683
4137 0.0673574915372192
4198 0.03096104237862628
4269 0.04999165144269246
4381 0.022498191408639595
4435 0.062491122159006235
4451 0.05448298961041795
4522 0.04865672763803232
4624 0.02247030380527478
4790 0.030675268314813157
4827 0.0150301114618142
4861 0.011935212160948803
4941 0.014764654809571816
4951 0.05071926473733516
5013 0.02614297062553643
5051 0.026536512231242895
5135 0.057624752780793265
5247 0.058180589946429766
5297 0.022714448496280303
5340 0.029856636741755413
5401 0.026536512231242895
5433 0.024946384522527953
5473 0.02300898950251881
5609 0.028369962202693944
5627 0.02684037513592804
5857 0.09998330288538491
5860 0.07567660493716122
5875 0.03778646378994325
5882 0.17021977321616366
5939 0.07081023555894826
6008 0.009241480269217794
6013 0.02083320725988226
6023 0.07361233732907495
6057 0.061997210216581285
6068 0.04141894957240744
6114 0.029340344510153018
6170 0.040337614238090305
6180 0.023234738044704547
6300 0.04999165144269246
6398 0.026338128480705353
6409 0.0615787063381878
6452 0.013861827546967125
6457 0.04443927000263829
6554 0.03389495756435871
6568 0.0673574915372192
6621 0.03317821067484643
6628 0.03335342464280842
6698 0.031253787224483305
6772 0.04971819454980881
6794 0.35296969494612734
6807 0.11335939136982974
6809 0.09608221681867979
6817 0.022285762081722355
6970 0.040337614238090305
6994 0.03155385144464657
7150 0.022934673824541285
7176 0.014322815578742243
7181 0.03778646378994325
7205 0.0216036499203693
7206 0.03371171822421758
7272 0.027241494805208974
7371 0.053211340692238006
7382 0.03485562563118491
7397 0.04865672763803232
7425 0.024265240415994482
7426 0.047455531608465655
7443 0.04098652598090923
7459 0.034657241880647366
7537 0.014201411586395913
7542 0.027515827931669526
7561 0.2537788438807105
7580 0.025392604824275564
7589 0.026536512231242895
7651 0.05071926473733516
7658 0.047455531608465655
7689 0.0673574915372192
7833 0.01821739883130087
7835 0.020895555159296135
7837 0.03485562563118491
7898 0.0673574915372192
7924 0.07081023555894826
7952 0.019647013448727654
8064 0.05071926473733516
8092 0.01942649347493787
8098 0.01767954353920994
8166 0.0985313586493025
8169 0.029467350390001226
8226 0.07567660493716122
8252 0.028790670192676563
8257 0.12935867041844787
8289 0.0673574915372192
8312 0.0257619245375091
8321 0.034657241880647366
8324 0.024662611425061095
8342 0.04443927000263829
8356 0.062491122159006235
8402 0.07361233732907495
8421 0.04865672763803232
8438 0.034657241880647366
8447 0.025575844164416685
8453 0.038044580053059385
8457 0.08634947806225386
8461 0.05071926473733516
8476 0.08334507608550087
8514 0.03353123446752254
8515 0.021341301908847084
8577 0.03830836965291397
8586 0.02848705526459545
8633 0.02595093543036865
8820 0.07081023555894826
8828 0.08177362842261716
8836 0.03408103793745112
8908 0.057624752780793265
8942 0.048226124264562305
8957 0.03186161045183199
8969 0.02884534884600462
8978 0.045852895359122195
9000 0.04836550501218453
9097 0.046363693453001405
9139 0.17328620940323686
9143 0.054172008759064215
9273 0.0699591421466327
9338 0.03906257334538669
9423 0.043581623543873786
9468 0.053211340692238006
9631 0.03778646378994325
9658 0.020226919593391186
9663 0.04002585791408302
9664 0.01841911691819732
9675 0.035647714451188826
9804 0.058180589946429766
9865 0.025302023687549722
9898 0.014001793490631818
9987 0.02595093543036865
10074 0.060641014386620645
10081 0.029090294973214883
10122 0.04689720100237257
10132 0.03704383868140262
10133 0.0673574915372192
10141 0.02614297062553643
10142 0.08264926251748267
10172 0.027472202258571405
10318 0.007483029703280973
10334 0.024019458236842345
10354 0.0673574915372192
10426 0.03353123446752254
10460 0.04374372187985275
10462 0.04443927000263829
10476 0.1526744655234295
10478 0.07081023555894826
10479 0.053211340692238006
10540 0.057624752780793265
10597 0.04069150337873512
10618 0.03589993127443528
10694 0.048041108409339894
10844 0.03266741258096721
10875 0.04536295208134463
10951 0.00671099806187218
10963 0.024600981011788266
10981 0.023387631114198983
10987 0.07608916010611877
11011 0.0193163831278793
11103 0.019481929802812225
11114 0.05636022180928191
11145 0.054094620650244216
11157 0.04536295208134463
11190 0.053211340692238006
11217 0.014615560424599262
11225 0.04317473903112693
11257 0.03371171822421758
11258 0.07567660493716122
11259 0.06467933520922393
11276 0.022787408864714667
11497 0.012829123590117187
11629 0.015262414397392288
11634 0.04567015095584385
11672 0.062491122159006235
11710 0.0755729275798865
11734 0.045852895359122195
11812 0.028025385129802523
11861 0.02896719703619602
11863 0.06467933520922393
11875 0.04294351820498478
11893 0.012237365454361665
11920 0.060641014386620645
11945 0.027690425427573977
12004 0.10935930469963188
12006 0.012702117710268981
12029 0.02604656895346533
12078 0.025668523726472933
12177 0.014727207217111724
12204 0.028732669948389012
12265 0.007668471148339659
12303 0.09653240790956896
12304 0.025668523726472933
