39
785 0.14416290752283406
864 0.14762298830299586
1159 0.16338575627543697
1184 0.07617054305277421
2541 0.09741749709679652
2895 0.15052089539387448
3055 0.24154186846134276
3270 0.07617054305277421
3332 0.07686591353284897
3680 0.06879024637601319
3703 0.2725677841213603
3988 0.14528577410083454
4048 0.09474493464537194
4054 0.21264114478125323
4931 0.09016718902940409
5914 0.12930237456750537
6013 0.07503588650260284
6869 0.12930237456750537
7389 0.13894840898538674
7468 0.19165364559698947
7535 0.24260446445130673
8725 0.1488407570765152
8777 0.27037417407408854
9292 0.1690285245542075
9341 0.06454700268389714
9445 0.026512350057107763
9534 0.10345911693532994
9625 0.08860644431872582
10429 0.1370268511847314
10525 0.32677151255087394
10533 0.12343195468619274
10654 0.16338575627543697
10655 0.2075496276431029
11067 0.05372226676374707
11111 0.19887504832549374
11319 0.02709949569069024
11433 0.17092269276034816
11634 0.05483073602847657
11995 0.27037417407408854
