36
103 0.12932356114584256
119 0.10929600324634002
664 0.25095115422379805
674 0.07457098460542654
769 0.06190275052241565
1586 0.17184901116679505
1622 0.1046408935357636
2042 0.2331365080191525
2458 0.19358195250635307
2828 0.0920383025390169
3609 0.12419361715267628
4025 0.09494362025189905
4949 0.34508799605087564
4972 0.09281645825298766
5035 0.1552749996520368
5802 0.054536640870490156
6055 0.10593355406889268
7025 0.09603693261591219
7193 0.0912703636069158
7374 0.16341177820085862
7389 0.18800721162853906
7468 0.25932119532886305
7484 0.09264121136952856
8052 0.18171183935444093
8716 0.17184901116679505
8986 0.10725542972875848
9341 0.08733674665433272
9445 0.0717462408436903
10392 0.06330472063940994
10653 0.11947754299091945
10898 0.09771620130680911
11071 0.13940564179435075
11187 0.17495543185343188
11629 0.22314045241000038
11750 0.173901520304958
11819 0.4093463874113861
