54
29 0.10306407912444931
289 0.360032153012075
493 0.07254953452009123
674 0.053286176605865786
797 0.1439088434457902
887 0.14729318730524088
938 0.04719607083195377
1073 0.10585148202344198
2042 0.05553077248171128
2080 0.05929868746319482
2266 0.06521904920222533
2373 0.04085458047670495
2434 0.1362886130970148
2743 0.20067236594590052
3480 0.2925065829288913
4596 0.1026170635978735
4872 0.0694212255092518
4874 0.13729578359897282
5297 0.07910076661403288
5368 0.09604740516027521
5425 0.05714697063295391
5802 0.03897023879049256
5942 0.1044345479126744
6125 0.0975955656059148
6360 0.05467486093298118
6554 0.11803575720229104
6558 0.14636811470200592
6778 0.056699955106378104
7471 0.11150118668055418
7484 0.09929792350479728
7537 0.049454977683886236
7605 0.1073181431517617
7984 0.1167691283515099
8092 0.06765079622081661
8515 0.07431892268076734
8528 0.17932212634942288
8577 0.13340501785792747
9338 0.017003931979918917
9341 0.062408205162224326
9445 0.05126769990543555
10144 0.1167691283515099
10175 0.18530310529026406
10318 0.02605889314116674
10653 0.08537504888712123
10898 0.20947515126587407
10914 0.09566916227724499
10985 0.29397520486288437
11244 0.2335382567030198
11297 0.3481817270682193
11319 0.026201540219300223
11629 0.1594494375787927
11637 0.06558407818905879
11893 0.008523077185295578
12270 0.06344024656841059
