55
23 0.3017193814010752
450 0.08387394078724217
794 0.30916423837450996
1413 0.08228661822379574
1553 0.08961913203486706
1902 0.13461518188504099
2002 0.20630686945337756
2096 0.10846089682425275
2333 0.16523546121787624
2362 0.11558503418695981
2377 0.14199491721332294
2670 0.11614071101237779
2731 0.15338470508000482
2763 0.22274927576097533
3269 0.0795168623588065
3361 0.11092581609610958
3362 0.11558503418695981
3903 0.09413737436166719
4025 0.0717074168635514
4048 0.048411130611672466
4306 0.14847123199439577
4320 0.0689331415116132
4451 0.050134079214817134
4577 0.14847123199439577
4624 0.016541353534524017
5370 0.13724025457488234
5496 0.2709459798173783
6013 0.07668108307081047
6028 0.16041150331009868
6055 0.08000770879919876
6778 0.11985780464020367
6932 0.1471750373847114
7035 0.0875222633322574
7176 0.05271819156315729
7561 0.15568123498283498
8326 0.07069648658904162
8996 0.13055951682308015
9000 0.08900980202752472
9027 0.06798308930087896
9151 0.10989374865089772
9267 0.07577488257341043
9268 0.1473237460465606
9445 0.027093645612635848
9821 0.07760626296224339
9976 0.2300119645375238
10064 0.1496493211475727
10081 0.10707306357437339
10597 0.0748868984006495
10619 0.06168657711864763
10819 0.24792367970883947
11067 0.05490015234670724
11217 0.053795701692235735
11852 0.1297912239772634
11875 0.07903140994450773
11977 0.056610393995889956
