262
58 0.07581981975856374
69 0.03558805911939257
105 0.02648444083168592
117 0.030763688968427863
169 0.0677607058869619
200 0.03532699324812237
201 0.024227811194982893
262 0.05018994126041699
271 0.0639177734702382
303 0.03482300891704286
327 0.05087428197211842
344 0.018005476645060636
374 0.07358525744377337
414 0.06831046462687443
505 0.030106899432652497
537 0.22745945927569122
563 0.1065835087269916
570 0.0532917543634958
619 0.06442065854613856
681 0.10174856394423684
704 0.04450637205022335
763 0.04138970807517026
769 0.0114657305683073
826 0.05897532357368943
1106 0.031830160111464036
1113 0.03221032927306928
1174 0.03093430209148614
1249 0.05087428197211842
1292 0.052015727181912656
1393 0.05473839466813722
1465 0.31245151924524484
1487 0.0336569695777107
1520 0.05473839466813722
1521 0.03827304410011717
1536 0.016626253724563302
1543 0.042361635234015586
1553 0.02197830665515541
1612 0.2130122243228464
1622 0.019381760609708927
1632 0.02024398778470421
1895 0.034971529870783294
1971 0.015618759303655302
2080 0.030741296488850788
2091 0.028078703987703253
2098 0.04648159081548219
2100 0.028346216577050477
2127 0.04283634837981168
2152 0.043364926840429106
2154 0.025400165725055674
2174 0.030106899432652497
2228 0.03971968440475859
2266 0.016905248783887147
2299 0.08022736178717424
2358 0.17536035338468342
2373 0.010589802448338514
2419 0.02768942704127512
2464 0.02386361860227923
2512 0.09779812641371914
2630 0.009025474342225977
2641 0.043364926840429106
2647 0.04803190377163397
2656 0.0356786878871265
2757 0.0763589167896616
2789 0.0639177734702382
2938 0.025714208276016264
2983 0.06831046462687443
3156 0.0532917543634958
3158 0.045782399231806485
3332 0.01926400173932582
3399 0.05087428197211842
3401 0.052015727181912656
3429 0.03343809931736242
3447 0.04889906320685957
3548 0.02919082926239251
3561 0.03093430209148614
3595 0.02768942704127512
3598 0.07581981975856374
3643 0.029639184668119687
3831 0.04803190377163397
3867 0.0336569695777107
3880 0.03585557170873979
3903 0.023086365985188657
3937 0.045125609696031126
4105 0.015048432392881915
4320 0.016905248783887147
4339 0.07268343358494868
4382 0.048829207831152924
4440 0.33473349536447294
4446 0.022758046635225283
4448 0.05752058817998993
4453 0.1431025117580956
4552 0.03772328536020464
4624 0.012169865927679319
4699 0.021903332588397346
4787 0.08801468682924463
4814 0.052015727181912656
4827 0.02713424837709832
4861 0.021546946742965718
4872 0.01799448324487672
4903 0.0532917543634958
5001 0.02901326805793209
5069 0.02919082926239251
5122 0.052015727181912656
5128 0.03861700027176379
5181 0.022439385150317608
5252 0.028482491448195715
5361 0.09968343836084297
5380 0.025297475767492084
5435 0.04889906320685957
5461 0.030106899432652497
5473 0.04153872295981189
5507 0.06831046462687443
5556 0.03221032927306928
5622 0.022677498238831115
5718 0.0472290395364479
5777 0.029338228943081544
5846 0.058383637103807735
5927 0.037939672892095946
5998 0.024414603915576462
6008 0.025025824489136005
6057 0.02798129117302034
6068 0.018693674828552425
6079 0.01604533840173145
6099 0.0532917543634958
6114 0.02648444083168592
6149 0.04648159081548219
6162 0.037256276074347554
6209 0.04140455894714453
6242 0.056408418338548885
6260 0.05473839466813722
6360 0.014172118999013885
6398 0.023774451766345153
6410 0.014969353870909478
6437 0.027313653785353543
6452 0.01251255762725092
6484 0.03164496398794193
6584 0.015248691503535972
6646 0.030267401766914594
6696 0.03482300891704286
6698 0.028211634605261576
6723 0.04450637205022335
6772 0.022439385150317608
6791 0.03772328536020464
6800 0.056408418338548885
6872 0.030267401766914594
6896 0.0472290395364479
6915 0.07581981975856374
6932 0.054140081981044155
6982 0.02236116308191365
7025 0.01778812063580277
7035 0.04292813596813743
7101 0.3480946038673612
7128 0.04889906320685957
7150 0.04140455894714453
7167 0.05473839466813722
7262 0.03264895034338348
7272 0.01229494352197492
7282 0.01653482947391529
7425 0.021903332588397346
7436 0.07581981975856374
7467 0.030267401766914594
7484 0.025738739235019636
7507 0.015744978705049237
7542 0.012418758691449185
7585 0.05473839466813722
7589 0.04790705084082851
7742 0.07581981975856374
7743 0.05087428197211842
7835 0.01886164268010232
7866 0.04803190377163397
7952 0.008867315191580403
8045 0.031283806898034464
8092 0.017535575181337276
8100 0.047022543588591446
8112 0.023003348648626833
8171 0.033904909128119304
8200 0.03388035294348095
8213 0.05473839466813722
8297 0.07581981975856374
8326 0.01733769370910136
8329 0.02919082926239251
8412 0.02560851271171714
8439 0.042332364048732175
8440 0.038972235683792884
8473 0.020503490237339942
8515 0.01926400173932582
8582 0.0328068308991814
8586 0.10285683310406506
8634 0.05087428197211842
8680 0.045125609696031126
8774 0.027817638116433053
8819 0.03388035294348095
8867 0.029045408160726194
8944 0.0297928568816919
8950 0.04790705084082851
8972 0.055635276232866106
8986 0.039732058717250426
9160 0.05809081632145239
9175 0.03388035294348095
9273 0.015787380752949578
9338 0.004407542028610496
9438 0.0297928568816919
9445 0.006644479121365995
9473 0.056692433154100955
9551 0.04984171918042148
9569 0.058383637103807735
9575 0.01319292434188295
9582 0.022597544300963182
9613 0.03164496398794193
9614 0.0930173353469542
9624 0.04984171918042148
9656 0.0381794583948308
9671 0.022129829536430373
9821 0.0190322558031606
9829 0.06831046462687443
10004 0.03598896648975344
10063 0.037939672892095946
10103 0.0336569695777107
10215 0.07581981975856374
10239 0.03971968440475859
10317 0.06831046462687443
10318 0.0472825737082941
10321 0.025503838376566036
10392 0.011725405808754877
10490 0.026370997811791634
10642 0.11676727420761547
10816 0.024044184605604604
10831 0.045782399231806485
10871 0.1065835087269916
10909 0.07844284333806416
10960 0.01704748771211048
11036 0.008645305180620734
11067 0.013463781184817088
11098 0.052015727181912656
11145 0.024414603915576462
11194 0.059278369336239374
11249 0.030763688968427863
11276 0.02056934885601394
11319 0.013583257080453777
11497 0.011580374065726085
11552 0.04984171918042148
11629 0.013776815432979362
11770 0.022283501750002585
11818 0.031283806898034464
11828 0.042361635234015586
11875 0.038763521219417854
11876 0.030595721116877972
11892 0.08544747434458715
11893 0.006627729566016643
11955 0.10403145436382531
11957 0.01778812063580277
12006 0.0343971917049219
12051 0.018365355478589054
12078 0.023170024388611148
12087 0.06915908905431331
12098 0.02205380319349172
12103 0.11585100081529139
12105 0.08528606847752017
12177 0.026587407521585314
12204 0.008645305180620734
12265 0.006922044501809195
12286 0.02695047868120746
