207
50 0.0378266985583675
68 0.02545174508977946
132 0.02633217386117315
230 0.022620406778255588
326 0.02972754423267395
344 0.009709830704411709
444 0.05375638366024414
450 0.022184905074053643
484 0.09354178318745596
496 0.040204288091808996
505 0.09741465964668003
513 0.0363004526972916
619 0.277921523847607
628 0.040204288091808996
724 0.03755807500885704
826 0.031803679454135154
913 0.03086841164914943
952 0.012032835483005178
1100 0.04677089159372798
1220 0.08177485421877144
1468 0.02919633413186589
1520 0.11807530691606306
1524 0.02529268346245484
1543 0.09137759907004077
1579 0.08177485421877144
1612 0.49230560161159154
1729 0.030002488912866606
1838 0.07676642745088148
1854 0.04057070754125356
1894 0.039271079397338635
1895 0.01885913054196957
1971 0.01684548669729899
2091 0.060568118799494385
2138 0.06296920024511508
2174 0.06494310643112002
2197 0.08177485421877144
2278 0.020968066782187322
2419 0.029864207893290747
2525 0.0356061132172337
2630 0.009734352454820086
2656 0.03848096065088938
2675 0.027619854550283277
2681 0.07308276204443885
2726 0.04165005374116656
2739 0.03990283377982871
2757 0.061767219725610716
2851 0.03433016210225336
2984 0.06265338075536181
3019 0.042429316427946916
3112 0.026958284867663124
3239 0.03178576020063733
3332 0.02077703348438255
3361 0.07335051498881165
3408 0.0736756998930779
3434 0.041279082590303696
3442 0.016060404257052005
3450 0.06893799832499363
3456 0.03516513221174444
3577 0.06893799832499363
3604 0.03453337782925437
3661 0.020651391308419805
3760 0.04866986186694711
3882 0.03355089941547301
3903 0.024899613569270885
3918 0.021200550382205825
4079 0.038101643238560155
4081 0.016446353060445392
4164 0.06296920024511508
4320 0.018233019535479598
4339 0.026130710081065163
4410 0.01277300540822075
4448 0.031019182899504217
4453 0.15434205824574715
4457 0.060838843999300084
4624 0.030626658072910873
4815 0.042429316427946916
4820 0.022256370800084836
4827 0.014632712214556073
4861 0.005809821344789727
5005 0.015404253793270626
5069 0.18890119879407216
5384 0.044163546271458715
5401 0.025834881374256612
5433 0.0242867969701501
5525 0.034740190480950874
5527 0.038101643238560155
5556 0.10422057144285261
5606 0.056101142431215806
5622 0.024458632563781627
5718 0.05093849913233797
5777 0.031642509867434186
5802 0.010894748296102286
6010 0.08989371446658932
6055 0.021162275293648006
6066 0.019351763164504876
6084 0.032644661711832494
6119 0.026231007776559814
6247 0.08177485421877144
6289 0.06599753578992887
6493 0.043264286537437996
6566 0.0736756998930779
6570 0.031019182899504217
6646 0.06528932342366499
6657 0.01957755975178438
6747 0.021560652848984094
6872 0.06528932342366499
6896 0.05093849913233797
6932 0.07785646418909552
7021 0.05273968967360653
7035 0.20834907446831435
7150 0.022328276317966623
7220 0.01929598926490379
7259 0.023785951310093492
7262 0.011737753897893936
7272 0.026521224063552777
7282 0.017833506780513635
7405 0.039271079397338635
7408 0.03990283377982871
7467 0.032644661711832494
7470 0.026641036155257317
7483 0.025737824912987546
7484 0.009253436438392357
7507 0.03396323922644609
7537 0.006912961667388414
7542 0.013394151882781995
7651 0.04937823691599725
7835 0.040686144741664654
7837 0.03393403569995016
7952 0.009563771180311771
7986 0.026641036155257317
8100 0.02535789229780235
8225 0.028813197847388745
8265 0.042839344806644426
8329 0.031483533132345365
8473 0.06634162137842987
8475 0.043264286537437996
8556 0.019075518388646785
8582 0.07076708498393469
8586 0.05546770329495147
8753 0.04979922713854177
8905 0.030572582942340876
8942 0.011737753897893936
8950 0.025834881374256612
9009 0.05903765345803153
9175 0.1096241430666583
9232 0.03317992826461015
9273 0.017027351999512927
9338 0.023768594280522668
9445 0.014332698580386802
9469 0.05273968967360653
9473 0.030572582942340876
9549 0.031019182899504217
9576 0.08177485421877144
9584 0.02463303296229226
9613 0.06826084063804279
9614 0.17556541757241617
9656 0.02058907324187024
9669 0.04091952776646632
9860 0.0987564738319945
9898 0.013631583182639254
10106 0.03606439194576517
10110 0.026231007776559814
10140 0.08643959354216622
10172 0.026745831564261097
10181 0.03755807500885704
10218 0.020840364857748865
10266 0.06672788334095177
10306 0.03896756597484298
10318 0.007285176854428239
10392 0.01264634173122742
10420 0.021359766357469938
10559 0.041279082590303696
10597 0.019807805818054674
10642 0.06296920024511508
10749 0.013563251936551675
10881 0.02526478734478233
10960 0.018386430182678923
10979 0.024458632563781627
10988 0.04151702321452838
11018 0.05375638366024414
11025 0.045657229334550596
11080 0.016060404257052005
11099 0.04057070754125356
11276 0.044369810148107286
11317 0.05093849913233797
11319 0.0073250561074087945
11332 0.022172159029773392
11484 0.05013234435133726
11499 0.032998767894964434
11624 0.028939519183442418
11657 0.05375638366024414
11754 0.03838321372544074
11875 0.04180808272583786
11893 0.01191380698759039
11908 0.0280826718726885
11929 0.01564601296470082
11957 0.019185233840580244
12006 0.012366271097988721
12039 0.043264286537437996
12051 0.03961561163610935
12087 0.07459097691511889
12103 0.374850483670499
12180 0.023950525999479524
12204 0.05594594445673546
12234 0.06893799832499363
12263 0.043705267542927244
12265 0.01493143037885845
