188
119 0.024034101272074098
167 0.09001493410723034
236 0.16509766583042834
237 0.047623831788743756
289 0.18465835426881477
337 0.02865431819478938
344 0.021376492306833073
374 0.05824134218165468
455 0.03672587422767873
524 0.07037656547822331
547 0.06840391024280225
576 0.02682829460309643
674 0.06559239286822197
797 0.17714397987917624
887 0.06799122134431605
938 0.01452395075529385
952 0.013245329551161955
979 0.01700044308342114
1020 0.047623831788743756
1205 0.03708585945026402
1353 0.03824080136724461
1623 0.05148378147740449
1673 0.06696929742125976
1697 0.16219932972151058
1702 0.13149395282258355
1742 0.026093122242339038
1814 0.022062289926191622
2030 0.03824080136724461
2042 0.08544421079029195
2086 0.13854464222969626
2130 0.042250915484067925
2135 0.08109966486075529
2154 0.03015562753029853
2167 0.02664052462990009
2181 0.028763782810661158
2194 0.02932553212076954
2434 0.041940972420699205
2677 0.02365908885543859
2705 0.10058530385344913
2781 0.023223046598413427
2806 0.03365324298445436
2864 0.05805402817478469
2984 0.06896667678796671
3112 0.029674748542072034
3221 0.04322824733889641
3301 0.03483098157637126
3400 0.02865431819478938
3453 0.040770892069395624
3575 0.09001493410723034
3680 0.020467811134640464
3878 0.03171657266074249
3918 0.01166841667846843
3966 0.10502517446644229
3975 0.039698436587003824
4048 0.11276141781411171
4127 0.047156070613719674
4317 0.03414484478674925
4382 0.028985547178994955
4596 0.15789504847290203
4624 0.014448328722782936
4782 0.07741712508453738
4815 0.09340945108281837
4874 0.08450183096813585
4931 0.02682829460309643
5005 0.01695647034065896
5016 0.11834633957461961
5018 0.15115782517973647
5040 0.03397888100368163
5221 0.4054983243037764
5224 0.01695647034065896
5248 0.06931431997035462
5252 0.033815031466485464
5312 0.024818613592912066
5440 0.048109248443177155
5687 0.042250915484067925
5769 0.03672587422767873
5802 0.023985124996123555
5920 0.05518395253085908
6008 0.009903733832578565
6125 0.09010113535779761
6170 0.04322824733889641
6360 0.016825446986267378
6403 0.04022348968183457
6570 0.03414484478674925
6764 0.20857406634148587
6778 0.03489728451016976
6932 0.021425426436879624
7025 0.021118442539457473
7185 0.03995828410610924
7188 0.029793293295793628
7191 0.08109966486075529
7193 0.04014055586503978
7205 0.023151788716814965
7254 0.03349346434924822
7262 0.012920513937685162
7272 0.014596823554934494
7382 0.07470682807581792
7425 0.026004111404533455
7470 0.02932553212076954
7484 0.10185863114337768
7496 0.04022348968183457
7525 0.07218439561428022
7537 0.007609549352555557
7542 0.01474381960896353
7548 0.09001493410723034
7554 0.07279341562020654
7580 0.02721226385486415
7753 0.042894150250156686
7880 0.05148378147740449
7977 0.05518395253085908
7984 0.14373646280466945
7988 0.07470682807581792
8092 0.041637230199354926
8208 0.04761556864690613
8224 0.039478097896628636
8277 0.044658833096046555
8278 0.06696929742125976
8320 0.04392366073528916
8414 0.040770892069395624
8466 0.06696929742125976
8528 0.2759197626542954
8582 0.038948981032407605
8625 0.03199619268909167
8727 0.030783167340528758
8752 0.0649866091066698
8823 0.028225544666259497
8828 0.029211202348154025
8837 0.07568872662082257
8890 0.015465953940494924
8942 0.012920513937685162
8986 0.023585380832918335
9022 0.0543538571213301
9112 0.04049427894105547
9230 0.029211202348154025
9338 0.03139637682154293
9341 0.01920527879809733
9434 0.06427663168977697
9534 0.030783167340528758
9563 0.02365908885543859
9568 0.02418722230347052
9575 0.015662925856298093
9618 0.027810604981203666
9672 0.0543538571213301
9675 0.01910113236081283
9776 0.022326135377691063
10004 0.04272688140750395
10140 0.03171657266074249
10144 0.03593411570116736
10174 0.03847255565043407
10318 0.04009635484989616
10325 0.056662810934778526
10618 0.03847255565043407
10638 0.039193979196702096
10897 0.030278709950227037
10898 0.042975424688438894
10901 0.04861370583347888
10914 0.0883226618585911
10951 0.007191914781998258
10959 0.02418722230347052
10980 0.03003371178593254
10985 0.12062251012119413
10988 0.01523350156429163
11093 0.06175419922823928
11112 0.042250915484067925
11159 0.04022348968183457
11244 0.07186823140233473
11257 0.036127533101339204
11276 0.048840753982235606
11297 0.21429640937008648
11319 0.008063168673785426
11332 0.14643807951578897
11497 0.02749694240326058
11505 0.04322824733889641
11637 0.02018261065292581
11833 0.05357410234252162
11893 0.020982891353572793
11960 0.030912434908318742
12004 0.023439220001768915
12006 0.02722472791109123
12007 0.03632390355277649
12078 0.05501591075381531
12098 0.02618275336973168
12177 0.01578257336774575
12204 0.010263893776700455
12232 0.14856325565093823
12265 0.008218001331337826
12271 0.027507955376907655
12340 0.047156070613719674
