62
106 0.0988396851670152
132 0.08914351241654081
202 0.17244443067342027
289 0.22716278833623665
319 0.1076664505277223
390 0.07098415540635875
642 0.08779102361631351
674 0.10086296201294813
797 0.13619922777685464
958 0.07837040557625315
979 0.10456792136681654
1073 0.20036141998541165
1896 0.10712083575512536
1958 0.05523625513484013
2042 0.10511165469424856
2167 0.08193151999040525
2434 0.12898723535071913
2705 0.1546723825431054
2743 0.18992176313529793
2900 0.0919956623140079
3723 0.12625812270287376
4048 0.08669793938117709
4596 0.09711956877774218
4624 0.014811689459624031
4874 0.25988089759393124
5150 0.2131725133482761
5425 0.05408544105857452
5845 0.07708180811922048
5942 0.1976793703340304
6057 0.05108316697944857
6063 0.1155432727860202
6186 0.10156879781486057
6570 0.10501065846409807
6638 0.07345022795109007
6952 0.05523625513484013
7176 0.0944113165439247
7262 0.03973635507101242
7376 0.10934995752626381
7484 0.09397824468162805
7605 0.10156879781486057
7951 0.1716904649668555
8224 0.06070639771430311
8528 0.16971531802557493
8727 0.09467199784413484
8966 0.16036461859649243
9445 0.048521139978768356
9563 0.07276227245684729
9575 0.048170497418178485
9618 0.08553004002801792
9922 0.10252201126110708
10174 0.11832030360309535
10318 0.04932568475381365
10619 0.05523625513484013
10653 0.0808012589873766
10898 0.1982529576203503
10951 0.022118352319129654
10985 0.3709681298166139
11067 0.04915946002534165
11297 0.16476430918773496
11332 0.15012084791726835
11945 0.09126311464062718
12270 0.06004156788214074
