298
50 0.040989776746208295
76 0.025599079138111897
84 0.02688470076967701
105 0.03095315719846708
106 0.03163773904366167
201 0.056631533454606676
234 0.04359620954954616
319 0.034463111247243695
362 0.03986355215630008
450 0.02404001249853003
457 0.038829371078191885
464 0.03236146057947621
495 0.03095315719846708
496 0.02178309046163046
547 0.02244615712775996
571 0.02669285346561119
593 0.08763763058632784
644 0.04255493707957901
677 0.02886876639806837
952 0.013039024257197083
975 0.15151848963671122
979 0.016735649263508172
1025 0.249134661468384
1064 0.03518683278305823
1143 0.09798883016957007
1144 0.05432442378111773
1276 0.05201592660230351
1308 0.02898232482591965
1374 0.028424451341693916
1390 0.05201592660230351
1524 0.013703832054478953
1536 0.019431599422038717
1543 0.049509308613148374
1553 0.0256867035697138
1554 0.05432442378111773
1587 0.030430952062135332
1622 0.022652042636959385
1729 0.032511304693202035
1895 0.06130840755373813
1901 0.07312463939377106
1905 0.0541589993725643
1916 0.03810564954237736
1929 0.04475653184083992
1971 0.018254110594348078
1999 0.08946170002407239
2000 0.04359620954954616
2054 0.06823470084104388
2080 0.017964135787334846
2086 0.0272773424588628
2091 0.03281642017605993
2099 0.03177921179851515
2130 0.04159282785358984
2139 0.04554801610358783
2150 0.07867181163338054
2243 0.02968593248962001
2253 0.04013585684123485
2278 0.022721421878128013
2279 0.04396324046058814
2302 0.05133134475710891
2308 0.05945829316351397
2373 0.012376618482047356
2382 0.043956780332980366
2464 0.027890123964289557
2469 0.05201592660230351
2566 0.09195453339350745
2630 0.04219336596624204
2679 0.060861904124270665
2701 0.02577493862945756
2748 0.0678924724449518
2768 0.03095315719846708
2911 0.0710600730446259
2979 0.05945829316351397
3009 0.11039597886131616
3089 0.03122256480528987
3152 0.02864466001965286
3189 0.03575813328851381
3191 0.09674677661433971
3270 0.022310736801240277
3314 0.053507257689566094
3316 0.053507257689566094
3330 0.033778529402049104
3361 0.04769046226391932
3362 0.06625814026184852
3363 0.04128771237073194
3407 0.02898232482591965
3428 0.05133134475710891
3472 0.026410425105528327
3484 0.03537441665597096
3595 0.03236146057947621
3668 0.04013585684123485
3723 0.04041414672119158
3765 0.022791183375997597
3797 0.03933590581669027
3826 0.035564821444531575
3887 0.021590757449532545
3933 0.03984781633453135
4025 0.020552834187317546
4048 0.06937817479714742
4134 0.07037366556611646
4137 0.0710600730446259
4198 0.03266294338985669
4269 0.05273964813811804
4381 0.023734897015672128
4435 0.06592620366222966
4451 0.05747787117735246
4624 0.018964381164407972
4790 0.03236146057947621
4827 0.01585630334459868
4861 0.025182560353854386
4951 0.053507257689566094
5013 0.02758002651015621
5051 0.055990401497056044
5135 0.06079233427983341
5247 0.0613787253209728
5297 0.023963041563419656
5401 0.027995200748528022
5433 0.026317665131437372
5473 0.024273773227267034
5609 0.029929433837107163
5627 0.028315766727303338
5857 0.10547929627623608
5860 0.07983648072215581
5875 0.03986355215630008
5882 0.17957660302264297
5939 0.07470261133975957
6001 0.06532588677971338
6008 0.009749476234699414
6013 0.021978390166490183
6023 0.038829371078191885
6057 0.06540514181884233
6068 0.04369571245717531
6114 0.03095315719846708
6170 0.04255493707957901
6180 0.02451193096638908
6300 0.05273964813811804
6398 0.027785912019355635
6409 0.04330908876921086
6452 0.014623799900196778
6457 0.046882057219907264
6554 0.03575813328851381
6568 0.0710600730446259
6621 0.035001987458838604
6628 0.03518683278305823
6698 0.03297178015998111
6772 0.0262255797813087
6794 0.3191761077412927
6807 0.11959065646890026
6809 0.10136377097196815
6817 0.023510790637256616
6970 0.04255493707957901
6994 0.03328833864391899
7026 0.0428926018858458
7150 0.048390744964902414
7176 0.015110128034796883
7179 0.10136377097196815
7181 0.03986355215630008
7206 0.035564821444531575
7272 0.02873893558867623
7371 0.056136320847155634
7382 0.03677160842605792
7397 0.05133134475710891
7425 0.025599079138111897
7426 0.050064120048261836
7443 0.0432395189247736
7459 0.03656231969688553
7537 0.0074910252863890445
7542 0.01451417428176777
7561 0.2677288416148833
7580 0.026788413767001678
7589 0.027995200748528022
7617 0.15967296144431162
7625 0.038342323345976675
7651 0.053507257689566094
7689 0.0710600730446259
7833 0.019218793070998115
7835 0.022044165274580137
7924 0.07470261133975957
7952 0.010363496167340884
8064 0.053507257689566094
8092 0.020494350573718293
8098 0.018651372351028143
8166 0.08315803196366746
8169 0.031087144478770177
8225 0.03122256480528987
8226 0.07983648072215581
8252 0.01518663388588975
8257 0.06823470084104388
8289 0.0710600730446259
8312 0.027178034656976387
8321 0.03656231969688553
8324 0.02601829327874668
8342 0.046882057219907264
8356 0.06592620366222966
8402 0.07765874215638377
8421 0.05133134475710891
8438 0.03656231969688553
8447 0.026981725610983904
8453 0.04013585684123485
8457 0.09109603220717566
8461 0.053507257689566094
8476 0.08792648092117628
8514 0.03537441665597096
8515 0.022514414327203972
8577 0.04041414672119158
8586 0.030052963400661978
8633 0.027377435310805782
8763 0.03986355215630008
8820 0.07470261133975957
8828 0.05751243478363425
8836 0.035954442334506294
8908 0.06079233427983341
8942 0.05087707149850435
8969 0.030430952062135332
8974 0.044730850012036194
8978 0.048373388307169855
9000 0.051024113882076144
9097 0.04891226451876475
9139 0.14624927878754213
9143 0.05714979598469975
9273 0.055353550558650176
9338 0.04636103436115928
9468 0.056136320847155634
9631 0.03986355215630008
9658 0.021338775405256003
9663 0.04222604378722948
9664 0.019431599422038717
9675 0.01880361883262631
9804 0.0306893626604864
9865 0.02669285346561119
9898 0.014771459647517941
9987 0.027377435310805782
10074 0.06397439710818799
10081 0.0306893626604864
10122 0.049475098504457735
10132 0.03908010560487215
10133 0.0710600730446259
10141 0.02758002651015621
10142 0.04359620954954616
10172 0.02898232482591965
10312 0.02435266245339436
10318 0.00789436520236846
10321 0.02980709781456593
10334 0.025339786530785988
10354 0.0710600730446259
10423 0.06592620366222966
10426 0.03537441665597096
10460 0.04614827543434475
10476 0.161066845343392
10478 0.07470261133975957
10479 0.056136320847155634
10508 0.03810564954237736
10597 0.021464139596044807
10618 0.0378733186233458
10694 0.050681885485984075
10749 0.014697414525192548
10844 0.034463111247243695
10951 0.007079895667068777
10963 0.025953275096373934
10981 0.024673228432169677
10987 0.0802717136824697
11011 0.04075637511728366
11103 0.020552834187317546
11114 0.05945829316351397
11145 0.028534076960122928
11157 0.04785651328240205
11190 0.056136320847155634
11217 0.0154189648049213
11225 0.04554801610358783
11257 0.035564821444531575
11259 0.06823470084104388
11276 0.02404001249853003
11497 0.013534329123710371
11629 0.016101375766298626
11634 0.04818059860629032
11672 0.06592620366222966
11710 0.03986355215630008
11734 0.048373388307169855
11770 0.02604339419448635
11812 0.029565915668446772
11861 0.030559498139160365
11863 0.06823470084104388
11875 0.022652042636959385
11876 0.03575813328851381
11893 0.01291004256861644
11920 0.06397439710818799
11945 0.029212543528775947
12004 0.11537068858586187
12006 0.013400341843407281
12024 0.024432046286050522
12029 0.02747832572376022
12030 0.027890123964289557
12113 0.032213369068678395
12177 0.031073497444988298
12180 0.025953275096373934
12204 0.020208052870372105
12265 0.008090000199020463
12303 0.0678924724449518
12304 0.02707949968628215
