38
230 0.11164456971419812
505 0.16026557887490175
619 0.1714625937568636
826 0.15696924210038551
938 0.06512191635797507
1612 0.48596161509040875
2356 0.059388885138583127
2378 0.19086701268080264
2419 0.14739684713834866
2630 0.04804456444653495
3361 0.07240529990921975
3442 0.07926722716756208
4356 0.07782796761064785
4453 0.1523531636770944
4861 0.028674771878060522
5384 0.21797221282818682
5622 0.12071725920534727
5802 0.053771777739738465
6008 0.04440597032744348
6010 0.110919148912928
6646 0.3222399354715898
6872 0.3222399354715898
7035 0.11425790583889261
7150 0.11020273978341526
8100 0.12515561732375907
8225 0.1422095149435614
8890 0.06934563300843608
8905 0.1508930807968653
9273 0.0840396640959262
9614 0.2475757612989623
10110 0.12946493867647613
10749 0.0669423605519419
11875 0.10317333044135735
11893 0.011760282366505788
11929 0.07722197051142045
12006 0.061034579494442874
12087 0.1840744422477697
12103 0.20556669798598382
