141
103 0.045071254178845346
119 0.0380913415885011
129 0.06552341079758661
289 0.17559760700010224
343 0.07740709013067797
344 0.01693966546129302
374 0.11538245358647516
524 0.055769462005457716
525 0.06552341079758661
547 0.03613749593479033
571 0.04297452245883583
674 0.10395654965695293
744 0.0383340211647115
797 0.1403766209424389
887 0.03591947413839825
938 0.023018824925951697
1058 0.10027443411343043
1073 0.15488005822724976
1122 0.04703113174372481
1208 0.060246556864293435
1524 0.02206267078774583
1622 0.03646896411036168
1709 0.06961405154888683
1883 0.08264159659620383
1971 0.029388453606637388
2042 0.08125166611712531
2167 0.04222222883588724
2266 0.03180912836512299
2413 0.0903774331998816
2458 0.06746629391075576
2537 0.0806014109419837
2678 0.06552341079758661
2743 0.0978734453474413
2904 0.06332937653652611
3285 0.04375564651632148
3400 0.0908277293157242
3490 0.06552341079758661
3591 0.025463047734967492
3805 0.046844967494189184
3891 0.03318390832941589
3918 0.018493125266678543
3928 0.07547840561553089
4048 0.04467853442216889
4171 0.08264159659620383
4410 0.02228364686649346
4596 0.15014751311302643
4600 0.06291754750663557
4601 0.1285338279119849
4624 0.015265981685280133
4708 0.04899272513232025
4805 0.07201504031487595
4859 0.10985538460858746
4872 0.03385864560277267
4873 0.06599204853209054
4874 0.06696293886389346
5221 0.1285338279119849
5264 0.0978734453474413
5312 0.03933470519320343
5368 0.046844967494189184
5519 0.14266352481126213
5598 0.12502774809085174
5942 0.1528068247364682
6014 0.05920095107812258
6063 0.059543561557139336
6258 0.03262282216595578
6584 0.02869212938755732
6620 0.054925830844728164
6732 0.04297452245883583
6733 0.0770472444059128
6756 0.14266352481126213
6762 0.17773350754923375
6772 0.04222222883588724
6778 0.05530826261153014
6868 0.06097466439346642
6965 0.14266352481126213
7042 0.05989395482303764
7201 0.11451613592990685
7272 0.02313432009975491
7484 0.03228688993773808
7537 0.01206027803750437
7554 0.0769129060522243
7566 0.06798239346797119
7605 0.05234201714342923
7885 0.09200909128079723
7942 0.10299645067389412
7944 0.06599204853209054
7951 0.08847820840647629
7984 0.17085456955833536
8098 0.030028030574550477
8128 0.0770472444059128
8156 0.03581133147816288
8224 0.06256833551716974
8277 0.07077921687805905
8466 0.10613878818007448
8515 0.03624738754133074
8528 0.26238103463003115
8566 0.10985538460858746
8701 0.11440413101270766
8890 0.024511793799584708
8942 0.020477558296353244
8986 0.037380170268544795
9434 0.0509356082454894
9445 0.012502335339327209
9575 0.024823972085066006
9618 0.04407667431079605
9630 0.14266352481126213
9894 0.06461726856779765
10023 0.07624773630060437
10174 0.18292399318039926
10218 0.03635787476924319
10318 0.025419281241288408
10325 0.04490208438102004
10476 0.05186235163281332
10578 0.04359700880018014
10749 0.02366230239915809
10794 0.17085456955833536
10898 0.10216680643808573
10925 0.045587353736060786
10959 0.0383340211647115
10980 0.09520009605167322
10981 0.039722999669416725
10985 0.09558654147861809
10986 0.14266352481126213
10988 0.02414338298343713
10997 0.056058613571942216
11036 0.0162671147737345
11067 0.025333619721466118
11087 0.13294342808541293
11101 0.14396502750614973
11244 0.17085456955833536
11297 0.0849089137773363
11319 0.012779213533386126
11332 0.11604392536369283
11400 0.08886675377461688
11637 0.03198716306573896
11736 0.0844995725723753
11893 0.01247081916568331
11953 0.05411573045877307
11974 0.05920095107812258
12193 0.06211803940132714
12270 0.030941557279568113
