30
505 0.166444065759218
619 0.17807274294869063
826 0.16302065008435013
1612 0.5046961898268897
2419 0.15307922443500266
2644 0.11335223293223148
4453 0.31645322934239134
5556 0.17807274294869063
5622 0.1253710969660621
5802 0.0558447632544301
6008 0.04611788942560244
6010 0.11519525430991397
6436 0.09890820081121954
6646 0.16733139263717128
6872 0.16733139263717128
7035 0.237325450997855
7408 0.2045356391035332
8100 0.12998056068066627
8556 0.09777810183559897
9175 0.1873053618784228
9445 0.03673357737439245
9614 0.2571201912682587
10392 0.06482315523229455
11875 0.10715082251057284
11893 0.012213659510040947
11929 0.08019899736481786
12006 0.0633875572925671
12087 0.1911707977793178
12103 0.21349161334382238
12105 0.23574928434214537
