50
68 0.08450834264473026
189 0.12052969585702081
343 0.07366133649876129
576 0.08092455072112012
887 0.06836263879446602
1275 0.14511616833615346
1524 0.04199010230752624
1905 0.08297467144542044
2002 0.18118666644458908
2096 0.09525455156798776
2382 0.0673442908506763
2679 0.18648780652370212
3037 0.17511348436786114
3361 0.1461290084112412
4301 0.17200808110967522
4306 0.2607863486006222
4320 0.12107949823614407
4624 0.014527255991730917
5059 0.35697849979848706
5496 0.23795523144597827
5497 0.1436519632775122
6001 0.10008297891805769
6057 0.15030660322747993
6275 0.24462807046007917
6778 0.05263187824929153
7176 0.04629915337101419
7561 0.06836263879446602
7835 0.1350916665475483
7837 0.11267239657376067
8171 0.06070879875023659
8178 0.11016850659247039
8326 0.062088386917759725
8339 0.11398766928368208
8387 0.15938272382268667
8728 0.24462807046007917
8828 0.08811232547652359
9000 0.07817184833927496
9150 0.22889730991490467
9267 0.06654843054951727
10460 0.07070178615370203
10615 0.17511348436786114
10619 0.05417553619091014
10624 0.12214646434150953
10749 0.045034552168730764
11067 0.04821543566317305
11319 0.02432164667818227
11962 0.2090788954395004
12029 0.08419671985129944
12113 0.19741086398118984
12274 0.10839124184740731
