245
41 0.03617159039736657
104 0.09938828575634522
105 0.029018227074199224
106 0.05932002928145239
132 0.02675036731382379
330 0.05004848314224899
344 0.00986403702434333
374 0.06718767833622209
418 0.06661799706881785
429 0.03762690184296238
458 0.0830735585644911
464 0.06067699042955747
513 0.03687695700439119
552 0.03788779538856282
639 0.16722438761903774
674 0.030267163689928545
740 0.043951386716061525
743 0.11398422133107608
887 0.020916057852836616
938 0.013403956639243634
942 0.02675036731382379
956 0.023130866447890037
979 0.01568947773077849
983 0.0423115175408867
1064 0.09896174698824207
1159 0.04486492801054066
1208 0.035081818401697926
1359 0.07003283461501457
1373 0.032145039226451746
1595 0.030338495214778737
1643 0.05699211066553804
1698 0.02399884078244902
1778 0.0830735585644911
1914 0.07798559065072179
1929 0.020979365621472696
1933 0.07058383108186252
1958 0.03315081656178691
2024 0.0830735585644911
2042 0.01577106003461239
2053 0.12580396447592387
2080 0.016841169646321163
2102 0.03958642794356329
2119 0.21009850384504372
2120 0.0830735585644911
2154 0.0278302185579894
2227 0.025204096201049953
2228 0.04351969628876789
2262 0.055741462539679244
2293 0.0830735585644911
2356 0.012223934518061865
2373 0.06961762056516176
2382 0.04120897344896012
2502 0.11398422133107608
2503 0.2801313384600583
2518 0.06661799706881785
2541 0.02675036731382379
2578 0.046261732895780075
2630 0.009888948216030743
2638 0.05997525778444115
2656 0.019546047307509116
2679 0.028528665795256786
2812 0.07978952320667564
3038 0.0830735585644911
3097 0.18685809674254933
3330 0.03166698085550119
3389 0.041215029743917324
3442 0.016315466977761324
3591 0.014827237656154338
3661 0.020979365621472696
3759 0.07773625464436075
3872 0.07003283461501457
3918 0.021537246144932097
4048 0.013008247380702168
4059 0.020728135535076304
4078 0.029018227074199224
4090 0.06396924328751588
4105 0.016488127163513347
4127 0.04351969628876789
4130 0.058390216320981216
4183 0.1332359941376357
4205 0.09692630526608448
4239 0.24922067569347328
4356 0.01601922611489346
4410 0.05190343769910689
4416 0.041569389744733315
4446 0.024935325960746133
4451 0.0404136298650801
4547 0.02794380964952994
4589 0.11697838597608269
4624 0.017778888125108958
4772 0.019830717508696923
4907 0.026444680588720158
4960 0.07484577781665448
4991 0.04270073859020273
5013 0.025855956045213454
5051 0.02624517709452947
5176 0.05174747703660451
5236 0.04270073859020273
5347 0.050162435573144586
5439 0.06396924328751588
5460 0.0830735585644911
5668 0.0830735585644911
5700 0.02817430579444079
5741 0.14006566923002914
5802 0.0110677728412738
5807 0.02675036731382379
5845 0.023130866447890037
5868 0.05461011369420984
5984 0.04486492801054066
6008 0.00914002127211202
6057 0.015329141103038783
6068 0.020482112666588073
6072 0.053577273119341316
6088 0.08107309833972957
6162 0.013606870614274456
6186 0.030478972339291366
6209 0.022682882018748365
6251 0.01821689984088353
6279 0.03408373679305008
6375 0.1661471171289822
6410 0.016401483140259403
6452 0.013709643364347266
6563 0.038706753087127996
6584 0.016707545212909507
6666 0.019213216760836756
6675 0.07484577781665448
6746 0.0830735585644911
6747 0.021903067565818904
6791 0.10333075063997402
6804 0.03989476160333782
6934 0.16050220388294276
7023 0.06661799706881785
7025 0.019489923427623124
7063 0.0830735585644911
7083 0.03617159039736657
7176 0.042496711106646747
7208 0.02675036731382379
7215 0.04270073859020273
7220 0.01960243781015277
7229 0.03389380988548809
7262 0.011924166605587682
7272 0.0134712099550267
7282 0.01811672896386737
7459 0.03427675207801532
7484 0.009400394549540197
7536 0.02467250684478176
7537 0.014045499228735922
7542 0.040820611842823366
7673 0.07484577781665448
7685 0.0830735585644911
7901 0.11288070552888714
7904 0.05174747703660451
7939 0.04812254235117444
7952 0.019431315722545063
7955 0.055741462539679244
7968 0.03529191554093126
7971 0.038427441883088734
8036 0.03408373679305008
8068 0.08703939257753578
8096 0.0830735585644911
8169 0.02914383860067324
8171 0.037148617116838194
8220 0.04486492801054066
8224 0.01821689984088353
8312 0.025479093329634703
8324 0.016261232795625198
8339 0.03487537531158761
8341 0.0423115175408867
8376 0.03389380988548809
8384 0.04534949237150469
8385 0.028409366514867404
8458 0.05997525778444115
8495 0.07424342324733613
8514 0.03316310670858276
8722 0.041934654825307956
8723 0.0278302185579894
8727 0.028409366514867404
8868 0.02794380964952994
8942 0.011924166605587682
9027 0.01826730407153465
9099 0.040244765518212475
9117 0.035081818401697926
9445 0.03640080701701952
9575 0.02891020254182347
9595 0.041569389744733315
9671 0.02424700686273009
9675 0.017628175297376827
9814 0.03151181291415989
9821 0.041706171872023134
9849 0.023055018403990966
9865 0.025024241571124494
9868 0.05997525778444115
9889 0.06396924328751588
10100 0.046382332946373214
10105 0.027064134793094632
10139 0.07484577781665448
10140 0.029270793591410188
10192 0.03198353770817987
10211 0.045854682590799
10221 0.13914699883911966
10312 0.02283033954833274
10318 0.06660788510914702
10560 0.032643161759629294
10569 0.05997525778444115
10578 0.025386717933612208
10579 0.04053654916986479
10621 0.06661799706881785
10681 0.0830735585644911
10750 0.025479093329634703
10760 0.0691650552119729
10803 0.06396924328751588
10862 0.03135864719572667
10889 0.061805053867177946
10897 0.22355047719623952
10898 0.11898430505218154
10934 0.03166698085550119
10951 0.0464612424406163
10960 0.018678433598749024
10987 0.03762690184296238
11036 0.00947240798668709
11180 0.04693453383496462
11217 0.02891020254182347
11219 0.030765014577524268
11424 0.03550579841723462
11497 0.07612966262999991
11579 0.07484577781665448
11588 0.04310315605942424
11606 0.058390216320981216
11611 0.03928590104400599
11617 0.0830735585644911
11629 0.06037941463581638
11634 0.0451687542554599
11637 0.018626256906024666
11736 0.032802966280518805
11768 0.11177523859811976
11807 0.0830735585644911
11812 0.027717704175459754
11893 0.0024206031351932202
11930 0.020360987345354783
11957 0.03897984685524625
11977 0.015211419359827933
12105 0.0233613625928009
12186 0.035642381164684135
12204 0.056834447920122544
12265 0.015168563342360358
