237
29 0.02728461338217369
110 0.12431680858654882
133 0.03718768822996639
210 0.036863029503943795
220 0.03350639113709267
337 0.04930053458407387
344 0.00919470925023487
435 0.027783662937426262
479 0.02716627296791818
587 0.05796486136684269
744 0.020807387241930084
769 0.023420442789785598
785 0.03690027666138741
864 0.07557185414144758
887 0.019496791237026755
921 0.08035675185643155
938 0.02498885269721608
958 0.021921759510312826
979 0.014624862585828208
1101 0.05195910558429085
1174 0.03159393324565773
1184 0.07798716494810702
1254 0.040566651670732666
1347 0.023924451514766295
1536 0.01698078556114551
1538 0.08277327174784976
1551 0.03718768822996639
1664 0.09363888166298312
1710 0.032897169939841236
1814 0.056938155714408
1929 0.019555803234290486
2041 0.07063381085664897
2057 0.05590561513251553
2059 0.13286887156019828
2080 0.031396812065821005
2096 0.02716627296791818
2154 0.07782536725471338
2167 0.06875362189352811
2177 0.03195089075821022
2228 0.040566651670732666
2266 0.017265729803756104
2278 0.019855678587075962
2304 0.07743657241936444
2356 0.06836685031297589
2378 0.036620142122508
2381 0.031770972594711164
2452 0.11925717463036456
2541 0.024935211534647533
2578 0.02156131319960456
2596 0.13077289391268426
2630 0.00921793008406562
2677 0.020353053253895446
2694 0.06659913571637265
2895 0.01926384109058698
2901 0.02841081072730377
2957 0.02951820649907496
3031 0.05312489053250665
3055 0.34004093414709646
3089 0.05456922676434738
3308 0.0343746578456666
3345 0.05962858731518228
3347 0.03213378290997053
3441 0.03874868387752863
3471 0.04096904958907775
3484 0.06182562439038118
3506 0.10180904964191506
3674 0.04905611760481631
3680 0.0176077131524129
3696 0.05761124974504412
3701 0.08749954837817325
3721 0.019615131651282258
3725 0.07628117395765183
3788 0.10885625445338033
3805 0.025427057985883943
3887 0.01886761940642925
3897 0.03231974902292836
3918 0.040151657149031364
4059 0.07728648182245693
4191 0.073240284245016
4297 0.025941789084904462
4356 0.029864471549876495
4382 0.04987042306929507
4410 0.09676302259474498
4431 0.018485097051645423
4451 0.025114232333000787
4494 0.04323504309006611
4624 0.02071561910952388
4699 0.02237039082403361
4861 0.005501601385993128
4872 0.018378190681250604
4894 0.05195910558429085
4931 0.09231762256009246
5040 0.08769238479148797
5121 0.03908916376490731
5322 0.09091081760323044
5337 0.09640596345527894
5389 0.017807985104182165
5425 0.015128772438744791
5433 0.02299834503381746
5511 0.10885625445338033
5807 0.024935211534647533
5842 0.016476715146309686
5873 0.07743657241936444
5913 0.05962858731518228
5914 0.13238615886710148
6060 0.04747274637175338
6068 0.01909229155720525
6162 0.02536714304600804
6186 0.02841081072730377
6214 0.053575873974871936
6258 0.01770739601814927
6295 0.03270132901742892
6360 0.04342295943320421
6410 0.04586566383777963
6436 0.018272307354013032
6452 0.0383381117736559
6584 0.031147697466815467
6616 0.026592842934099737
6689 0.07743657241936444
6698 0.02881320864564885
6699 0.03908916376490731
6807 0.03483575469880961
6850 0.06528073147593555
6923 0.025427057985883943
6952 0.01545067800035926
6982 0.022837983918818885
7088 0.07743657241936444
7193 0.051797189411268305
7262 0.0111150479990253
7389 0.03556556135917468
7418 0.06743430828606692
7425 0.04474078164806722
7484 0.026287582206110625
7536 0.04599669006763492
7537 0.013092436835335411
7554 0.12524305341627182
7580 0.02340972041574578
7952 0.018112796817103746
7956 0.026818661450734554
8052 0.0343746578456666
8092 0.017909497038753663
8224 0.01698078556114551
8324 0.007578910502726511
8403 0.03809763002833336
8444 0.027525160317967395
8453 0.07014742981587653
8517 0.030271199236721107
8600 0.06528073147593555
8625 0.027525160317967395
8723 0.025941789084904462
8833 0.03908916376490731
8867 0.05932952253514245
8890 0.013304797411960688
8896 0.03329956785818632
8903 0.04675864549579874
8981 0.03270132901742892
9000 0.022294344316719634
9112 0.03483575469880961
9117 0.09810398705228676
9212 0.2124995621300266
9291 0.023664093072767754
9292 0.19469222299278383
9330 0.03309653971677537
9338 0.01800610703516421
9341 0.03304320504664996
9373 0.04905611760481631
9380 0.05312489053250665
9445 0.027144653749325117
9534 0.10592655499686905
9546 0.022524070006409404
9578 0.01937970312578423
9582 0.023079405640023115
9616 0.03042814829744193
9664 0.01698078556114551
9802 0.04485716996085781
9894 0.035073714907938265
9921 0.02895066039161657
9929 0.04182060221100012
10004 0.018378190681250604
10167 0.02340972041574578
10175 0.04905611760481631
10364 0.023079405640023115
10378 0.2078364223371634
10429 0.07014742981587653
10430 0.06976709068847303
10437 0.04182060221100012
10490 0.02693332282147841
10533 0.347533265702235
10576 0.10866509187167273
10579 0.07557185414144758
10628 0.07782536725471338
10689 0.05962858731518228
10750 0.02375020030312445
10778 0.05090452482095753
10816 0.024556893545848477
10818 0.030116445339832362
10845 0.04122076799524762
10899 0.0360802924581952
10925 0.024744435717958518
10951 0.055682483338599126
10959 0.020807387241930084
10960 0.03482200356030167
10988 0.013104827091008424
11067 0.05500351069556881
11116 0.031419682034015885
11159 0.10380841365710952
11217 0.013474245183865993
11319 0.013872901227552706
11345 0.07743657241936444
11598 0.04545540880161522
11605 0.03980326464086196
11629 0.014070586943905618
11736 0.09173132767555926
11826 0.037482765003742355
11833 0.046087850832697404
11846 0.02908984113567506
11893 0.020307170162726835
11930 0.018979385238136
11965 0.05006369457307498
11974 0.03213378290997053
11995 0.13841121820947935
12016 0.0343746578456666
12021 0.04929602739878492
12024 0.02135055019366377
12051 0.03751394250352338
12056 0.05962858731518228
12070 0.06976709068847303
12106 0.08454457256652254
12159 0.036346925197645305
12175 0.08221269953114053
12177 0.027154347168648518
12186 0.016611927296427367
12201 0.08277327174784976
12204 0.026488963024646175
12215 0.048236133401624096
12263 0.04138663587392488
12274 0.03091281219519059
