58
84 0.05560603100937183
921 0.19019094462449257
1524 0.028343841975286197
1553 0.053128195380067356
1929 0.0462853040235564
2002 0.18345488434832316
2166 0.2001028133644492
2243 0.061399860712668085
2411 0.1545085347323219
2679 0.06294079590130153
2756 0.06755725713868706
2757 0.04614563253056451
2781 0.09456887110266474
2806 0.06852135408885045
3021 0.18327937001778005
3361 0.09863890047419838
3638 0.10482610612224866
3684 0.18327937001778005
4301 0.3483227904808647
4320 0.16346033831106388
4516 0.14697461798438186
4545 0.16512699400108097
4624 0.039224314830054396
4861 0.0130213670958093
4965 0.07694309629554717
5496 0.2409341168509814
5544 0.18327937001778005
6249 0.09171163118675968
6410 0.03618544274795145
6778 0.07105434652361092
7272 0.059441172777444644
7452 0.08358918758473056
7561 0.09229126506112902
7952 0.02143497501361949
8031 0.1182037826989237
8124 0.07277745553572042
8258 0.08733676154149675
8326 0.04191043437829348
8803 0.18327937001778005
8942 0.02630745307199721
8981 0.07739855721661232
8996 0.07739855721661232
9145 0.3272466227073559
9150 0.1545085347323219
9268 0.08733676154149675
9338 0.010654358305031171
9445 0.016061709871351994
10218 0.04670884440650096
10318 0.03265606859476906
10494 0.1123600228701887
11624 0.06486122042320007
11629 0.03330271769898914
11769 0.11416683184356032
11811 0.1866978714621883
11957 0.12899775629822585
11973 0.33025398800216194
12006 0.027716128606539076
12186 0.039317643776663434
