67
133 0.11240106575895764
289 0.19205771317435816
344 0.02779132471690832
547 0.05928740955803106
638 0.10458816600492932
674 0.12791384079723983
797 0.2303027922356553
887 0.11785944317753004
1887 0.1181483409141182
2042 0.08886800596350089
2167 0.0692700617099545
2181 0.07479090738588429
2266 0.052186261728540316
2413 0.14827380144418031
2434 0.10905392397928274
3330 0.08921979363899851
3520 0.08393896267436524
3854 0.13930211311066842
3874 0.11329294544903223
3875 0.2108734293939547
3966 0.0910279910957404
4025 0.05428654406659238
4048 0.07329989254151913
4320 0.052186261728540316
4382 0.07536753384849944
4410 0.03655869517368646
4429 0.0901116733290731
4570 0.0875043660235151
4596 0.08211099370872413
4624 0.012522734144526936
4873 0.2165339632804425
4874 0.21971966119605907
5297 0.06329398174218176
5368 0.07685415665137066
5425 0.045727234648842166
6125 0.07809294665524524
6258 0.053521213040934955
6401 0.13930211311066842
7025 0.05491167453528612
7102 0.0731183835688815
7951 0.14515792096445437
7988 0.09712546323428534
8222 0.07625155464855338
8224 0.05132500796215263
8274 0.15704818238339247
8466 0.17413198236480665
8528 0.28697601494840713
8566 0.1802294545033516
8725 0.11515139611782765
8754 0.06807977571215851
8837 0.06560134527640891
9445 0.04102282443875358
9894 0.10601150873910252
10174 0.20007085754265955
10218 0.05964896449918429
10328 0.2747810706713173
10392 0.03619616038968042
10959 0.06289104305676259
10980 0.07809294665524524
10981 0.06516981017511407
10985 0.31363979635471856
10997 0.09197012399786854
11319 0.020965660375322086
11629 0.08505766524495226
11637 0.0524783466098505
11893 0.006819902193686215
12270 0.05076291899436711
