58
103 0.08172775354348005
319 0.10060983979564296
496 0.06359243731292308
975 0.08846706183352215
1109 0.20744913346900137
1664 0.0782047215105395
1702 0.09447438860339451
1759 0.06416258525682482
1895 0.05966020709172918
1999 0.2611698996847725
2127 0.1461546249097956
2382 0.06416258525682482
2456 0.08666358909205601
2541 0.08330092112342635
3270 0.065132820980435
3332 0.06572742670567461
3361 0.04640836336308073
3363 0.12053323036759059
4079 0.12053323036759059
4289 0.09236159306231342
4356 0.049884036185382966
4624 0.013840910481690723
4972 0.058656601764347116
5183 0.12327254698969582
5372 0.15859193717009515
6008 0.028462120991556927
6023 0.1133564748555574
6057 0.04773510430468842
6484 0.10797040403475155
6794 0.15529772706856532
6807 0.11637561006484506
6809 0.2959161953025235
6952 0.051615993215979684
7025 0.06069182359627122
7481 0.15620634438459127
7561 0.065132820980435
7833 0.05610635900127501
8012 0.15620634438459127
8166 0.06069182359627122
8324 0.02531882374897417
8326 0.05915499842299519
8391 0.14985409574478534
8447 0.15753813239065576
8989 0.2330705280112064
9183 0.13686507385668142
9636 0.22817691275145438
9637 0.09404205784052252
9987 0.0799242808020139
10318 0.023046404969084507
10476 0.18808411568104505
10536 0.13970985091793223
10618 0.11056542434278664
10772 0.21808297298783474
10981 0.07202975790528576
11067 0.04593747981239936
11647 0.3984017734713436
11875 0.0661292117359494
12304 0.07905450281715087
