381
14 0.03803619343116227
26 0.021102555412399564
73 0.03152042621296769
76 0.0181973729882764
79 0.019533255067138933
88 0.03179739229524907
105 0.022003375342774252
111 0.03995200216234995
119 0.08409391470490575
129 0.05786217958204053
178 0.028530993369079646
192 0.03923806776225737
230 0.01742456234662681
262 0.020848998153351755
289 0.20675481016098604
315 0.12598279594963008
337 0.020051956700371337
338 0.03001682460801913
340 0.05675259683890186
344 0.014959019273415603
374 0.08151322000817436
390 0.016151760245340423
396 0.06299139797481504
435 0.02260084240055909
456 0.025676362105808155
493 0.015623568386334814
496 0.030969475099399395
522 0.02599070713642491
524 0.02462434866007034
547 0.07978042710122143
587 0.031434652790328456
590 0.0302506218427531
614 0.12598279594963008
631 0.12598279594963008
641 0.048023641413679805
674 0.20655355179866985
677 0.020521664354517785
711 0.01311621667204845
748 0.05051379570298866
769 0.009525773070947867
797 0.03099082126227853
894 0.038617084489044044
938 0.05081845425246185
952 0.027806780063991742
979 0.011896711213944615
985 0.04427499456707546
1068 0.02629075783628453
1073 0.11397577387144732
1078 0.04850535033892301
1133 0.029349801912378407
1149 0.03125172902190626
1178 0.10064279379070082
1205 0.03892837596959357
1208 0.02660115712878733
1265 0.041408692062846655
1301 0.20205518281195464
1335 0.025700337198412634
1536 0.01381315556445814
1551 0.0302506218427531
1563 0.10620626424987216
1583 0.03299926662634418
1599 0.04062552985310969
1622 0.048307323859637846
1698 0.0181973729882764
1742 0.018259661731404333
1766 0.05675259683890186
1851 0.03923806776225737
1929 0.031815648491702125
1974 0.03179739229524907
1994 0.03099082126227853
2042 0.15546143408072163
2086 0.019390384012441704
2162 0.032083152406036444
2173 0.06299139797481504
2181 0.020128558758140163
2236 0.09372866197804577
2287 0.019678430592810763
2356 0.009268926687997248
2413 0.0399050904578981
2434 0.029349801912378407
2450 0.03794978780404362
2525 0.027427488186071707
2565 0.05310313212493608
2596 0.021275650890540204
2645 0.05451208267293148
2650 0.021723538685612893
2678 0.028931089791020263
2739 0.03073726400323072
2743 0.17285946510022845
2806 0.023550145795270226
2822 0.020205818352342045
2828 0.028326236764049578
2832 0.04518116977966166
2844 0.03237828335313085
2900 0.02093272608233427
2936 0.07239311055945602
2967 0.08125105970621938
3075 0.04850535033892301
3097 0.02833742273743783
3270 0.015859820465611442
3330 0.0720354621205197
3339 0.0336662893219849
3340 0.06416630481207289
3432 0.03923806776225737
3453 0.028530993369079646
3472 0.01877412675007987
3484 0.050292547685672685
3503 0.06299139797481504
3525 0.04547686889817057
3609 0.019111270563465205
3623 0.02796233982152609
3647 0.03516989092693346
3652 0.02913801125941386
3670 0.020051956700371337
3680 0.01432313481804712
3725 0.04136768658208284
3747 0.06299139797481504
3759 0.014736082810191368
3765 0.016201350935306443
3797 0.02796233982152609
3803 0.08176663086787159
3820 0.025844351270123255
3859 0.043214866275057114
3874 0.06098130879968468
3889 0.029566696442689732
3890 0.025700337198412634
3895 0.04850535033892301
3903 0.019180241686092867
3918 0.01633084300997862
3932 0.09095373779634114
3942 0.06299139797481504
3946 0.04686433098902289
3966 0.024498462867317525
3996 0.08125105970621938
4020 0.04686433098902289
4033 0.02093272608233427
4048 0.039454560602531004
4089 0.04850535033892301
4097 0.02660115712878733
4101 0.02762631112891628
4143 0.019976001081174977
4162 0.03697606513914392
4191 0.029788946931183422
4198 0.023218794729036443
4289 0.02249001750325188
4320 0.014044945733187608
4382 0.04056749373820161
4398 0.04686433098902289
4570 0.04710029159054045
4596 0.08839448640609854
4600 0.08334150470135333
4624 0.013481028582265984
4651 0.06299139797481504
4676 0.01703437857707565
4708 0.06489648108926616
4791 0.046437589458072887
4803 0.025419042822006063
4826 0.041408692062846655
4827 0.011271618975830032
4861 0.017901286256684835
4870 0.05051379570298866
4872 0.014949885914245318
4873 0.08741403377824158
4874 0.029566696442689732
4907 0.020051956700371337
4931 0.01877412675007987
4933 0.03516989092693346
5005 0.03559781880873925
5040 0.023778023472105937
5112 0.021909126445370103
5164 0.05310313212493608
5206 0.06299139797481504
5243 0.03332660042517815
5291 0.03648942297866629
5297 0.01703437857707565
5309 0.06299139797481504
5343 0.04062552985310969
5351 0.024498462867317525
5368 0.02068384329104142
5425 0.04922648282511406
5433 0.018708187352892612
5461 0.07503878365797918
5472 0.024374313485771005
5503 0.04686433098902289
5515 0.026922644426954617
5552 0.06299139797481504
5752 0.019111270563465205
5802 0.008392254957975609
5807 0.04056749373820161
5833 0.02708779928926495
5845 0.01753922233619274
5942 0.11245008751625939
5998 0.020283746869100804
6008 0.006930517091102182
6014 0.026139482217217652
6057 0.011623482182769386
6066 0.014906717066697897
6074 0.01960555013421006
6114 0.022003375342774252
6125 0.18915516180497288
6150 0.018907472706923147
6162 0.01031755250246308
6198 0.043631708476099824
6209 0.017199533439385982
6251 0.01381315556445814
6258 0.014404222640902506
6295 0.02660115712878733
6298 0.14551605101676904
6352 0.10430938351497851
6360 0.04709700396841101
6436 0.014863754276486368
6507 0.023004482521927418
6618 0.03516989092693346
6636 0.04686433098902289
6657 0.015080648806797695
6666 0.014568623329391968
6747 0.016608230943142746
6775 0.0605012436855062
6778 0.01221035575164567
6923 0.06205152987312427
6939 0.038617084489044044
6952 0.012568477354996771
6966 0.09297246378683559
7016 0.03001682460801913
7025 0.014778439064639345
7042 0.013222734926586242
7188 0.020848998153351755
7193 0.11235956586550086
7205 0.016201350935306443
7215 0.03237828335313085
7262 0.018083249042171918
7452 0.028728818639165075
7470 0.020521664354517785
7483 0.009912959109427228
7484 0.09979127007337137
7526 0.043214866275057114
7537 0.0053250736272807105
7542 0.01031755250246308
7552 0.012436596791062581
7554 0.0339599871862465
7580 0.038085647882282594
7593 0.028530993369079646
7605 0.02311100077646521
7659 0.05051379570298866
7697 0.04427499456707546
7763 0.03602774806709662
7833 0.04098563983617379
7880 0.03602774806709662
7951 0.058599765201416805
7955 0.12679964760902945
7956 0.021815854238049912
7984 0.10058509537134537
7989 0.04226654920300981
8048 0.04850535033892301
8085 0.12598279594963008
8092 0.014568623329391968
8112 0.019111270563465205
8208 0.016660408987587475
8222 0.020521664354517785
8224 0.05525262225783256
8312 0.01931979002342268
8329 0.024251853263929143
8339 0.02644461948825524
8341 0.032083152406036444
8342 0.03332660042517815
8528 0.07723416897808809
8556 0.014693924946421074
8566 0.04850535033892301
8616 0.11350519367780372
8617 0.04427499456707546
8625 0.022390561381253622
8682 0.025700337198412634
8725 0.03099082126227853
8753 0.019180241686092867
8823 0.05925571800153516
8837 0.01765536185028898
8858 0.03648942297866629
8873 0.01771399845806152
8932 0.03299926662634418
8942 0.009041624521085959
9035 0.04427499456707546
9044 0.03803619343116227
9095 0.03602774806709662
9099 0.015258007992957375
9117 0.07980347138636198
9233 0.03602774806709662
9338 0.04760343738203615
9341 0.05375851782759027
9426 0.03923806776225737
9434 0.04498003500650376
9445 0.016560776456687926
9448 0.06877345743439299
9563 0.04966906091512882
9575 0.03288219691041836
9582 0.01877412675007987
9618 0.019461536062499438
9631 0.02833742273743783
9656 0.015859820465611442
9658 0.015168891547523957
9743 0.04686433098902289
9750 0.09701070067784602
9776 0.12498854709067851
9802 0.03648942297866629
9870 0.029566696442689732
9871 0.043214866275057114
9935 0.08453309840601962
9974 0.05675259683890186
9981 0.03237828335313085
10004 0.014949885914245318
10110 0.020205818352342045
10122 0.03516989092693346
10174 0.026922644426954617
10192 0.024251853263929143
10218 0.032106782194506515
10237 0.02725604133646574
10308 0.04850535033892301
10318 0.01122358404520051
10325 0.01982598615087826
10328 0.11092819541743176
10392 0.01948302451964251
10420 0.01645348751919387
10576 0.022098621601524635
10578 0.019249745409534898
10643 0.02599070713642491
10653 0.018385547524157143
10749 0.010447810744881608
10781 0.0336662893219849
10790 0.03602774806709662
10794 0.025146273842836343
10821 0.034386728717196495
10823 0.05051379570298866
10845 0.01676568138601422
10884 0.06299139797481504
10898 0.015036849754627012
10899 0.029349801912378407
10938 0.03268342062416844
10951 0.03019690703950102
10980 0.02101724020055254
10985 0.12661533247439738
10988 0.010660226206944306
11036 0.014365105614345685
11106 0.016053391097253258
11154 0.024498462867317525
11156 0.028728818639165075
11221 0.04226654920300981
11244 0.050292547685672685
11276 0.10253456502518005
11319 0.028212555611240628
11497 0.019242038659396495
11514 0.06299139797481504
11561 0.05310313212493608
11634 0.02283312142875157
11745 0.03697606513914392
11750 0.02676046549043098
11773 0.03237828335313085
11812 0.02101724020055254
11877 0.05745763727833015
11886 0.03099082126227853
11893 0.031202611601914336
11929 0.012052167366045252
11930 0.01543893242560137
11945 0.08306416768530751
11953 0.04778832597240435
11957 0.014778439064639345
11960 0.06489648108926616
11965 0.040724711985748265
11977 0.01153421843501351
11993 0.029788946931183422
12006 0.019051546141895734
12007 0.025419042822006063
12051 0.015258007992957375
12083 0.024374313485771005
12085 0.043214866275057114
12175 0.022292192233166454
12177 0.011044460232455299
12186 0.013513104864598524
12204 0.035912764035864214
12256 0.03516989092693346
12270 0.027323759890782524
12271 0.05774923622860469
12286 0.022390561381253622
