352
23 0.2234742727166315
68 0.04072614602254718
84 0.01984969537493296
103 0.041339214565121046
111 0.020747837510535414
127 0.04723401258104387
189 0.029042753886218384
236 0.017142488126472177
310 0.04488461028165221
330 0.0394160987335751
343 0.01774938575636358
344 0.03107401726107024
435 0.011737048967471264
450 0.05324815726909073
455 0.02669335158682672
496 0.03216607941388422
571 0.01970804936678755
628 0.01608303970694211
677 0.021314584222491318
724 0.030048934596447856
769 0.009893831655050915
796 0.0503795090485835
826 0.07633511703821338
832 0.11030988155752157
854 0.056268845389810994
883 0.03840475319201407
887 0.016472615146024785
902 0.04867508368912264
911 0.04598570000695495
931 0.024577672903269555
952 0.019254122387975015
958 0.018521443008083453
959 0.03332278719054986
1106 0.027466391593626488
1107 0.052465557096593084
1113 0.027794441312129457
1173 0.0503795090485835
1184 0.016472615146024785
1275 0.034967093643856105
1374 0.02098653450398835
1458 0.058864658650602114
1462 0.043899651958945365
1464 0.037899308061613034
1524 0.010117906614659224
1530 0.0314194509719749
1536 0.02869374165475049
1543 0.05483107488979204
1548 0.04075415549140573
1553 0.03793036384619932
1564 0.026842930100911724
1664 0.01977860409933928
1724 0.043899651958945365
1745 0.03332278719054986
1787 0.032459239115722766
1895 0.04526564101604323
1896 0.02531609272439442
1902 0.028487236554217973
1905 0.03998704127550169
1916 0.028134422694905497
2002 0.10914654109923286
2018 0.04075415549140573
2025 0.034967093643856105
2066 0.03741979486930723
2091 0.024229242846001715
2096 0.13771483341397753
2113 0.03332278719054986
2167 0.01936304867774925
2184 0.06542527127586935
2187 0.03652879168608599
2222 0.03840475319201407
2279 0.032459239115722766
2356 0.009627061193987508
2362 0.024460080690030955
2373 0.027413967751967284
2377 0.06009786919289571
2382 0.016227234715154817
2480 0.04365861643969315
2521 0.043899651958945365
2598 0.037899308061613034
2630 0.007788123331259141
2670 0.024577672903269555
2677 0.017196061096517914
2679 0.13480792668904187
2681 0.029235512420208234
2748 0.025063416324189087
2763 0.11784538753404858
2788 0.03652879168608599
2809 0.03218825035375802
2828 0.014710355573100685
2959 0.04867508368912264
3017 0.04144695073349425
3037 0.042195226599484506
3148 0.06789249736652925
3159 0.04010917855147493
3270 0.016472615146024785
3301 0.02531609272439442
3308 0.029042753886218384
3330 0.02493959388233676
3351 0.03571536950984637
3361 0.04694819586988506
3362 0.07338024207009286
3407 0.021398427454350777
3546 0.08779930391789073
3566 0.04723401258104387
3581 0.08546170966265391
3599 0.023153522085219688
3638 0.03741979486930723
3668 0.029633379174857824
3681 0.03652879168608599
3683 0.02493959388233676
3721 0.016572599603803147
3741 0.029633379174857824
3827 0.031176620236385674
3882 0.026842930100911724
3903 0.09960665708285132
3933 0.014710355573100685
4048 0.020489506611068332
4059 0.03264923072658702
4081 0.013158166049428018
4097 0.027628977564504463
4112 0.04723401258104387
4120 0.06384979220475186
4134 0.025979382026084623
4143 0.020747837510535414
4156 0.025708393264119882
4174 0.036963682083935294
4178 0.024115926819933305
4205 0.025445039012737793
4213 0.042195226599484506
4216 0.04867508368912264
4230 0.08546170966265391
4242 0.10493111419318617
4306 0.2827750587477741
4309 0.043899651958945365
4317 0.024817390080898644
4410 0.01021924590174517
4451 0.010609363327533443
4547 0.02200737946457984
4552 0.03255159648186392
4577 0.37703341166369875
4600 0.028853889731659522
4603 0.04488461028165221
4624 0.007000955530667361
4645 0.037899308061613034
4676 0.01769255605132971
4772 0.0312356926805878
4782 0.028134422694905497
4806 0.04867508368912264
4861 0.013944719602812199
4941 0.02300073302150937
5001 0.012517841240814367
5013 0.04072614602254718
5026 0.0503795090485835
5051 0.020669607282560523
5112 0.022755655330570095
5146 0.02036307301127359
5184 0.03166875795145935
5200 0.04488461028165221
5247 0.02265877925442931
5299 0.055154940778760785
5312 0.018038834812376135
5345 0.04075415549140573
5354 0.025063416324189087
5370 0.029042753886218384
5376 0.055154940778760785
5385 0.07305758337217198
5427 0.039505842917316805
5444 0.03302598582767867
5496 0.14334382854126163
5497 0.1038428393536309
5560 0.04300864877572413
5648 0.03166875795145935
5665 0.04144695073349425
5692 0.2527926538514717
5752 0.01984969537493296
5802 0.008716516459300345
5845 0.0182169060571094
5938 0.029633379174857824
6001 0.024115926819933305
6008 0.00719829969401057
6028 0.033946248683264624
6045 0.03571536950984637
6057 0.07243555464020361
6066 0.046448056684403424
6068 0.016130858009099826
6084 0.02611788022870429
6116 0.052465557096593084
6119 0.02098653450398835
6162 0.010716204006879778
6230 0.04474806528404277
6266 0.04300864877572413
6352 0.03611323626449596
6360 0.02445837336508988
6398 0.02051508380264274
6409 0.015988130691868843
6410 0.012917124321152435
6437 0.023569077506809716
6484 0.027306585006651517
6554 0.026401188506208404
6677 0.055154940778760785
6731 0.04300864877572413
6778 0.05072856695421739
6791 0.03255159648186392
6817 0.017358647067395885
6818 0.03218825035375802
6828 0.021149120474866324
6877 0.03302598582767867
6932 0.015572575270278815
7025 0.030698902260416865
7043 0.03571536950984637
7146 0.05894541418623122
7176 0.0334686379219711
7217 0.055154940778760785
7231 0.028134422694905497
7235 0.0314194509719749
7423 0.04488461028165221
7452 0.08951654416309907
7483 0.01029597785939249
7484 0.02961343532798925
7537 0.011061649616606752
7542 0.03214861202063933
7554 0.017636069730295172
7558 0.025063416324189087
7561 0.016472615146024785
7580 0.01977860409933928
7589 0.020669607282560523
7616 0.03652879168608599
7660 0.017142488126472177
7661 0.052465557096593084
7706 0.06789249736652925
7739 0.024817390080898644
7802 0.036963682083935294
7823 0.029235512420208234
7833 0.014189750192922384
7835 0.03255159648186392
7956 0.06797633776328793
7986 0.021314584222491318
7988 0.02714946437219866
8137 0.055154940778760785
8166 0.030698902260416865
8171 0.029256702064902468
8201 0.022952472235662918
8229 0.043899651958945365
8252 0.01121269896169157
8302 0.03571536950984637
8324 0.0064033344984729765
8326 0.02992155132597159
8346 0.03302598582767867
8383 0.03332278719054986
8417 0.042195226599484506
8447 0.07968532566628106
8633 0.02021349449718858
8716 0.027466391593626488
8719 0.025188900861821212
8817 0.03192489610237593
8837 0.018337532991260504
8838 0.03332278719054986
8842 0.0503795090485835
8873 0.01839843521114375
8890 0.011241070630475573
8954 0.033946248683264624
8972 0.024003967904659022
8996 0.027628977564504463
9000 0.07534494253902513
9022 0.039505842917316805
9109 0.032459239115722766
9110 0.06542527127586935
9134 0.05894541418623122
9140 0.0389390962053609
9151 0.023255692038668768
9160 0.025063416324189087
9267 0.016035464755975695
9268 0.031176620236385674
9273 0.027246006961932957
9338 0.022819729759307444
9444 0.022281012395050082
9445 0.011467103203001736
9575 0.03415270532447635
9578 0.01637368874468905
9584 0.01970804936678755
9618 0.02021349449718858
9664 0.02869374165475049
9720 0.031176620236385674
9750 0.100759018097167
9821 0.016423021089718146
9865 0.01970804936678755
9944 0.03840475319201407
10023 0.034967093643856105
10081 0.13595267552657586
10116 0.022952472235662918
10167 0.01977860409933928
10318 0.011657242964163927
10350 0.04010917855147493
10364 0.019499524936446487
10392 0.010117906614659224
10420 0.03417844083434316
10456 0.039505842917316805
10460 0.11925378156680061
10483 0.03571536950984637
10493 0.034614279784543636
10553 0.06993418728771221
10597 0.04754264919478715
10619 0.09137870357518278
10624 0.029432329325301057
10631 0.04075415549140573
10670 0.039505842917316805
10731 0.0503795090485835
10735 0.04010917855147493
10749 0.010851495191392899
10760 0.01815717129994249
10818 0.10178015605095117
10862 0.024696763146747538
10951 0.005227276787701117
10979 0.019568517557257786
10981 0.0546507181713282
10988 0.011072118001418444
10997 0.025708393264119882
11001 0.03571536950984637
11011 0.015045762227285847
11052 0.033946248683264624
11080 0.012849381577699628
11103 0.030349417031258437
11142 0.02246798778150698
11145 0.021067474037210116
11276 0.03549877151272716
11315 0.03048382499429716
11319 0.011721055023982505
11352 0.04723401258104387
11359 0.0503795090485835
11484 0.04010917855147493
11494 0.08144839311659598
11497 0.019985516112773292
11498 0.03611323626449596
11704 0.052465557096593084
11737 0.04723401258104387
11795 0.032459239115722766
11826 0.03166875795145935
11875 0.18397071434689533
11876 0.05280237701241681
11893 0.011438196666268436
11898 0.05894541418623122
11974 0.02714946437219866
11991 0.025063416324189087
12030 0.020592026275578903
12113 0.04756798809044257
12129 0.02493959388233676
12133 0.039505842917316805
12137 0.022188908618614184
12176 0.03652879168608599
12204 0.00746007361275617
12255 0.06542527127586935
12296 0.04010917855147493
