264
111 0.042321068105860025
173 0.049643282843808915
210 0.01588233034557089
262 0.08834119173316045
390 0.017109524138360928
456 0.01359945698058996
457 0.02923901793220138
496 0.016402948462487337
505 0.05299227909972726
563 0.04690040446147117
570 0.04690040446147117
619 0.05669460458891964
628 0.016402948462487337
744 0.01792960601728056
826 0.02595116788599122
908 0.05350915279651003
913 0.0251880080176323
922 0.03971363621994135
938 0.02153275077142184
956 0.018579259682593437
1059 0.03179675635267116
1174 0.02722431072409646
1295 0.06672664946658774
1393 0.04817354729957641
1465 0.32080859917760884
1520 0.04817354729957641
1521 0.13473163116557377
1543 0.13048402092387204
1553 0.038684839101904726
1612 0.1606846193637533
1710 0.02834730229445982
1797 0.03398561284886281
1895 0.03077734848788651
1896 0.02581965671890678
1905 0.02039121301573023
1929 0.016851123270091323
1958 0.0665688022300221
2172 0.05847803586440276
2227 0.02024452691555309
2261 0.030646639846659995
2419 0.04873719557754909
2630 0.015886074765704576
2635 0.06672664946658774
2647 0.04227137464041113
2656 0.015699848058549237
2658 0.026926336209244322
2677 0.017538109030609143
2757 0.08400136485580009
2885 0.032559916221030084
3152 0.021569798961972853
3195 0.029053877970333406
3270 0.01680027297116002
3301 0.02581965671890678
3361 0.023941022695109154
3362 0.02494661769526549
3442 0.013104969435775571
3472 0.03977478242964954
3591 0.011909588402571418
3595 0.024368597788774544
3721 0.01690224622608398
3797 0.029620445132565062
3814 0.019748200298271998
3891 0.015520792872303393
3933 0.015002960182102997
3937 0.0794272724398827
3982 0.04817354729957641
3989 0.05350915279651003
4013 0.06129327969331999
4083 0.05350915279651003
4090 0.05138161103542093
4101 0.014632245338412028
4124 0.03229868321002483
4166 0.06672664946658774
4198 0.02459561823886667
4205 0.02595116788599122
4250 0.05625203117884778
4339 0.08528855225972476
4356 0.012867021759573424
4422 0.05350915279651003
4440 0.4284923183033421
4448 0.10124413739890549
4453 0.1259400400881615
4509 0.03916866455606895
4515 0.03816411436534321
4552 0.08299770584307305
4624 0.0071402119779716946
4735 0.05138161103542093
4740 0.05138161103542093
4814 0.0457774128911078
4827 0.011940001214481025
4861 0.0142220948985181
4872 0.01583638130025569
4926 0.01954315135349777
4972 0.0151298056243821
4998 0.0457774128911078
5001 0.02553366881834506
5069 0.02568993487498597
5108 0.03131993657618387
5128 0.03398561284886281
5252 0.025066548942622294
5336 0.05625203117884778
5354 0.025561954316514156
5375 0.06011790113154889
5500 0.06677903645799549
5506 0.05350915279651003
5507 0.06011790113154889
5556 0.02834730229445982
5622 0.019957756172201028
5641 0.0308658313034702
5718 0.04156479896453754
5802 0.008889897237063434
5846 0.05138161103542093
5927 0.06677903645799549
6008 0.014682963052989093
6010 0.01833786936022663
6055 0.06907197763542013
6099 0.04690040446147117
6114 0.04661625430716974
6125 0.022263516364219308
6147 0.03530279460336784
6149 0.04090699274768096
6162 0.05464680347785142
6209 0.018219427980589002
6242 0.049643282843808915
6251 0.014632245338412028
6346 0.06672664946658774
6398 0.020923150626377354
6410 0.013174059654404097
6452 0.01101191020214405
6515 0.06672664946658774
6560 0.02621976053337073
6646 0.02663739262895271
6696 0.030646639846659995
6772 0.019748200298271998
6800 0.049643282843808915
6872 0.05327478525790542
6896 0.04156479896453754
6932 0.01588233034557089
6952 0.02662752089200884
7035 0.037779708394471465
7121 0.07483985308579645
7128 0.2582072070526203
7150 0.018219427980589002
7167 0.09634709459915282
7176 0.022756243137577896
7220 0.015745142245630762
7262 0.028733318965308067
7269 0.03310488788490249
7277 0.028012727318349112
7312 0.016306151606218913
7328 0.03001776964123774
7362 0.049643282843808915
7405 0.03204441724971282
7425 0.019276437222221166
7467 0.02663739262895271
7483 0.010500775803322067
7484 0.015101239017414742
7536 0.019817541756269947
7537 0.011281677585672735
7542 0.021858721391140565
7557 0.03683156692105082
7753 0.03179675635267116
7835 0.049798623505843825
7878 0.028519098085570904
7952 0.007803846466299517
7956 0.1617664052156738
7957 0.04303453450877005
7971 0.0308658313034702
8006 0.035662626305372265
8098 0.014044724276725817
8100 0.041383068346174626
8112 0.02024452691555309
8156 0.08374846218178246
8169 0.023409021306198877
8178 0.18951911619448206
8181 0.05350915279651003
8265 0.06991210125899737
8324 0.03265351814097138
8326 0.01525836139376474
8414 0.030222818586011967
8473 0.03608895959566187
8515 0.016953644778858024
8534 0.03916866455606895
8586 0.02263026959716252
8634 0.13431858810114622
8708 0.01787268400671985
8716 0.028012727318349112
8753 0.02031758787420546
8873 0.056293198933384234
8885 0.06011790113154889
8950 0.042161495485128764
8979 0.06011790113154889
9027 0.014672731210070932
9158 0.06011790113154889
9160 0.025561954316514156
9175 0.029817037838692332
9220 0.06672664946658774
9226 0.06672664946658774
9269 0.04690040446147117
9273 0.027787959002069144
9338 0.01939469870073962
9385 0.02581965671890678
9400 0.06672664946658774
9473 0.02494661769526549
9563 0.017538109030609143
9582 0.01988739121482477
9613 0.027849742008489747
9614 0.04093082224263144
9632 0.026780769893958882
9656 0.03360054594232004
9692 0.0794272724398827
9821 0.016749692436356493
9829 0.06011790113154889
9835 0.06672664946658774
9981 0.03429824441264211
10156 0.04817354729957641
10312 0.01833786936022663
10317 0.06011790113154889
10318 0.023778235836020286
10334 0.019081186539947108
10351 0.04690040446147117
10392 0.02063832506449365
10418 0.026780769893958882
10450 0.03916866455606895
10548 0.05350915279651003
10619 0.05325504178401768
10642 0.05138161103542093
10645 0.07132525261074453
10750 0.02046541112131572
10808 0.03131993657618387
10871 0.1407012133844135
10951 0.015993758638326496
10963 0.03908630270699554
10989 0.06011790113154889
11026 0.04386413651673771
11036 0.007608462406741581
11080 0.013104969435775571
11125 0.025561954316514156
11145 0.02148652848988402
11161 0.030432374459940993
11194 0.0521690368593023
11254 0.06672664946658774
11276 0.05430731971831845
11552 0.04386413651673771
11571 0.049643282843808915
11602 0.06011790113154889
11624 0.023614070250973108
11764 0.07115481742019938
11780 0.02753189896141621
11828 0.018640574417696006
11875 0.1194009647157337
11876 0.10770534483697729
11892 0.10026619577048917
11893 0.009721428797008389
11929 0.01276683440917253
11957 0.015654768029180446
12004 0.017375123720749782
12006 0.0201812609670143
12087 0.060864748919881986
12101 0.04690040446147117
12103 0.10195683854658844
12105 0.037528799288922825
12120 0.08181398549536192
12204 0.015216924813483163
