245
25 0.03872862421096424
38 0.05147985990732248
105 0.02679969624900417
119 0.10242480234839219
129 0.10571256543237027
132 0.024705221195170157
178 0.03475021191350003
236 0.020102503045787867
237 0.040591170876881355
289 0.18886759499450706
319 0.02983866580393649
344 0.009109901696109295
374 0.012410195609004061
524 0.029991992325676183
547 0.038868422314682516
571 0.02311106296235867
576 0.045733064714334574
635 0.04019248448244761
674 0.11181259160111627
797 0.22647741541408264
887 0.057950886773611224
952 0.011289377921473701
958 0.02171956379584244
979 0.01448996992184375
1073 0.05552813733194903
1162 0.06950042382700006
1174 0.031302526075419855
1205 0.047414027857082514
1542 0.03405760261570161
1622 0.01961246984265848
1623 0.04388111776909311
1666 0.04444342910556341
1697 0.13824718552776347
1702 0.05603805183059231
1814 0.03760865712368019
1851 0.04779122662067698
1914 0.036011678726864435
1958 0.030616336828250653
2030 0.03259374234421824
2042 0.11652252010343322
2086 0.07085136624581134
2100 0.028683633492634367
2135 0.06912359276388173
2167 0.022706490571756784
2194 0.024995000205988868
2227 0.023277167164336778
2381 0.03147793249908451
2413 0.048603647685894764
2434 0.10724251583680122
2476 0.04948112928390911
2489 0.04632736634919361
2490 0.06467861356036785
2510 0.0526348922186246
2640 0.05538996875890635
2677 0.0403306530554903
2705 0.04286588356150927
2743 0.0526348922186246
2806 0.028683633492634367
2828 0.034500822229676584
2841 0.02580742127120666
3214 0.05907860204555185
3221 0.03684468696733405
3269 0.019732939929705717
3390 0.03279127323068959
3400 0.024422905140533788
3472 0.022866532357167287
3520 0.027514906404286076
3546 0.05147985990732248
3695 0.0433462474171631
3744 0.04632736634919361
3854 0.0456627587718554
3876 0.029102639944044086
3878 0.027032953295570632
3933 0.017250411114838292
3966 0.11935466321574596
4033 0.025495665639062543
4048 0.048054910817716456
4063 0.06467861356036785
4127 0.04019248448244761
4173 0.05147985990732248
4226 0.055277559345121435
4314 0.05147985990732248
4317 0.05820527988808817
4410 0.011983815905244805
4411 0.04444342910556341
4446 0.023028945218092567
4596 0.08074711318829933
4624 0.004104909650231412
4666 0.05907860204555185
4731 0.04779122662067698
4772 0.018314599450681708
4790 0.028019025915296154
4803 0.030959914829335525
4815 0.03980779000771777
4873 0.03548954825736741
4874 0.07202335745372887
4931 0.022866532357167287
5016 0.05043500608724883
5018 0.0966271436084652
5035 0.029102639944044086
5040 0.028961184205922152
5059 0.05043500608724883
5146 0.04775838072171028
5196 0.03202164727876316
5224 0.057809962719475194
5297 0.020747551888946343
5368 0.025192531092460217
5425 0.014989231953827382
5627 0.024516205002408274
5659 0.04100490554766539
5752 0.023277167164336778
5766 0.03655992634415152
5802 0.010221608285739866
5920 0.0470348807038086
5942 0.05478483444767197
5998 0.024705221195170157
6125 0.1279930112068321
6155 0.027392417223835987
6174 0.05538996875890635
6186 0.028148763140704365
6398 0.02405744904617236
6410 0.030295080748260695
6437 0.027638779672560718
6514 0.0940697614076172
6558 0.03839128474550558
6698 0.028547449535138106
6764 0.13333028731669025
6778 0.04461594916306959
6807 0.03451444653432914
6868 0.03279127323068959
6932 0.01826151136824291
7070 0.10087001217449766
7185 0.03405760261570161
7188 0.025393686600422617
7191 0.06912359276388173
7193 0.06842591622776314
7205 0.019732939929705717
7254 0.028547449535138106
7389 0.03523752181079009
7470 0.024995000205988868
7483 0.012073797266231284
7484 0.017363412168792797
7537 0.006485839262909766
7554 0.020681312004032053
7580 0.023193800469046844
7605 0.028148763140704365
7753 0.03655992634415152
7861 0.022548751625888368
7889 0.041434869188992605
7951 0.11895568166216682
7984 0.030627687356321934
8019 0.06152485062565236
8075 0.06912359276388173
8098 0.03229726198394932
8103 0.04444342910556341
8169 0.026915704396099773
8208 0.020292063980908673
8224 0.03364832600460884
8258 0.03655992634415152
8277 0.038064016633626026
8312 0.023531139934505507
8315 0.0767223349021111
8324 0.007509006295298044
8444 0.027271281542690026
8515 0.019493309239006343
8528 0.28220928422285163
8556 0.01789692350083317
8566 0.41355021431886296
8571 0.031302526075419855
8625 0.13635640771345012
8725 0.03774623590234711
8800 0.040591170876881355
8837 0.04300779561162943
8890 0.013182080391124402
8942 0.011012528168421453
8986 0.040205006091575735
9010 0.03980779000771777
9017 0.026915704396099773
9027 0.016870713677769905
9273 0.015975304573552906
9338 0.053520082219819354
9340 0.04632736634919361
9341 0.016369215246891815
9433 0.019200954110774805
9434 0.027392417223835987
9534 0.05247476982506774
9568 0.020615469958663438
9575 0.013349965258679366
9614 0.023531139934505507
9618 0.023703783937190484
9625 0.0224707251925859
9658 0.01847542386451302
9776 0.1332044817622821
9988 0.0767223349021111
10140 0.054065906591141265
10169 0.05392610848742299
10174 0.13116509292275835
10218 0.01955272763704129
10318 0.027340227446996667
10400 0.05907860204555185
10476 0.02789080611913804
10533 0.031302526075419855
10565 0.05043500608724883
10619 0.030616336828250653
10628 0.02570251456060386
10653 0.04478650037489362
10658 0.048603647685894764
10749 0.025450472944993727
10788 0.037137042095565585
10898 0.14651679560545366
10901 0.041434869188992605
10914 0.10037328301528935
10951 0.006129877224979188
10985 0.15421508736362316
11045 0.04234895405172939
11080 0.015068100406224689
11093 0.0526348922186246
11163 0.032399707763820174
11194 0.029991992325676183
11244 0.15313843678160965
11276 0.06244258335121708
11319 0.02748988858339612
11332 0.11441229761398448
11421 0.05907860204555185
11497 0.011718220119641036
11505 0.0736893739346681
11637 0.08601111743680714
11693 0.04188238714567974
11739 0.04188238714567974
11886 0.07549247180469422
11893 0.011177703688907336
11923 0.05707987142213848
11930 0.018804328561840094
11948 0.05907860204555185
12004 0.019977925937019914
12007 0.030959914829335525
12051 0.01858396601457869
12078 0.023445826915624163
12098 0.044632637742065
12177 0.01345194429731929
12204 0.008748213877462068
12205 0.02623738491253387
12232 0.09496857355320518
12270 0.016639912150891126
12275 0.020747551888946343
