49
23 0.13659423649973504
261 0.279929336310364
576 0.16686179414712185
587 0.06984669157732892
642 0.08877194195664845
674 0.05099496873690203
724 0.12856772550394616
887 0.21143977557293647
1335 0.11421048851433006
1362 0.09950207788016942
1645 0.15629251837243865
2002 0.09339913527190534
2181 0.08944989752891548
2679 0.09613179716728723
2793 0.224479750573379
2832 0.10039096826524828
2990 0.4311087216481569
3361 0.05021827596025992
3876 0.10618397751854115
4609 0.1967549577048865
4624 0.01497718539809024
4791 0.10318268854779823
5401 0.08843722518177896
5496 0.12266251864221649
5692 0.15451451805089048
5845 0.07794306882875243
6057 0.05165393621425702
6300 0.16660527567903846
6398 0.08777607920050573
6657 0.13403468242773053
6778 0.10852392204529873
6982 0.0825581696261009
7080 0.23598657927354205
7231 0.1203762723314056
7537 0.023664252171137636
8326 0.06401135097123388
8327 0.08810528617149832
9338 0.032545588178864424
9652 0.13339265456573743
10081 0.2908443594318666
10554 0.18401731124093115
10643 0.11550087206899823
10844 0.10886944363124254
11319 0.02507492204262994
11385 0.14810106519989813
11893 0.008156600497370006
12004 0.07289151921070784
12051 0.06780551294629888
12113 0.10176247706815451
