82
289 0.10441393223601511
571 0.07666059269058345
674 0.0927220391850047
797 0.12520621923904746
1205 0.10484985721028386
1684 0.09380640411903804
1971 0.10484985721028386
2036 0.18933688948233685
2042 0.09662780837340122
2100 0.09514509772424612
2266 0.05674307691905035
2373 0.03554505364371522
3400 0.162024082262994
3695 0.14378174743950686
3874 0.12318549183384903
3947 0.21454231066821394
3966 0.09897639971608485
4048 0.03985015694625692
4063 0.21454231066821394
4226 0.09167926349358677
4596 0.08928078535592233
4624 0.013616197889321119
4655 0.07950295586657496
4790 0.09294055997241783
4874 0.2389052065221455
5001 0.04869204003236565
5235 0.23715265250725953
5264 0.17459266327371617
5380 0.08491188930036857
5627 0.0813215216050216
5802 0.03390560402661049
6074 0.07920851105013801
6125 0.08491188930036857
6733 0.13744160687279736
6778 0.04933113796142456
6788 0.20408111569095755
6982 0.07505604992727598
7193 0.05674307691905035
7272 0.04126842112183257
7471 0.09701031354753634
7484 0.028797668678383806
7951 0.15783286255568035
7984 0.1015936250661273
7988 0.10560629270150255
8092 0.058858790193185115
8223 0.14742115591929053
8224 0.0558066199456199
8277 0.1262603143814979
8528 0.15601713507325676
8753 0.07749021961318288
8754 0.07402438538252351
8800 0.1346430158792184
8890 0.04372564331309235
8943 0.13332055246225044
9341 0.05429753468069786
9445 0.06690730104428584
9534 0.08703076450104316
9614 0.07805400976157202
9658 0.0612839377388278
9776 0.06312088060269316
9888 0.11448620654179943
9898 0.04242292241039857
10174 0.10877035145626089
10218 0.06485741014225334
10318 0.02267223757509309
10749 0.04221026837659045
10898 0.12150094965918465
10925 0.0813215216050216
10951 0.040666240402077496
10985 0.255769715533649
11067 0.04519166686973017
11106 0.06485741014225334
11319 0.02279634601006441
11332 0.17250523464307185
11629 0.04624237760749222
11637 0.05706066615303856
11812 0.08491188930036857
11886 0.12520621923904746
11957 0.059706468114491464
12191 0.142090105865341
12205 0.08703076450104316
12270 0.055195450329748354
