107
111 0.07585941210109193
119 0.19160936880821275
201 0.07643875406443382
335 0.07614785564865663
343 0.06489630391357781
457 0.10482035591360495
571 0.07205768012520065
576 0.07129526135811924
665 0.17796858254520836
674 0.13073212987896884
952 0.07039800673841717
959 0.12183665138891266
1023 0.08146509246794385
1133 0.11145667790610526
1205 0.049277191884792466
1254 0.1253156202720034
1702 0.08736015345172442
2042 0.13623901399522442
2086 0.0736355152175292
2100 0.089432324701252
2596 0.08079486790503923
2828 0.05378483058809351
2841 0.08046462033553818
3152 0.07732660547702176
3591 0.04269525392531162
3595 0.08736015345172442
3680 0.05439249739356867
3725 0.1570949246221432
3891 0.11128246760603132
4048 0.07491488811630709
4127 0.2506312405440068
4320 0.053336066712341354
4356 0.046127602627214555
4596 0.1678402435125965
4655 0.0747293800083716
4772 0.0571028494443473
4824 0.17796858254520836
4931 0.07129526135811924
5001 0.045768436195858554
5035 0.09073873942113105
5040 0.09029769643033196
5150 0.18420039854401973
5312 0.06595460385501406
5371 0.12411618641423738
5425 0.04673472973573251
5539 0.13355862559954224
5802 0.03186981842499266
6008 0.02631882877614749
6036 0.11228034083496168
6063 0.09983987410934855
6074 0.07445261446752881
6117 0.14900763873269532
6360 0.04471304114181979
6436 0.05644551461763461
6452 0.03947712434644321
6727 0.21551954337179846
6952 0.04772913754267085
7193 0.053336066712341354
7220 0.05644551461763461
7537 0.02022211318066185
7984 0.19098732949592212
8208 0.06326836017010244
8224 0.05245583718796469
8385 0.08180519833416525
8444 0.08502877107851087
8455 0.0824957340935922
8515 0.06077793323542495
8556 0.05580058307783727
8823 0.07500840488474363
8837 0.06704672096043911
8890 0.04110023557788708
8986 0.062677330616446
9022 0.14444348798972265
9112 0.10761214021699018
9117 0.10101862393771371
9330 0.10223948077176352
9338 0.01390579687294989
9341 0.05103736154767966
9445 0.02096333430027455
9614 0.07336743260764686
9658 0.05760428177513426
9776 0.05933092954352464
9898 0.03987573361665646
10174 0.10223948077176352
10428 0.08112833745291301
10530 0.11398971489102389
10897 0.08046462033553818
10901 0.1291892352555491
10951 0.05733679143236042
10979 0.0715475160642495
10985 0.08013753307832655
11067 0.04247823505314019
11080 0.046980632649158464
11093 0.1641096401793102
11106 0.06096319307942813
11233 0.1253156202720034
11244 0.19098732949592212
11332 0.1297180371981134
11634 0.04335470249974719
11637 0.05363458701632983
11828 0.06682548810044203
11893 0.01394032629760719
11930 0.058629769417579386
12186 0.0513163864240517
12204 0.02727594132194204
12265 0.021839053187207774
12271 0.07310143626489622
