41
642 0.10880884484366574
674 0.06250515105111536
1178 0.3289194696087178
1481 0.15758701891520546
1587 0.11782990854955286
1617 0.24771151902769695
1622 0.08770964861446426
1929 0.08664957381276338
2042 0.06513808163846377
2175 0.46044995448477916
2833 0.34951247129575813
3680 0.0780178048528683
4297 0.1149451618640774
4624 0.018357717610497384
4759 0.2552689949587674
4827 0.12279252842389908
5433 0.10190309094974219
5833 0.1475466555115257
6222 0.15131978980239094
6584 0.06900597941218677
6666 0.15870995090478635
6908 0.2552689949587674
6934 0.11048512947909607
7150 0.09368548578790484
7484 0.07765155496940172
7952 0.04012788699998798
8098 0.07221888733411824
8327 0.10799171677040632
9338 0.019945760881457678
9445 0.03006873011676868
9575 0.05970287124711028
9802 0.19875709593659358
10004 0.08143170448696944
10140 0.12089506592425822
10848 0.11356404097073115
11067 0.06092859882660974
11319 0.06146927152581452
11634 0.06218575871971958
11637 0.07693069713138362
12156 0.1415708183380851
12271 0.10485294594422147
