30
347 0.19806329947875279
453 0.3532285923011563
677 0.1750559665256138
1905 0.16420611553839595
2356 0.07906673123543258
2373 0.07504999974084602
2382 0.13327373536575574
3361 0.19279198033720657
3661 0.13569852330539625
4200 0.260094448664336
4381 0.14392493534958947
4624 0.028749306677317142
4874 0.252212809513427
5845 0.14961483947543108
6280 0.15262614974480943
6548 0.252212809513427
6616 0.18452883133545195
6794 0.32257285297022587
7561 0.1352890366282165
7833 0.1165399432074263
7968 0.22827481583244164
8326 0.12287234957617883
8633 0.1660127534803929
9267 0.13169873511220842
9987 0.1660127534803929
10364 0.16014894538444654
11036 0.12253866957960464
11101 0.18074587065145548
12275 0.14530837043520384
12304 0.16420611553839595
