280
23 0.15857627541873315
104 0.019440017093525233
150 0.026086029913597774
188 0.026227819984233677
236 0.01702991865526231
247 0.02885203901313055
330 0.01957863264038065
344 0.007717490925822024
390 0.016665673176983073
450 0.017632830974225022
496 0.01597742730914427
571 0.01957863264038065
674 0.011840312467954455
677 0.02117461787354115
711 0.013533545387903873
769 0.009828861891651832
774 0.08097307085904114
788 0.03097189291627739
832 0.0547927551688149
854 0.027949672554657794
883 0.07630512187147954
887 0.016364444525590282
931 0.04883255769994942
951 0.06499564354989687
952 0.02869152969159663
999 0.04568372599391746
1107 0.0521210318459106
1143 0.023957564911800292
1217 0.0547927551688149
1275 0.03473747544536623
1356 0.05425454204610624
1362 0.023102979028976216
1363 0.02885203901313055
1524 0.020102930839205644
1530 0.03121312905677067
1536 0.014252659319066842
1582 0.03340848800369605
1657 0.0547927551688149
1664 0.019648724061604637
1684 0.023957564911800292
1714 0.05855833769790374
1745 0.03310396664912062
1830 0.0967108986336435
1895 0.014989465136648984
1902 0.028300169593373094
1905 0.039724458617813915
1916 0.027949672554657794
2002 0.10842980917996421
2066 0.03717407053278489
2067 0.06499564354989687
2096 0.04560350075516684
2113 0.03310396664912062
2166 0.03548083761283547
2181 0.041538009070390826
2222 0.03815256093573977
2227 0.019719348502556685
2278 0.016665673176983073
2279 0.032246089230118416
2352 0.12999128709979374
2356 0.01912768646106442
2362 0.07289837648639581
2373 0.009077982872918843
2377 0.08955483732805986
2379 0.042726224146672896
2382 0.01612067543288456
2480 0.021685961835992845
2521 0.04361137638477803
2525 0.028300169593373094
2553 0.06499564354989687
2590 0.042726224146672896
2598 0.03765043490876381
2629 0.03548083761283547
2670 0.02441627884997471
2675 0.021952594576905123
2679 0.1116022369225447
2702 0.11711667539580747
2763 0.04682861318138695
2793 0.0521210318459106
2895 0.0323378401137121
2909 0.04568372599391746
2990 0.05004868223677117
3008 0.03280911428993117
3037 0.04191814346482861
3068 0.06499564354989687
3148 0.06744666812218139
3203 0.06499564354989687
3269 0.01671684173192947
3361 0.04663990144119189
3362 0.04859891765759721
3407 0.021257910532566295
3442 0.025530007245649872
3566 0.046923841281513716
3581 0.028300169593373094
3677 0.030065117689988933
3721 0.016463772416045495
3723 0.029642905474607212
3876 0.02465442187828974
3878 0.022901078268038638
3887 0.015836355190596348
3903 0.039581028264481066
3918 0.016850453955161833
3962 0.05055589846350698
3965 0.03171525508374663
4048 0.020354958294187937
4081 0.02614352080292889
4101 0.014252659319066842
4105 0.012900090647894234
4112 0.046923841281513716
4120 0.06343051016749326
4145 0.03073676468079175
4156 0.02553957411639487
4178 0.023957564911800292
4209 0.03765043490876381
4230 0.028300169593373094
4242 0.0521210318459106
4306 0.4057706777380187
4317 0.02465442187828974
4381 0.01740903534445231
4429 0.025023493061655133
4451 0.010539694886707198
4502 0.022509985988241
4577 0.49941006490833073
4600 0.028664415071652332
4603 0.04458986678773291
4624 0.0034774911995493945
4645 0.03765043490876381
4772 0.015515288724911983
4806 0.04835544931682175
4839 0.03197687996838801
4861 0.0184708651979647
4939 0.06499564354989687
5051 0.02053387629970977
5247 0.022509985988241
5297 0.01757637445246522
5299 0.0547927551688149
5312 0.035840758613808005
5354 0.024898832542563493
5385 0.036288918294679756
5389 0.0149469613131257
5394 0.041174781297359374
5411 0.04048653542952057
5496 0.14240253350514787
5497 0.06877395681330187
5510 0.046923841281513716
5627 0.041538009070390826
5686 0.06499564354989687
5692 0.1435043667932701
5802 0.025977833293040466
6001 0.023957564911800292
6010 0.01786215297680547
6013 0.03224135086576912
6028 0.033723334061090696
6055 0.03364006490335017
6057 0.035979946264817333
6066 0.03076203101107967
6068 0.01602493160315169
6156 0.029438785846324388
6162 0.010645833976022435
6300 0.038683395082111556
6352 0.03587609169831753
6398 0.02038036752817595
6436 0.015336685735312891
6457 0.034386978406650934
6484 0.02712727102305312
6657 0.015560481365085603
6731 0.042726224146672896
6778 0.025197723993002883
6817 0.017244658146599853
6818 0.03197687996838801
6932 0.03094062987230714
6982 0.01916884252245952
7080 0.0547927551688149
7102 0.020304554297129324
7107 0.06499564354989687
7176 0.011082953207814012
7206 0.026086029913597774
7235 0.03121312905677067
7247 0.05855833769790374
7320 0.04835544931682175
7328 0.02923905622957656
7437 0.05855833769790374
7483 0.020456734649979866
7484 0.022064229723444167
7536 0.019303440084620017
7537 0.01648351672528711
7542 0.02129166795204487
7561 0.016364444525590282
7660 0.01702991865526231
7704 0.05855833769790374
7706 0.033723334061090696
7835 0.01616892005685605
7838 0.03310396664912062
7901 0.029438785846324388
7952 0.015202802097704776
7956 0.090039943952964
7990 0.034386978406650934
8093 0.04361137638477803
8171 0.029064582259627245
8201 0.02280175037758342
8252 0.011139068600472077
8265 0.03404922957752743
8324 0.012722571522512254
8326 0.04458759848872218
8374 0.029642905474607212
8412 0.021952594576905123
8447 0.1187430847934432
8473 0.01757637445246522
8515 0.016513837600522576
8577 0.029642905474607212
8603 0.05055589846350698
8633 0.020080758667356608
8868 0.021862863741379954
8890 0.011167253961193401
8972 0.023846341196445454
9000 0.01871254384221454
9027 0.014292094916450861
9151 0.023102979028976216
9267 0.01593016476831538
9268 0.03097189291627739
9273 0.04060063616371162
9338 0.05667469895107487
9343 0.0521210318459106
9377 0.1643782655064447
9433 0.01626616774364497
9520 0.03984579385568919
9575 0.01130947832158267
9618 0.040161517334713216
9664 0.014252659319066842
9750 0.05004868223677117
9814 0.02465442187828974
9866 0.032246089230118416
9976 0.04835544931682175
9998 0.03473747544536623
10081 0.157569901917687
10087 0.04835544931682175
10167 0.019648724061604637
10220 0.03404922957752743
10312 0.03572430595361094
10318 0.023161386837162155
10325 0.020456804743448923
10420 0.016977000738700336
10460 0.03384876528394228
10467 0.0547927551688149
10493 0.034386978406650934
10597 0.015743483724368745
10619 0.025936756458617694
10624 0.02923905622957656
10670 0.03924642014192431
10683 0.04048653542952057
10709 0.03310396664912062
10731 0.05004868223677117
10749 0.02156047348949478
10750 0.019934502585944893
10752 0.03984579385568919
10766 0.03984579385568919
10818 0.02527794923175349
10845 0.051897383750978146
10925 0.041538009070390826
10951 0.010385901722821929
10981 0.054291843636873345
11142 0.02232044738450894
11156 0.029642905474607212
11217 0.01130947832158267
11276 0.10579698584535013
11300 0.033331346353966146
11319 0.017466129666209137
11494 0.02697118215170291
11737 0.046923841281513716
11770 0.01910226826440173
11812 0.04337192367198569
11864 0.03815256093573977
11875 0.13291827999269687
11893 0.017044628295991505
11930 0.01593016476831538
11974 0.05394236430340582
12004 0.10154629585182687
12029 0.020154759610519768
12030 0.020456804743448923
12113 0.04725562367599159
12129 0.09910329281911012
