269
29 0.029670621895162144
133 0.04043970941319605
236 0.022063951374326776
330 0.050732127063881374
435 0.060426625536691425
450 0.02284508417700551
456 0.01716236822740932
493 0.020885936455284294
513 0.03738068271037706
674 0.015340301021875799
694 0.042137212360739126
788 0.04012716402872768
864 0.04109026356247016
938 0.013587049770282156
952 0.012390908979764397
1057 0.03209954019834444
1184 0.12721058118580797
1352 0.04076059031636733
1353 0.0357739901619292
1374 0.027011590930990613
1524 0.013022671966217198
1622 0.021526104483269207
1630 0.057770601992173376
1664 0.05091374786207182
1759 0.020885936455284294
1814 0.02063911096395723
1929 0.021265936060501964
2002 0.028096317847472557
2059 0.1926508050272366
2086 0.05184300005133783
2110 0.03209954019834444
2115 0.20219854706598026
2129 0.05665102367876333
2162 0.04288947735037095
2174 0.0334378427174418
2177 0.03474495993847801
2253 0.038140871520358756
2266 0.018775598304280133
2279 0.04177801193229341
2325 0.05084763604318456
2381 0.03454930813551934
2432 0.07586814368773939
2450 0.025366063531940687
2453 0.056502870471660756
2541 0.05423153503826349
2578 0.046893651198048926
2596 0.02844176705068846
2630 0.02004805524266967
2644 0.022771939144660504
2662 0.07576420392134242
2715 0.04076059031636733
2798 0.038140871520358756
2812 0.04043970941319605
2832 0.030199600298059653
2841 0.05665102367876333
2936 0.03225891101522494
2957 0.09629862059503332
3055 0.26892882065432766
3175 0.03762878058797575
3185 0.11837561051607234
3269 0.04331665823801638
3342 0.027326866280477254
3347 0.03494384580160034
3471 0.04455174653696457
3472 0.05019534700518039
3484 0.03361610258179096
3494 0.06752797447288779
3544 0.0307529079310664
3591 0.045089316851446945
3604 0.03556102317283885
3623 0.03738068271037706
3670 0.02680590522549096
3679 0.05334601948393649
3680 0.03829497541827334
3749 0.0334378427174418
3779 0.07586814368773939
3807 0.06752797447288779
3820 0.03454930813551934
3918 0.021831437027277825
3933 0.018933574150343874
3966 0.0655001886952371
4054 0.05918780525803617
4059 0.04202254852655628
4101 0.03693147202127871
4451 0.013655221741689889
4547 0.028325511839381666
4624 0.004505435303873171
4659 0.13505594894577558
4663 0.07586814368773939
4676 0.022771939144660504
4755 0.04596894980282736
4861 0.011965420382196197
4931 0.07529302050777059
4972 0.01909365173222598
4986 0.057770601992173376
5013 0.026209138920667733
5040 0.09536098444162823
5137 0.057770601992173376
5155 0.042137212360739126
5184 0.04076059031636733
5252 0.03163371476947008
5297 0.022771939144660504
5310 0.029670621895162144
5337 0.052418277841335466
5340 0.02993220438782953
5425 0.016451766439953334
5433 0.025009524238254567
5825 0.057770601992173376
5913 0.19452911905953713
5914 0.2519355621990852
6045 0.04596894980282736
6046 0.06484303968651237
6079 0.017820549838597453
6096 0.055356067815947936
6114 0.02941460541196903
6155 0.03006515956124314
6162 0.013792735475781807
6232 0.03738068271037706
6251 0.018465736010639354
6410 0.016625521383790687
6436 0.019870199920344982
6452 0.027793824127845874
6747 0.022202255434588404
6758 0.05918780525803617
6772 0.02492201606514995
6778 0.016323077290610794
6817 0.022342167717630042
6952 0.016801822278048988
7013 0.13505594894577558
7025 0.019756148632620946
7102 0.05261313430299983
7176 0.014359066864103046
7188 0.055742816214522706
7193 0.0563267949128404
7205 0.02165832911900819
7208 0.05423153503826349
7256 0.03474495993847801
7272 0.027310443483379777
7282 0.018364196836186446
7312 0.02057818769067871
7328 0.03788210196067121
7331 0.04816270125680915
7356 0.0768106575521895
7382 0.06988769160320069
7385 0.05011818114714502
7389 0.07735145877248943
7425 0.024326656144615207
7480 0.05334601948393649
7484 0.019057600981929025
7496 0.03762878058797575
7536 0.025009524238254567
7537 0.03559338899056287
7542 0.013792735475781807
7552 0.033251042767581375
7554 0.09079694431581863
7580 0.02545687393103591
7616 0.04701589860109633
7643 0.06752797447288779
7706 0.04369192936069383
7759 0.07098945744738219
7833 0.018263507371897122
7956 0.05832784599095626
8092 0.01947566225426398
8098 0.017724290759081978
8102 0.07586814368773939
8110 0.048779878628047654
8324 0.008241677635446733
8352 0.026908308573518877
8453 0.038140871520358756
8473 0.022771939144660504
8517 0.03291838129737568
8560 0.03209954019834444
8625 0.02993220438782953
8743 0.07098945744738219
8744 0.07098945744738219
8754 0.024493774397293434
8777 0.150515122351903
8890 0.028936573729128487
8905 0.031482362827105925
8931 0.04455174653696457
8942 0.02417409269512506
8961 0.02722085395798724
8986 0.022063951374326776
9025 0.09095553294086749
9112 0.03788210196067121
9242 0.07098945744738219
9246 0.04500585026908488
9287 0.0357739901619292
9291 0.051466982377162865
9292 0.0940968165371693
9338 0.02937108102802887
9341 0.01796639793664831
9407 0.04109026356247016
9445 0.02213881721329957
9470 0.0295419327458196
9534 0.028797428040730527
9535 0.05918780525803617
9537 0.05011818114714502
9546 0.024493774397293434
9658 0.020278114264586863
9671 0.024578212082524076
9675 0.017868969705816123
9776 0.020885936455284294
9804 0.02916392299547813
9813 0.03788210196067121
9910 0.12752240048499885
9921 0.09444708848131778
9929 0.04547776647043374
9933 0.05245432859163241
10162 0.04943043277732177
10172 0.027541734861158518
10181 0.07735145877248943
10218 0.021460533090655542
10228 0.042137212360739126
10276 0.03308905537555379
10312 0.023142193612254322
10318 0.015003938752790437
10325 0.026503822729304877
10420 0.0219953909565415
10533 0.3435678689606641
10560 0.03308905537555379
10571 0.02928861137312414
10590 0.046481040735210366
10600 0.060794497806484035
10621 0.06752797447288779
10628 0.028210369135196593
10630 0.04411415937678081
10646 0.02867770246817299
10657 0.04109026356247016
10801 0.038952346643790235
10816 0.026704366051038056
10821 0.04596894980282736
10845 0.02241273871621479
10938 0.08738385872138767
10951 0.0067279837100123275
10959 0.02262696967093122
10988 0.02850165873142467
11036 0.009601797605247861
11080 0.01653833027206414
11111 0.055356067815947936
11116 0.03416729761348134
11141 0.04943043277732177
11238 0.06752797447288779
11242 0.051624184231303556
11300 0.021592035172977912
11319 0.037715176787201245
11332 0.011415979417769338
11375 0.05245432859163241
11433 0.09515128470255044
11439 0.06264928823253058
11497 0.025723188632232767
11634 0.01526191429013775
11750 0.0715479803238584
11846 0.06326742953894016
11893 0.03189767991966239
11995 0.0752575611759515
12004 0.1315633139108026
12006 0.012734266982265817
12051 0.02039724712658215
12139 0.05918780525803617
12177 0.05905792809784355
12180 0.024663246505462408
12186 0.018064621508774796
12197 0.06264928823253058
12200 0.03494384580160034
12204 0.028805392815743583
12209 0.05011818114714502
12215 0.15736298577489724
12265 0.007687880176847444
