137
8 0.14372265372120602
178 0.07332272811357432
236 0.04241615472439707
237 0.08564711471186653
288 0.16188364307731462
289 0.06641823917370616
374 0.20948347612735554
547 0.041006063051890126
642 0.05133697509666161
674 0.11796193177253392
678 0.06428153716851367
769 0.024480594135557403
797 0.15928863969335588
887 0.04075866861300392
958 0.045828142714988924
965 0.04522337206967715
1073 0.17574602968084335
1159 0.08742731283275286
1208 0.06836317917252598
1512 0.10862217993678187
1688 0.08935602613182618
1818 0.06394385001001016
2042 0.09219816862469324
2118 0.10862217993678187
2130 0.0759844151389902
2154 0.0542321437248619
2289 0.08564711471186653
2298 0.06295939677892695
2299 0.08564711471186653
2356 0.023820516259528975
2382 0.040151516708021875
2832 0.05805627909187372
2833 0.08245153719195802
2978 0.16188364307731462
3089 0.057039361070142
3133 0.07048679424127882
3189 0.06532522515550168
3197 0.09038424694368755
3332 0.041130759631719596
3400 0.10306435182729287
3591 0.057787033323919386
3609 0.049114676005237126
3680 0.03680949017134122
3877 0.09924330183321771
3889 0.0759844151389902
3966 0.06295939677892695
4048 0.1013955589445094
4431 0.03864368940753601
4552 0.04027167884598739
4596 0.11358393326251155
4624 0.017322666979062477
4782 0.06961381669361466
4861 0.023002548984233068
4872 0.038420198204775095
4874 0.0759844151389902
5216 0.16188364307731462
5252 0.06081324770007242
5340 0.05754223216942676
5368 0.31893649092843995
5389 0.03722816512228088
5425 0.03162718494832596
5461 0.06428153716851367
5585 0.093775355294342
5622 0.0968378991791713
5842 0.03444510249480994
5942 0.1733934830794494
6055 0.04189339440674157
6057 0.029871565030883725
6209 0.044201640571798616
6222 0.071394014814501
6452 0.026715684887729275
6584 0.032557631244905225
7176 0.027604139959918738
7206 0.0649720708218715
7272 0.02625105487068007
7484 0.05495503535685169
7537 0.04105523989722167
7542 0.026515413857110728
7554 0.04363743797817061
7589 0.051143407778462116
7605 0.05939371281063906
7707 0.08742731283275286
7833 0.03511010976021024
7885 0.10440487091899486
7951 0.10039829542094397
7952 0.018932691901654346
8092 0.03744037908360222
8098 0.10222052883404183
8156 0.040635956603510714
8224 0.03549887789539457
8324 0.015843955955254552
8453 0.07332272811357432
8515 0.041130759631719596
8528 0.09924330183321771
8601 0.088371572900743
8716 0.06796088799717863
8727 0.05536071679624913
8942 0.023236365025519547
8986 0.04241615472439707
9273 0.033707791960920504
9280 0.11687248496895883
9338 0.009410586346418412
9445 0.04256007822003787
9485 0.06961381669361466
9578 0.04051389215380927
9582 0.048248239150261815
9625 0.04741308852769162
9675 0.03435164313720243
10004 0.038420198204775095
10140 0.17111808321042601
10318 0.028843853796480492
10492 0.10862217993678187
10578 0.0494705470174235
10794 0.06462422728140896
10848 0.05358051867536279
10898 0.07728737881507201
10919 0.16188364307731462
10951 0.012934002309267388
10979 0.04841894958958565
10985 0.0542321437248619
11067 0.02874665166356868
11080 0.06358719377158313
11101 0.05445349622302696
11106 0.04125613207707059
11142 0.05559319271830733
11163 0.06836317917252598
11297 0.19269626641003484
11332 0.1536240534479459
11417 0.11687248496895883
11634 0.029339790817079867
11637 0.07259316627204448
11710 0.07282526464950766
11893 0.028301861199210215
11908 0.05559319271830733
12034 0.21724435987356375
12270 0.03511010976021024
12275 0.08755440743568499
