434
23 0.07632225971192537
68 0.03245441513556263
103 0.03294296568429934
111 0.016533824029391922
141 0.031030326133799847
188 0.021038944646968642
189 0.04628798368406747
193 0.04230889325149911
218 0.05213699605084958
234 0.025650618619545647
236 0.027321486585299287
265 0.05213699605084958
273 0.027583906543087906
299 0.046973237813332916
303 0.023945811057952265
326 0.018953318487293574
344 0.012381346562501687
350 0.046973237813332916
413 0.03664572133829957
450 0.014144376279045657
456 0.0318778856974868
496 0.038449426101001175
571 0.04711566976957089
576 0.046617154263749495
587 0.026017971041767386
677 0.01698546099637497
717 0.030604511474825125
730 0.04180947957581624
744 0.028018664374398983
769 0.02365300067700663
826 0.04055398999958356
878 0.051301237239091295
883 0.06120902294965025
913 0.019680698567094087
929 0.02981960424892023
937 0.017537545261314638
938 0.008412328139566624
942 0.01678854041044715
952 0.023015237460880262
956 0.014516940329577413
965 0.029129697431837298
975 0.017829728922024224
999 0.03664572133829957
1033 0.025236638321124147
1106 0.021887798432043474
1255 0.05213699605084958
1275 0.08359518520904392
1363 0.023143991842033734
1413 0.041630077708161496
1458 0.023454442111980913
1460 0.04395263288159569
1524 0.05644028260745493
1542 0.04628798368406747
1551 0.025037967123414887
1553 0.09067942057365068
1587 0.017904601194477822
1688 0.028778415737343153
1698 0.09037008805598484
1747 0.03764049394644166
1787 0.025866567896283173
1805 0.03664572133829957
1814 0.025557126362705577
1851 0.03247673570892498
1858 0.05516781308617581
1861 0.021390965805297986
1895 0.08416779177264394
1902 0.04540260699766261
1916 0.022420148305571232
1918 0.023454442111980913
2002 0.1217694896756937
2066 0.02981960424892023
2072 0.03764049394644166
2096 0.018290683874464243
2166 0.028461358169045676
2227 0.01581810008872134
2261 0.023945811057952265
2278 0.026737119263880105
2283 0.03247673570892498
2356 0.023015237460880262
2357 0.035768269712341795
2362 0.019492087773886887
2373 0.05825605918731466
2377 0.04789162211590453
2382 0.03879415044499534
2407 0.046973237813332916
2473 0.023454442111980913
2480 0.08697820691120979
2493 0.04395263288159569
2590 0.034273327532985606
2630 0.0062063075543585785
2656 0.024534213024959145
2679 0.08952300597238912
2698 0.028778415737343153
2724 0.05213699605084958
2757 0.03938077691084272
2763 0.01878205282043559
2798 0.023614657499826483
2822 0.03344808038905361
2868 0.15641098815254875
2889 0.027051556669560148
2891 0.0349833624864369
2901 0.01912861430215442
2938 0.017682204727029277
3003 0.046973237813332916
3025 0.026088964363731714
3026 0.03878887464407902
3037 0.03362511640656234
3059 0.026088964363731714
3066 0.05213699605084958
3218 0.04180947957581624
3270 0.013126925636947574
3295 0.027312977471408314
3300 0.019217833672738303
3361 0.10288500301266817
3362 0.038984175547773774
3378 0.026318204863266224
3442 0.010239593103826728
3525 0.03764049394644166
3566 0.03764049394644166
3571 0.025866567896283173
3579 0.03878887464407902
3589 0.02127176760793387
3595 0.01904045080690384
3596 0.023778394385445788
3597 0.017187728490751522
3637 0.05963920849784046
3669 0.03664572133829957
3721 0.026413205272088184
3749 0.020702809658766502
3759 0.012196825534608968
3765 0.013409605071318156
3826 0.02092520612621504
3868 0.0314819631007829
3882 0.021390965805297986
3890 0.02127176760793387
3891 0.012127201397914239
3894 0.03302881997386464
3903 0.09525111845671183
3918 0.013516783638596484
3958 0.031962757554699676
3962 0.02027699499979178
3982 0.03764049394644166
3989 0.04180947957581624
4048 0.01632796172538195
4058 0.046973237813332916
4078 0.01821185003403555
4081 0.03145698464723726
4097 0.04403472438335534
4105 0.010347954700202833
4143 0.016533824029391922
4144 0.029109569295468936
4145 0.024655846011403557
4156 0.020486860382028977
4178 0.07687133469095321
4205 0.02027699499979178
4226 0.01878205282043559
4301 0.03302881997386464
4306 0.3254935726043935
4317 0.03955365085715536
4318 0.14091971343999876
4320 0.034874346518791434
4355 0.029456130777187763
4451 0.008454536345402254
4523 0.05213699605084958
4577 0.3254935726043935
4603 0.035768269712341795
4624 0.0027895091891594727
4655 0.016287529584825104
4676 0.014099089036835709
4791 0.038435667345476605
4803 0.021038944646968642
4805 0.026318204863266224
4809 0.035768269712341795
4820 0.014189940509168174
4847 0.05213699605084958
4861 0.014816614980398766
4926 0.015270078942727024
4941 0.00916457129885355
5001 0.01995078129934215
5130 0.03764049394644166
5146 0.016227207567781315
5337 0.016227207567781315
5389 0.011989875326896007
5401 0.01647148284214967
5493 0.2715221225085531
5496 0.15992174075182164
5556 0.022149219233891643
5627 0.03332018727071373
5648 0.025236638321124147
5692 0.028778415737343153
5724 0.05213699605084958
5769 0.02127176760793387
5802 0.013892276649476338
5870 0.03664572133829957
5998 0.0335770808208943
6001 0.019217833672738303
6008 0.01147256145525165
6010 0.014328329536370218
6013 0.012931383481665113
6028 0.027051556669560148
6055 0.01349238068294405
6057 0.009620574620402323
6066 0.012338056843067583
6068 0.012854581477714747
6109 0.05213699605084958
6119 0.016724040194526803
6146 0.023778394385445788
6162 0.02561903107581874
6180 0.014422038047434391
6208 0.04395263288159569
6251 0.022865866142607688
6260 0.03764049394644166
6295 0.02201736219167767
6299 0.0629639262015658
6300 0.031030326133799847
6360 0.029236090825722403
6398 0.032696688063889735
6409 0.038222528870883454
6436 0.012302497212775087
6437 0.01878205282043559
6452 0.03441670896477303
6484 0.06528134863901155
6486 0.11636662393223705
6491 0.027865061736347972
6657 0.012482017427182992
6747 0.013746373297516478
6772 0.015430294330572593
6778 0.07074424493647247
6794 0.015649419786595755
6817 0.013832999022423773
6825 0.024844456804610754
6828 0.016853603954160995
6877 0.026318204863266224
6933 0.03302881997386464
6952 0.010402732361721062
6982 0.030753010888355612
7025 0.02446376628945057
7101 0.04352089909267437
7102 0.048862588754475314
7176 0.04445158598852482
7205 0.013409605071318156
7206 0.02092520612621504
7231 0.022420148305571232
7257 0.04180947957581624
7259 0.015165151456000675
7260 0.035768269712341795
7262 0.029934445470640152
7312 0.050963371827844606
7379 0.019680698567094087
7382 0.04327048215933268
7484 0.005899691092747973
7488 0.021154446625749557
7507 0.02165386030143243
7537 0.035259842023130816
7538 0.046973237813332916
7544 0.035768269712341795
7558 0.019972882227803676
7560 0.024292372539671096
7561 0.013126925636947574
7583 0.0314819631007829
7619 0.10719599726873204
7661 0.04180947957581624
7718 0.04180947957581624
7739 0.01977682542857768
7761 0.034273327532985606
7768 0.1138454326761827
7811 0.0349833624864369
7835 0.11673075110846097
7837 0.02163524107966634
7839 0.024471892754079
7952 0.030487752318406704
7956 0.018056641745113736
7971 0.024117076724810244
8036 0.021390965805297986
8110 0.030201725360931554
8171 0.046628971657968386
8200 0.04659519986305801
8201 0.07316273549785697
8212 0.03302881997386464
8224 0.011432933071303844
8247 0.024844456804610754
8252 0.008935330799319036
8287 0.05213699605084958
8302 0.028461358169045676
8324 0.03061666713323551
8326 0.05961075028407456
8352 0.016660093635356865
8385 0.017829728922024224
8387 0.09181353442447537
8417 0.03362511640656234
8444 0.018532317869456725
8447 0.07937593204725986
8514 0.020813178024112425
8556 0.012161932129357301
8560 0.019874208885898217
8625 0.018532317869456725
8633 0.0644320374816688
8708 0.027929712129275502
8721 0.030604511474825125
8730 0.05213699605084958
8763 0.023454442111980913
8769 0.09060517608279467
8811 0.021760449546337185
8836 0.021154446625749557
8837 0.029226134382122022
8863 0.021512102269461535
8890 0.03583176003029197
8942 0.007483611367660038
8950 0.04941444852644901
8969 0.017904601194477822
8974 0.026318204863266224
9000 0.03002096051726645
9027 0.01146456678508491
9048 0.06392551510939935
9151 0.018532317869456725
9181 0.04395263288159569
9182 0.021760449546337185
9199 0.027865061736347972
9211 0.05217792872746343
9267 0.012778563181352788
9269 0.03664572133829957
9273 0.02171217527529989
9338 0.033338987388588495
9470 0.018290683874464243
9503 0.050473276642248294
9575 0.009072026898800668
9582 0.015539051421249832
9584 0.015705223256523633
9595 0.026088964363731714
9625 0.015270078942727024
9636 0.022993487159540894
9675 0.011063449330264645
9690 0.03764049394644166
9702 0.027051556669560148
9814 0.03955365085715536
9818 0.054103113339120296
9821 0.01308740443867998
9849 0.014469338069200416
9865 0.031410446513047266
9898 0.008691055524950683
9920 0.024844456804610754
9987 0.0161080093704172
10023 0.027865061736347972
10081 0.19862305919625112
10110 0.016724040194526803
10116 0.036581367748928485
10134 0.05213699605084958
10144 0.04162635604822485
10183 0.021390965805297986
10218 0.013287141024793144
10228 0.026088964363731714
10276 0.040973720764057954
10298 0.031865427111112704
10318 0.013934377768730149
10325 0.032819318030243266
10392 0.008062897515350704
10418 0.04185041225243008
10420 0.013618294582918923
10460 0.02715217275416659
10465 0.02679899931718301
10508 0.022420148305571232
10594 0.028461358169045676
10597 0.0757728891291512
10619 0.031208197085163182
10631 0.03247673570892498
10643 0.021512102269461535
10709 0.026554724042814653
10749 0.008647489737625807
10766 0.031962757554699676
10781 0.055730123472695944
10844 0.02027699499979178
10845 0.05550677027754867
10848 0.017256390068054562
10862 0.039361397134188174
10951 0.016662338813264597
10952 0.031962757554699676
10963 0.015270078942727024
10981 0.043550820988732246
10988 0.008823302697216418
11036 0.005944886752510411
11052 0.027051556669560148
11067 0.009258279809917721
11073 0.05213699605084958
11080 0.010239593103826728
11112 0.024471892754079
11142 0.035809202388955644
11156 0.023778394385445788
11161 0.023778394385445788
11257 0.02092520612621504
11276 0.04243312883713697
11300 0.05347423852776021
11304 0.027583906543087906
11310 0.021154446625749557
11316 0.05213699605084958
11319 0.023351091542304282
11357 0.04180947957581624
11359 0.04014712072395357
11385 0.027583906543087906
11607 0.04789162211590453
11629 0.028420607201775878
11634 0.009449308953544342
11655 0.031962757554699676
11717 0.05213699605084958
11734 0.028461358169045676
11736 0.010293576879193593
11770 0.015323102144512307
11812 0.017395641382241957
11875 0.013327739100207646
11893 0.010634199954440256
11908 0.017904601194477822
11957 0.012231883144725285
11960 0.017904601194477822
11977 0.009546692410864874
12004 0.19006520927916612
12021 0.011063449330264645
12029 0.016167370070161557
12030 0.032819318030243266
12048 0.028778415737343153
12052 0.018370360873560764
12064 0.013964856064637751
12078 0.031865427111112704
12105 0.01466159979529206
12113 0.03790663697458715
12131 0.030201725360931554
12176 0.029109569295468936
12177 0.009141327197620078
12204 0.01783466025753123
12218 0.04014712072395357
12239 0.04395263288159569
12265 0.019039591916933753
12274 0.020813178024112425
12275 0.014099089036835709
12304 0.015932713555556352
12308 0.05213699605084958
