43
117 0.12039281266943187
576 0.08843484019771249
1492 0.14978045816817356
1553 0.08601147146693035
1684 0.10937128681295877
1902 0.1291961840382046
2002 0.09900094439944566
2670 0.11146541173266065
2782 0.16970739493828016
3442 0.05827490721783593
4025 0.06882080086567957
4078 0.10364609806633218
4306 0.28498890458741793
4320 0.06615820528082383
4577 0.14249445229370897
4624 0.015875473520604828
5001 0.056771295370516395
5058 0.593437371323764
5496 0.1300194605939451
5497 0.15698373736190466
6008 0.032645948309501495
6057 0.10950397885960751
6269 0.22075272406314786
6301 0.20855574916565695
7035 0.08399901320618484
7561 0.07470710660003355
7835 0.07381449656943942
8124 0.23564497139290833
8252 0.05085217430137836
9151 0.10546992379711151
9267 0.07272452881865893
9338 0.017248789061927273
9595 0.1484758195262385
9813 0.1334823975975169
10064 0.14362511691055166
10081 0.102762786733094
10318 0.026434141909654468
10460 0.07726334103160697
10845 0.0789741314690774
11103 0.06882080086567957
11283 0.2284826859357635
12004 0.07726334103160697
12204 0.03383315336950409
