34
864 0.19881759418927727
1184 0.20517189486450738
2115 0.19566985066965029
2541 0.26240238905030927
2630 0.04850183189335689
3055 0.32530687622242405
3185 0.28638358643905454
3332 0.10352246746553567
3472 0.12143653101535343
3484 0.32530687622242405
3661 0.10289644989266228
4101 0.08934752153604623
4624 0.021799806821138096
4931 0.12143653101535343
5802 0.05428355433301967
5914 0.17414352147991638
7193 0.09084680799494108
7389 0.18713473225593627
7418 0.17740899825164796
7484 0.046105647052931194
8725 0.2004576765410381
8776 0.12406340094541454
8777 0.18206901051884558
9292 0.22764641867467683
9341 0.08693144565940762
9407 0.19881759418927727
9534 0.1393380052963741
9675 0.08646003358314476
10525 0.2200467783568012
10533 0.1662372815974943
10816 0.129210604953784
10988 0.06895345427476506
11103 0.0945030182690683
12083 0.15766017322644238
