164
119 0.08356656457107849
201 0.050005833094090124
344 0.01858151470321204
373 0.047996590661685705
374 0.02531314166396905
403 0.10735966822562519
404 0.07515230300576768
435 0.028073891589757784
450 0.04245482257848151
456 0.031894183119474846
493 0.038813983775426025
638 0.06992853216601805
674 0.057016183712710035
711 0.0325849132871041
744 0.0420494831809363
769 0.023665093164475057
895 0.07238821940705101
952 0.04605400778969377
1122 0.10317909382586105
1205 0.09671064355624788
1575 0.043147156864704134
1577 0.0819808233153806
1702 0.057150555448596194
1929 0.03952016702668529
1971 0.03223688118541596
2042 0.05941790023601395
2086 0.04817196890285778
2100 0.11701231808298461
2124 0.12549256343805976
2154 0.05242555497842031
2181 0.050005833094090124
2194 0.05098243420483097
2227 0.09495712211647102
2237 0.09186047367035038
2356 0.023027003894846885
2363 0.08737335428540585
2405 0.07899497977223532
2596 0.052855579983849085
2627 0.13062944685463024
2630 0.01862844150138523
2656 0.036820134042262226
2677 0.0411313232425327
2681 0.06992853216601805
2704 0.049254145132751934
2705 0.08743376956576149
2768 0.05466348227502467
2806 0.058506159041492305
2832 0.056122300213963916
2853 0.05419761935969435
2967 0.10092692127656766
3189 0.0631491021310565
3285 0.047996590661685705
3351 0.08542772672129285
3429 0.06901572742129893
3599 0.05538099659829264
3609 0.04747856105823551
3618 0.10999336888278495
3670 0.049815528872040306
3721 0.03964006335213166
3725 0.051385338999388026
3737 0.05039137042282443
3830 0.05822838390264101
4048 0.024504463980722764
4101 0.0343163343167655
4127 0.0819808233153806
4320 0.03489217586754962
4381 0.041915986598613696
4431 0.03735638542857428
4596 0.10980020941324473
4624 0.01674561187717494
4790 0.11430111089719239
4809 0.10735966822562519
4861 0.044472569719344525
4882 0.15798995954447065
5001 0.029941471566351973
5005 0.029478821728747138
5297 0.04231889139317075
5340 0.05562537729439516
5368 0.15415601699816409
5380 0.05221360447092142
5425 0.03057361574591438
5777 0.06055365744750991
6410 0.03089651826864502
6436 0.14770544169258198
6563 0.07291437570916333
6584 0.03147306688550527
6732 0.047139757438363336
6778 0.030334462545130277
6869 0.06688453355466283
7042 0.03284953899239641
7150 0.0427291893473662
7185 0.06946747230325107
7259 0.045518713709145585
7262 0.022462311988333997
7272 0.025376576064306603
7483 0.024626988183845528
7484 0.03541624369559865
7537 0.01322920067050764
7883 0.15649095254860937
7951 0.09705381338111183
7952 0.036604006849342015
7984 0.062471455996054887
8208 0.08277966059300279
8224 0.0343163343167655
8320 0.07636127911507558
8322 0.0974800178706554
8339 0.0656969654040248
8447 0.04764990757578168
8556 0.03650444958314103
8577 0.07137165293960737
8800 0.16558805212826622
8823 0.04907010614221485
8837 0.043861614162726686
8890 0.02688755913921802
8943 0.0819808233153806
8950 0.049439711435275036
8972 0.22966072461555403
9112 0.07039929926189717
9117 0.1321717107991008
9151 0.05562537729439516
9330 0.06688453355466283
9338 0.009097099579656829
9341 0.033388374972264226
9425 0.15649095254860937
9445 0.05485641459992881
9510 0.12549256343805976
9614 0.09599318132337141
9865 0.047139757438363336
9923 0.04178328228553924
9981 0.08043810054582466
10140 0.05513925790740648
10192 0.06024942675282031
10218 0.03988180204301782
10277 0.14099175799333458
10476 0.05688902485177621
10494 0.09593729510109945
10578 0.047822577245558925
10611 0.12549256343805976
10623 0.1982742348341486
10668 0.2638506207742346
10897 0.05263953375124988
10898 0.07471277085714856
10951 0.05001257207132387
10960 0.03518575484779573
10985 0.10485110995684062
10988 0.026483440710037068
11080 0.03073448414567615
11093 0.10735966822562519
11629 0.08530541131825145
11634 0.02836241960745188
11637 0.03508746628900078
11736 0.06179303653729004
11833 0.09313857073461401
11852 0.1313939308080496
11893 0.02735906564598178
11945 0.15476864073879157
11977 0.028654719339943246
12004 0.04074908126582303
12006 0.023665093164475057
12051 0.0379058138345628
12270 0.03394051688000022
12271 0.09564515449111785
12291 0.05688902485177621
12329 0.11642611583184248
