125
105 0.05322439234453372
110 0.12230842870663801
201 0.09737872412607546
344 0.072369325023506
404 0.1463476344463258
493 0.03779215327929287
674 0.2220606229691153
711 0.031727071476707454
773 0.12218880237346837
952 0.06726236083820093
1073 0.05513964300298039
1178 0.04868936206303773
1205 0.15694100894854876
1212 0.152371117063329
1577 0.07982256752163244
1617 0.11000488221149311
1905 0.04656358337067267
1971 0.03138820178970975
2042 0.2024877534308145
2080 0.061779172001422855
2195 0.07260828054723494
2220 0.10453328009493458
2333 0.08143604168650183
2356 0.04484157389213396
2578 0.042425965857374286
2630 0.018138022642767593
2705 0.04256597880204789
2735 0.0934116163555723
2833 0.07760656102560738
2957 0.05808265987823257
3033 0.12218880237346837
3239 0.029613209554132408
3270 0.03836362802640527
3285 0.04673301564881672
3340 0.07760656102560738
3591 0.027195690225281646
3680 0.03464650924158045
3725 0.05003255061395673
3974 0.152371117063329
4187 0.07205706280497853
4410 0.023799945850099466
4530 0.08944212275000427
4552 0.03790525450954983
4554 0.06286942673071433
4790 0.11129197992180935
4827 0.027265138251830984
4882 0.07691533033867738
5001 0.1166128877046188
5005 0.028702751969796558
5164 0.12845219857913182
5261 0.0749642999879336
5297 0.04120478947468984
5340 0.05416096417959625
5368 0.10006510122791346
5425 0.05953744811442592
5433 0.04525359806000815
5461 0.06050425749460351
5472 0.05895950070775672
5473 0.1252172909192877
5595 0.08608596372729588
5598 0.1335353074005339
5842 0.03242105653619637
5942 0.05440154052644475
6014 0.06322930166571164
6222 0.06719879527127968
6657 0.03647887455443112
6732 0.045898739716257304
6762 0.18982744973312554
7121 0.05696590546004819
7150 0.04160428578160982
7176 0.025982079234876755
7201 0.12230842870663801
7262 0.021870961315954188
7272 0.04941700691558983
7282 0.03322917998769792
7484 0.05172579493765824
7536 0.04525359806000815
7537 0.025761848224344557
7540 0.09491372486656277
7542 0.049914656626239486
7605 0.05590364903743523
7951 0.2362468519632525
8075 0.1372799597183987
8224 0.03341291051148807
8239 0.13439759054255937
8324 0.014912941305943625
8339 0.06396740414224729
8942 0.06561288394786256
8972 0.05590364903743523
9034 0.1511908296790677
9330 0.06512370795888706
9445 0.026706122732826767
9563 0.04004848565805007
9567 0.055645989960904675
9575 0.02651312843667949
9584 0.045898739716257304
9628 0.06473141017670211
9658 0.03669232663534169
9675 0.03233308899081641
9793 0.152371117063329
10174 0.06512370795888706
10392 0.02356393337243501
10578 0.04656358337067267
10606 0.12845219857913182
10749 0.025272412507821255
10760 0.04228684757021197
10898 0.10911878452715146
10901 0.08228995261621001
10951 0.024347961813801312
10988 0.025786228398190236
11021 0.05167649635533662
11036 0.017374016608312764
11067 0.05411491046957015
11101 0.15376118098992356
11106 0.038831859790140845
11319 0.013648779839478225
11332 0.041313392378959896
11424 0.06512370795888706
11663 0.12845219857913182
11893 0.03551840176824108
11945 0.3516196773504058
11957 0.03574785353441027
12006 0.023042077654673074
12021 0.03233308899081641
12270 0.13218794790340394
