404
68 0.01803537018205397
84 0.0175806767421461
105 0.020241157062415766
111 0.01837615225228757
193 0.023511640822873922
287 0.043111034984246635
335 0.018446024696581957
349 0.0464682193852019
387 0.03235318559222176
457 0.02539163916588869
479 0.06098632556112505
495 0.020241157062415766
499 0.048850179624828634
576 0.017270534285679963
587 0.014458548618553016
593 0.05730875961705397
594 0.04484904036161344
627 0.08935546140797121
628 0.014244587474925133
689 0.03498993010403791
709 0.05794650866636589
724 0.02661404095163976
744 0.03114072349714232
769 0.026288603343755334
908 0.0464682193852019
913 0.021873676208080436
931 0.04353639834012262
937 0.03898343193690742
938 0.0093496956550447
956 0.06453812626999376
958 0.016404256900305052
963 0.03975385058329137
965 0.01618777828162839
975 0.07926582808809106
1020 0.030657521541754114
1098 0.05794650866636589
1101 0.03888148284419432
1113 0.04923451757896304
1143 0.021359235280452294
1205 0.011936886347516282
1308 0.05685711978335222
1332 0.13426815297602132
1335 0.023642034628152987
1336 0.031632745703082644
1362 0.020597333935061312
1373 0.044844420446253655
1390 0.034014705942709375
1413 0.030845884770508775
1417 0.04183469271122751
1464 0.03356703824400533
1494 0.16291629897847962
1519 0.0464682193852019
1524 0.026883986198223412
1536 0.012706880055999964
1541 0.04183469271122751
1543 0.01618777828162839
1564 0.023774514822635966
1575 0.01597681564634226
1587 0.03979934429945846
1702 0.021162087025836385
1745 0.029513659463217958
1787 0.028748823566843953
1818 0.02288880326838342
1895 0.013363775231769327
1896 0.022422210223126827
1905 0.017708061339501112
1910 0.05794650866636589
1933 0.02461725878948152
1973 0.030065853074130296
1999 0.11700314185382366
2080 0.03524179051886986
2086 0.03567487280311991
2099 0.02078133785219743
2100 0.021664048922448338
2177 0.02390914926079232
2186 0.027612820848662428
2303 0.1044147280515678
2307 0.03888148284419432
2331 0.04462062748477632
2340 0.05794650866636589
2356 0.017053183701961478
2373 0.016186851440739294
2454 0.055655787206846684
2464 0.018238151799241608
2473 0.026067919827623676
2480 0.05800200014189258
2541 0.01865925112833111
2630 0.02069358891337073
2656 0.01363400363809506
2677 0.015230379392011042
2701 0.01685497145663755
2704 0.09119075899620804
2748 0.0221984172616495
2757 0.01458963054645969
2936 0.0221984172616495
3031 0.03975385058329137
3078 0.05794650866636589
3087 0.05794650866636589
3159 0.03552429844323906
3160 0.043111034984246635
3164 0.040729074744619904
3239 0.011261859446460843
3269 0.02980761667664279
3270 0.01458963054645969
3295 0.030356403430063517
3347 0.024046009162075072
3361 0.020790773853832892
3363 0.10799687611643302
3442 0.011380568799020541
3449 0.026245987669338684
3456 0.04983675380234423
3591 0.04136992179881718
3599 0.020506843028756692
3605 0.021980514277665366
3630 0.030657521541754114
3650 0.05794650866636589
3683 0.022088748962841343
3721 0.014678185781098703
3723 0.0528559388034036
3737 0.01865925112833111
3748 0.07776296568838864
3759 0.013555891402988771
3761 0.0929364387704038
3765 0.014903808338321394
3810 0.03356703824400533
3813 0.03552429844323906
3867 0.05144575351217825
3897 0.024185169337163952
3975 0.02555560166260476
4024 0.05794650866636589
4081 0.011654056118493803
4097 0.024470709202468077
4105 0.01150100489352405
4156 0.02276966688905594
4169 0.013440087620008123
4174 0.03273836366969025
4198 0.04271847056090459
4203 0.03609554807064551
4289 0.020688824761119804
4297 0.01941248248810068
4309 0.03888148284419432
4317 0.021980514277665366
4320 0.02584021297549823
4329 0.043111034984246635
4356 0.01117393116336204
4410 0.02715325177845808
4451 0.05637964217936264
4536 0.0522073640257839
4554 0.02390914926079232
4616 0.02899600119126649
4624 0.009301014480018322
4655 0.01810241375088543
4699 0.01673997189254073
4754 0.04462062748477632
4772 0.013832570360951642
4782 0.024918376901172115
4787 0.022422210223126827
4795 0.05360878076207674
4826 0.03809233023280375
4827 0.010368891430668822
4850 0.03552429844323906
4861 0.016467598315992607
4941 0.020371519282568702
4957 0.03670914989019969
4972 0.01313896950831753
5035 0.021980514277665366
5051 0.018306864521493077
5052 0.037371890343664636
5054 0.05794650866636589
5146 0.01803537018205397
5208 0.030970005249617693
5224 0.010915613784435877
5247 0.020068654249819354
5271 0.030356403430063517
5354 0.0221984172616495
5380 0.019334000047297524
5385 0.03235318559222176
5473 0.03174663270956459
5667 0.023642034628152987
5857 0.2069278092445557
5858 0.05794650866636589
5875 0.026067919827623676
5882 0.13700200501073545
6008 0.006375462072496236
6013 0.014372299552079732
6049 0.11589301733273177
6057 0.021385148851799977
6068 0.05714775866829145
6119 0.018587563792966305
6143 0.03356703824400533
6214 0.026727550463538655
6251 0.012706880055999964
6258 0.013250609431259754
6281 0.0175177119101025
6409 0.014160527509147234
6410 0.022881135739249228
6437 0.020874896311057763
6520 0.04183469271122751
6624 0.03888148284419432
6695 0.03448796820742595
6717 0.23178603466546355
6728 0.17383952599909766
6767 0.05794650866636589
6772 0.03429931725560285
6794 0.10435920455445477
6807 0.26067919827623676
6809 0.19885402922167397
6818 0.02850881152963794
6868 0.02476644905121418
6961 0.03356703824400533
6982 0.0512696284866772
7025 0.054379421626862115
7026 0.028048702302654667
7130 0.05794650866636589
7176 0.019761891998576614
7178 0.03552429844323906
7181 0.05213583965524735
7206 0.02325685655068449
7212 0.03552429844323906
7229 0.047284069256305974
7262 0.008317493983521522
7272 0.009396607029893773
7312 0.014160527509147234
7321 0.05794650866636589
7376 0.04577760653676684
7380 0.03888148284419432
7406 0.1044147280515678
7448 0.048850179624828634
7466 0.03498993010403791
7483 0.03647617861558928
7537 0.02939157742290105
7542 0.009491234751429049
7561 0.08753778327875814
7580 0.035035423820205
7583 0.06997986020807583
7589 0.018306864521493077
7617 0.0522073640257839
7658 0.03273836366969025
7660 0.015182930348048372
7833 0.03770315964273324
7875 0.03356703824400533
7899 0.03975385058329137
7952 0.06776987313245036
8098 0.012196667201543367
8108 0.03809233023280375
8112 0.0175806767421461
8133 0.03314233820361233
8156 0.014545705586615727
8166 0.231112541914164
8167 0.03609554807064551
8168 0.03609554807064551
8176 0.08099765708732476
8247 0.027612820848662428
8252 0.009930975369094926
8324 0.022685477386549732
8337 0.026999219029108255
8339 0.0243267084335483
8353 0.05794650866636589
8373 0.037371890343664636
8390 0.02850881152963794
8447 0.07057649627211252
8495 0.02589360106250065
8514 0.04626469079931558
8564 0.03670914989019969
8603 0.022536416661545385
8633 0.017902889987570992
8763 0.026067919827623676
8828 0.018804515126410692
8836 0.047023281645747844
8867 0.0221984172616495
8890 0.009956103872485297
8898 0.030657521541754114
8974 0.029250785463455914
9000 0.01668306558254483
9099 0.014036016358120532
9109 0.028748823566843953
9115 0.023511640822873922
9118 0.07341829978039938
9140 0.10346390462227785
9230 0.018804515126410692
9258 0.05794650866636589
9278 0.029250785463455914
9338 0.05389655067427728
9344 0.05794650866636589
9444 0.019734069919269428
9445 0.02031259732432872
9485 0.024918376901172115
9563 0.015230379392011042
9578 0.029004024843667545
9620 0.02461725878948152
9625 0.01697159078608642
9631 0.05213583965524735
9636 0.05111120332520952
9637 0.1053262287022819
9638 0.09014566664618154
9664 0.025413760111999927
9710 0.043111034984246635
9746 0.05794650866636589
9772 0.03273836366969025
9805 0.03498993010403791
9817 0.03498993010403791
9818 0.0901975592223909
9819 0.04462062748477632
9821 0.014545705586615727
9849 0.01608162509028629
9898 0.00965948102965582
9906 0.0252308606090357
9921 0.021664048922448338
9963 0.05794650866636589
9987 0.017902889987570992
9989 0.037371890343664636
9998 0.030970005249617693
10081 0.020068654249819354
10135 0.02461725878948152
10141 0.01803537018205397
10161 0.03975385058329137
10182 0.0464682193852019
10216 0.022088748962841343
10237 0.050146289375759046
10280 0.025722876756089124
10312 0.015924904281866346
10340 0.030657521541754114
10364 0.051811602857039896
10373 0.03609554807064551
10410 0.03129474630318675
10418 0.04651371310136898
10420 0.015135751670475768
10428 0.01965249452530669
10457 0.03552429844323906
10476 0.168521965923651
10479 0.07341829978039938
10508 0.024918376901172115
10555 0.09770035924965727
10556 0.048850179624828634
10571 0.020154456421918654
10597 0.028072032716241063
10619 0.011561886311294907
10631 0.03609554807064551
10693 0.03448796820742595
10699 0.05794650866636589
10723 0.021459598151840696
10749 0.019222121601901482
10760 0.01608162509028629
10844 0.022536416661545385
10848 0.03835846452118024
10951 0.05555696148104193
10960 0.013028814861275115
10987 0.05249197533867737
10988 0.009806464218068224
10998 0.03448796820742595
11011 0.013325881181589568
11036 0.006607312615190358
11080 0.045522275196082165
11106 0.014767698388174693
11142 0.01989967214972923
11145 0.01865925112833111
11157 0.03129474630318675
11189 0.022422210223126827
11217 0.010082903219052858
11276 0.0471613605337761
11300 0.04457456788343794
11319 0.015571831876606813
11478 0.0464682193852019
11487 0.031632745703082644
11595 0.0522073640257839
11629 0.08423321051663599
11679 0.03273836366969025
11736 0.022881135739249228
11768 0.03898343193690742
11770 0.017030522248473946
11828 0.01618777828162839
11857 0.02850881152963794
11861 0.01998373211550713
11875 0.04443846065776518
11877 0.0264279694017018
11883 0.04462062748477632
11893 0.01013069643157875
11904 0.03975385058329137
11908 0.01989967214972923
11917 0.02288880326838342
11930 0.028404901632989168
11945 0.019102919872351323
11949 0.03498993010403791
11960 0.01989967214972923
11965 0.018731564561886082
11984 0.030356403430063517
12004 0.07544420147813348
12010 0.03609554807064551
12021 0.012296225541471976
12051 0.014036016358120532
12131 0.06713407648801066
12138 0.03394318157217284
12163 0.03888148284419432
12175 0.020506843028756692
12177 0.030479776500492096
12180 0.11880113550260493
12193 0.0252308606090357
12204 0.019821937845571073
12224 0.03809233023280375
12227 0.02555560166260476
12265 0.01058056621580803
12291 0.021065245740456377
12303 0.0221984172616495
12304 0.017708061339501112
