46
117 0.12487767271928862
576 0.18345841061983129
1524 0.047596417665945655
1553 0.08921556150900453
1814 0.07543365510877235
1902 0.1340089863271406
1905 0.18810609647421506
2002 0.10268891688376905
2377 0.14135548942476445
3022 0.1984937897952645
3270 0.07749008766345337
3361 0.055213148934586585
3362 0.11506453469126596
3566 0.22219712796999513
4078 0.10750711131317404
4306 0.443407920704708
4320 0.06862272359595681
4451 0.049908316743646514
4577 0.2956052804698054
4624 0.016466864944946865
5496 0.13486293149218553
5497 0.16283167858498043
6010 0.08458214379755999
6269 0.2289761806889705
6301 0.21632484540040656
6778 0.11931806411662264
7035 0.174256270741127
7561 0.07749008766345337
8124 0.12221159620362161
8324 0.03012241512513144
8326 0.07037812802406164
8447 0.09371345740541197
8603 0.1196979524027105
8863 0.1269889642700355
9151 0.1093988780030232
9268 0.1466603216157045
9273 0.06408501167675094
9338 0.017891339088436334
10276 0.12093681726085453
10318 0.027418863708026032
10845 0.08191606728189299
10925 0.0983468751168565
11080 0.06044575776526849
11781 0.2289761806889705
11813 0.15400682471332838
12004 0.16028309332777263
