279
29 0.029554257928536058
129 0.03852404866652666
133 0.040281110614250985
236 0.021977419689536565
330 0.05053316286416251
435 0.060189640890325614
450 0.02275548900026347
456 0.01709505985582563
493 0.020804024777759476
513 0.03723408097985924
674 0.015280138539186661
694 0.041971956196234506
788 0.03996979098840729
864 0.0409291133825132
938 0.013533763290086272
952 0.024684627187856883
1057 0.03197365035897569
1184 0.12671167934694882
1352 0.04060073306807666
1353 0.035633689651478374
1374 0.026905655306293654
1524 0.012971598895642075
1622 0.02144168215762563
1630 0.05754403389306379
1664 0.050714071371367825
1759 0.020804024777759476
1797 0.0427212709093788
1814 0.02055816730096668
1929 0.02118253407847542
2002 0.027986128077811805
2059 0.19189525592125936
2086 0.05163967916547686
2110 0.06394730071795138
2115 0.20140555307125493
2129 0.05642884640684831
2162 0.0427212709093788
2174 0.033306704245596855
2177 0.03460869513846838
2253 0.03799128843725498
2266 0.018701963073371127
2279 0.04161416450087216
2381 0.03441381065410351
2432 0.075570599599474
2450 0.025266581432081256
2453 0.05628127423559014
2541 0.054018846657292854
2578 0.0467097409557134
2596 0.02833022247829738
2630 0.01996942961630367
2644 0.022682630832350656
2662 0.07546706747008412
2715 0.04060073306807666
2798 0.03799128843725498
2812 0.040281110614250985
2832 0.030081161753238404
2841 0.05642884640684831
2885 0.0409291133825132
2936 0.032132396146138845
2957 0.09592095107692707
3055 0.26787412000052996
3175 0.03748120585280535
3185 0.0589556790889234
3269 0.04314677645423132
3342 0.027219694190620404
3347 0.034806800999472094
3471 0.044377020912221045
3472 0.04999848798064312
3484 0.033484265000066245
3494 0.0672631393441987
3544 0.030632299392263605
3591 0.044912482952250844
3604 0.035421557888683536
3623 0.03723408097985924
3670 0.026700776270929018
3679 0.05313680396925004
3680 0.03814478796156063
3749 0.033306704245596855
3779 0.075570599599474
3807 0.0672631393441987
3820 0.03441381065410351
3918 0.021745817230745826
3933 0.01885931936059502
3966 0.0652433062544758
4054 0.0589556790889234
4059 0.041857742057330075
4101 0.03678663203130745
4451 0.013601667900700769
4547 0.028214423203424155
4624 0.004487765626264514
4659 0.1345262786883974
4663 0.075570599599474
4676 0.022682630832350656
4755 0.045788666108080654
4861 0.011918493702231732
4931 0.0749977319709647
4972 0.01901876914092778
4986 0.05754403389306379
5013 0.02610635039882821
5040 0.094986992199396
5137 0.05754403389306379
5155 0.041971956196234506
5184 0.04060073306807666
5252 0.03150965183129843
5297 0.022682630832350656
5310 0.029554257928536058
5337 0.05221270079765642
5340 0.029814814531805022
5425 0.016387244947693308
5433 0.024911440434885787
5681 0.034806800999472094
5825 0.05754403389306379
5913 0.19376620347259632
5914 0.25094750669235383
6045 0.045788666108080654
6046 0.06458873449086544
6074 0.02610635039882821
6079 0.01775066017217913
6096 0.05513896917707725
6114 0.02929924550564243
6155 0.02994724827390464
6162 0.013738642325450906
6232 0.03723408097985924
6251 0.018393316015653725
6410 0.016560318449309556
6436 0.01979227181730237
6452 0.027684820695607355
6747 0.022115181340909378
6758 0.0589556790889234
6772 0.02482427545641223
6778 0.01625906049892402
6817 0.022254544907840786
6952 0.01673592791649066
7013 0.1345262786883974
7025 0.019678667822536505
7102 0.05240679305994263
7176 0.014302752642471288
7188 0.055524200803340897
7193 0.056105889220113385
7205 0.02157338822711566
7208 0.054018846657292854
7256 0.03460869513846838
7272 0.027203335801401538
7282 0.018292175063427132
7312 0.02049748296011646
7328 0.03773353373504206
7331 0.04797381398031484
7352 0.05224861016202897
7356 0.07650941705835988
7382 0.06961360199894419
7385 0.049921624756147455
7389 0.07704809733305332
7425 0.024231250452960398
7480 0.05313680396925004
7484 0.01898285977655523
7496 0.03748120585280535
7536 0.024911440434885787
7537 0.03545379677226554
7542 0.013738642325450906
7552 0.03312063689861911
7554 0.09044085159098635
7580 0.025357035685683912
7616 0.04683150892180196
7643 0.0672631393441987
7706 0.04352057581684425
7759 0.07071104687390654
7833 0.0181918804889215
7956 0.05809909245999741
8092 0.019399281471933778
8098 0.017654778607107263
8102 0.075570599599474
8110 0.04858857086952628
8324 0.008209354945861636
8326 0.01918036887064821
8352 0.026802778007564546
8453 0.03799128843725498
8473 0.022682630832350656
8517 0.0327892800794704
8560 0.03197365035897569
8625 0.029814814531805022
8743 0.07071104687390654
8744 0.07071104687390654
8754 0.02439771329157801
8777 0.1499248234112214
8890 0.02882308859519408
8905 0.03135889346976425
8931 0.044377020912221045
8942 0.02407928533565916
8950 0.026499340744196798
8961 0.02711409763340824
8986 0.021977419689536565
9025 0.09059881825396317
9112 0.03773353373504206
9242 0.07071104687390654
9246 0.04482934371397474
9273 0.017465286411420856
9287 0.035633689651478374
9291 0.05126513617923541
9292 0.09372778218197982
9338 0.02925589181815677
9341 0.01789593627469602
9407 0.0409291133825132
9445 0.022051991915317884
9470 0.029426073479766765
9534 0.028684488616430994
9535 0.0589556790889234
9537 0.049921624756147455
9546 0.02439771329157801
9600 0.049236573637788494
9658 0.02019858637939922
9671 0.024481819824195106
9675 0.017798890143552914
9776 0.020804024777759476
9804 0.029049546229998707
9813 0.03773353373504206
9910 0.1270222757351184
9921 0.09407668040929273
9929 0.045299409126981584
9933 0.05224861016202897
10162 0.049236573637788494
10172 0.027433720087233913
10181 0.07704809733305332
10218 0.021376367926704387
10228 0.041971956196234506
10276 0.03295928479814511
10312 0.023051433214488954
10318 0.01494509543516607
10325 0.02639987849940522
10420 0.021909128155976065
10533 0.34222044455618766
10560 0.03295928479814511
10571 0.029173745597530054
10590 0.04629874869253027
10600 0.06055607041730427
10621 0.0672631393441987
10628 0.028099732072577665
10630 0.04394114990675367
10646 0.02856523259057115
10657 0.0409291133825132
10801 0.03879958107046045
10816 0.02659963531870243
10821 0.045788666108080654
10845 0.022324839136988305
10938 0.0870411516336885
10951 0.00670159751309812
10959 0.022538229908315492
10988 0.028389879272364787
11036 0.009564140718242412
11080 0.01647346928874436
11111 0.05513896917707725
11116 0.03403329832309751
11141 0.049236573637788494
11238 0.0672631393441987
11242 0.05142172151002269
11300 0.021507354276529722
11319 0.03756726321840347
11332 0.01137120756726121
11375 0.05224861016202897
11433 0.09477811487292304
11439 0.06240358661863125
11497 0.025622305938432347
11634 0.015202059229081638
11750 0.07126737930295675
11764 0.059629629063610044
11846 0.06301930366259687
11893 0.03666067124728591
11995 0.0749624117056107
12004 0.13104734127216944
12006 0.01268432499509184
12051 0.020317252019223495
12139 0.0589556790889234
12177 0.05882631128851392
12180 0.02456652075419932
12186 0.017993774627917788
12197 0.06240358661863125
12200 0.034806800999472094
12204 0.028692422154727237
12209 0.049921624756147455
12215 0.1567458304860869
12265 0.007657729402270322
