310
23 0.14502071202939928
30 0.050108910350251466
36 0.027495063578311378
76 0.017171313540118745
84 0.018033680971793156
103 0.018778580552761145
150 0.023856119852107827
179 0.053552599881563405
189 0.02638568241141772
231 0.053552599881563405
273 0.03144747901225448
344 0.007057777250649963
347 0.021909602258128172
353 0.050108910350251466
432 0.03144747901225448
450 0.016125525058675184
515 0.03210112325038865
642 0.01884965363207054
674 0.021656335920606232
744 0.015971565856506793
769 0.008988662056805952
774 0.1481025123105891
826 0.0231171162681933
887 0.014965563989948244
913 0.02243729887093483
965 0.016604891464341475
983 0.030274142848772122
999 0.04177854760619029
1070 0.03765504067761987
1106 0.02495353878686284
1143 0.021909602258128172
1275 0.03176801453993332
1362 0.021128068873703762
1374 0.019066512649176283
1458 0.13369808132660677
1524 0.0643456574931158
1536 0.02606860070720709
1553 0.01723009013050675
1564 0.02438711671108557
1622 0.01519450462826518
1814 0.014568407735308903
1858 0.03144747901225448
1872 0.027495063578311378
1895 0.027416243713842405
1902 0.05176197680449353
1905 0.054493043727938666
1916 0.07668135862370377
1918 0.026739616265321352
1929 0.01501086107552958
1979 0.027299809383419766
1985 0.03643965896582081
2002 0.13882527715672274
2003 0.039883348497132744
2019 0.050108910350251466
2096 0.04170518025526959
2139 0.03055263282813426
2181 0.01899360933962289
2318 0.058979198596600196
2356 0.017492595930469
2357 0.1223345840437589
2362 0.06666681025221924
2373 0.008301970370694306
2382 0.02948526598318108
2480 0.01983218245096039
2630 0.014151202713394855
2656 0.013985313283660301
2670 0.02232910398848604
2679 0.020412430320795892
2748 0.022770407581390165
2757 0.014965563989948244
2763 0.10706391622866605
2875 0.053552599881563405
2895 0.01478675352413213
2900 0.01975243366395539
2959 0.044221884212564906
3144 0.03443196571660971
3169 0.03643965896582081
3239 0.0231040913140478
3270 0.014965563989948244
3308 0.02638568241141772
3361 0.10663246595561718
3362 0.02222227008407308
3472 0.01771554702292699
3540 0.06978233708713283
3571 0.058979198596600196
3637 0.13598528943778476
3721 0.015056401042087076
3759 0.013905188317564795
3765 0.015287837253370115
3850 0.04177854760619029
3876 0.04509377970975352
3878 0.020943427179773634
3897 0.024808352628976654
3903 0.01809876315550267
3918 0.007705013956670022
3962 0.0231171162681933
3965 0.058008284811759715
4025 0.041359201797584434
4048 0.01861495698115725
4078 0.02076271433217906
4081 0.03586304437834219
4099 0.02656080579950524
4112 0.042912654215333836
4178 0.043819204516256344
4203 0.037025628077647275
4230 0.025880988402246764
4242 0.047665573743876845
4289 0.04244383431827153
4306 0.48526397284169365
4317 0.02254688985487676
4356 0.011461851711190177
4446 0.017841374263800617
4451 0.009638730970360101
4489 0.042912654215333836
4502 0.020585766610841175
4514 0.030004495330817175
4528 0.047665573743876845
4552 0.02957350704826426
4577 0.17126963747353893
4624 0.003180225090436494
4820 0.016177471296538525
4861 0.016891921668198376
4926 0.017408900596322864
4941 0.010448217808699973
5001 0.011372605530132179
5005 0.022393756450560246
5129 0.027299809383419766
5130 0.042912654215333836
5247 0.020585766610841175
5312 0.016388492919648456
5433 0.01765332562072359
5496 0.1823213683689171
5497 0.06289495802450897
5627 0.01899360933962289
5665 0.03765504067761987
5692 0.06561859709699559
5769 0.024251222877336852
5802 0.03167622959310777
5870 0.04177854760619029
6001 0.043819204516256344
6028 0.030840564924549396
6034 0.035809987825387184
6057 0.05484045887197631
6061 0.03765504067761987
6066 0.028132402712305268
6079 0.012578886589129682
6088 0.029004142405879858
6114 0.02076271433217906
6351 0.08844376842512981
6409 0.014525404183109339
6452 0.009809331495068659
6507 0.021707374051556007
6554 0.023985789293189227
6624 0.039883348497132744
6666 0.013747171044856007
6775 0.05708987915784631
6778 0.023043748917272615
6899 0.03144747901225448
6932 0.014147867210500816
6982 0.017530233851476302
6995 0.037025628077647275
6998 0.027108943296822317
7026 0.02877143789273313
7079 0.03537662543598666
7101 0.04961670525795331
7138 0.050108910350251466
7150 0.01622973720556943
7176 0.010135549982755064
7206 0.023856119852107827
7231 0.15336271724740755
7259 0.0172892763171628
7262 0.05119087342891193
7289 0.053552599881563405
7382 0.049331213380895404
7425 0.05151394062035624
7483 0.009354016598330647
7484 0.026904153192103618
7507 0.012343416917757513
7537 0.010049638366720678
7558 0.022770407581390165
7561 0.044896691969844735
7589 0.018778580552761145
7619 0.39718422676574533
7625 0.025719208588646948
7761 0.039073861658792876
7811 0.039883348497132744
7835 0.14786753524132132
7911 0.019364549664587612
7952 0.04170966645349914
8166 0.02789031262654767
8171 0.013290028420071789
8176 0.05538982481729758
8201 0.06255777038290439
8221 0.053552599881563405
8223 0.03443196571660971
8252 0.05093434233838591
8324 0.017452513399318925
8326 0.04077612028306973
8374 0.027108943296822317
8381 0.047665573743876845
8395 0.029743145989794384
8412 0.020076022646067414
8447 0.07239505262201068
8473 0.016073894605363737
8514 0.02372840040148717
8560 0.022657913441236598
8633 0.05509259021895089
8719 0.04576882351009315
8828 0.019289054203811773
8895 0.05943962601924995
8942 0.008531812238151987
8950 0.03755716110552229
8969 0.020412430320795892
8981 0.025101250047611223
8986 0.015574151446472539
9027 0.02614072976178141
9099 0.01439768473248868
9126 0.027899577334048294
9151 0.021128068873703762
9267 0.05827363094123561
9273 0.012376658382557514
9316 0.050108910350251466
9338 0.04491931606836703
9444 0.020242560990045382
9463 0.0766697161497567
9572 0.03443196571660971
9575 0.020685422135765748
9580 0.02103524627312469
9584 0.017904993912693592
9675 0.012613064435712461
9720 0.02832432500862138
9818 0.030840564924549396
9821 0.014920507208338362
9888 0.026739616265321352
9917 0.05943962601924995
9976 0.044221884212564906
9981 0.03055263282813426
10023 0.03176801453993332
10061 0.053552599881563405
10144 0.02372840040148717
10218 0.015148220135438133
10223 0.047665573743876845
10312 0.016335243946386527
10318 0.01588611285883192
10385 0.034891168543566414
10420 0.015525757108046656
10460 0.09286582175986899
10484 0.050108910350251466
10493 0.03144747901225448
10507 0.050108910350251466
10553 0.06353602907986663
10597 0.02879536946497736
10619 0.13045783700533514
10624 0.053479232530642705
10643 0.02452522029726367
10670 0.03589152146850373
10686 0.02832432500862138
10731 0.045770374634819304
10749 0.009858710607501603
10752 0.03643965896582081
10818 0.0231171162681933
10845 0.01582034791386945
10934 0.022657913441236598
10951 0.014247126743270751
10981 0.033100545466496545
10987 0.026922272410811243
10988 0.020118298034113042
11011 0.013669251384430649
11021 0.020158883629301603
11052 0.030840564924549396
11103 0.01378640059919481
11111 0.039073861658792876
11145 0.01914004716406715
11217 0.010342711067882874
11222 0.04077819468125297
11276 0.03225105011735037
11300 0.015241042736017202
11319 0.010648715910384483
11453 0.045770374634819304
11499 0.023985789293189227
11505 0.028544939578923154
11607 0.027299809383419766
11693 0.0324478319371918
11770 0.03493870111106015
11812 0.01983218245096039
11875 0.0759725231413259
11893 0.012123691738767787
11929 0.022745211060264357
11945 0.01959514799460776
11988 0.03643965896582081
12004 0.07738818479989082
12006 0.008988662056805952
12021 0.012613064435712461
12029 0.018431871865958002
12030 0.0187080972983358
12064 0.015920860133275677
12078 0.018164347909312886
12105 0.01671519409798967
12113 0.04321607488124965
12129 0.045315826882473195
12137 0.020158883629301603
12138 0.017408900596322864
12177 0.010421717994956895
12204 0.02033269302385829
12205 0.020327070975015543
12207 0.047665573743876845
12256 0.03318683552110632
12265 0.005426598715036802
12284 0.045770374634819304
12291 0.021608037440624825
