84
313 0.0862848073629722
450 0.06380204876468189
1184 0.059212561451694574
1254 0.12320259912210343
1536 0.05157134814203974
1664 0.07109628922178082
2057 0.16978766563608558
2126 0.11121688638081087
2181 0.07514987480373533
2450 0.07084267275591351
2630 0.027995234955564736
2957 0.08964801412813567
3055 0.09388348931367821
3119 0.16134249000402734
3332 0.059753120382127746
3544 0.08588712198524537
3680 0.053475353168937916
4101 0.10314269628407947
4170 0.08792435312381981
4755 0.12838268199218542
4791 0.08668725555301222
4827 0.04208253382902915
4861 0.016708590977379974
5121 0.11871540723733454
5146 0.07319722468695904
5389 0.05408358737050578
5401 0.07429909462167963
5914 0.3015466803731652
6079 0.049769463793880975
6122 0.0892087396086899
6294 0.10371836552428723
6421 0.14898545832199783
6584 0.09459684559939217
6747 0.06200674827669694
6807 0.10579762796567668
7042 0.049367015603840936
7262 0.03375686053564103
7388 0.14649513237909448
7394 0.2772346350257661
7484 0.053224316345953815
7537 0.019881136112091607
7550 0.23517807352228984
7552 0.04643197275388263
8147 0.13450941963780194
8343 0.14417669439265282
8556 0.054859696283642775
8625 0.08359505043579356
8714 0.10652032296378128
8776 0.071609337694501
8867 0.09009310702214705
8890 0.04040722007947241
8961 0.07602275562599549
9291 0.07186882950302155
9292 0.1970961114913061
9341 0.2508839513127085
9438 0.09241154500858871
9445 0.020609859061890404
9534 0.08042583226729616
9578 0.05885696001462096
9625 0.06887983620654545
10132 0.10371836552428723
10525 0.12701089878127828
10533 0.09595208211782306
10560 0.09241154500858871
10646 0.0800914611282139
10816 0.07458030146954686
10836 0.23517807352228984
10845 0.06259458872825431
11067 0.04176198428661257
11217 0.04092183997178273
11310 0.09542287398034349
11505 0.11294054738512674
11736 0.04643197275388263
11893 0.03426317542752322
11929 0.08999341478491944
11930 0.057641178031092984
12027 0.18859300700830775
12078 0.07186882950302155
12087 0.10725890263352157
12138 0.06887983620654545
12186 0.05045111033464559
12225 0.10801408098091207
12229 0.11038711527866402
12274 0.09388348931367821
