35
210 0.10163737301968698
1205 0.17592692223917883
1986 0.22591667756995742
2042 0.08106559885797486
2053 0.2155503751082896
2828 0.0960099322485854
3609 0.12955281051039
3803 0.13857133150462894
4931 0.12726735657234783
5035 0.16197541442239655
5425 0.08342497664345022
5802 0.056890001777483046
6068 0.10528111145030479
6079 0.09036591660139386
7580 0.12908881978499273
8092 0.098758797397704
9341 0.09110549518815494
9473 0.15964336675444485
9546 0.1242050550901171
9575 0.07430137470197852
9625 0.12506442825939443
9849 0.11850623036748169
10334 0.12210813097460001
10822 0.2617801790131593
10844 0.16607188449902516
10985 0.14305147078258426
11067 0.07582681631415804
11332 0.11577818342675389
11637 0.09574173627235769
11705 0.4270104710472007
11893 0.012442260844944698
11911 0.2155503751082896
12009 0.4270104710472007
12205 0.14602837758838236
12270 0.18522420452406085
