41
374 0.07206583001418278
587 0.11116549410343451
674 0.08116176684117897
938 0.07188574487179727
949 0.33146200436637246
1205 0.09177752925874173
2042 0.16916115569737
2154 0.14925413777665536
3285 0.27328999219475025
3606 0.2615242852282043
4048 0.06976354651137903
4624 0.023837152160802705
4995 0.17598205683668358
5219 0.20042490185826933
5224 0.08392540854564098
5425 0.08704225751638815
5433 0.13231925319714666
6621 0.17598205683668358
6732 0.26841123014757634
6778 0.0863613948189069
7951 0.1381547914952635
8444 0.1583639454077985
9042 0.1952252738805414
9338 0.05179839315345162
9575 0.1550461181013473
10218 0.113542412271269
10318 0.039691078324237544
10334 0.1274027013104408
10951 0.035596110167888974
10985 0.14925413777665536
11067 0.15822928666730385
11101 0.14986332955830328
11244 0.17785454639786807
11257 0.17881185850369796
11332 0.06039914460918424
11497 0.06804753815468656
11637 0.09989306798731906
11911 0.22489657189976364
12175 0.15766820017246327
12191 0.24874957764186617
12270 0.0966277340259659
