146
29 0.047280193875580044
70 0.06773573132051758
79 0.041610308944754225
117 0.05444565540547168
210 0.03193908517916552
236 0.035158949560461845
313 0.04923172707394679
435 0.04814497284075605
496 0.03298603899640861
677 0.08743169440188027
864 0.13095483030296992
952 0.039489875266379204
958 0.03798716240628874
979 0.05068544155464865
984 0.10332751024541616
1184 0.033785051549991826
1254 0.07029599903103197
1450 0.04900481878526991
1583 0.07029599903103197
1820 0.16452647657666197
2041 0.12239793266249163
2115 0.12888151169084755
2232 0.0943158831506094
2450 0.1616834869033853
2464 0.04223389322654747
2541 0.04320902844300489
2609 0.06962317467665143
2630 0.0159733075708857
2645 0.05806161321925794
2653 0.20665502049083231
2656 0.03157211653022926
2819 0.06394271416551575
2895 0.066762766896773
2977 0.1730833742171403
3055 0.05356732504712395
3073 0.08654168710857015
3119 0.09205756698157679
3544 0.09800963757053982
3680 0.06102311804026448
3725 0.04406132549577042
3737 0.04320902844300489
3759 0.03139123286210982
3820 0.0550543899176193
3882 0.0550543899176193
3887 0.03269478995401338
3891 0.06242407944057462
3918 0.03478843749481752
3933 0.030170687346863144
3985 0.06444075584542377
4105 0.026632754130892406
4131 0.07674735841532435
4175 0.13418611089574714
4183 0.10760595906565533
4225 0.10760595906565533
4535 0.12089603498070124
4624 0.014358839893122657
4689 0.10760595906565533
4755 0.07325161119352423
4790 0.04900481878526991
4861 0.028600381084292154
4972 0.030425771285894233
5001 0.025673878000943052
5040 0.050652638250469846
5310 0.047280193875580044
5350 0.08226323828833099
5598 0.11759829495703139
5802 0.01787742597658399
5854 0.4025583326872414
5914 0.22940560564326531
6008 0.01476358939236955
6014 0.05568308645823917
6023 0.058799147478515695
6066 0.031754722925869845
6122 0.15270012607957187
6149 0.08226323828833099
6209 0.03663894715236053
6360 0.025081852445509242
6436 0.03166320233866173
6657 0.03212523738523544
6762 0.16717214989215573
6869 0.11470280282163266
6952 0.026773736579438653
7117 0.07986341943560088
7193 0.05983790505591796
7201 0.10771130837803243
7262 0.01926073193595779
7272 0.02175962248591775
7328 0.060365203380083644
7389 0.06162985023105548
7394 0.052727474295746896
7484 0.015184162172481568
7512 0.11312183893866197
7537 0.01134362695941431
7951 0.08322061788950845
8147 0.07674735841532435
8252 0.02299705353868525
8556 0.031301426952654206
8560 0.051150679930377856
8625 0.04769702608797759
8651 0.06394271416551575
8714 0.06077755317828995
8722 0.06773573132051758
8723 0.04495327825370764
8725 0.06601755021079281
8961 0.0867529677766772
9291 0.041006368413533105
9292 0.11245759554700273
9341 0.02862949016343532
9513 0.08102580723556349
9534 0.09177751552998675
9537 0.07986341943560088
9578 0.0335821551950928
9584 0.040420871725846325
9625 0.039300931422998474
9675 0.028474238087527484
9789 0.062070640370618275
10525 0.14493781919017037
10533 0.05474760694695344
10601 0.07246890959508519
10630 0.07029599903103197
10646 0.045697974831545383
10647 0.09497495452648809
10756 0.10332751024541616
10848 0.0444131431943998
10862 0.050652638250469846
10934 0.051150679930377856
10988 0.02270872439679298
11067 0.04765646874115342
11101 0.0451367583774632
11125 0.05140463763800003
11189 0.05192287260741614
11319 0.012019841558099612
11332 0.01819138547412021
11893 0.007819848489612381
11908 0.04608145814697696
11929 0.051347756001886104
11965 0.0867529677766772
12006 0.020292079280046893
12021 0.028474238087527484
12089 0.04071138526268435
12137 0.04550907156346978
12175 0.18994990905297618
12204 0.030600966433010326
12216 0.07325161119352423
12223 0.06962317467665143
12265 0.012250652060408703
