50
90 0.15736580462876712
201 0.11765362996143261
769 0.055679186644828314
1374 0.11810522074924908
1481 0.16910538770080263
1536 0.16147881355124144
1632 0.09830762789907208
1905 0.11251686971126529
1999 0.18585923969001594
2382 0.0913214679545599
2405 0.18585923969001594
2679 0.12644234598246873
2701 0.1070963439201082
3035 0.27392714614218394
3361 0.13210439855941916
3805 0.12089932885832214
4048 0.057654056721073564
4451 0.059705960389467676
4861 0.026158744577600854
4874 0.17282057817693658
5419 0.2658172782979878
5882 0.12435850907864641
6057 0.06794052609662414
6068 0.09077909197811904
6794 0.2210324965732186
6807 0.16563533876775446
7025 0.08638159452998577
7272 0.059705960389467676
7483 0.05794233143551341
7561 0.2781071616805935
7833 0.07985518421792351
8166 0.08638159452998577
8324 0.03603583213463421
8326 0.08419425855760676
8754 0.1070963439201082
8942 0.05284928535799221
9267 0.18048450109391764
9338 0.021403638764569275
9595 0.18424034261208067
9987 0.11375480926831892
10318 0.03280153884741102
10477 0.28351908392931535
10619 0.07346412635258476
11036 0.04198280762708933
11067 0.13076399817150605
11862 0.310393621912629
11893 0.010728393024157365
12113 0.13384839057043224
12204 0.04198280762708933
12304 0.11251686971126529
