27
343 0.1411169568465354
374 0.08413916966067138
674 0.09475896786127164
769 0.07866116799068043
1205 0.10715321122116782
1902 0.22648852116233634
2042 0.09875053944716343
2080 0.10545103397270045
4995 0.41092939981407484
5425 0.10162462947249634
6008 0.0572302704573272
6063 0.21710172007661444
6778 0.10082970041932755
7312 0.1271140522759963
7988 0.21585252835267912
9575 0.09051065972313348
10334 0.1487467430636319
10985 0.17425899651021504
11025 0.29042311608858623
11027 0.4385108028292812
11067 0.0923688854590809
11157 0.2809218805568976
11300 0.13337671562624087
11893 0.03031322750192048
12137 0.17641349976756654
12256 0.29042311608858623
12270 0.11281598096541634
