427
23 0.051435939077415
30 0.044431564704507195
68 0.01640402805819738
76 0.030451603249254763
111 0.016713985579746064
116 0.020291605115971844
141 0.03136844946536077
152 0.02977710081889249
188 0.06380458933469893
189 0.09358472552214264
193 0.021384956996139605
234 0.02593012172843474
273 0.027884475809991448
303 0.024206737655272943
326 0.01915984416683126
344 0.01877439068562857
362 0.023710014485684314
365 0.037045033073952335
387 0.029426763014543854
390 0.01351423073772965
429 0.023871975667643423
448 0.033388719982615264
450 0.014298501105504145
454 0.052705109151765066
456 0.021483496333069542
457 0.02309490501810289
464 0.019247925927645144
485 0.020818456579656464
496 0.025912261323987676
571 0.015876355921630225
674 0.028804005634722324
677 0.017170543829066718
711 0.010974381480387268
744 0.014161985499693037
769 0.02391073665296245
774 0.03283061990687945
854 0.04532890090144107
937 0.05318593171440761
938 0.008503993448028713
945 0.10197454195789611
952 0.007755341340510035
956 0.01467512481681557
1059 0.02511517553535739
1143 0.019427241653782113
1195 0.07842307869047258
1276 0.09281398469393523
1362 0.018734256097000565
1524 0.05705528666210731
1536 0.02311502507203135
1551 0.02531079444797402
1560 0.047485083792494165
1564 0.02162405341746829
1622 0.013472965403254085
1638 0.023710014485684314
1698 0.015225801624627382
1844 0.03093799489797841
1858 0.055768951619982896
1872 0.024379869526102167
1895 0.02430997996187747
1901 0.021746509850511957
1916 0.04532890090144107
1918 0.023710014485684314
1929 0.013310128687410461
1934 0.052705109151765066
1971 0.01085716658962805
1985 0.032311041166791565
1996 0.028464062076333816
2002 0.07034077505515078
2016 0.044431564704507195
2066 0.03014453489550762
2096 0.0184899891264134
2113 0.026844078776739198
2278 0.01351423073772965
2356 0.007755341340510035
2357 0.03615802025724932
2362 0.019704484176965797
2373 0.051529492815839725
2382 0.0261445817561016
2480 0.017585193763787695
2521 0.07072912050955706
2525 0.02294866926407344
2630 0.0313696743060212
2644 0.014252720388841265
2645 0.022805219123058607
2656 0.012400775585267509
2666 0.038854483307564226
2670 0.019799213786996835
2679 0.03619939895859803
2757 0.013269963767142491
2763 0.018986712296002028
2781 0.013597446000991872
2798 0.023871975667643423
2804 0.03093799489797841
2809 0.02593012172843474
2822 0.016906274443801186
2889 0.02734632516234301
2895 0.02622282509776346
2900 0.035028961048126875
2938 0.01787487965883198
2987 0.044431564704507195
3025 0.026373243926556888
3037 0.03399151398596537
3060 0.028168694623344353
3120 0.022526264836099135
3144 0.030530819807244928
3152 0.03407450000143229
3153 0.052705109151765066
3269 0.013555723430567096
3270 0.013269963767142491
3295 0.027610594547608544
3308 0.02339618138053566
3361 0.09455099457544659
3362 0.019704484176965797
3390 0.022526264836099135
3407 0.03447617205596976
3436 0.04226505843322325
3447 0.03399151398596537
3548 0.020291605115971844
3571 0.15689054463653915
3572 0.047485083792494165
3579 0.03921153934523629
3604 0.022257275359987058
3637 0.03014453489550762
3653 0.02977710081889249
3678 0.03805064526615037
3686 0.02531079444797402
3707 0.052705109151765066
3721 0.013350508970210413
3741 0.04774395133528685
3765 0.013555723430567096
3825 0.03615802025724932
3876 0.01999232448820006
3878 0.018570534329481327
3882 0.02162405341746829
3887 0.012841734973294626
3891 0.012259345988386544
3903 0.03209634217125746
3962 0.04099588835887317
4025 0.012224399732178712
4048 0.033011760175932686
4059 0.02630147702269601
4078 0.0184102962695293
4081 0.02119983805486905
4099 0.02355146326742355
4120 0.051435939077415
4143 0.016713985579746064
4169 0.012224399732178712
4178 0.019427241653782113
4205 0.020497944179436584
4214 0.03921153934523629
4230 0.06884600779222033
4306 0.4049727111675843
4317 0.01999232448820006
4318 0.284910502754965
4320 0.0822601649094946
4349 0.029092001026914335
4408 0.052705109151765066
4410 0.008232391860159699
4429 0.020291605115971844
4451 0.017093323154920417
4552 0.03933423764664518
4570 0.039408968353931595
4577 0.1265539722398701
4624 0.005639810400703205
4655 0.016465007376788094
4676 0.014252720388841265
4772 0.025162762951638887
4791 0.019427241653782113
4804 0.047485083792494165
4820 0.01434456182829073
4827 0.009431000541943005
4834 0.044431564704507195
4839 0.02593012172843474
4861 0.026211613550192667
4869 0.022526264836099135
4872 0.012508618545531622
4905 0.0184102962695293
4926 0.03087294007685288
4941 0.009264433458423978
5000 0.07842307869047258
5005 0.03971308223448726
5013 0.01640402805819738
5059 0.03464678837381476
5108 0.024738551824045968
5140 0.047485083792494165
5146 0.01640402805819738
5149 0.02734632516234301
5181 0.015598431220385551
5208 0.028168694623344353
5224 0.01985654111724363
5225 0.04226505843322325
5236 0.02709101580752066
5247 0.018253396746570512
5289 0.04226505843322325
5336 0.044431564704507195
5337 0.01640402805819738
5340 0.018734256097000565
5389 0.012120523537715625
5461 0.020928398746818944
5493 0.1960576967261814
5496 0.09237962007241156
5560 0.03464678837381476
5802 0.014043654461086588
5839 0.027610594547608544
5845 0.01467512481681557
5849 0.033388719982615264
5862 0.03399151398596537
5863 0.044431564704507195
5984 0.028464062076333816
6001 0.019427241653782113
6008 0.017396359098622766
6028 0.02734632516234301
6057 0.01945081128097493
6074 0.03280805611639476
6088 0.0257179695387075
6155 0.01881747136026278
6156 0.023871975667643423
6162 0.008632729996543312
6214 0.012154989980938734
6258 0.02410412059242193
6351 0.07842307869047258
6398 0.04957945347372314
6409 0.012879674120028103
6410 0.010405741298383514
6437 0.018986712296002028
6452 0.017395866083881675
6589 0.044431564704507195
6616 0.018099699479299014
6638 0.013983730912729182
6666 0.024379229782248987
6678 0.03921153934523629
6696 0.024206737655272943
6778 0.010216444679155529
6791 0.02622282509776346
6794 0.015819944386705434
6817 0.013983730912729182
6904 0.03399151398596537
6920 0.052705109151765066
6933 0.033388719982615264
6982 0.0621762248839724
6995 0.1313224796275178
7007 0.052705109151765066
7101 0.21997563254557495
7102 0.016465007376788094
7176 0.05392314561144176
7208 0.01697147748919871
7220 0.012436551921905953
7231 0.04532890090144107
7250 0.04226505843322325
7262 0.037825784362147286
7312 0.03863902236008431
7379 0.019895150176086483
7382 0.06561297134474924
7483 0.008294205378458739
7484 0.005963977339655555
7507 0.021889812555195565
7537 0.022277532789415716
7542 0.017265459993086624
7561 0.013269963767142491
7583 0.03182500771468143
7589 0.04995289526693651
7619 0.2980011738827273
7660 0.013809598190719115
7716 0.08116917122809889
7721 0.052705109151765066
7726 0.027884475809991448
7768 0.028771488626694465
7776 0.04058458561404944
7811 0.03536456025477853
7835 0.10489130039105383
7854 0.019518526464775057
7911 0.017170543829066718
7952 0.030819963470208787
7956 0.09126698373285255
8031 0.03399151398596537
8169 0.0184899891264134
8171 0.03535279974421931
8200 0.07065438980227066
8201 0.0369799782528268
8222 0.017170543829066718
8225 0.018570534329481327
8252 0.027098085088711053
8253 0.052705109151765066
8272 0.029092001026914335
8302 0.028771488626694465
8324 0.04126704401474983
8326 0.012052060296210965
8352 0.016841631088099517
8411 0.03014453489550762
8461 0.03182500771468143
8500 0.03805064526615037
8514 0.021039969745976345
8560 0.02009076908870311
8564 0.033388719982615264
8662 0.024738551824045968
8746 0.03136844946536077
8753 0.01604817108562873
8754 0.01533039920466496
8769 0.030530819807244928
8804 0.03615802025724932
8811 0.021997563254557494
8824 0.03805064526615037
8855 0.052705109151765066
8863 0.021746509850511957
8882 0.08365342742997434
8883 0.07409006614790467
8890 0.00905555060006961
8942 0.022695470617288372
8969 0.03619939895859803
9000 0.030348085251405175
9048 0.032311041166791565
9109 0.026148424106089856
9126 0.024738551824045968
9151 0.018734256097000565
9160 0.020190517629075946
9273 0.010974381480387268
9338 0.02451073974574257
9430 0.032311041166791565
9444 0.017949076364411926
9445 0.004618818647464069
9468 0.033388719982615264
9470 0.0184899891264134
9473 0.019704484176965797
9568 0.014161985499693037
9575 0.03668352257676699
9582 0.015708373387548033
9595 0.052746487853113776
9597 0.052705109151765066
9620 0.02239056918833763
9675 0.011184002698926467
9798 0.022805219123058607
9821 0.02646002384875348
9850 0.03464678837381476
9871 0.03615802025724932
9888 0.023710014485684314
9898 0.008785757998788894
9929 0.028464062076333816
9987 0.016283531012363704
10005 0.028464062076333816
10027 0.052705109151765066
10064 0.05102326095048551
10141 0.01640402805819738
10216 0.02009076908870311
10218 0.02686384989820321
10235 0.037045033073952335
10237 0.022805219123058607
10318 0.028172428674125106
10334 0.015071579756700931
10392 0.0081507552374439
10396 0.03283061990687945
10420 0.013766686936731118
10460 0.041172056421898875
10568 0.03136844946536077
10571 0.01833143790815264
10597 0.038299275896155414
10619 0.09464477578641699
10643 0.021746509850511957
10686 0.02511517553535739
10702 0.02734632516234301
10750 0.016164931636868694
10760 0.014627003856287013
10794 0.021039969745976345
10818 0.06149383253830976
10845 0.014027900568374232
10848 0.017444425091449625
10862 0.019895150176086483
10881 0.016283531012363704
10916 0.044431564704507195
10951 0.016843900730688376
10963 0.01543647003842644
10979 0.03152790454455164
10981 0.01467512481681557
10988 0.026758338624782163
10990 0.03182500771468143
11002 0.044431564704507195
11011 0.12120523537715625
11021 0.01787487965883198
11067 0.009359163068455014
11071 0.017949076364411926
11072 0.052705109151765066
11080 0.010351169286402616
11084 0.019704484176965797
11103 0.024448799464357424
11110 0.028168694623344353
11156 0.024037496719533695
11161 0.024037496719533695
11188 0.052705109151765066
11217 0.027512641932575244
11300 0.01351423073772965
11304 0.027884475809991448
11319 0.02832664530230335
11385 0.027884475809991448
11486 0.03399151398596537
11494 0.021870990448249746
11497 0.03219975363148632
11498 0.11636800410765734
11523 0.03805064526615037
11588 0.02734632516234301
11592 0.03536456025477853
11607 0.024206737655272943
11624 0.018651950308372515
11629 0.009576764538231258
11698 0.029092001026914335
11710 0.023710014485684314
11725 0.052705109151765066
11736 0.010405741298383514
11812 0.03517038752757539
11857 0.02593012172843474
11875 0.06736482701627042
11893 0.018428701693970092
11930 0.012917805364525798
11977 0.009650718370161284
12029 0.016343538538618193
12048 0.029092001026914335
12084 0.03805064526615037
12113 0.03831968833366252
12129 0.02009076908870311
12156 0.021746509850511957
12177 0.01848187215361112
12204 0.018028996427816118
12205 0.018024011357791997
12239 0.044431564704507195
12240 0.047485083792494165
12262 0.10541021830353013
12265 0.024058822098427777
12291 0.01915984416683126
12304 0.016106325078844293
