224
23 0.04890934938921687
52 0.10023235287765411
107 0.05806222496858944
110 0.04022829858541992
114 0.05883657337682193
169 0.044789179170620315
189 0.17797548251884543
273 0.10605903921562687
335 0.031906813699906014
344 0.011901448028793523
432 0.053029519607813436
435 0.01798130922360862
450 0.027192286127357784
478 0.042078863423889126
587 0.02500951965160754
640 0.05471640315822538
641 0.03820777699337932
674 0.01825941421071723
774 0.062435887766077676
854 0.08620459124041674
952 0.014748780951962574
965 0.028000636144817105
1254 0.05250866377847262
1308 0.032782664707458935
1524 0.03100152483609854
1530 0.09627000196196876
1543 0.028000636144817105
1553 0.05810980282801351
1575 0.027635725785407086
1587 0.034421244816411414
1638 0.04509070518799623
1770 0.055962576342033485
1814 0.02456653722077799
1858 0.053029519607813436
1872 0.04636460724167956
1887 0.05059623293962882
1896 0.077569156075347
1905 0.030630329485066003
1914 0.09409346820513581
1916 0.04310229562020837
1958 0.019999049042926726
2002 0.23409945688090913
2080 0.04063940652192142
2094 0.04813500098098438
2096 0.035163481200391165
2098 0.06144777483998061
2121 0.06052345692723388
2129 0.03371558698022219
2154 0.03357853371600923
2253 0.045398716130462216
2266 0.04469683169880455
2278 0.02570079383146092
2337 0.03783575719881874
2373 0.027999032951713746
2377 0.046035352354428426
2381 0.04112371243827199
2521 0.06725482860898911
2677 0.02634458566727556
2679 0.034421244816411414
2705 0.028000636144817105
2763 0.03610812836682336
2776 0.06349725894303736
3089 0.035316658669263486
3133 0.04364281096782724
3361 0.07192523689443447
3362 0.11241946993852178
3378 0.05059623293962882
3407 0.032782664707458935
3442 0.019685417017607978
3597 0.03304307109619606
3749 0.039800745736339294
3795 0.10401217482298837
3918 0.0259857515786552
4025 0.023247847644998248
4048 0.03139018634359249
4059 0.02500951965160754
4081 0.04031695755995968
4125 0.10023235287765411
4156 0.039385587485017734
4213 0.06464362714583044
4248 0.07457085113343549
4301 0.25398903577214943
4306 0.2888100058859063
4320 0.06704524754820682
4410 0.015656015502759288
4446 0.0300857027675849
4502 0.03471353979459138
4577 0.04813500098098438
4616 0.050155522573024976
4624 0.005362776734021963
4827 0.01793547892268659
4872 0.02378836299261712
4894 0.06725482860898911
4926 0.029356427431382674
5005 0.03776233211968519
5181 0.02966443837384865
5345 0.062435887766077676
5380 0.03344277955441559
5496 0.3074464116845509
5672 0.05471640315822538
5741 0.16899615024208112
5751 0.08449807512104056
5777 0.0387845780376735
5802 0.013353814765682271
5998 0.03227563983700733
6008 0.011027887251807042
6055 0.02593883737477919
6057 0.03699073223541637
6066 0.023719672420573865
6118 0.10023235287765411
6180 0.0554521708682847
6199 0.05250866377847262
6398 0.031429370928409806
6401 0.05965519371154942
6436 0.04730261945680835
6452 0.033082724160787544
6457 0.10605903921562687
6616 0.034421244816411414
6638 0.026593669455362318
6778 0.05828761033133283
6818 0.04931281147262279
6995 0.062435887766077676
7035 0.028375087717432045
7101 0.04183403768751107
7176 0.05127438161294606
7220 0.023651309728404176
7230 0.036945908512858804
7282 0.021858728599972975
7425 0.028955787130434247
7536 0.02976859851889807
7537 0.016946588774628856
7561 0.025236257212786113
7572 0.10023235287765411
7589 0.03166610287716543
7619 0.20608220340950223
7637 0.09030512889004906
7698 0.054131752315534236
7725 0.06052345692723388
7835 0.024934731195410197
7910 0.07457085113343549
7911 0.03265421580326249
7952 0.035167263712446994
8092 0.04636339060381133
8171 0.06723246296620106
8224 0.02197958971230095
8239 0.04420452832792918
8252 0.06871199321743991
8312 0.0307417849644187
8321 0.041356594916014865
8324 0.04904995199319266
8337 0.04670161000946412
8338 0.11325766799413835
8361 0.04740038063377899
8385 0.06855460868064824
8411 0.05732760462138406
8447 0.030519734674372363
8556 0.046762152222
8753 0.030519734674372363
8837 0.0561866704361242
8976 0.04931281147262279
8986 0.026262511191562858
9000 0.02885735405006844
9099 0.0242786489985764
9115 0.040669008952023765
9128 0.10023235287765411
9151 0.03562801781906599
9267 0.02456653722077799
9268 0.047762981186423796
9273 0.020870615673875912
9445 0.05270324657339261
9575 0.017440793875989742
9578 0.025084700699924443
9582 0.029873521748734234
9669 0.050155522573024976
9675 0.02126926446306187
9796 0.056628833997069174
9863 0.054131752315534236
9898 0.01670838387786147
9922 0.07423902022992569
10018 0.16988650199120753
10140 0.035316658669263486
10172 0.032782664707458935
10198 0.07718205259659418
10237 0.043370003542020655
10269 0.04636460724167956
10280 0.04449387062971136
10428 0.06798738393466157
10460 0.026099759930897512
10597 0.0485572979971528
10619 0.03999809808585345
10628 0.03357853371600923
10638 0.04364281096782724
10723 0.037119510114962846
10749 0.03324925901147995
10750 0.0307417849644187
10868 0.08037790490244401
10959 0.02693266650802326
10960 0.022536452994465654
11036 0.011428928245389483
11067 0.10679316867922374
11106 0.025544268155252098
11282 0.09030512889004906
11299 0.06052345692723388
11300 0.02570079383146092
11463 0.06349725894303736
11498 0.05532594011806727
11540 0.05965519371154942
11600 0.07718205259659418
11605 0.10304110170475111
11618 0.10023235287765411
11629 0.03642537348165431
11770 0.05891672699482535
11812 0.06688555910883118
11864 0.05883657337682193
11875 0.025622317159401303
11876 0.04044695866197742
11888 0.09030512889004906
11893 0.0204440409525209
12029 0.06216290406894859
12064 0.053694324068507986
12078 0.030630329485066003
12177 0.017574022341991492
12186 0.0430042938816095
12200 0.04159332686477049
