86
23 0.09791848452791431
68 0.12491324909569804
160 0.13464687174981607
189 0.08907851846835152
273 0.10616723101177099
771 0.4013384032710467
921 0.10411827859404062
1458 0.0902734052577069
1460 0.16916854476093923
1524 0.03103314977518935
1564 0.24699397868120826
1671 0.16916854476093923
1895 0.09255771118277158
1916 0.17258505866510115
2002 0.13390757935910974
2266 0.08948485469142449
2373 0.08408278506409847
2630 0.02388735209874753
2748 0.07687328834796547
2757 0.050524001899266105
2763 0.07228992519778331
2810 0.12302091655445234
3025 0.10041337336086038
3361 0.2519951297029978
3727 0.1271240661555307
4025 0.04654312597410978
4081 0.04035808525719076
4306 0.09636820787165919
4624 0.03220948410976581
5108 0.09418945381282971
5496 0.17586288033238023
5525 0.08524975501427623
5535 0.20066920163552335
5802 0.026734874228573947
5845 0.0558740059225058
6008 0.02207827380095398
6028 0.10411827859404062
6057 0.03702846681976519
6066 0.04748773815080075
6249 0.10041337336086038
6409 0.049038014807055864
6778 0.03889804670390238
6817 0.05324159580171134
7262 0.14401772563135576
7272 0.03254052183934252
7537 0.03392775228973439
7561 0.050524001899266105
7619 0.2062924297504639
7625 0.08682849135877527
7631 0.09089005555219913
7660 0.052578603638963675
7952 0.023468758773249485
7956 0.06949790278819858
8031 0.12941914140249844
8171 0.04486736494448211
8201 0.140797407156973
8324 0.058919985957522604
8326 0.045886961560781626
8352 0.06412275240636248
8556 0.0468098547212672
8863 0.08279756631364713
8943 0.10512445669349664
9048 0.12302091655445234
9126 0.09418945381282971
9268 0.09562340928094659
9273 0.04178381195970324
9445 0.017585669879119158
9578 0.05022057966517231
9618 0.06199784462354878
10237 0.08682849135877527
10318 0.017877263580815116
10494 0.12302091655445234
10597 0.04860683174104743
10619 0.08007780102323604
10702 0.10411827859404062
10951 0.016032848458402485
11067 0.07126807291169972
11304 0.10616723101177099
11540 0.11943209704077426
11754 0.09418945381282971
11812 0.06695378967955487
11813 0.10041337336086038
11893 0.011694226346126284
11929 0.07678822445848758
12029 0.062226317016062696
12186 0.043048162955206346
