76
311 0.1772899458985367
380 0.08622696085119914
450 0.0533847744378561
736 0.08212993403028576
774 0.12257615154563793
854 0.08461981896857161
887 0.049544635292906626
1355 0.12257615154563793
1362 0.06994607536970515
1460 0.1658893503710012
1524 0.06086319490951635
2002 0.06565594502520407
2278 0.05045662858725229
2373 0.02748430293070356
2521 0.13203685186054728
2624 0.11550986127855997
2630 0.02342431524338307
2645 0.08514539180765693
2656 0.04629944094064097
2720 0.13203685186054728
2781 0.05076732045811773
3330 0.0750107419071078
3361 0.07060297413051395
3407 0.06435998623590586
3481 0.09762755637873467
3727 0.12465986972260389
4087 0.19677939268098954
4206 0.12465986972260389
4306 0.28350056606868196
4451 0.06381950067951789
4624 0.02105675300454507
4861 0.01398049714346465
5340 0.06994607536970515
5496 0.08622696085119914
5802 0.02621664047708115
6014 0.08165736276810609
6057 0.10893210049147405
6269 0.14639990358854832
7035 0.055706888724058906
7176 0.033554507382809455
7262 0.05649042375024578
7269 0.09762755637873467
7272 0.031909750339758944
7320 0.14639990358854832
7537 0.016635045229140732
7561 0.049544635292906626
7619 0.10114680955055895
7952 0.023013836008400953
8031 0.25382091361219095
8098 0.041418418812260896
8324 0.019259290013941145
8412 0.06646319649560926
8851 0.3935587853619791
8986 0.051559410252112026
9126 0.0923636680027618
9267 0.048229819372596565
9433 0.049247094651571274
9664 0.04315104046538007
10167 0.11897609675425828
10218 0.050149332323929506
10237 0.08514539180765693
10318 0.03506145478786836
10597 0.04766462791596192
10619 0.1570511162066837
10702 0.10210003060628338
11011 0.04525309403798938
11067 0.034943299696235365
11498 0.10861767267128805
11624 0.13927755821276475
11629 0.035755734880569406
11693 0.10742101002364263
11768 0.06619152937524535
11812 0.39393567015122444
11852 0.08261058382383052
11875 0.050302560649863194
11893 0.005733771648836301
