60
70 0.10470094831086395
190 0.17485547997559026
201 0.13255673110169508
864 0.10121020804905695
938 0.03346652016316443
1135 0.15971612173350216
1184 0.052222466149768866
1649 0.13376982180665892
2115 0.19921563155371164
2259 0.11863046356457087
2266 0.04624653253276618
2450 0.06247963251805871
2500 0.2074150937331922
2895 0.05159850546879631
3055 0.08280046028249358
3119 0.14229586621798826
3442 0.0407358751806216
3565 0.2074150937331922
3631 0.15971612173350216
3680 0.04716254038410417
3918 0.02688671344467576
4101 0.04548330483630075
4105 0.04116696696518677
4356 0.03999623157559125
5001 0.03968480624792382
5350 0.1271565079759002
5914 0.17729921852487962
6066 0.0981682647805182
6666 0.04797087333476152
7188 0.06865059429145497
7272 0.03363443583980159
7356 0.09459689421829821
7394 0.48901368183464256
7484 0.023470569340161666
7537 0.03506830078545566
8147 0.11863046356457087
8476 0.10290421411181647
8714 0.09394550453245622
8725 0.10204510939023942
8873 0.058327815681078164
8942 0.02977183326350648
9025 0.11201714973381215
9291 0.06338465055268509
9292 0.17382874103500276
9341 0.044253375749118945
9407 0.2024204160981139
9445 0.01817684695314387
9534 0.07093149156488084
10533 0.2538745616241765
10630 0.10865842322099815
10802 0.15971612173350216
10914 0.27135427944792145
11142 0.07122935374692589
11319 0.03715878710231501
11629 0.037688291445107935
11768 0.06976910581265455
11893 0.012087350893658842
12024 0.05718778906808362
12223 0.10761842045470413
12225 0.09526292309319855
