36
320 0.17650683534138756
374 0.05172463882430736
724 0.14686699115398077
1471 0.275019268706019
1895 0.07374669116630807
1945 0.21937774998400608
2103 0.24623458399270065
2382 0.07931213433590223
2705 0.17866135353218793
3318 0.17269700744910815
3670 0.10179258951550152
4624 0.017108913973167668
4827 0.05721971679504755
4861 0.045437418177061574
5297 0.17294806008790192
6041 0.1243650189194468
6994 0.12012568556412734
7488 0.12974669840717457
7553 0.19308851911688077
8198 0.12974669840717457
8498 0.17853790150883386
8963 0.18066346918940765
9292 0.17866135353218793
9338 0.03717785775886401
9498 0.41246626910088685
9567 0.11678091476866803
10217 0.17650683534138756
10318 0.028487935134646248
10903 0.1852364290641073
11080 0.06280255975295772
11116 0.38924009522152375
11217 0.05564151872201285
11219 0.11842270092171721
11634 0.057955505083238795
12129 0.12189460835440113
12204 0.036461810709995136
