93
273 0.11707531085214035
450 0.06003345635949696
769 0.03346374455120282
774 0.13784211176346145
854 0.0951585964854418
887 0.05571505606277786
1347 0.06836777094299384
1355 0.13784211176346145
1362 0.07865734579647525
1524 0.03422162961232831
1553 0.06414562379557999
2002 0.07383291119831152
2056 0.17745339334944468
2627 0.09235861464873378
2756 0.08156690378957092
2781 0.057090017693318236
3034 0.17039778724718294
3221 0.10626949375356019
3361 0.23818816943296534
3638 0.12656435851378586
3737 0.07125617193621725
3741 0.10022849240517753
3958 0.13566061683694913
4052 0.19937010771614325
4121 0.22128682208284176
4143 0.07017507055398227
4162 0.1298957668956756
4200 0.10711272066171569
4206 0.14018534174915698
4306 0.31880848126068057
4356 0.04267114230383345
4410 0.0345643878211072
4451 0.10765162677764946
4624 0.01183960853897193
4791 0.08156690378957092
4861 0.015721665474549538
4926 0.06481131438594114
5181 0.06549132199494373
5225 0.17745339334944468
5496 0.09696589609643019
5497 0.11707531085214035
5802 0.029481730672208467
6014 0.09182718810355205
6055 0.05726616931954903
6057 0.040832931423270616
6066 0.05236683346345948
6091 0.1454674474260425
6119 0.07098241148038374
6269 0.16463293730590942
6352 0.12214520677187607
6409 0.054076392238876364
7035 0.062644772940497
7176 0.03773347505617384
7202 0.14848107288048437
7215 0.1137439024702506
7220 0.052215906517568834
7262 0.0635258915046577
7269 0.10978635213996547
7272 0.07176775118509965
7471 0.08435277938686164
7561 0.05571505606277786
7619 0.1137439024702506
7659 0.17745339334944468
7835 0.05504936547241671
7952 0.025880040408960518
8025 0.19937010771614325
8098 0.046576778949205734
8324 0.021657893261546646
8412 0.07474069991578795
8515 0.05622368582605687
8804 0.15181248126237415
8996 0.09344903771002493
9099 0.05360090756242737
9126 0.10386688509289405
9267 0.05423648946764145
9338 0.012863799621438908
9620 0.09400868303006439
9664 0.04852518591533671
10218 0.05639506367178046
10318 0.019714050851317045
10597 0.05360090756242737
10619 0.044152670074402524
11011 0.050889034835658827
11067 0.0392952312613539
11498 0.12214520677187607
11736 0.043689377754724874
11812 0.07383291119831152
11852 0.09289912584708229
11857 0.10886979129450118
11875 0.05656737546132799
11893 0.012895741667183809
11957 0.05191619683161298
12186 0.04747111713816472
