49
210 0.08260528203408932
493 0.08607794645482096
674 0.12644504715303526
784 0.20371938576727872
1205 0.14298375289709375
1524 0.10734159443668419
1664 0.10491631226755112
1814 0.17012139170624863
2042 0.06588567234641408
2086 0.21366238435276305
2174 0.13780856037548941
2705 0.09695113207871388
2828 0.07803160683749666
3867 0.15405832588245758
4048 0.10868732004634797
4624 0.03713681880367245
4820 0.09445555002503056
4990 0.1937682809183561
4995 0.2741692343680298
5005 0.0653753155821341
5425 0.13560649039964223
5757 0.2505545077252334
5802 0.046237073058141336
6258 0.079359969153487
7193 0.07738053541210269
7951 0.10761833930513402
8378 0.1751875220636123
8444 0.12336064950147224
8942 0.04981477036138309
9341 0.07404554940056521
9503 0.16798805829132274
9568 0.27975998413178604
9575 0.06038808196654813
9658 0.16714581485095206
9922 0.1285248845504908
10218 0.08844605183130232
10578 0.10605634472596927
10985 0.11626438915434942
11026 0.22814091441923548
11080 0.06816000377376923
11107 0.3470506895680093
11319 0.031087377623438488
11629 0.18918219449578594
11637 0.07781363185842663
11771 0.16412200564441268
11893 0.010112387163325059
12006 0.052482183587393816
12021 0.07364401499703413
12270 0.0752700369936077
