104
106 0.06481147039042762
214 0.06885792048229292
280 0.0816624546611814
450 0.04924715246193085
594 0.04683256597056495
769 0.027451261842922188
818 0.09803643014158096
958 0.05138928975652181
975 0.18623586390556682
1013 0.1275911634575404
1543 0.05071113148767273
1553 0.05262048041861332
1737 0.1397821534293547
1742 0.05262048041861332
1807 0.18152787671712844
1901 0.07489971698577443
2284 0.10655719367820136
2732 0.12180324900949202
2748 0.06954054083204879
2757 0.09140929164291207
2933 0.07170329936232014
3009 0.11307580648096104
3270 0.09140929164291207
3332 0.04612188928897987
3361 0.0325654221440859
3510 0.2621094218016475
3555 0.15303198740759624
3591 0.03239968307379607
3878 0.06396096546591427
4025 0.04210349552894379
4059 0.09058801613912326
4347 0.1397821534293547
4349 0.10019918867185233
4451 0.05887312839856845
4624 0.01942473554468569
4772 0.04333301841567725
4926 0.053166565351649195
5525 0.15423599528247137
5882 0.06131192283553993
6003 0.18012173710937113
6008 0.019972283399751652
6119 0.05822889189249507
6361 0.08457991717142886
6373 0.11499802471320614
6620 0.06988870815689091
6629 0.10803977297454824
6638 0.04816301535135688
6794 0.16346200361898985
6818 0.17861797522609998
6994 0.1363856103237637
7176 0.06190768653672197
7272 0.029436564199284226
7280 0.15303198740759624
7482 0.055675545778089676
7484 0.02054123709599574
7552 0.03583963972305017
7561 0.2742278749287362
7763 0.10382434458962934
7952 0.02123013354601543
8098 0.038208257081875044
8112 0.05507463682802293
8171 0.040587581083108025
8176 0.08457991717142886
8324 0.0888329305136605
8326 0.04150992097062595
8411 0.10382434458962934
8517 0.14192432209845585
8716 0.07620779631235775
8741 0.10135218187873496
8863 0.07489971698577443
8985 0.0800575257217183
9182 0.07576439959648235
9291 0.11094738405187521
9292 0.2028445259506909
9338 0.03165762257980569
9433 0.09086033252556973
9445 0.01590821754303401
9489 0.13505308298773355
9568 0.048776962978207654
9821 0.04556704297222713
9987 0.11216805572379329
10140 0.06396096546591427
10172 0.0593717232672214
10301 0.1275911634575404
10318 0.016171996862937302
10321 0.06106131145361811
10364 0.1082061194299204
10597 0.08794069929998753
10619 0.03621969159554239
10760 0.050378587493658755
10844 0.07059938483847598
11067 0.03223499632215649
11319 0.03252104561273602
11629 0.03298446318437785
11846 0.1363856103237637
11852 0.07620779631235775
11861 0.06260264066465633
11875 0.04640382767624224
11893 0.005289371914474232
12006 0.027451261842922188
12083 0.07024161259730594
12229 0.08520496130165621
12303 0.13908108166409758
12304 0.16642107607781284
