265
80 0.06295851292358816
84 0.01910129340576279
103 0.01989029180692972
105 0.021991888343777962
110 0.025268426647388105
117 0.025545248137803036
132 0.020273157612848224
137 0.029773395426099844
193 0.025545248137803036
335 0.02004148845161847
344 0.007475604912166627
464 0.04598494577739931
477 0.0431923056852479
481 0.0398842577571467
493 0.015615412005253435
495 0.021991888343777962
496 0.030953307292240696
587 0.015709121067131005
627 0.032361380068858095
636 0.036470373448373714
769 0.009520800081849592
773 0.050487424661659785
846 0.024868539098273846
938 0.020316769664896688
975 0.23683499897715113
1023 0.021440941389596842
1059 0.03000115413797657
1095 0.028516098586479785
1143 0.04641334642557514
1276 0.03695676155428372
1308 0.0205916329448388
1347 0.019451376046513997
1413 0.016756928757735465
1464 0.07294074689674743
1524 0.009736426642737163
1536 0.05522377728261713
1553 0.018250129161391154
1575 0.052076125594010265
1587 0.021620867159182166
1655 0.11344593758524796
1666 0.036470373448373714
1698 0.018187872936489113
1710 0.02674649502292588
1742 0.018250129161391154
1746 0.03072121742331953
1780 0.0885037610613912
1901 0.05195427705211546
1905 0.03847939192035508
1918 0.02832262900959056
1999 0.22246554588137055
2080 0.038289981137733395
2130 0.02955126096485645
2186 0.03000115413797657
2266 0.014037613481884035
2278 0.016143328118412792
2307 0.04224448368802822
2318 0.09370624158699364
2373 0.02638036662808056
2378 0.029773395426099844
2405 0.06356158453753444
2428 0.055531997166864945
2483 0.035570023796648316
2566 0.032666358041084864
2596 0.021264543804621894
2630 0.007494484223597309
2647 0.0797685155142934
2701 0.01831281923108096
2736 0.045453127415818445
2748 0.048236878190453074
2763 0.11340221002314928
2853 0.021804465135613047
3009 0.03921758328485425
3051 0.0431923056852479
3170 0.03150397077835229
3189 0.02540577265255095
3316 0.03801633639973141
3330 0.02399928518644534
3361 0.022589043490168017
3367 0.04138707439752242
3369 0.07114004759329663
3373 0.040604321042489656
3599 0.0222805544555156
3737 0.020273157612848224
3765 0.03238578583850116
3918 0.008161158695889755
4033 0.020921798022445662
4381 0.01686339140375575
4382 0.020273157612848224
4410 0.02950183526766582
4446 0.03779520388631942
4451 0.020418707485402966
4502 0.021804465135613047
4624 0.0033684976818548944
4655 0.019668157345686322
4662 0.035151530266558234
4699 0.018187872936489113
4790 0.022992472888699655
4820 0.017135194211421276
4827 0.011265734557014968
4861 0.004472985194704486
5001 0.036137626371260195
5108 0.02955126096485645
5155 0.03150397077835229
5181 0.16769695470578694
5217 0.03600893955706403
5241 0.032361380068858095
5243 0.03330920206607778
5297 0.017025485673756547
5340 0.022378872249376985
5369 0.06295851292358816
5431 0.033648713626182505
5627 0.08047220207522578
5648 0.06094947312801786
5654 0.040604321042489656
5777 0.024361588723765877
5857 0.22482574795977242
5882 0.04252908760924379
6008 0.013853797943070225
6013 0.015615412005253435
6057 0.01161741407157795
6066 0.014898934922307976
6125 0.021006268019542695
6180 0.0174154657454432
6203 0.040604321042489656
6209 0.017190554315943463
6276 0.06295851292358816
6436 0.029711989122176756
6616 0.021620867159182166
6628 0.07499960919410108
6638 0.016704166210033462
6732 0.018964987940603997
6772 0.018632994967309656
6794 0.2267712233179165
6807 0.22658103207672448
6809 0.28807151645651224
6817 0.016704166210033462
6923 0.020673045161962483
6952 0.01256191590319619
7025 0.02954144777715701
7042 0.01321583191554981
7230 0.04641334642557514
7235 0.030234829317409527
7241 0.25346690212816936
7272 0.010209353742701483
7483 0.009907783987448607
7536 0.018698420627288142
7537 0.021289174557850125
7558 0.024118439095226537
7561 0.06340616299064875
7566 0.06000230827595314
7580 0.01903288251642392
7589 0.01989029180692972
7660 0.03299231441325389
7761 0.04138707439752242
7838 0.03206640319671084
7861 0.018503554049294317
7911 0.02051095089196169
7952 0.058905228724033025
7956 0.021804465135613047
7983 0.053075409304418036
8039 0.03436877691152547
8040 0.034001542714396656
8064 0.03801633639973141
8156 0.01580381655830806
8166 0.10339506722004953
8169 0.02208708487862637
8175 0.12591702584717632
8200 0.028133232780561283
8222 0.02051095089196169
8224 0.013805944320654283
8252 0.032369824628377064
8258 0.03000115413797657
8324 0.03697144023228769
8326 0.014396702826853944
8337 0.02933447966568413
8447 0.11502137112952057
8514 0.05026629214824779
8515 0.015996251459413177
8603 0.04897134658471068
8723 0.021091538692052565
8863 0.02597713852605773
8884 0.0442518805306956
8988 0.04475774449875397
9230 0.02043098602237471
9232 0.025545248137803036
9273 0.013109369269529526
9445 0.016552130800302385
9470 0.02208708487862637
9563 0.01654771029095055
9578 0.01575634421281378
9584 0.018964987940603997
9637 0.04577451089676696
9638 0.07345701987706603
9664 0.013805944320654283
9702 0.032666358041084864
9798 0.054483624301013764
9821 0.01580381655830806
9849 0.017472583325227387
9870 0.02955126096485645
9987 0.019451376046513997
10105 0.02051095089196169
10127 0.3813853701070964
10167 0.01903288251642392
10237 0.027241812150506882
10312 0.03460461432834294
10364 0.01876432560040284
10420 0.01644489787366567
10457 0.07719384839964456
10460 0.016393928963412532
10476 0.20598529903545132
10508 0.02707365793511359
10597 0.01525004245495377
10750 0.019309704006838846
10848 0.0208381138041494
10925 0.020118050518806444
10934 0.02399928518644534
10951 0.025150952130253906
10959 0.016917098957876502
10960 0.02831144887590931
10981 0.08765032938024098
10987 0.028516098586479785
10997 0.04947819636051701
11036 0.014357606221584213
11067 0.05589960807239507
11094 0.0591025219297129
11103 0.014602569673185213
11142 0.021620867159182166
11145 0.020273157612848224
11217 0.021910020369958545
11244 0.05026629214824779
11268 0.035570023796648316
11319 0.005639565414210694
11339 0.03206640319671084
11472 0.040604321042489656
11497 0.019231993233395996
11598 0.03695676155428372
11629 0.01143985590107067
11693 0.03436877691152547
11710 0.02832262900959056
11736 0.1491612502599711
11795 0.06247082772466243
11861 0.021712197777084535
11862 0.053075409304418036
11875 0.03218806981377521
11893 0.007337958137504469
11929 0.024091750914173465
11930 0.015430872434872045
11977 0.011528196924516962
12006 0.009520800081849592
12016 0.027947741908048725
12021 0.02671954160763657
12024 0.017358708531336753
12051 0.03050008490990754
12052 0.02218329957754072
12072 0.049999739462734054
12105 0.01770475075495515
12137 0.04270462048632217
12177 0.02207738880655106
12180 0.018439525390420434
12186 0.027012100528258715
12200 0.02612583593789391
12204 0.014357606221584213
12265 0.005747858932038458
12303 0.024118439095226537
12304 0.01923969596017754
