42
493 0.06104792715523275
1184 0.06197106451856178
2115 0.11820204661261231
2450 0.07414298142811442
2452 0.3790620709567979
2895 0.061230626341883164
2920 0.221756535512202
3680 0.16789974019728657
3918 0.06381154994839165
4101 0.053973874202803855
4624 0.013169028203371473
5001 0.04709294427696414
5252 0.09246282631523658
5350 0.1508933748385302
5855 0.311852324021892
5914 0.3155946698912609
6066 0.05824688413739031
6149 0.3017867496770604
6828 0.07956438597274353
7394 0.2901500126451631
7418 0.10717086259876599
7483 0.03873414770817809
7537 0.0208073276767438
7552 0.04859507355719392
8147 0.14077573606621893
8776 0.07494536256496295
9034 0.12211379818154182
9144 0.1508933748385302
9292 0.06875937324858414
9407 0.12010356452637443
9524 0.20749652457842324
9675 0.05222957387020716
9731 0.12316371239711123
9923 0.06571813880360002
10533 0.30126644714389966
10646 0.16764527604540516
11112 0.11552965916755203
11750 0.10456452120943407
11893 0.014343750062304225
11965 0.07956438597274353
12078 0.07521694317579304
12137 0.08347613754167302
