56
320 0.11865154738109707
374 0.034770372616801305
598 0.21495746373586022
724 0.09872703074598518
1471 0.18487364372305082
1736 0.07381951308075584
1895 0.049574051929458546
1945 0.14747026338238547
2056 0.17237778104761484
2103 0.1655239829832472
2382 0.05331525800035491
2472 0.1655239829832472
2627 0.08971692653084047
2705 0.12009985909494515
3318 0.11609050223063418
3670 0.06842708518671776
3741 0.09736170603697439
4356 0.04145064056688457
4624 0.023001932055493834
4827 0.03846427774487778
4861 0.030543972788832856
5297 0.1162592650097604
6041 0.08360073935001737
6716 0.21495746373586022
6971 0.21495746373586022
6994 0.08075097173903462
7035 0.12170595050216695
7272 0.06971501342723418
7488 0.08721841567112404
7553 0.12979809835936942
7609 0.42991492747172044
7846 0.21495746373586022
7861 0.06317615940775347
8198 0.17443683134224808
8498 0.12001687209010789
8963 0.1214457226718745
9292 0.12009985909494515
9338 0.024991725350871973
9498 0.13863418087087745
9567 0.0785025475930305
9931 0.14423414163912449
10217 0.11865154738109707
10318 0.019150179532030395
10589 0.17237778104761484
10903 0.12451976093331264
11080 0.04221718031355456
11087 0.10015588132775183
11116 0.2616552470133721
11217 0.03740338034066533
11219 0.159212380441064
11634 0.038958889858736856
11736 0.04243975192900455
11769 0.1338994815044892
11852 0.0902419777527082
12129 0.08194007824506724
12204 0.024510383706614198
