136
29 0.05478216768844369
70 0.07848339627085418
79 0.04821263906358102
117 0.06308457685640526
210 0.037006877017148575
236 0.040737639013057554
313 0.0570433517098931
435 0.05578416159752915
496 0.03821995156014216
677 0.1519567926248211
864 0.07586675185964405
952 0.04575575503204237
958 0.044014605913540644
979 0.029363863924886557
984 0.11972254191659293
1174 0.0634344392115125
1254 0.08144990303717159
1583 0.08144990303717159
1820 0.1906319811786289
1973 0.08067032128030445
2080 0.03151932921644594
2115 0.07466560526346305
2232 0.10928103509975207
2333 0.08309627095494092
2450 0.04683447320088257
2464 0.04893516779903782
2630 0.018507800881487232
2642 0.15547749334309888
2653 0.11972254191659293
2656 0.03658168125514873
2819 0.07408853904211138
2895 0.07735605105825354
2957 0.05926678584901411
2977 0.10027330318692253
3239 0.030216931397876443
3286 0.0735260836732461
3680 0.0707056890280666
3737 0.05006502824519958
3759 0.03637209667804026
3887 0.03788248987541258
3891 0.03616447086394625
3985 0.07466560526346305
4025 0.036061381117916624
4131 0.08892490308769505
4183 0.12467985451420101
4226 0.05600987232772153
4530 0.09126557127409299
4535 0.14007867392864995
4689 0.12467985451420101
4755 0.08487448377247359
4861 0.033138418946338635
4972 0.035253444793824765
5001 0.05949513208687336
5128 0.07918871901572215
5310 0.10956433537688738
5598 0.06812883986013604
5914 0.2658055165782496
6008 0.017106136068402382
6013 0.03856261851424569
6023 0.06812883986013604
6122 0.1769291372821168
6149 0.09531599058931445
6209 0.04245246861953602
6251 0.034094096517414775
6258 0.035552988213705526
6584 0.03126924251840101
6763 0.15547749334309888
6869 0.0664513791445624
7117 0.09253539118741454
7193 0.06933241766150128
7201 0.06240095982934093
7262 0.02231684264016478
7272 0.025212233498823657
7328 0.06994338269460364
7394 0.12218754205022912
7418 0.06769745154049199
7484 0.01759344135792641
7489 0.15547749334309888
7512 0.1310709420158204
7537 0.026287052710532544
7542 0.025466131124128093
7739 0.05897637909403893
7951 0.09642527812716203
8092 0.03595876753869274
8147 0.08892490308769505
8402 0.06812883986013604
8418 0.09849509036938986
8556 0.03626804121658938
8625 0.055265138892360455
8651 0.07408853904211138
8714 0.07042116025725659
8722 0.07848339627085418
8723 0.05208603911228502
8725 0.07649259043956351
8961 0.10051810787236914
9292 0.08686753517843242
9341 0.09951644033621605
9407 0.07586675185964405
9445 0.013625289029308957
9513 0.09388221568530312
9534 0.0531699516611891
9537 0.09253539118741454
9578 0.07782130767391421
9584 0.04683447320088257
9625 0.04553683136732516
9675 0.032992260772375354
9888 0.06994338269460364
10428 0.0527300204456871
10525 0.2519027714702609
10533 0.0634344392115125
10601 0.08396759049008697
10646 0.15884669129098106
10647 0.05502234084280766
10742 0.15547749334309888
10750 0.04768575744195631
10756 0.11972254191659293
10848 0.051460200532365566
10890 0.08144990303717159
10934 0.05926678584901411
10948 0.15547749334309888
10951 0.01242217076235633
10988 0.026311929920792933
11067 0.027609073144741973
11101 0.10459726425208611
11122 0.15547749334309888
11189 0.12032300550756886
11893 0.004530314029416752
11908 0.05339322791651139
11929 0.02974756604343668
12006 0.023511834422508163
12089 0.04717108267699226
12175 0.11004468168561532
12204 0.0354564382492402
12223 0.08067032128030445
12229 0.0729775175204661
12265 0.014194469617281246
