310
23 0.13811760859147076
159 0.02596226651033003
188 0.028555057851689842
189 0.03141212817742416
193 0.02871182263915502
195 0.04482828777548233
210 0.01684302157980645
236 0.01854101151765229
273 0.037438191902224034
313 0.02596226651033003
374 0.011446215389136583
448 0.04482828777548233
450 0.019197421244340433
456 0.028844123301037247
485 0.027951229130081905
505 0.028098839434124293
547 0.017924630185804237
576 0.021090340781808395
711 0.014734399264688131
744 0.019014132970146896
769 0.04280397228608448
774 0.08815794542584277
826 0.027520903495551793
854 0.060859386499816266
887 0.017816488767266977
913 0.026711581572890983
938 0.011417612466951102
956 0.019703082920575085
979 0.013364440169436163
999 0.04973731859610271
1089 0.048546399452499486
1385 0.042728819943786814
1450 0.025842606814963594
1458 0.09550045821569632
1468 0.025264670876391088
1492 0.10716096387441273
1524 0.010943348578858437
1530 0.03398272164762951
1536 0.031034642729821323
1538 0.037819789123166435
1553 0.04102480968647179
1575 0.0195104842163961
1587 0.024300977615500985
1858 0.037438191902224034
1872 0.06546569066522298
1895 0.032639010363819665
1905 0.02162463778233604
1916 0.15214846624954068
1918 0.03183348607189877
1985 0.043381377078982444
2002 0.09444077245742265
2066 0.04047258732462611
2080 0.014345461842879059
2094 0.03398272164762951
2096 0.02482498741958287
2105 0.022963599486410323
2167 0.020942730477766007
2181 0.02261187267493142
2249 0.04047258732462611
2266 0.015777708104248965
2356 0.010412458866063049
2373 0.019766974629890962
2377 0.03250039541142011
2382 0.017551089639590706
2480 0.023610193114355662
2630 0.033693984985244695
2644 0.019135955241983946
2662 0.03183348607189877
2675 0.04780096923915455
2679 0.024300977615500985
2748 0.08132444146556986
2756 0.02608335928999477
2757 0.08908244383633489
2763 0.025491896759104207
2781 0.018256172224075193
2783 0.03510733808644019
2788 0.039508894063736005
2895 0.05281084526663867
2933 0.05590245826016381
2959 0.05264610835045905
2984 0.02710814715518995
3148 0.03671566129572257
3152 0.022874514097354057
3169 0.043381377078982444
3269 0.01820015476085083
3270 0.017816488767266977
3361 0.11425125841433267
3362 0.02645559001999431
3400 0.06757746005167967
3484 0.02824863663689907
3559 0.03100762918848063
3571 0.03510733808644019
3653 0.03997926381496182
3661 0.017870414901757586
3741 0.032050938028041466
3819 0.02252582001722656
3876 0.02684204952823878
3878 0.049866257676240276
3903 0.04309311839874788
3918 0.018345622617744254
3958 0.08676275415796489
3962 0.05504180699110359
3965 0.03452940214786769
4013 0.03250039541142011
4014 0.032273169528706985
4025 0.06565078378110534
4048 0.03324163113872995
4078 0.02471799037615291
4081 0.02846327866453455
4120 0.03452940214786769
4143 0.02244049355094297
4147 0.04407897271292138
4156 0.027805742789128885
4169 0.08206347972638167
4178 0.05216671857998954
4206 0.04482828777548233
4230 0.03081129047085054
4306 0.5437235463620722
4317 0.02684204952823878
4320 0.015777708104248965
4356 0.013645322849286469
4451 0.011474899454472411
4552 0.01760361508887956
4577 0.20389632988577708
4609 0.04973731859610271
4624 0.007572109496066957
4658 0.039508894063736005
4676 0.019135955241983946
4861 0.02513726953935289
4926 0.020725278521623314
4941 0.012438592715362518
4972 0.03208995620731559
5013 0.0220243390837638
5208 0.037819789123166435
5224 0.013329872182775612
5247 0.024507334293179535
5354 0.02710814715518995
5496 0.12403051675392252
5497 0.14975276760889614
5646 0.0707628145530504
5692 0.03905943668035736
5802 0.018855259618482514
5842 0.015056693522377346
5849 0.04482828777548233
5998 0.022786206756564866
6013 0.03510217927918141
6028 0.03671566129572257
6057 0.0522300085791935
6066 0.06698319385178764
6068 0.03489370060282876
6088 0.03452940214786769
6119 0.022698663991090773
6188 0.0707628145530504
6214 0.016319505181909832
6351 0.05264610835045905
6398 0.022188751263185442
6452 0.04671199682515763
6473 0.04047258732462611
6479 0.059654607002774945
6698 0.05265996870389714
6778 0.013716779869307416
6817 0.018774805199394496
6906 0.03862911104582725
6923 0.023235664139943504
6952 0.014119083888905568
6982 0.04173945127790282
6995 0.08815794542584277
6998 0.06454633905741397
7020 0.03997926381496182
7042 0.01485405896005457
7101 0.029534318669542453
7121 0.02645559001999431
7176 0.036199085956088936
7206 0.028400686513460543
7220 0.01669753523885343
7231 0.030429693249908133
7262 0.11172825207811674
7312 0.017292478963185087
7357 0.059654607002774945
7376 0.027951229130081905
7382 0.02936437977435065
7484 0.03202936711652801
7537 0.005982042146758861
7552 0.013970932868466904
7561 0.035632977534533955
7580 0.02139218786114465
7619 0.2909830274133324
7625 0.06123738353334312
7768 0.03862911104582725
7833 0.030694764939437708
7835 0.07041446035551824
7837 0.02936437977435065
7952 0.041379429711343924
7968 0.030061975408289587
8031 0.04563760969814315
8092 0.016365993200582473
8160 0.05108747136523729
8171 0.03164353073788658
8201 0.07447496225874861
8252 0.02425491317933609
8324 0.02077719951940263
8326 0.0647252398447521
8352 0.02261187267493142
8361 0.06692817734462042
8385 0.07259807220250082
8440 0.03637287842666655
8447 0.02154655919937394
8515 0.017979137736944893
8553 0.05674581724841861
8563 0.0637543159007345
8603 0.027520903495551793
8633 0.043725115224740936
8804 0.048546399452499486
8863 0.029197249915501336
8890 0.012158142884085652
8906 0.0637543159007345
8942 0.01015711382528334
8943 0.037070474060605485
8950 0.022355881122034755
8969 0.04860195523100197
9000 0.020372938821752055
9001 0.03671566129572257
9027 0.04668076844431882
9099 0.017140429086623613
9126 0.09964325564691667
9151 0.025152944587669222
9160 0.02710814715518995
9182 0.029534318669542453
9267 0.0346873492970169
9268 0.03372008022520688
9270 0.036041336388395594
9273 0.014734399264688131
9338 0.057589969519567165
9423 0.03671566129572257
9445 0.006201307855440145
9448 0.03862911104582725
9568 0.019014132970146896
9575 0.024625974094633546
9584 0.02131587711213229
9795 0.032050938028041466
9849 0.0392769497305757
9998 0.037819789123166435
10016 0.03452940214786769
10070 0.0637543159007345
10081 0.024507334293179535
10106 0.031207856053149508
10144 0.02824863663689907
10218 0.01803394072340967
10270 0.03997926381496182
10276 0.027805742789128885
10280 0.03141212817742416
10312 0.058341274103035246
10318 0.01891240126299398
10360 0.043381377078982444
10460 0.055278333357801
10597 0.034280858173247226
10618 0.030244162792259402
10619 0.07059541944452785
10624 0.03183348607189877
10670 0.042728819943786814
10679 0.03997926381496182
10686 0.03372008022520688
10702 0.03671566129572257
10760 0.01963847486528785
10818 0.027520903495551793
10951 0.01696118995300157
10979 0.021164961978431533
10980 0.023610193114355662
10988 0.03592622013931971
11011 0.09763937954275499
11036 0.008068683481428255
11067 0.01256577837032448
11080 0.013897663517055993
11106 0.01803394072340967
11111 0.046517392716051896
11115 0.04973731859610271
11145 0.022786206756564866
11217 0.012312987047316773
11222 0.048546399452499486
11260 0.03452940214786769
11276 0.019197421244340433
11319 0.006338642751138923
11332 0.03837278323889546
11451 0.04973731859610271
11497 0.010807990114951078
11540 0.04211583673875609
11597 0.047481085976942
11607 0.06500079082284022
11643 0.03372008022520688
11727 0.043381377078982444
11770 0.041594488273625975
11812 0.09444077245742265
11875 0.0904452118261294
11893 0.01649513455035025
11957 0.01660169446203976
11965 0.022874514097354057
11977 0.012957225690681818
12004 0.018426111119267
12006 0.01070099307152112
12021 0.015015840431447902
12024 0.0195104842163961
12029 0.04388624956334581
12051 0.017140429086623613
12129 0.026974222995313615
12138 0.020725278521623314
12177 0.01240704471395039
12200 0.02936437977435065
12204 0.01613736696285651
12207 0.05674581724841861
12284 0.0544895846292579
