173
38 0.14613931642961683
68 0.02259581748739823
116 0.02795078160682204
210 0.03456011461739424
220 0.03141317286440818
322 0.20267027219246936
344 0.017240590903020353
390 0.03723050096585638
393 0.11180691548238206
505 0.057655872900107756
619 0.09252603318350504
769 0.01097865799551987
826 0.028235004469769422
938 0.011713871933403827
952 0.01068263702432949
965 0.02028104108126975
1284 0.054012147705522595
1356 0.03030066290450491
1543 0.02028104108126975
1553 0.02104465220511734
1612 0.34965138878453844
1665 0.0426157089990736
1742 0.02104465220511734
1868 0.04980606126372568
1895 0.01674295692472907
1971 0.029910526099950107
2038 0.07259893867662368
2081 0.04320864097935805
2084 0.039207976805758375
2172 0.15906101136454526
2356 0.01068263702432949
2419 0.026513160043925402
2541 0.046754907572324936
2630 0.008642065628554805
2644 0.03926497412252862
2656 0.03416303127899918
2659 0.05590345774119103
2757 0.0731151344737919
2847 0.12240499994034937
2895 0.018060386382262164
2938 0.024621850008256962
3039 0.04383752961801533
3063 0.12240499994034937
3361 0.026047956137348185
3466 0.04205484346025669
3512 0.0654085864119716
3539 0.1306379525910086
3594 0.05590345774119103
3595 0.026513160043925402
3670 0.023110310639852825
3674 0.045991473569079344
3701 0.041016629148675605
3812 0.061202499970174684
3831 0.045991473569079344
3918 0.009410823607161637
4090 0.05590345774119103
4101 0.06367983350080296
4105 0.02881832808226256
4143 0.023022770157858977
4244 0.02809191964188165
4339 0.023198596156181354
4358 0.07259893867662368
4448 0.05507707176329377
4624 0.031074349794016073
4699 0.0209728630912387
4800 0.07533668805334269
4820 0.03951798910107141
4861 0.010315808387848091
5224 0.013675750170155463
5241 0.0746333335401799
5247 0.025143240425297083
5297 0.01963248706126431
5556 0.061684022122336694
5622 0.021714141621844034
5681 0.03012631450543786
5718 0.045222715590472515
5986 0.07259893867662368
6008 0.007987569755086023
6010 0.019951696417930598
6055 0.11272600172599574
6162 0.023782401581836355
6209 0.039645663172351193
6403 0.032441090911566335
6437 0.0261533499091897
6491 0.1940056065221363
6544 0.12240499994034937
6646 0.028981620528434095
6666 0.016790651195203326
6723 0.0852314179981472
6827 0.054012147705522595
6932 0.03456011461739424
6952 0.028970880027738365
7036 0.0654085864119716
7150 0.019822831586175597
7262 0.010420666396478777
7277 0.03047799176201926
7328 0.03265948814775215
7405 0.034864491195604606
7536 0.021561587614335295
7542 0.023782401581836355
7558 0.027811538099309384
7835 0.018060386382262164
7861 0.042673764780775565
7956 0.2514324042529708
7957 0.23410897720435253
8098 0.015280732430701008
8100 0.02251249587032573
8133 0.04152275321188686
8156 0.10934251041466565
8178 0.38293872615324515
8291 0.03102892576771331
8295 0.04320864097935805
8327 0.022849874729668235
8515 0.01844565293604148
8556 0.03387012799844967
8560 0.027674138930952517
8586 0.09848740003302785
8873 0.040831527132920105
8890 0.024947234652506152
8923 0.03433240094723477
8950 0.0917438489631431
8963 0.08203325829735121
9146 0.2160432048967903
9175 0.032441090911566335
9211 0.03632796799669696
9228 0.04383752961801533
9338 0.016881225751718746
9563 0.01908155305557026
9613 0.06060132580900982
9614 0.044532945648118154
9671 0.042379476568406925
9821 0.01822375173577761
9898 0.01210199004322468
9923 0.019384008461535023
10004 0.03446012902094201
10189 0.061202499970174684
10211 0.040072934721595115
10268 0.1677103732235731
10306 0.034595034862630346
10327 0.04450701903474203
10446 0.054012147705522595
10619 0.014485440013869182
10645 0.07760224260885452
10749 0.012041326212126457
10844 0.028235004469769422
10881 0.022429838177574518
10963 0.021263049441303153
10988 0.024572279186002893
10997 0.028527234655039868
11011 0.0333909618708653
11036 0.024834138988217153
11106 0.018501877927638858
11161 0.06622116065658606
11276 0.03939109591584509
11310 0.029456825088711166
11319 0.01950934566224611
11403 0.15308364564800228
11818 0.05990969606084339
11875 0.037116818647945395
11876 0.1757759558018802
11893 0.006346178794155481
11977 0.013293434401648343
12004 0.037808448396111825
12006 0.032935973986559605
12051 0.017585181821985096
12087 0.06622116065658606
12103 0.0739530440334048
12105 0.040831527132920105
12137 0.024621850008256962
12157 0.024222820599756088
12204 0.016556092658811437
12233 0.07259893867662368
12265 0.019883973052321015
