65
119 0.08000630174845995
201 0.0957507776523705
374 0.04846940545094337
464 0.1094314360720996
640 0.1635763422088592
641 0.11422330496461486
674 0.1637612131865756
1073 0.21687134410074724
1205 0.06172692767227286
1726 0.1280699811304996
1814 0.07344240606774177
1905 0.09157029644895556
2030 0.12729850218471106
2042 0.11377293011726042
2086 0.18447861771708243
2705 0.08370874866985512
2768 0.10466920783365101
3609 0.18182315389437562
3889 0.14064763458805632
4320 0.06681126513810641
4624 0.016032183250375334
4712 0.10843567205037362
4839 0.14742214142623336
4861 0.021288932067255982
5368 0.09839224475801346
5628 0.15261831854579122
5802 0.039921633145152916
5942 0.21396829164243295
6186 0.10993813930051838
6360 0.0560096578356414
6621 0.11836047212984985
6778 0.058084191356192014
7277 0.12579603493456634
7459 0.12363679138434476
7484 0.03390737305584667
7537 0.025331169856463644
7605 0.10993813930051838
7951 0.09291894095518807
8117 0.1809367050930519
8208 0.07925292296066214
8823 0.09395905501185862
8942 0.08602131822126696
9341 0.06393179895889131
9434 0.10698414582121647
9568 0.08051602113855721
9760 0.2229318149538315
9821 0.07521741353213296
10276 0.11774440505374723
10462 0.15853335281295994
10615 0.19325407858134533
10842 0.26996991421051036
10898 0.1430594286205543
11067 0.053210234643670654
11106 0.07636536226907026
11332 0.08124545650488084
11400 0.18665397492968336
11624 0.10604309864155642
11630 0.2229318149538315
11637 0.06718520570793601
11771 0.1417048715896019
11893 0.008731154111947692
11911 0.15125896872056574
12098 0.08715887658916747
12205 0.10247303808615192
12270 0.0649890359604369
