218
23 0.08824262623592155
188 0.03648735773589681
189 0.040138092663247485
273 0.047838134596556746
330 0.027237207421688316
362 0.04067649942503345
365 0.06355383154416815
387 0.050484056412719726
456 0.018428361289434064
485 0.03571579163748618
496 0.06668195522294387
576 0.026949019430275004
627 0.0464768880501332
637 0.0538151808136743
769 0.013673618325617854
836 0.049359878767164585
956 0.10070558270369848
1059 0.043087169931524144
1275 0.048325735580727947
1364 0.06527904279540747
1450 0.033021415841043386
1524 0.013983297687551214
1553 0.02621053886236125
1698 0.026121127484075177
1858 0.09567626919311349
1895 0.06255868505725275
1896 0.03498771774963448
1905 0.05526347722854232
1916 0.15553098987502792
1971 0.018626371181980805
1985 0.055432275177932956
2002 0.03016886069191143
2066 0.05171545369933699
2152 0.05171545369933699
2186 0.043087169931524144
2373 0.025258035841609957
2377 0.04152866928491996
2525 0.03937034845292819
2630 0.021526912851829585
2644 0.024451725790885007
2665 0.04040449163936482
2670 0.033967195958870246
2679 0.03105153798651235
2701 0.02630057332147976
2748 0.0692770204106041
2804 0.05307670024576054
2846 0.09041999292756743
2889 0.09382978491341218
2895 0.022493717383765287
2900 0.030047546255063545
3060 0.048325735580727947
3152 0.029228817649044964
3190 0.0538151808136743
3279 0.047838134596556746
3361 0.11354705983687399
3407 0.02957336853713722
3484 0.036095815875256614
3540 0.05307670024576054
3571 0.08971958737174907
3579 0.06727065302276411
3727 0.11456224541705542
3759 0.021152673957327964
3876 0.06859698681671901
3903 0.027531970608097037
3962 0.03516592599016101
3965 0.044121313117960775
4025 0.06291591963947234
4048 0.042475812634775977
4059 0.022561184339157245
4078 0.031584392581217376
4081 0.03637008323931417
4099 0.04040449163936482
4120 0.08824262623592155
4169 0.08388789285262978
4230 0.03937034845292819
4306 0.43422770426048535
4317 0.034298493408359505
4320 0.04032118462811813
4349 0.04990974441448974
4451 0.04398752370456199
4552 0.022493717383765287
4577 0.30395939298233976
4624 0.004837781618817946
4676 0.024451725790885007
4820 0.02460928740946673
4861 0.03212014316166944
4869 0.03864567856788857
4872 0.02145957419732866
5005 0.017032772878025553
5493 0.06727065302276411
5496 0.03962122803667073
5627 0.028893217154520583
5802 0.012046527912428431
6008 0.009948299712484425
6028 0.04691489245670609
6057 0.1001084475546885
6066 0.02139760816680034
6088 0.044121313117960775
6280 0.02568312307750228
6351 0.06727065302276411
6398 0.05670511397719112
6621 0.03571579163748618
6638 0.047980503999682324
6666 0.02091229692877575
6698 0.06728836363910634
6778 0.01752715952023012
6794 0.027140428747456848
6817 0.023990251999841162
6982 0.08000135904400289
7020 0.051085090018403896
7101 0.0754772941717433
7176 0.030836545218535464
7205 0.0232559696099005
7262 0.03893596514132833
7312 0.02209615085871259
7467 0.036095815875256614
7484 0.010231698549736674
7537 0.007643791615960107
7542 0.014810165424102998
7561 0.06829717550830178
7580 0.02733471650791639
7589 0.028566113794533665
7593 0.04095435728668998
7619 0.41829199245119875
7625 0.039124247819711196
7669 0.09041999292756743
7716 0.06962622795493652
7718 0.07250921867196791
7835 0.15745602168635703
7837 0.03752150092233343
7952 0.0211496830106524
8166 0.02121347356411166
8171 0.020216888231444918
8201 0.06344222459446737
8252 0.06198535465234096
8324 0.026548890762260653
8326 0.041352621189269155
8352 0.028893217154520583
8361 0.08552013314307445
8369 0.03795950532890632
8473 0.024451725790885007
8475 0.047838134596556746
8483 0.027935750113600562
8514 0.036095815875256614
8560 0.06893476659649753
8633 0.027935750113600562
8662 0.04244104066889283
8746 0.0538151808136743
8863 0.03730794411639532
8882 0.047838134596556746
8883 0.06355383154416815
8890 0.015535549292873475
8921 0.06355383154416815
8942 0.012978655047109442
8944 0.03552989069497678
8950 0.028566113794533665
8969 0.0621030759730247
8985 0.039877075854505846
9000 0.02603233062183471
9027 0.019882734452402538
9048 0.055432275177932956
9126 0.08488208133778566
9151 0.03214017257636774
9247 0.03709785993313597
9273 0.018827463064039818
9338 0.026281381327730204
9423 0.04691489245670609
9430 0.055432275177932956
9470 0.031721112297233685
9473 0.03380467944373746
9575 0.031466815127907284
9595 0.045245490763515916
9664 0.019827872830272125
9795 0.04095435728668998
9798 0.039124247819711196
9849 0.07528152051228687
9987 0.027935750113600562
10005 0.048832462982305605
10064 0.08753464262828158
10081 0.03131521841604448
10318 0.01611071388500913
10420 0.023617895029320428
10460 0.02354469430886809
10597 0.04380372619650609
10619 0.054123658313003316
10643 0.03730794411639532
10679 0.051085090018403896
10686 0.043087169931524144
10688 0.06962622795493652
10702 0.04691489245670609
10818 0.03516592599016101
10845 0.02406602871324362
10862 0.034131782803724385
10981 0.02517639567592462
10988 0.015302050902625697
11011 0.12476258983578548
11021 0.03066584090887096
11071 0.030793131520763434
11084 0.03380467944373746
11319 0.040497260909448336
11486 0.058315265894964344
11497 0.02762067608326832
11498 0.09981948882897948
11505 0.04342277042604853
11588 0.04691489245670609
11607 0.04152866928491996
11624 0.03199897015889022
11812 0.03016886069191143
11813 0.09049098152703183
11875 0.023113991339391758
11893 0.015807984307885846
11929 0.017300090536732853
12004 0.04708938861773618
12048 0.04990974441448974
12113 0.03287030426347496
12204 0.020620160685625902
12265 0.008254981571981394
12304 0.02763173861427116
