352
25 0.03482843019493946
26 0.023114124305892016
29 0.02431058024909889
41 0.03004197164475819
69 0.1295403866565553
116 0.02656362416948489
117 0.027994924860770057
119 0.03684401552081503
129 0.031688901778295406
178 0.031250666775455696
192 0.04297837669682971
203 0.07629627271841094
215 0.03062780719621174
234 0.03394497400902852
245 0.04535591244663422
280 0.15519322159364718
344 0.008192482479557815
347 0.025432090906136982
373 0.021161419526600646
374 0.0334812537454953
435 0.04951046642980913
455 0.02815018262472611
464 0.025197349714912463
484 0.03946203817547708
495 0.02410081352153417
505 0.027397247068544246
524 0.053943254241716615
525 0.031688901778295406
558 0.0689959568657865
576 0.02056374173437484
625 0.03482843019493946
628 0.016960796527872926
674 0.06284526498220325
694 0.03452506274349772
711 0.01436650001177596
763 0.03766459116014177
784 0.28350526487740857
887 0.017371633650390628
895 0.031915547719914256
938 0.01113252917165186
965 0.019274521930264788
1029 0.04376036580419137
1069 0.04733425745951349
1073 0.07490420435745637
1159 0.03726214082184529
1178 0.022047282906824
1205 0.1279174920198023
1208 0.02913687184036827
1389 0.0689959568657865
1645 0.03852240711246482
1709 0.03366724679117467
1726 0.02948900442466362
1742 0.020000236122835864
1814 0.05073187530064715
1825 0.05532894619744769
1887 0.03482843019493946
1902 0.03004197164475819
1929 0.017424213317730787
1996 0.03726214082184529
2030 0.1465568301424545
2042 0.15718205359378346
2053 0.03482843019493946
2086 0.19114868501910762
2091 0.05110318265993883
2096 0.04841027796912006
2099 0.04948799584523692
2100 0.025795027507138264
2105 0.02239022754613234
2126 0.03262853284130767
2129 0.023208466310588788
2130 0.03238509666413882
2154 0.04622824861178403
2162 0.03514142995223538
2167 0.020419817072319192
2174 0.05479449413708849
2181 0.044094565813648
2195 0.032878132609960496
2202 0.027397247068544246
2298 0.08050122437101581
2330 0.03726214082184529
2362 0.025795027507138264
2392 0.027397247068544246
2455 0.025432090906136982
2464 0.021715868027481943
2476 0.08899619298862235
2681 0.06166217165194473
2704 0.021715868027481943
2705 0.019274521930264788
2706 0.05816510716265
2832 0.04948799584523692
2841 0.023208466310588788
2844 0.03546469380650999
2936 0.05286258223741759
2937 0.03262853284130767
2938 0.04679980539915429
3080 0.032147526993693214
3239 0.026818622432297556
3270 0.017371633650390628
3285 0.021161419526600646
3308 0.03062780719621174
3400 0.021963378874788362
3424 0.04733425745951349
3425 0.04981188203099912
3440 0.04229819914067939
3453 0.031250666775455696
3463 0.05312904884381589
3559 0.06046681606749311
3580 0.030428635487675892
3609 0.0837320930692421
3623 0.06125561439242348
3653 0.07796206465572524
3680 0.0156884657883595
3683 0.026300710875165955
3737 0.022217264087654502
3759 0.0161407774177218
3765 0.03549143998190985
3803 0.22390227546132338
3820 0.056615849236131964
3889 0.03238509666413882
3891 0.03209727939588732
3917 0.04535591244663422
4033 0.022928106254087303
4048 0.05401938298343468
4101 0.015129873540618954
4146 0.2608349857529171
4161 0.03614487136266031
4169 0.03200578350773753
4191 0.03262853284130767
4195 0.026697757725107102
4198 0.050864181812273965
4226 0.024855396444125998
4297 0.023114124305892016
4314 0.09259108701929297
4317 0.05234367522369369
4320 0.015383758753485095
4410 0.010776977086799342
4411 0.03996772154350477
4431 0.016470214512184014
4503 0.07092938761301998
4623 0.03482843019493946
4624 0.02214913059098185
4708 0.023694213040361213
4712 0.02496806811915212
4731 0.04297837669682971
4772 0.03294042902436803
4839 0.03394497400902852
4861 0.004901924763211885
4872 0.016374960976419377
4931 0.02056374173437484
4941 0.024256033677598907
5001 0.013201021829351444
5005 0.02599408437774151
5017 0.08899619298862235
5018 0.057930824976238436
5040 0.026044627275791096
5112 0.023997580491802957
5172 0.06216245153161709
5196 0.05759376841791553
5224 0.05198816875548302
5297 0.01865815472152712
5346 0.036875476978927596
5368 0.045310998180988424
5401 0.06539304941451352
5425 0.12131757491366145
5461 0.027397247068544246
5473 0.018900097274837727
5598 0.030233408033746554
5628 0.07028285990447077
5762 0.03852240711246482
5766 0.032878132609960496
5777 0.026697757725107102
5789 0.048495440863278276
5802 0.02757670156734768
5928 0.048495440863278276
5931 0.044498096494311176
5942 0.07390153231012044
6008 0.007591158057271013
6017 0.04050075212534408
6034 0.02078364670871739
6057 0.012731472885126886
6117 0.04297837669682971
6156 0.031250666775455696
6162 0.011301057450813312
6186 0.07594206497857141
6198 0.047790834507295175
6209 0.018839052719071075
6214 0.015912027845612197
6232 0.06125561439242348
6258 0.04733184955258072
6289 0.02784207429112641
6360 0.025793227002292154
6361 0.032147526993693214
6409 0.016860707706191806
6410 0.054488385610772086
6492 0.12432490306323418
6619 0.04297837669682971
6621 0.0545066448129772
6666 0.03191471023489602
6673 0.033397129503654296
6732 0.02078364670871739
6764 0.07993544308700953
6775 0.03313421620933536
6778 0.05349715712569412
7193 0.03076751750697019
7196 0.05532894619744769
7215 0.03546469380650999
7220 0.01628061897172261
7254 0.025672558053240483
7272 0.03356515732736155
7282 0.015046677567926277
7460 0.044498096494311176
7461 0.031250666775455696
7470 0.044955721388642976
7484 0.04684445169334656
7537 0.005832678145068202
7554 0.01859858557196758
7559 0.03546469380650999
7580 0.020858052075158902
7605 0.025314021659523803
7744 0.036875476978927596
7746 0.05532894619744769
7837 0.08589356541702174
7844 0.03238509666413882
7901 0.031250666775455696
7951 0.08558093119949878
7952 0.008069247571701223
7970 0.06216245153161709
7986 0.022477860694321488
7988 0.028631188472340578
8021 0.04733425745951349
8043 0.03546469380650999
8092 0.01595735511744801
8098 0.02904474293660029
8117 0.041661935529108865
8128 0.03726214082184529
8133 0.03946203817547708
8156 0.01731933292158961
8208 0.036497074103150895
8224 0.015129873540618954
8234 0.05532894619744769
8265 0.03614487136266031
8312 0.021161419526600646
8324 0.006752806403980378
8369 0.057930824976238436
8380 0.047388426080722426
8383 0.03514142995223538
8385 0.02359513015350648
8444 0.17167435234816744
8455 0.023794301862042334
8514 0.027543304025245928
8556 0.03218920183983579
8823 0.02163472629982344
8837 0.019338332277677433
8888 0.043708982313097
8890 0.023709138967884125
8893 0.032878132609960496
8942 0.00990350358159861
8957 0.05234367522369369
8980 0.044498096494311176
9017 0.04841027796912006
9027 0.030343472593517683
9034 0.03423075240271366
9042 0.030233408033746554
9338 0.0681845969984471
9341 0.014720741626832911
9358 0.03313421620933536
9434 0.09853537641349391
9473 0.025795027507138264
9546 0.04013787578788946
9568 0.05561812259170653
9575 0.03601664215470501
9618 0.021316677290556703
9628 0.029311366028490896
9658 0.0332296859750025
9675 0.014640913949727169
9760 0.15399480548544175
9776 0.05133858360648905
9802 0.03996772154350477
9888 0.03103864431872944
9921 0.025795027507138264
9922 0.025551591329969415
10004 0.016374960976419377
10094 0.04297837669682971
10110 0.022131907153949814
10132 0.030428635487675892
10167 0.020858052075158902
10172 0.022566279800517796
10173 0.07796206465572524
10174 0.08846701327399085
10188 0.04733425745951349
10218 0.03516731221423376
10276 0.02711146867485911
10318 0.006146727533907042
10321 0.023208466310588788
10348 0.03614487136266031
10420 0.01802189110995659
10428 0.023399902699577146
10462 0.03650340775637699
10578 0.02108469801677776
10615 0.044498096494311176
10628 0.04622824861178403
10653 0.1006906089334445
10723 0.025551591329969415
10749 0.02288746472284873
10788 0.033397129503654296
10794 0.027543304025245928
10816 0.021880182902095684
10822 0.04229819914067939
10825 0.031915547719914256
10842 0.12432490306323418
10897 0.023208466310588788
10898 0.04941064353655204
10899 0.032147526993693214
10934 0.026300710875165955
10951 0.005512563520738125
10980 0.023020676551661415
10985 0.023114124305892016
11011 0.031733816043941196
11106 0.01758365610711688
11144 0.03898103232786262
11159 0.030831085825972365
11163 0.02913687184036827
11237 0.025432090906136982
11244 0.027543304025245928
11257 0.027691557409328306
11319 0.012360749769706799
11332 0.1028903247165486
11487 0.03766459116014177
11624 0.048834322882572584
11625 0.05532894619744769
11634 0.05001930777403212
11637 0.04640958351608836
11693 0.03766459116014177
11771 0.06525706568261534
11828 0.019274521930264788
11893 0.006031226989343143
11929 0.026402043658702887
11957 0.03237434243498401
11977 0.02526740041365428
11984 0.07228974272532061
12051 0.03342490864421885
12083 0.026697757725107102
12098 0.04013787578788946
12105 0.019402558330610057
12129 0.05260142175033191
12177 0.03629176965285239
12204 0.015734437386770387
12205 0.02359513015350648
12232 0.05693646326798569
12270 0.044892533412005296
12271 0.12650818810066655
12275 0.01865815472152712
