42
188 0.129220198094771
587 0.07990057078565514
769 0.04842520199730221
1162 0.1450401040200187
1347 0.0989346279808595
1524 0.049521933330509214
1549 0.36183631051875137
2042 0.06079257328899578
3339 0.1711458848299557
3624 0.1514350343731139
4111 0.32022295180703303
4356 0.0617491770042958
4365 0.32022295180703303
4410 0.10003587372531779
4416 0.16023717918068525
5351 0.12454033957531711
5444 0.16164516343361507
6066 0.07577975873402251
6251 0.0702205315460538
6252 0.129220198094771
6410 0.06322265996478114
6514 0.19631373779333214
6584 0.06440243487792766
7833 0.06945150709459774
7951 0.297897655732284
8098 0.13480200493091019
8110 0.18549756175653773
9232 0.12992960575893148
9776 0.0794239427489999
9810 0.32022295180703303
9923 0.08549993320224562
10570 0.18797145492468434
10898 0.07644130102066782
10951 0.025584823268243993
11067 0.05686391457029484
11187 0.1368639043746495
11237 0.11803502104376754
11319 0.028684258887105844
11332 0.04341208725028324
11886 0.1575448804533399
11893 0.01866135734400221
12006 0.09685040399460441
