39
657 0.3928264544524493
952 0.06415705730191035
1330 0.281199165172122
1335 0.17789093190823896
1347 0.1347076016861621
1974 0.22009313356414184
2042 0.16554813850768607
2578 0.12140185485674623
3597 0.14373704597379988
3803 0.1414917443668896
4187 0.20619120633485677
4451 0.07070335559583363
4907 0.13879433707325173
4941 0.07664121566862625
5401 0.1377472472766064
5425 0.2555495139047824
6008 0.04797120498552418
6014 0.18093057749868324
6119 0.13985932670520496
6398 0.13671746554407027
6747 0.11495777884211549
7537 0.036858750246104174
8051 0.214510262351301
9042 0.19105556797209378
9578 0.10911821020653036
10428 0.14787223775001693
10848 0.1443112470556212
11067 0.07742487853426991
11101 0.1466624836929198
11332 0.0591091135331044
11629 0.07922501464078668
11637 0.09775950859964186
11921 0.16871254673168914
12052 0.15362713035984454
12124 0.2093867978799691
12129 0.16620346765789226
12204 0.04971572950517676
12270 0.09456391705452953
12271 0.13324164284155818
