260
68 0.021906751796551344
116 0.027098414807154067
159 0.025823654746443457
209 0.0703850140039776
210 0.016753097191678484
220 0.03045521948770127
313 0.025823654746443457
337 0.022405555338318926
344 0.008357417162467885
435 0.012626808262781005
450 0.019094926786867205
496 0.01730225878967296
505 0.05589764114268407
582 0.0703850140039776
619 0.23921180337036005
724 0.0323268767730071
769 0.010643860789777098
826 0.02737397021544881
924 0.0703850140039776
928 0.03885089951691186
952 0.020713734119613136
979 0.026586175646698778
1029 0.02232068442748513
1033 0.03406949529491921
1095 0.03187981902914672
1181 0.03842287137806551
1431 0.056442853028447336
1451 0.044588950888693114
1479 0.056442853028447336
1524 0.010884922368314082
1543 0.07865026054327459
1553 0.04080577945536735
1612 0.5932301780612664
1664 0.02127797561039041
1895 0.01623237583216217
1971 0.01449919817553202
2055 0.034628369248327455
2070 0.12944929561529384
2074 0.034628369248327455
2099 0.025242155039399358
2177 0.029041366672032803
2295 0.0494717725406822
2381 0.028877832284316483
2419 0.051409267821218685
2426 0.05933611284136092
2630 0.00837852345195485
2644 0.05710136684897314
2656 0.04968183031644513
2668 0.0494717725406822
2677 0.01849965582852809
2679 0.024171235423303995
2698 0.03885089951691186
2757 0.07088546826783834
2895 0.052528889744310255
2900 0.023389705036163725
2984 0.026963417568834976
3063 0.05933611284136092
3089 0.024800011609464934
3120 0.030082690112274404
3126 0.0703850140039776
3181 0.03885089951691186
3239 0.013679273403922335
3342 0.022840997516018806
3361 0.07576084957668602
3539 0.03166352804248986
3591 0.012562545147967327
3597 0.023203456319927308
3668 0.03187981902914672
3673 0.034628369248327455
3735 0.1407700280079552
3759 0.01646573069189196
3819 0.022405555338318926
3882 0.028877832284316483
3975 0.031041238243686528
4025 0.016325069052832118
4081 0.014155657035804129
4169 0.048975207158496355
4209 0.04077236940157035
4297 0.02357946808571076
4320 0.01569347139288375
4410 0.021987887917851574
4440 0.028249056098155544
4448 0.026698740629150192
4453 0.07970690771493386
4502 0.024376490368856366
4576 0.05933611284136092
4624 0.022595046690268343
4676 0.019033788949657713
4712 0.025470736316293225
4768 0.038012318731451666
4772 0.016801800159734225
4859 0.054198666367714636
4861 0.035004287373444805
4926 0.020614626879873175
4927 0.05933611284136092
4965 0.02954855699114478
5005 0.01325870439413505
5018 0.05909711398228956
5069 0.13549207403577035
5099 0.05933611284136092
5214 0.05933611284136092
5297 0.019033788949657713
5351 0.02737397021544881
5473 0.038561204795049354
5556 0.029901475421295006
5622 0.04210392575972913
5623 0.05236503235359578
5718 0.043843636396825286
5795 0.0472275858799495
5842 0.01497630628628585
6003 0.06983980211821435
6010 0.058029791786666826
6021 0.05236503235359578
6041 0.02737397021544881
6066 0.016656393146130113
6079 0.014895199852765004
6147 0.03723831051612754
6209 0.019218328865745708
6214 0.03246475166432434
6233 0.04077236940157035
6289 0.02840260325243014
6301 0.0494717725406822
6436 0.033216775195891245
6452 0.011615650718032201
6491 0.03761787040092797
6544 0.05933611284136092
6646 0.05619563602266881
6664 0.02954855699114478
6666 0.016278615652694433
6827 0.05236503235359578
6872 0.028097818011334406
6932 0.03350619438335697
7035 0.059776535889365545
7042 0.014774753583826763
7117 0.04189098154687232
7150 0.038436657731491415
7176 0.01200194003985142
7208 0.022664551880648892
7230 0.025944101015381697
7254 0.026189409353510846
7259 0.02047297463325288
7282 0.03069920787943998
7405 0.03380128891380521
7408 0.034345050703213954
7470 0.022930394933529868
7482 0.02158745058962164
7483 0.03322947838132695
7507 0.0146163701018565
7542 0.023057150681525907
7558 0.026963417568834976
7588 0.044588950888693114
7651 0.04250069205291706
7733 0.04025650539218436
7833 0.015265443254037388
7835 0.03501925982954017
7952 0.032926804939631946
7956 0.0731294711065691
7957 0.045393951865830645
7977 0.043149765205097945
8045 0.029041366672032803
8083 0.04828721167874423
8098 0.014814742277661415
8100 0.04365194219037738
8133 0.04025650539218436
8156 0.017668013396740352
8171 0.015737293437160443
8176 0.032794735234208595
8178 0.11423412430954712
8181 0.056442853028447336
8201 0.024692447554724724
8222 0.022930394933529868
8230 0.05081471688459043
8255 0.06341393351621248
8412 0.023772880647499363
8476 0.034919901059107174
8515 0.03576629531731247
8586 0.02387099989649048
8633 0.0217458340715919
8719 0.027098414807154067
8774 0.025823654746443457
8905 0.02631434441665408
8939 0.04025650539218436
8950 0.04447304748360506
8985 0.031041238243686528
9017 0.024692447554724724
9175 0.12580716356120147
9211 0.035220136585920686
9273 0.01465573274799265
9338 0.05319089136760699
9549 0.026698740629150192
9584 0.02120207228218316
9604 0.043843636396825286
9613 0.029376635826084064
9614 0.08634980235848656
9656 0.017721367066959585
9702 0.03651963747890992
9720 0.03354004972607642
9821 0.035336026793480704
9865 0.06360621684654948
9870 0.033037087762397485
9898 0.023465873033282774
9989 0.045393951865830645
10004 0.016704628937632558
10016 0.034345050703213954
10103 0.03124441976520324
10105 0.022930394933529868
10110 0.022577476503379643
10240 0.05933611284136092
10258 0.0703850140039776
10266 0.028716914559357043
10298 0.02150918448840944
10306 0.03354004972607642
10323 0.05933611284136092
10327 0.043149765205097945
10386 0.06341393351621248
10392 0.07619445657819858
10418 0.028249056098155544
10420 0.01838471579747682
10426 0.028097818011334406
10508 0.030267230028362402
10512 0.05236503235359578
10569 0.10162943376918086
10619 0.028087405045171827
10750 0.04317490117924328
10760 0.03906725127146493
10785 0.0703850140039776
10815 0.04250069205291706
10881 0.0217458340715919
10951 0.00562354488915524
10960 0.01582551455767615
11021 0.02387099989649048
11080 0.01382346430747486
11276 0.019094926786867205
11319 0.01891440278159027
11677 0.039765815721973734
11736 0.013896342476011432
11875 0.10795479305649669
11876 0.05680520650486028
11893 0.006152650320247803
11908 0.024171235423303995
11917 0.027801998354295174
11929 0.026933581286020594
11957 0.01651305851217099
11977 0.01288804745050979
11999 0.35192507001988804
12006 0.010643860789777098
12007 0.02840260325243014
12051 0.017048916848717715
12052 0.024800011609464934
12078 0.02150918448840944
12087 0.06420172808496251
12103 0.07169782554416324
12105 0.01979317922163893
12175 0.02490873854138159
12177 0.012340803873547029
12180 0.020614626879873175
12204 0.016051210043609248
12232 0.05808273334406561
12256 0.03929795726077224
12265 0.01927760580600564
