187
29 0.0927839616234098
119 0.1406191743309924
338 0.04182765093873105
347 0.06470955231451948
547 0.022234382884332587
568 0.07399780967110504
594 0.022645640050854583
674 0.04797115161031915
769 0.0530956510072323
821 0.15816648439288541
904 0.14077927574594407
938 0.014162834300267583
1029 0.027836029003277057
1068 0.03663547547254658
1162 0.2783002909244461
1178 0.02804861408992273
1205 0.018081887329646044
1413 0.02336253344322225
1416 0.09108696387466793
1452 0.06530420534763437
1524 0.013574539603710002
1599 0.0566106010241637
1825 0.07038963787297203
1918 0.039487448863866674
1994 0.043184889507495924
2002 0.029286968168155986
2042 0.28328720931916246
2086 0.0270199871116176
2094 0.04215344119977953
2167 0.025978147568969684
2194 0.028596396338114033
2269 0.09382616692813742
2343 0.04120040924934664
2450 0.02644101263533355
2458 0.041510109425000566
2578 0.04888088458357943
2630 0.010448820356335715
2640 0.06337081363199672
2675 0.029647056627904424
2678 0.08062941639287137
2828 0.03947186150589648
2844 0.045118281223133584
3112 0.028936930011986266
3158 0.05300242922603069
3214 0.06759092239541258
3432 0.05467720930852604
3561 0.03581273993438006
3661 0.04433426442931473
3680 0.039917818846008576
3820 0.10804025919942277
3882 0.03601341973314092
3933 0.01973593075294824
3966 0.034137959851884704
4001 0.040314708196435685
4033 0.029169199980401572
4169 0.04071784600615275
4515 0.05020371374847124
4596 0.12317537816158401
4624 0.028178184994463153
4708 0.030143843145760366
4734 0.08777684651991337
4803 0.0708415273260772
4872 0.020832270493656702
4931 0.0261612489207817
4938 0.2633305395597401
4941 0.030858592909177116
5001 0.01679437636142999
5017 0.1132212020483274
5018 0.11054963284158988
5040 0.033134046615260385
5248 0.06759092239541258
5301 0.07399780967110504
5310 0.030927987207803265
5351 0.034137959851884704
5370 0.038964780744080066
5444 0.044308824902560016
5609 0.029647056627904424
5802 0.011694385250772328
6014 0.03642467689966291
6066 0.020772115846713856
6079 0.01857573930845141
6155 0.1880354662459515
6162 0.014377236441584293
6222 0.03871139394744112
6398 0.02752375843723706
6446 0.09287947194697678
6489 0.08777684651991337
6514 0.37668319882622975
6584 0.017653458660249643
6699 0.044308824902560016
6737 0.07399780967110504
6747 0.023143130416733656
6764 0.1016940910465004
6778 0.017014807691587676
6791 0.043672367460562043
6867 0.024602279631989698
6868 0.037515992718876234
6932 0.041785430087264055
7042 0.018425531287438717
7080 0.07399780967110504
7188 0.029052527326547044
7193 0.1957126029327722
7196 0.07038963787297203
7254 0.03266069912468006
7272 0.04270168567807102
7374 0.03504066730719098
7376 0.10401525567732108
7388 0.05467720930852604
7389 0.040314708196435685
7425 0.02535755781283317
7470 0.028596396338114033
7484 0.02979782028818672
7486 0.05770191684337703
7494 0.07908324219644271
7496 0.03922339237722236
7536 0.02606936411535421
7547 0.07742278789488224
7554 0.023661171833789074
7610 0.07908324219644271
7635 0.06530420534763437
7733 0.05020371374847124
7848 0.06530420534763437
7984 0.03504066730719098
8098 0.018475401014552188
8208 0.06964751742359207
8385 0.03001778962397045
8823 0.02752375843723706
8890 0.030162831951900046
8927 0.08006569739559184
8988 0.031200654899622735
9027 0.01930152473936589
9097 0.048450788741248675
9115 0.03561522057908935
9338 0.05102625427063399
9341 0.018727768077067643
9473 0.03281650510152989
9538 0.08777684651991337
9658 0.021137449049417306
9707 0.07399780967110504
9776 0.08708411677981708
9778 0.06530420534763437
9782 0.061696033549501365
9828 0.06759092239541258
9849 0.024360300039270266
9865 0.02644101263533355
9898 0.029264188760150484
9998 0.04691308346406871
10004 0.041664540987313405
10018 0.09918355356637677
10169 0.061696033549501365
10218 0.022369975770836673
10220 0.045983604985055375
10318 0.023459651138385607
10325 0.02762698716684068
10334 0.025100711570621353
10425 0.07399780967110504
10428 0.029769420718914707
10534 0.06759092239541258
10597 0.021261630458382655
10749 0.08735248713698046
10781 0.09382616692813742
10898 0.020953452304433757
11036 0.0100086973086143
11080 0.017239182545621866
11088 0.06530420534763437
11095 0.039487448863866674
11112 0.04120040924934664
11141 0.051525168498826046
11187 0.1125479781566287
11237 0.06470955231451948
11332 0.011899759521214645
11375 0.05467720930852604
11426 0.05770191684337703
11497 0.040219907680364
11634 0.015908675308519034
11637 0.03936160005500106
11818 0.03621736276070773
11893 0.007672943601610525
11965 0.08512321305291362
12006 0.013273912751808075
12083 0.033964960973309116
12119 0.052242061891193715
12177 0.030780326263186476
12205 0.03001778962397045
12232 0.10865208828212318
12270 0.038074936505443135
12275 0.023736955870067907
