437
15 0.02476997294162269
26 0.017547103218242734
76 0.045394196468527055
79 0.06496882224035361
103 0.01654772600866126
119 0.04195523923570045
177 0.03117395924473472
178 0.023723964978766162
188 0.021136329671457288
201 0.01673720984312711
203 0.019306789142427606
236 0.01372397611361148
262 0.017336266411548115
303 0.02405665137981295
335 0.016673514040029744
337 0.03334702808005949
344 0.006219328657231534
373 0.01606470605434727
374 0.05930707205998081
390 0.026860879987526665
416 0.08400601442086482
434 0.03681534697921538
435 0.009396476082437459
450 0.01420984773939811
457 0.022951712311773283
522 0.1080583872249876
525 0.02405665137981295
590 0.02515386281506551
650 0.037814724188796854
655 0.04719066744164944
674 0.07633444118075863
724 0.02405665137981295
739 0.04719066744164944
769 0.015841657092511598
785 0.04991891355217708
887 0.013187687523822872
926 0.03262706395757982
938 0.008451267107068316
952 0.0077072567818514464
956 0.014584136313654485
979 0.009892300508120063
992 0.026677640495830338
1057 0.019966202583848482
1068 0.021861174271246772
1069 0.0359338338069436
1073 0.0189545259274736
1122 0.03453457402734946
1178 0.1673720984312711
1180 0.05237832767286646
1205 0.07552895096280696
1208 0.04423855222664222
1229 0.040332953635273776
1355 0.06525412791515964
1383 0.037814724188796854
1413 0.02788184995185001
1444 0.026209724909285574
1481 0.0962266055192518
1482 0.09438133488329888
1487 0.023251120704727242
1499 0.04200300721043241
1524 0.024300657117254355
1529 0.05237832767286646
1536 0.011485853808812719
1572 0.02828757959768109
1617 0.07562944837759371
1622 0.02677886102407218
1651 0.03162768674799835
1664 0.015834404446851517
1666 0.030341523046282536
1704 0.027439403726362797
1723 0.05237832767286646
1736 0.01798747797632414
1740 0.038968420508688005
1759 0.012991240243406983
1816 0.023563007986256924
1894 0.02515386281506551
1973 0.027176772860435038
1991 0.04200300721043241
2005 0.0359338338069436
2042 0.12926860169112916
2055 0.025769350151204164
2129 0.03523744603079778
2149 0.03514529340405675
2153 0.037814724188796854
2154 0.017547103218242734
2175 0.03514529340405675
2181 0.01673720984312711
2246 0.026923046471095318
2259 0.02995763317283972
2266 0.011678590941173475
2353 0.037814724188796854
2373 0.01463142867910467
2392 0.020798638782300663
2409 0.030341523046282536
2473 0.023563007986256924
2510 0.0359338338069436
2516 0.0359338338069436
2627 0.021861174271246772
2629 0.02859310004625395
2630 0.006235035298231053
2650 0.018063460473510214
2658 0.021136329671457288
2694 0.022523926642765143
2806 0.039164625420811325
2812 0.02515386281506551
2828 0.04710741335062239
2853 0.01814022229195376
2895 0.013030119352602865
2901 0.019217156793401365
2936 0.060195997994158985
2984 0.02006533266471966
3097 0.023563007986256924
3158 0.03162768674799835
3179 0.02859310004625395
3186 0.03318170370904997
3189 0.021136329671457288
3197 0.02924431161102998
3242 0.04719066744164944
3279 0.02771158687398217
3389 0.02598629901351769
3449 0.023723964978766162
3472 0.015610978551083635
3485 0.04200300721043241
3490 0.02405665137981295
3521 0.03378076027747098
3591 0.009348653480813771
3603 0.03514529340405675
3605 0.019868368358177395
3606 0.030746173575726572
3623 0.023251120704727242
3653 0.029592477255835418
3670 0.016673514040029744
3680 0.03572972848303502
3683 0.019966202583848482
3709 0.020909518020513183
3753 0.026923046471095318
3765 0.040415026272564984
3782 0.03681534697921538
3803 0.03399511299952437
3814 0.015501718045804731
3820 0.021489980264613313
3859 0.0718676676138872
3889 0.024585168201832167
3891 0.012183335763251084
3910 0.04719066744164944
3918 0.006789675049701201
3922 0.24601705382839723
3925 0.1613318145410951
3933 0.023553706675311196
3952 0.03318170370904997
3988 0.02515386281506551
4020 0.038968420508688005
4033 0.01740588748745073
4048 0.024605310842457186
4056 0.04719066744164944
4083 0.04200300721043241
4088 0.03318170370904997
4101 0.045943415235250876
4105 0.010395853292018932
4161 0.027439403726362797
4169 0.012148606180331084
4191 0.02476997294162269
4224 0.05237832767286646
4297 0.017547103218242734
4410 0.00818134949955687
4428 0.05237832767286646
4444 0.05237832767286646
4503 0.026923046471095318
4527 0.03681534697921538
4552 0.013030119352602865
4579 0.030746173575726572
4624 0.01681452758196099
4637 0.05237832767286646
4655 0.049088763806612194
4662 0.02924431161102998
4699 0.01513139882284235
4752 0.04719066744164944
4803 0.021136329671457288
4827 0.01874505316918896
4861 0.0037212995244735735
4872 0.012431062784181861
4876 0.025353453621613464
4933 0.02924431161102998
4941 0.009206992247971611
4975 0.03378076027747098
4985 0.05237832767286646
5001 0.010021564717762554
5002 0.4714049490557981
5005 0.03946685373874809
5040 0.03954359308974303
5043 0.037814724188796854
5110 0.053355280991660675
5112 0.01821777958381989
5113 0.03514529340405675
5157 0.038968420508688005
5217 0.05991526634567944
5235 0.024404817024618393
5307 0.04719066744164944
5310 0.01845539356286891
5343 0.03378076027747098
5346 0.02799404347783294
5368 0.01719893757343729
5425 0.040932586519629915
5461 0.020798638782300663
5465 0.028911625209983187
5472 0.020267620970554116
5598 0.022951712311773283
5802 0.013956581191572616
5942 0.018700799538133882
5951 0.04719066744164944
5999 0.026209724909285574
6066 0.03718550164698924
6082 0.02495945677608854
6084 0.020909518020513183
6154 0.04200300721043241
6156 0.023723964978766162
6162 0.042896027325197754
6186 0.019217156793401365
6198 0.01814022229195376
6206 0.05237832767286646
6209 0.01430167970980371
6251 0.022971707617625438
6258 0.03593200584275469
6295 0.02211927611332111
6360 0.00979047292796238
6379 0.04415608073990503
6398 0.016424017213780496
6409 0.012799817745107115
6492 0.04719066744164944
6508 0.026209724909285574
6584 0.010534197558079128
6616 0.01798747797632414
6666 0.048456148047042916
6747 0.04143000744741567
6748 0.04415608073990503
6772 0.015501718045804731
6828 0.01693161588210408
6892 0.02799404347783294
6900 0.03117395924473472
6911 0.02859310004625395
6914 0.04415608073990503
6952 0.020901769016532318
7008 0.09102456913884761
7042 0.021989819720879867
7101 0.021861174271246772
7103 0.04719066744164944
7150 0.02860335941960742
7168 0.05237832767286646
7193 0.02335718188234695
7220 0.024718885974051415
7229 0.02137023032287399
7235 0.02515386281506551
7259 0.015235347878430516
7396 0.019397507970615138
7426 0.029592477255835418
7467 0.020909518020513183
7484 0.03556199742577338
7507 0.032631137469390725
7537 0.030995171120087733
7542 0.008579205465039551
7552 0.010341223767061633
7593 0.023723964978766162
7605 0.019217156793401365
7627 0.1324682422197151
7660 0.01372397611361148
7697 0.03681534697921538
7726 0.02771158687398217
7745 0.02598629901351769
7874 0.040332953635273776
7942 0.037814724188796854
7944 0.024228709800843767
7952 0.006125774792952149
7958 0.04415608073990503
8098 0.011024668196621595
8112 0.031782637756927065
8121 0.03681534697921538
8192 0.0359338338069436
8208 0.02770677867681943
8220 0.02828757959768109
8224 0.022971707617625438
8239 0.023099919366464064
8246 0.05657515919536218
8252 0.03590676256190344
8312 0.01606470605434727
8324 0.005126397583370676
8346 0.026440026516781324
8348 0.03318170370904997
8357 0.030341523046282536
8380 0.03597495595264828
8418 0.03318170370904997
8462 0.05237832767286646
8498 0.02924431161102998
8510 0.05991526634567944
8515 0.013308079584020777
8538 0.037814724188796854
8556 0.02443645451246741
8558 0.025558513344509544
8673 0.05237832767286646
8817 0.025558513344509544
8858 0.030341523046282536
8867 0.02006533266471966
8890 0.008999404502187317
8893 0.02495945677608854
8918 0.03378076027747098
8943 0.027439403726362797
8977 0.05237832767286646
8986 0.01372397611361148
9068 0.05237832767286646
9310 0.05237832767286646
9330 0.04477319560930863
9338 0.024358768600783003
9341 0.033525783112961116
9358 0.10061545126026204
9428 0.040332953635273776
9434 0.018700799538133882
9445 0.009180362225673026
9446 0.05237832767286646
9534 0.017912259135247032
9549 0.03973673671635479
9575 0.009114019478586682
9582 0.015610978551083635
9605 0.05237832767286646
9616 0.020581689919987135
9620 0.02225174349514577
9650 0.02515386281506551
9664 0.011485853808812719
9669 0.026209724909285574
9715 0.02771158687398217
9719 0.04415608073990503
9776 0.012991240243406983
9802 0.06068304609256507
9845 0.04200300721043241
9892 0.030341523046282536
9894 0.023723964978766162
9898 0.017462569330421767
9915 0.31426996603719876
9921 0.019582312710405662
9935 0.03514529340405675
9942 0.040332953635273776
9953 0.05237832767286646
10004 0.03729318835254559
10036 0.05237832767286646
10041 0.04415608073990503
10061 0.04719066744164944
10105 0.034128166527857474
10106 0.023099919366464064
10110 0.01680145239800098
10122 0.02924431161102998
10125 0.04200300721043241
10140 0.01845539356286891
10150 0.026440026516781324
10161 0.0359338338069436
10171 0.05237832767286646
10172 0.01713120668865203
10173 0.029592477255835418
10181 0.02405665137981295
10192 0.020165793390396435
10218 0.013348644516332107
10254 0.028911625209983187
10266 0.02137023032287399
10318 0.023331461980670327
10321 0.01761872301539889
10348 0.054878807452725595
10364 0.015610978551083635
10379 0.05237832767286646
10501 0.020370853113292516
10540 0.0359338338069436
10572 0.03162768674799835
10575 0.05237832767286646
10576 0.03675069551007979
10578 0.016006462867882338
10638 0.022806383246615915
10653 0.030575737755507055
10726 0.030746173575726572
10733 0.04200300721043241
10749 0.00868751722065763
10760 0.029072627424061595
10813 0.0718676676138872
10825 0.048457419601687535
10830 0.04415608073990503
10844 0.020370853113292516
10876 0.02495945677608854
10898 0.037510123712308094
10900 0.04719066744164944
10951 0.004184866353377452
10960 0.011776853337655598
10979 0.015666212836389484
10980 0.017476162291937367
11036 0.011944808864606584
11061 0.037814724188796854
11080 0.010286990111704385
11095 0.023563007986256924
11150 0.03318170370904997
11155 0.068863943684494
11162 0.03318170370904997
11247 0.05237832767286646
11284 0.05237832767286646
11319 0.004691835805534423
11391 0.05237832767286646
11419 0.03262706395757982
11453 0.040332953635273776
11497 0.040000136463029225
11634 0.02847914368723002
11710 0.023563007986256924
11736 0.010341223767061633
11754 0.024585168201832167
11795 0.02598629901351769
11828 0.014632266458237654
11829 0.07793684101737601
11893 0.013735830237057036
11929 0.03006469415328766
11930 0.025675425137594462
11935 0.0359338338069436
11957 0.036865506182161015
11960 0.01798747797632414
11965 0.01693161588210408
11977 0.009590882121414427
12006 0.007920828546255799
12018 0.10475665534573292
12021 0.04445863920871704
12029 0.016242205560088402
12043 0.0359338338069436
12064 0.014029496562184338
12083 0.04053524194110823
12139 0.03681534697921538
12162 0.09223852072717972
12177 0.009183640554489298
12178 0.05237832767286646
12186 0.011236356982563468
12191 0.05848862322205996
12204 0.011944808864606584
12265 0.004781930585385947
12270 0.05680032888722117
12271 0.04801938860364702
12275 0.014164350871692889
12291 0.019041049569626742
12295 0.04415608073990503
