358
38 0.08085468126754886
105 0.021045909042694776
110 0.02418150731578233
111 0.01910675499744368
210 0.014340838182166258
262 0.07976705608684652
269 0.034901603279772146
322 0.06727898006183022
323 0.06025035757459363
325 0.05079237485946085
330 0.018149210515916434
335 0.01917940544438582
343 0.016345470453474932
390 0.01544892416310473
404 0.028934280576030317
435 0.010808688804344007
457 0.07920349513849984
479 0.021137010706284577
495 0.021045909042694776
502 0.1085660697417036
505 0.04784900470763147
513 0.0267455720468822
619 0.025595996699512426
628 0.029621853278797083
641 0.045933915744576975
689 0.03638106675962631
769 0.009111263635211121
826 0.07029727209930774
877 0.1085660697417036
913 0.022743334211827667
938 0.009721422729253039
942 0.01940110937535445
965 0.016831375215750656
991 0.0542830348708518
1005 0.06025035757459363
1162 0.02728948090868999
1174 0.024581999380472355
1203 0.03885772945197719
1356 0.025146728148127646
1390 0.03536706944058624
1393 0.04349796481073792
1465 0.1862176257395224
1536 0.013212082740643989
1543 0.10098825129450394
1587 0.02069084730439138
1595 0.022003453524222026
1612 0.1692705512104763
1663 0.08186844272606997
1710 0.025595996699512426
1729 0.022105336688121476
1736 0.02069084730439138
1763 0.032890406748235367
1765 0.06025035757459363
1782 0.02849269522629077
1797 0.030687069452828022
1815 0.05079237485946085
1895 0.013895094886500883
1971 0.024822950935871994
2070 0.03693668062238348
2080 0.012214313563774063
2084 0.03253896910043889
2099 0.02160756644860787
2100 0.09010149009019576
2110 0.022966957872288488
2172 0.026401165046166613
2195 0.028710656915569493
2261 0.027672167327173283
2274 0.027104333410026406
2419 0.022003453524222026
2439 0.06025035757459363
2512 0.03885772945197719
2541 0.01940110937535445
2587 0.0542830348708518
2607 0.03693668062238348
2620 0.03041374405588448
2625 0.027672167327173283
2630 0.02868843835984009
2654 0.12050071514918725
2656 0.014176067087978627
2659 0.046394663337516254
2701 0.017525094790765586
2757 0.121357504020342
2774 0.04234838946336814
2832 0.02160756644860787
2885 0.02939974673684441
2895 0.014988438637009873
2936 0.02308098638530611
3059 0.030148830019524158
3060 0.03220131692696044
3063 0.05079237485946085
3082 0.026233994223218614
3097 0.027104333410026406
3111 0.06980320655954429
3132 0.02728948090868999
3257 0.048315712167109975
3261 0.07276213351925262
3270 0.0303393760050855
3301 0.02331367695221015
3361 0.010808688804344007
3362 0.02252537252254894
3429 0.02657164639669706
3466 0.034901603279772146
3512 0.1085660697417036
3591 0.010753678860804571
3594 0.046394663337516254
3595 0.022003453524222026
3597 0.05958725277072814
3599 0.02132215820494816
3776 0.06025035757459363
3819 0.01917940544438582
3887 0.014680154096469682
3975 0.02657164639669706
4025 0.013974441317969799
4078 0.021045909042694776
4081 0.012117400417968414
4101 0.06606041370321995
4169 0.013974441317969799
4244 0.02331367695221015
4266 0.03885772945197719
4297 0.020184287858527765
4320 0.01343378667161262
4339 0.07701069680174685
4356 0.011618186558618765
4382 0.01940110937535445
4440 0.38690411705251726
4446 0.036169446243420486
4448 0.06856325991240368
4453 0.068230002635483
4552 0.014988438637009873
4624 0.009670806078310735
4708 0.02069084730439138
4728 0.06025035757459363
4787 0.0466273539044203
4820 0.016398125216223733
4827 0.010781139894844955
4861 0.012841740293352971
4882 0.03041374405588448
4950 0.0542830348708518
4990 0.03363949003091511
5001 0.02305544619420575
5041 0.02500203521489982
5069 0.02319654552804988
5128 0.030687069452828022
5155 0.030148830019524158
5241 0.061938715837283304
5242 0.04234838946336814
5252 0.06790099078975725
5310 0.06368726021308574
5389 0.01385569423707737
5401 0.038069425022315986
5435 0.03885772945197719
5500 0.030148830019524158
5556 0.1023839867980497
5622 0.01802071519211792
5641 0.02787008470734571
5708 0.0542830348708518
5802 0.008027070017994329
5930 0.033256803612431815
5935 0.1015847497189217
6001 0.022208440038667725
6008 0.00662893897167814
6010 0.016558049818807114
6014 0.05000407042979964
6016 0.12050071514918725
6034 0.018149210515916434
6055 0.015592013776303329
6058 0.029891825057557567
6067 0.14494713650132993
6084 0.02405204582545207
6099 0.04234838946336814
6147 0.03187640942919529
6149 0.03693668062238348
6156 0.02728948090868999
6162 0.019737178330812212
6242 0.04482505215571902
6258 0.013777429817408041
6311 0.0344600179300326
6396 0.03363949003091511
6398 0.03778482261296684
6401 0.03585914776129939
6508 0.030148830019524158
6544 0.05079237485946085
6584 0.012117400417968414
6630 0.02132215820494816
6646 0.04810409165090414
6696 0.055344334654346565
6718 0.1240031764329842
6723 0.14146827776234497
6729 0.029642270573660544
6772 0.017831498193557206
6791 0.04496531591102962
6804 0.028934280576030317
6820 0.05079237485946085
6821 0.0542830348708518
6872 0.07215613747635621
6896 0.03753064210699608
6923 0.019783795793837742
6952 0.03606469831529223
7011 0.13447515646715705
7026 0.029163868231791713
7036 0.1085660697417036
7058 0.05079237485946085
7121 0.02252537252254894
7128 0.03885772945197719
7150 0.01645110401032068
7176 0.010273794631184066
7260 0.04133439214432807
7262 0.043240912883727944
7263 0.06025035757459363
7282 0.0262788645874037
7425 0.017405523050945174
7484 0.013635557275721417
7493 0.04133439214432807
7536 0.03578821914811074
7537 0.010186711216759375
7585 0.04349796481073792
7586 0.03960681273465694
7731 0.04133439214432807
7740 0.06980320655954429
7792 0.06025035757459363
7838 0.030687069452828022
7861 0.017707625166176886
7866 0.03816863963070227
7875 0.034901603279772146
7947 0.03187640942919529
7952 0.007046428133443324
7956 0.06259964348607937
7957 0.03885772945197719
8026 0.05079237485946085
8035 0.05079237485946085
8087 0.05079237485946085
8098 0.025363169482472716
8100 0.018683274863361517
8156 0.030248033330679148
8171 0.013471298830623785
8178 0.17112494946499857
8197 0.0542830348708518
8201 0.021137010706284577
8213 0.04349796481073792
8324 0.029484263930367748
8412 0.0203498511701515
8413 0.031261217288022544
8432 0.03187640942919529
8439 0.03363949003091511
8483 0.037229353353461045
8515 0.030616347989428687
8552 0.1015847497189217
8556 0.014054525866374228
8573 0.0542830348708518
8586 0.04086768468484956
8633 0.018614676676730522
8634 0.04042734063377443
8665 0.12050071514918725
8719 0.02319654552804988
8754 0.017525094790765586
8923 0.02849269522629077
8950 0.07613885004463197
8969 0.02069084730439138
8986 0.015786576336583178
8988 0.021416246866846563
9088 0.03585914776129939
9130 0.06025035757459363
9146 0.10757744328389819
9175 0.026923084044493534
9338 0.010507383851390837
9423 0.031261217288022544
9433 0.015078586338952949
9445 0.021120189640862656
9473 0.02252537252254894
9546 0.017525094790765586
9563 0.015835911869147932
9584 0.018149210515916434
9594 0.06025035757459363
9613 0.05029345629625529
9614 0.0739163945936033
9615 0.04482505215571902
9625 0.017646350694893627
9632 0.02418150731578233
9656 0.0303393760050855
9658 0.04352647357250048
9821 0.015124016665339574
9849 0.0167210015645464
9888 0.05420866682005281
9904 0.04349796481073792
10106 0.02657164639669706
10116 0.021137010706284577
10135 0.025595996699512426
10141 0.018752424045344367
10184 0.10300447399031827
10190 0.04482505215571902
10192 0.04639309105609976
10268 0.046394663337516254
10306 0.028710656915569493
10318 0.021470390362258673
10339 0.048315712167109975
10450 0.03536706944058624
10521 0.030148830019524158
10548 0.048315712167109975
10568 0.03585914776129939
10578 0.03682420398442587
10619 0.04808626442038964
10628 0.020184287858527765
10645 0.03220131692696044
10646 0.020518661027254293
10718 0.06025035757459363
10750 0.055437295945202476
10760 0.0167210015645464
10925 0.019252674200436713
10951 0.024069085955515632
10960 0.027093634188892567
11036 0.013740014949456618
11071 0.020518661027254293
11081 0.03693668062238348
11124 0.15237712457838254
11145 0.01940110937535445
11161 0.027478697907250698
11194 0.04710566393220485
11249 0.024446421352142655
11309 0.06025035757459363
11319 0.010793959926718687
11332 0.008168039689625945
11403 0.04234838946336814
11494 0.10000814085959928
11552 0.03960681273465694
11629 0.01094777142334782
11655 0.03693668062238348
11736 0.023790848521004403
11751 0.04234838946336814
11764 0.0642487406005397
11818 0.04971946802045049
11828 0.03366275043150131
11875 0.04620525388527741
11876 0.04862589078724981
11892 0.06790099078975725
11893 0.007022316460819706
11977 0.011032312464804829
11993 0.02849269522629077
12004 0.01568874543299487
12006 0.05466758181126672
12007 0.024312945393624906
12021 0.01278510134160254
12024 0.03322405017143731
12078 0.03682420398442587
12079 0.09278932667503251
12087 0.054957395814501396
12096 0.12050071514918725
12103 0.030687069452828022
12105 0.016943182331033833
12137 0.02043384234242478
12156 0.024859734010225246
12157 0.020102685097109604
12177 0.010563865854983274
12192 0.04133439214432807
12204 0.013740014949456618
12265 0.005500615244263331
12286 0.0642487406005397
12291 0.021902762003603884
12293 0.0344600179300326
