222
33 0.0746757829741195
68 0.032193505014356555
76 0.02988119254679599
105 0.10839263926509249
162 0.06552658410298957
262 0.06847064448582321
318 0.10343570431237202
326 0.037601894916958235
373 0.03172426954294359
435 0.01855597849002663
456 0.02108107363846424
457 0.04532459575590892
482 0.06071694649318072
496 0.025426880273173122
513 0.04591586163586696
514 0.06071694649318072
552 0.047174466443696446
604 0.10343570431237202
627 0.05316710933127172
711 0.021537625025077736
744 0.05558682898860069
769 0.04692569517701099
938 0.016689398161225305
979 0.03907024587411909
996 0.12312345864966225
1057 0.03942886912316818
1224 0.055282093421642656
1250 0.06071694649318072
1413 0.027530267912653013
1414 0.07695408006210291
1465 0.1776066109732048
1536 0.022682041048800578
1553 0.11993389779655984
1595 0.07554951718799986
1622 0.026441187355270603
2041 0.14152339933108934
2080 0.020969105861271733
2099 0.03709511352395005
2343 0.04855031272623056
2373 0.01444693060812844
2378 0.048915261537500074
2381 0.04243799569570347
2658 0.208698066860792
2675 0.03493591197082228
2763 0.037262117288444585
2806 0.03867077085615315
2812 0.04967335980451511
2853 0.035822958702884135
2858 0.06341160001261864
2900 0.06874561718315515
2933 0.040856982438128325
2936 0.039624629281787456
2948 0.08719857074344983
2949 0.07270223226833127
2951 0.055861762850709644
3089 0.0364453528081282
3201 0.04855031272623056
3211 0.10343570431237202
3347 0.042922618649924804
3361 0.03711195698005326
3425 0.149351565948239
3442 0.04062909660285909
3599 0.03660513464435668
3606 0.06071694649318072
3633 0.057094116007050506
3721 0.026200862126781275
3876 0.03923566799423281
3918 0.026816236868203523
4025 0.02399083156156468
4048 0.03239339334784737
4059 0.18066163706493202
4105 0.020529529195814862
4320 0.046125309189744806
4339 0.0330523169651452
4356 0.09972847945636205
4410 0.04846911033496303
4440 0.24908379049329737
4446 0.031047219447161177
4453 0.11713487955816143
4570 0.03867077085615315
4624 0.005534167089050045
4699 0.02988119254679599
4778 0.055861762850709644
4827 0.018508683486780482
4861 0.0073487500340835964
4872 0.024548621377601908
4972 0.023453329567384894
5380 0.069023171821512
5400 0.06443129229277257
5431 0.055282093421642656
5433 0.1228799231303258
5473 0.028334194668797982
5559 0.18638242726205023
5598 0.09064919151181784
5702 0.066709589380756
5752 0.03138186791515053
5761 0.05775109865113843
5842 0.022008730276479583
5996 0.15929746716308166
6008 0.022760660649369904
6055 0.026767823321271297
6066 0.02447773550597534
6068 0.025502479803236198
6114 0.03613087975503083
6160 0.0829467229496782
6162 0.033884096692022296
6281 0.03126947440086931
6436 0.02440718799301919
6452 0.017070011707297134
6616 0.03552132219464096
6631 0.06552658410298957
6666 0.023922565038797857
6747 0.027271724715068835
6778 0.08020058532951148
6794 0.09314165834148352
6905 0.053668163277627176
7102 0.032313179157308365
7176 0.08818845451012726
7235 0.04967335980451511
7262 0.014846897045219697
7312 0.05055366302658807
7338 0.06156172932483112
7483 0.016277681402043213
7537 0.017488189145230197
7542 0.016942048346011148
7554 0.027882181583372374
7566 0.049289450534067386
7580 0.03126947440086931
7631 0.046849625325703595
7798 0.05646509869940908
7911 0.03369782024873181
7952 0.01209706109987579
8092 0.07176769511639358
8156 0.025964382267352912
8169 0.21772367940780038
8171 0.023127054156033413
8265 0.05418680161142565
8319 0.06940424290019391
8324 0.06074106236452537
8326 0.023652609115448683
8329 0.03982301717192798
8339 0.04342367259628026
8376 0.04220151583627511
8431 0.10343570431237202
8556 0.048256635820461316
8571 0.04220151583627511
8745 0.10343570431237202
8754 0.030086469123102904
8766 0.09710062545246112
8817 0.050472455811833794
8828 0.03356644448679133
8888 0.13105316820597915
8942 0.014846897045219697
8985 0.045617272169362726
9000 0.05955922723681292
9117 0.04368071691693983
9182 0.08634204482298882
9267 0.025351665475207844
9291 0.03160925202938296
9292 0.0288955156462192
9338 0.012025805797677718
9445 0.009064600521286726
9489 0.07695408006210291
9503 0.050067507853274906
9575 0.035996377347978815
9582 0.06165651456158072
9638 0.040227965130486876
9653 0.052682486377050385
9726 0.13105316820597915
9870 0.04855031272623056
9888 0.04653177058264698
9894 0.046849625325703595
9898 0.01724237139716371
9981 0.05316710933127172
10063 0.051758455763563145
10107 0.07096143717452763
10174 0.044208618601654155
10192 0.03982301717192798
10285 0.11056418684328531
10318 0.018429807210955537
10364 0.06165651456158072
10392 0.03199231050770077
10551 0.10343570431237202
10559 0.05221325090563743
10628 0.03465167867436611
10749 0.05146782089284328
10760 0.028706030026391865
10808 0.04855031272623056
10909 0.03567137095452004
10944 0.06245774158698435
10951 0.008264192805433564
10959 0.027793414494300346
10960 0.06977010380163126
11036 0.011794188290086273
11098 0.07096143717452763
11129 0.050067507853274906
11142 0.03552132219464096
11156 0.047174466443696446
11215 0.06156172932483112
11217 0.017998188673989408
11244 0.12387513038552429
11310 0.04196876022429051
11319 0.009265346234314006
11497 0.03159659707721245
11624 0.03660513464435668
11629 0.018794750660572807
11634 0.0749867465261559
11736 0.061264943612468904
11764 0.14706665105894823
11827 0.06799558933248534
11833 0.06156172932483112
11892 0.03885668118041758
11893 0.012055667024547929
11929 0.019790391387978026
11930 0.1521099928512471
11977 0.037879775520948684
12024 0.028518943023180726
12105 0.029087462186986733
12186 0.1109466978074948
12204 0.058970941450431365
12265 0.028329790967829893
12304 0.03160925202938296
