307
8 0.028065490102785626
16 0.06322376695607718
68 0.01967787305223121
84 0.019181770133473684
90 0.027021959375654048
103 0.01997409270793853
150 0.025374886469128295
152 0.03571988585357527
158 0.04703720882948302
159 0.023196254952099205
162 0.040052296354496586
172 0.04703720882948302
230 0.052466519455016375
267 0.12644753391215435
322 0.17649814572492215
327 0.04242246628527073
344 0.007507100801382651
374 0.06136043560697856
435 0.03402632197927906
457 0.027704086306562084
479 0.04436028242281375
490 0.037112466153626886
566 0.03312099762795533
628 0.031083718402619108
632 0.050700136054601115
637 0.11288648694725466
642 0.02004969055577244
674 0.034552584539903765
678 0.025105198080942144
679 0.02565287425164897
736 0.026387741818406495
769 0.00956091269723645
913 0.023865738227902427
938 0.010201183691812329
952 0.01860623766721929
956 0.01760392277716439
958 0.035796424641351965
960 0.04443832060386308
965 0.035324037467277726
979 0.011940596994448476
1033 0.030603131381282567
1100 0.036160650834532695
1174 0.025795143177719145
1205 0.013023992954636786
1288 0.050700136054601115
1390 0.037112466153626886
1524 0.07821958181159307
1527 0.09736856347201753
1536 0.027728221833860846
1543 0.2825922997382218
1553 0.018327019801412783
1726 0.027021959375654048
1895 0.029161660654016024
1933 0.0268591821772173
1958 0.26491166548895806
1971 0.026047985909273572
2042 0.08401880081412413
2080 0.012817100933026494
2096 0.022180141211406875
2100 0.02363701993305662
2171 0.056961951505339156
2174 0.025105198080942144
2196 0.029458070402837242
2202 0.025105198080942144
2243 0.021180400633506857
2249 0.036160650834532695
2261 0.058075627388492784
2274 0.02844195666214491
2358 0.1169819939011534
2393 0.036624028818780935
2454 0.0303622133680429
2464 0.019899122235367744
2578 0.01760392277716439
2586 0.037112466153626886
2630 0.015052119308592737
2681 0.02825176247726891
2768 0.02208454359871252
2776 0.08010459270899317
2828 0.014215364712408534
2895 0.01572813157579284
2936 0.024220053840084223
3014 0.03220150395370728
3239 0.024574981082455292
3285 0.019391058800910934
3324 0.04703720882948302
3332 0.01606364616121415
3361 0.011342107326426354
3400 0.020125926367668457
3484 0.025239035937713723
3539 0.02844195666214491
3548 0.02434131593054453
3597 0.020842645777746048
3624 0.029898835383794658
3633 0.06979611361453722
3678 0.04564462852943141
3680 0.014375971433095424
3687 0.031367013531680185
3701 0.03571988585357527
3741 0.05727248271306115
3753 0.0324977236094146
3759 0.02958088549834981
3788 0.04443832060386308
3814 0.018711498680674444
3880 0.059797670767589316
3887 0.030809265831340953
3889 0.029675765035427133
3918 0.024586628790298774
4048 0.009900026134862776
4081 0.012715405036237653
4205 0.024588835252150814
4244 0.024464227895924548
4297 0.04236080126701371
4339 0.02020281100278433
4448 0.023982306169076685
4552 0.06291252630317136
4624 0.013530758751443677
4658 0.03529962914498443
4664 0.08674856320872984
4731 0.03938281307869337
4738 0.03817650515312504
4791 0.04660889309160958
4872 0.01500503455154445
4883 0.05277548363681299
4907 0.020125926367668457
4926 0.018517213986288784
5012 0.03938281307869337
5102 0.11392390301067831
5112 0.021989947026530874
5252 0.02375065526907683
5297 0.01709721669979792
5311 0.04443832060386308
5357 0.038759539060152635
5370 0.028065490102785626
5401 0.01997409270793853
5425 0.02470403720399004
5465 0.03489805680726861
5472 0.048928455791849096
5482 0.056961951505339156
5581 0.04242246628527073
5590 0.16310157351497992
5622 0.018910053708440375
5773 0.056961951505339156
5802 0.016846426298116814
5807 0.08143428634880077
5842 0.013452558217200344
5848 0.06322376695607718
5943 0.06382937940477401
6052 0.426354929661679
6057 0.03499908014592772
6066 0.014961706458426215
6117 0.03938281307869337
6180 0.01748883981833879
6251 0.013864110916930423
6295 0.02669928614292481
6352 0.03489805680726861
6360 0.011817685029068459
6410 0.012482474155585632
6452 0.010433828911344065
6548 0.029675765035427133
6587 0.0324977236094146
6620 0.02434131593054453
6657 0.030272559630717434
6664 0.05308434210131516
6698 0.02352479625265266
6732 0.019044890392135156
6733 0.0682895930318807
6747 0.016669497049768407
6775 0.0303622133680429
6876 0.056961951505339156
6877 0.031914689702387006
6934 0.08143428634880077
7025 0.044498865754856516
7042 0.013271512276243073
7097 0.09128925705886282
7101 0.07916322545521948
7176 0.02156163128865744
7220 0.029837170365537645
7235 0.0303622133680429
7259 0.018389973994141873
7262 0.0635248472018086
7272 0.03075710202609686
7353 0.07422493230725377
7374 0.025239035937713723
7394 0.02484332785862495
7470 0.02059736672647926
7537 0.010689434585012852
7553 0.03817650515312504
7554 0.017042631095066756
7558 0.024220053840084223
7589 0.05992227812381559
7753 0.030127553678640458
7773 0.05471317230618983
7833 0.027424554514400987
7835 0.11009692103054988
7861 0.018581512407886917
7867 0.06322376695607718
7901 0.028636241356530576
7952 0.0221825271143001
8036 0.025939688502969245
8171 0.05654447821715041
8178 0.05130574850329794
8181 0.050700136054601115
8220 0.03414479651594035
8225 0.02227676127785115
8252 0.010835401249059882
8258 0.030127553678640458
8324 0.006187867779198373
8337 0.029458070402837242
8514 0.025239035937713723
8515 0.01606364616121415
8556 0.014748129369252065
8560 0.024100397917304863
8577 0.08650438915288951
8586 0.04288454171164809
8626 0.038759539060152635
8633 0.019533327726981107
8723 0.021180400633506857
8811 0.026387741818406495
8873 0.01777934363070596
8893 0.030127553678640458
8942 0.018149956343373887
8950 0.15979274166350824
8986 0.016565658089294572
8997 0.050700136054601115
9027 0.027804942884152993
9083 0.036624028818780935
9169 0.02844195666214491
9273 0.026329202172987343
9338 0.04410373081128481
9341 0.06744603454416483
9433 0.12658182518379588
9445 0.03324373501689701
9485 0.027187723477770757
9549 0.023982306169076685
9578 0.015822728147974485
9613 0.026387741818406495
9614 0.05817317640273281
9618 0.019533327726981107
9625 0.018517213986288784
9658 0.03044969614949967
9821 0.031740801003726025
9849 0.017546198043393333
9866 0.031367013531680185
9948 0.04242246628527073
10013 0.053299024280221055
10099 0.056961951505339156
10105 0.04119473345295852
10218 0.03222522091010901
10221 0.03529962914498443
10237 0.027356586153094914
10312 0.01737520448231859
10318 0.045059946906999035
10321 0.042533700004564974
10418 0.025374886469128295
10465 0.0324977236094146
10494 0.038759539060152635
10619 0.03784452364127972
10639 0.050700136054601115
10713 0.04443832060386308
10735 0.07751907812030527
10749 0.010486351676139847
10823 0.050700136054601115
10844 0.24588835252150815
10845 0.016827528311611765
10890 0.03312099762795533
10897 0.08506740000912995
10898 0.0301846383857105
10934 0.024100397917304863
10951 0.025256917013534823
10960 0.014215364712408534
10980 0.04218954140471375
10988 0.010699550717645305
11036 0.0072090485277366495
11080 0.02483402179481136
11103 0.014664092576294684
11135 0.056961951505339156
11136 0.028636241356530576
11159 0.05650352495453782
11300 0.04863402743133833
11319 0.011326651565431826
11327 0.056961951505339156
11332 0.017142279601761613
11611 0.029898835383794658
11624 0.02237442590579254
11634 0.022917350535201234
11637 0.02835131048289747
11656 0.030127553678640458
11754 0.029675765035427133
11778 0.027021959375654048
11780 0.02608658426145694
11812 0.06328431210707063
11876 0.12756405567214088
11893 0.020264403773335313
11930 0.015495885106679291
11960 0.021711959244010204
11997 0.037112466153626886
12024 0.017431843477238782
12052 0.02227676127785115
12098 0.018389973994141873
12155 0.050700136054601115
12180 0.03703442797257757
12204 0.014418097055473299
12265 0.0057720755580212176
12270 0.013712277257200494
12275 0.01709721669979792
12286 0.08989263171140327
12287 0.10659804856044211
