198
36 0.048871087545103255
68 0.03288297709986418
70 0.10666295161548157
195 0.06692993395810887
313 0.03876241697300726
343 0.08598692030029534
450 0.028662306766765115
456 0.021532556376978422
475 0.09518704292592532
544 0.07860216684374033
622 0.09518704292592532
677 0.034419509496099975
694 0.05286694054712568
711 0.021998885494737674
864 0.10310679796401842
938 0.03409365319503753
952 0.015546103115459144
956 0.029417274316831613
1122 0.03482938638698518
1184 0.10640213809020385
1347 0.032641432670368405
1450 0.038583761576922664
1530 0.10147437827579028
1630 0.07248118254110147
1664 0.06387831397606683
1706 0.0460021503990166
1820 0.06476965431849738
1872 0.048871087545103255
1929 0.02668104780555096
2059 0.0604267468415901
2113 0.053810760658956444
2115 0.1522115674136854
2154 0.03539379622731044
2356 0.015546103115459144
2392 0.041952382322619476
2450 0.031825222826254336
2473 0.04752831808164323
2541 0.1020614029032893
2600 0.09518704292592532
2630 0.01257652423143254
2658 0.04263352965331979
2731 0.052416274102165615
2739 0.05155339898200921
2841 0.03553825861947047
2895 0.05256541589201933
2957 0.040273297358349
2977 0.0681382750641942
3054 0.05969020053209952
3055 0.2530562033486803
3112 0.03482938638698518
3332 0.026843374152148665
3344 0.058987924849764534
3420 0.04752831808164323
3472 0.031488490543073344
3667 0.05969020053209952
3677 0.048871087545103255
3680 0.024023162369633123
3725 0.03469152054497545
3737 0.03402046763442977
3759 0.02471577029321391
3820 0.04334686887941031
3868 0.06379536758728692
3966 0.04108950720246308
4014 0.04818477823631239
4048 0.016543573170568728
4059 0.052723078963384594
4101 0.02316781090015762
4105 0.06290759935421084
4169 0.02450463112027809
4248 0.07860216684374033
4431 0.025220225025601957
4547 0.03553825861947047
4624 0.011305379117614034
4683 0.05073718913789514
4772 0.025220225025601957
4822 0.11293208435712546
4827 0.018905074640770715
4861 0.007506134513021642
4931 0.09446547162922003
4941 0.018571179723405568
5001 0.02021423223467044
5040 0.0797623321927555
5146 0.03288297709986418
5224 0.019901885821103166
5310 0.037225884576771465
5322 0.06201729076155535
5337 0.03288297709986418
5802 0.014075724767233242
5914 0.13546623697356475
6066 0.025001962841280485
6114 0.03690467661265218
6115 0.10565093470547145
6162 0.03460977532817491
6252 0.04263352965331979
6270 0.07860216684374033
6452 0.01743559155224478
6585 0.10069011575184775
6657 0.0252936860210683
6664 0.044353655525818575
6666 0.024434902567769506
6869 0.04515541232452158
7087 0.08135453040068237
7193 0.023556575854883632
7197 0.22277777810049917
7205 0.027173358979758627
7220 0.02492990444776431
7262 0.015164865562922873
7312 0.025818172685394557
7331 0.1208534936831802
7382 0.04384187075940511
7389 0.0970480661404368
7394 0.041514780529949294
7418 0.0460021503990166
7484 0.023910387081543825
7536 0.03137789514162608
7537 0.00893136244289416
7542 0.017304887664087457
7554 0.028479320225971782
7602 0.1257603317634235
7634 0.06945181662931066
7698 0.05705812609589328
7952 0.012356137765846925
7979 0.05969020053209952
8098 0.022237565640992003
8147 0.0604267468415901
8208 0.05588660797202198
8224 0.02316781090015762
8233 0.06692993395810887
8252 0.01810664446279046
8339 0.08870731105163715
8349 0.06581118483473837
8414 0.047852980159672716
8483 0.032641432670368405
8515 0.026843374152148665
8556 0.024645061944840715
8776 0.09650891362132095
8777 0.04721049150510193
8843 0.0681382750641942
8890 0.03630491998091258
8934 0.17813211724657294
8961 0.034152313055710155
9001 0.05481754730536471
9025 0.05705812609589328
9045 0.06201729076155535
9118 0.06692993395810887
9246 0.05646604217856273
9292 0.23611485083333889
9338 0.042991747486530674
9341 0.04508264492825252
9407 0.10310679796401842
9433 0.1850854938317424
9438 0.041514780529949294
9445 0.01851746501214856
9534 0.07226068507360203
9664 0.02316781090015762
9675 0.022419085320318048
9678 0.2541694534391376
9776 0.07861285777993439
9870 0.04959009032585738
9921 0.07899792656499566
9944 0.06201729076155535
10004 0.025074366839924336
10116 0.03706442630209709
10167 0.031939156988033415
10218 0.026925196600580452
10312 0.0290350715029517
10392 0.016338736855886504
10429 0.047852980159672716
10490 0.0367465997255558
10533 0.2155266222495727
10597 0.05118231561852345
10655 0.07248118254110147
10934 0.040273297358349
10938 0.05481754730536471
10951 0.008441182861224581
10952 0.06476965431849738
10953 0.08906605862328647
11036 0.02409355696321
11109 0.19037408585185064
11116 0.042867584028194655
11156 0.04818477823631239
11189 0.04088128038697407
11229 0.07860216684374033
11237 0.03894321200551791
11271 0.06945181662931066
11319 0.009463777488949807
11400 0.06581118483473837
11629 0.019197268371171954
11727 0.06476965431849738
11846 0.039688855154559895
11893 0.01539232146806525
11908 0.07256412892988137
11974 0.04384187075940511
11995 0.04721049150510193
12004 0.0275107183770649
12106 0.1730231498539442
12177 0.055572232926605576
12204 0.02409355696321
