31
23 0.20217733569645965
711 0.08627318751901651
2002 0.13824293622859907
2279 0.20556127926326237
2373 0.05787001825772503
2521 0.2780123275139148
3330 0.15794008000255688
3361 0.07432961665944532
4101 0.09085737069146227
4169 0.09609998816666365
4494 0.23133336928085477
5496 0.18155657108525766
5803 0.23408748887689634
6074 0.1289574078740818
6548 0.38895562802861683
6666 0.09582653320061814
6778 0.08031479944064601
7537 0.03502618835033386
7626 0.28424997504825095
7660 0.10856174959831438
8326 0.09474517172413899
8495 0.18514572419856873
8890 0.14237726589037414
9268 0.19743857568713225
9922 0.15344149433841275
10874 0.24321365537235531
11153 0.186392146970442
11540 0.24659759893915803
11877 0.18896659148200978
12006 0.06265669643631573
12291 0.15062177596015525
