185
26 0.036257441102046165
132 0.10455180565521986
214 0.04105385296824606
336 0.05157352884647393
456 0.022057972804069282
493 0.05368739467813219
496 0.026605164574475516
628 0.026605164574475516
641 0.041256007057779535
677 0.03525938077682705
769 0.0327334912120083
775 0.08333966425763964
938 0.01746278662415461
952 0.015925443952241703
958 0.030638862327382724
963 0.07424979762308878
1106 0.04543593014323047
1235 0.0781362665969847
1252 0.07424979762308878
1352 0.052387641423537946
1353 0.09195720446373291
1446 0.1562725331939694
1468 0.038641314716273974
1592 0.061146702553821555
1736 0.037167383994350156
1823 0.05512379832663897
1929 0.05466418539213888
1958 0.021594580302508437
2035 0.0912393616662519
2080 0.021940816428326727
2266 0.024131380430033877
2274 0.0486880577165894
2356 0.015925443952241703
2373 0.015116402889221557
2381 0.08880915374319913
2627 0.045171572122357145
2630 0.025766808604597787
2681 0.04836247584609428
2756 0.03989346626019886
2757 0.027249614806510586
2851 0.04543593014323047
2915 0.10822892570941503
2918 0.10822892570941503
2951 0.233801611223457
2957 0.08251201411555907
3044 0.0805201402112125
3170 0.05415694803751329
3301 0.04187882549493852
3464 0.10822892570941503
3591 0.03863409803296174
3609 0.032836106968967126
3670 0.034452350667317735
3765 0.027836416767103685
3897 0.045171572122357145
4078 0.03780518851608296
4081 0.02176672940079864
4244 0.04187882549493852
4320 0.048262760860067755
4410 0.033810115997613056
4436 0.10822892570941503
4446 0.06497190171167609
4447 0.07114651208067642
4451 0.03510080961095875
4488 0.0912393616662519
4502 0.037482998370052666
4624 0.03474372583777023
4699 0.06253178029298896
4784 0.10822892570941503
4820 0.029456281211329125
4827 0.0580991334680816
4861 0.015378583764344565
4872 0.025686207069479435
4972 0.024540159321787648
5138 0.05669782368690587
5155 0.05415694803751329
5181 0.03203107783864614
5249 0.042976063414729246
5297 0.029267686585737897
5616 0.16667932851527928
5781 0.08333966425763964
5807 0.06970120377014657
5914 0.13877175188670307
6014 0.0449116573043977
6058 0.053695284869768656
6119 0.06943341737638212
6125 0.03611085642506271
6162 0.01772714464502793
6251 0.02373312921227833
6436 0.05107643929401351
6452 0.03572207568382031
6490 0.08679048279933622
6584 0.02176672940079864
6688 0.10822892570941503
6747 0.05707099860297971
6758 0.07607126134429681
6770 0.10822892570941503
6778 0.020979272218386864
6794 0.032485950855838046
6817 0.028715321881532096
6994 0.04065730386569067
7035 0.030638862327382724
7042 0.022718695600579607
7262 0.03106980762599628
7389 0.0994161383411952
7425 0.03126589014649448
7482 0.03319437552413918
7483 0.017031990867127894
7492 0.06741704514194527
7554 0.02917424480515945
7966 0.05669782368690587
8041 0.0805201402112125
8139 0.06856309288963706
8171 0.07259629282086025
8224 0.02373312921227833
8252 0.018548465130698487
8320 0.05281135471300996
8324 0.010592634928567324
8352 0.03458396480331081
8515 0.027498379971762556
8517 0.3807758199865829
8682 0.044157138510658424
8741 0.06042729062563701
8817 0.05281135471300996
8869 0.05080013931502349
8889 0.09750970425437563
8890 0.01859539860415905
8896 0.04654101212488625
8956 0.04597860223186646
8961 0.03498566446965582
8996 0.04570488592469523
9035 0.22821378403289044
9099 0.02621560826771432
9273 0.022535680829869544
9291 0.0992220842607751
9292 0.1814072212491815
9341 0.0461827076336419
9438 0.04252778369016988
9445 0.00948465506109114
9470 0.07593767252309998
9534 0.037011959895785436
9620 0.04597860223186646
9675 0.02296613396152075
9855 0.07424979762308878
9898 0.01804138469790035
9908 0.10822892570941503
9995 0.05118199989252142
10105 0.03525938077682705
10117 0.08333966425763964
10269 0.05006359213008816
10318 0.009641923205983179
10329 0.08679048279933622
10364 0.032256841959689836
10392 0.03347483753534353
10450 0.06353057616804937
10521 0.05415694803751329
10533 0.044157138510658424
10623 0.06856309288963706
10646 0.0737161646626245
10749 0.017950948372123975
10928 0.10822892570941503
10937 0.0912393616662519
10951 0.02594146910296337
10959 0.05816272847972121
10960 0.2920130309464805
10980 0.03611085642506271
11087 0.05042748109878215
11103 0.025102569214807424
11189 0.04187882549493852
11217 0.037664453253367404
11300 0.0277512123221673
11497 0.01653039335147118
11659 0.06635010021447652
11736 0.021367989177125634
11780 0.04465603879640765
11846 0.04065730386569067
11857 0.05324700514520929
11893 0.02207507382522904
11977 0.039635128295401445
11984 0.05669782368690587
12024 0.02984051383693899
12039 0.05726023357992566
12264 0.06856309288963706
12265 0.019761730970323365
12269 0.17358096559867245
12275 0.029267686585737897
