214
68 0.04931401312839377
84 0.024035373682845692
103 0.025028179300997898
111 0.02512290583090955
132 0.02550994367789914
158 0.05893913248609747
159 0.02906565201943119
344 0.028219914811899584
374 0.038443297696030734
435 0.028424049088761675
490 0.13950933403238236
522 0.06537465483844929
552 0.03613092542256562
566 0.16600669264560486
594 0.020438413913540454
642 0.02512290583090955
743 0.05434936709864003
880 0.07137515362806751
956 0.04411656059778684
958 0.022427034543159526
979 0.014961951309019268
1122 0.02611650417669726
1205 0.048958443667485856
1250 0.04650311134412745
1254 0.041501673161401215
1288 0.06352889787355492
1390 0.04650311134412745
1524 0.09801164673935636
1536 0.017372175995756117
1543 0.11065538198573824
1553 0.04592868816117939
1759 0.05894714898907753
1958 0.2687156162864914
2042 0.060159002454642445
2074 0.038975742994351976
2080 0.01606023887849884
2091 0.029338430381732433
2100 0.029617944688455338
2166 0.04324662097707231
2196 0.03691190777394377
2266 0.017663687923386556
2274 0.035638684641152975
2358 0.07329109665097987
2392 0.031457619034038084
2630 0.018860788643768764
2644 0.021423361319459978
2650 0.027320704203760093
2658 0.06393674254762842
2704 0.024934238892428733
2768 0.02767264200939661
2895 0.019707853713534555
2981 0.06352889787355492
3111 0.04589108368547102
3249 0.07137515362806751
3285 0.024297619100992
3447 0.10218575346316978
3539 0.035638684641152975
3604 0.033455062543500995
3759 0.03706579903079851
3887 0.019302499508587003
3894 0.05018681294988861
3914 0.06100296770650567
3918 0.010269278355859201
4048 0.012405050522742036
4107 0.05719418467042638
4169 0.018374578693132252
4205 0.06162119967020455
4232 0.07922140938258009
4410 0.012374164407354999
4434 0.044231568382991825
4451 0.01284654536494149
4552 0.05912356114060366
4624 0.0042386187580761205
4664 0.10869873419728006
4731 0.049347928915913795
4800 0.0411044480442476
4820 0.021561408814095854
4861 0.0056284078961963534
4868 0.06100296770650567
4872 0.01880178993183828
4883 0.09919406251434386
4990 0.044231568382991825
5001 0.015157461424091315
5012 0.049347928915913795
5018 0.06651638457947004
5062 0.055682642119042336
5102 0.07137515362806751
5179 0.07137515362806751
5312 0.021842659412603223
5351 0.06162119967020455
5357 0.04856694656453565
5360 0.06678538824061006
5394 0.05018681294988861
5433 0.02352843430593611
5465 0.04372838535397354
5482 0.07137515362806751
5590 0.05109287673158489
5690 0.05434936709864003
5802 0.021109112896163667
5807 0.02550994367789914
5842 0.01685648725277955
5943 0.03999013061001716
6008 0.008716195375227121
6052 0.4856694656453565
6055 0.020501476774508347
6068 0.01953235013184418
6117 0.049347928915913795
6186 0.02906565201943119
6198 0.02743680526528783
6251 0.017372175995756117
6352 0.04372838535397354
6360 0.01480793867111124
6673 0.03834670593464899
6732 0.023863858973317317
6733 0.042784526030431265
6828 0.02560880678898841
6934 0.02550994367789914
7083 0.03449430144086345
7097 0.11438836934085277
7101 0.06612937500956256
7220 0.03738693219573873
7254 0.029477324814699977
7262 0.13645486730519799
7272 0.02569309072988298
7277 0.03325819228973502
7426 0.04475816352845635
7470 0.025809161652376043
7537 0.013394204649588886
7553 0.04783638636452975
7558 0.030348504888461247
7580 0.07184787445952764
7588 0.05018681294988861
7589 0.050056358601995796
7655 0.04475816352845635
7730 0.05109287673158489
7773 0.0685573611091465
7835 0.03941570742706911
7861 0.023283231485326805
7952 0.01853027899969964
7956 0.05487361053057566
8036 0.09750978695612841
8098 0.016674639900046147
8156 0.039772242489032605
8171 0.01771301154942759
8178 0.09643162456651376
8225 0.08374049079375609
8239 0.034938270275918684
8265 0.041501673161401215
8328 0.07922140938258009
8476 0.07860774957710134
8586 0.026867853646580637
8626 0.0971338931290713
8633 0.024475886631973743
8753 0.024122115519301626
8754 0.02304322770481294
8828 0.025708540951924253
8923 0.03746420044296792
8932 0.041501673161401215
8942 0.011371238942099833
8944 0.03112948723983939
8950 0.1501690758059874
9000 0.022808207063531847
9027 0.03484048593015714
9083 0.04589108368547102
9169 0.035638684641152975
9182 0.03306468750478128
9273 0.032991335450037636
9338 0.04144754277683931
9341 0.06760963695904962
9433 0.07930554501953613
9445 0.006942577841571393
9485 0.06813418040431485
9614 0.072892857302976
9664 0.017372175995756117
10025 0.07922140938258009
10168 0.04589108368547102
10216 0.03019857217644585
10218 0.020189618090435797
10221 0.044231568382991825
10318 0.02117308493629843
10324 0.06100296770650567
10327 0.04856694656453565
10420 0.020692801119454072
10597 0.03837860204518836
10619 0.04742040287408671
10643 0.03268732741922464
10897 0.07994413705905261
10898 0.037822320778209496
10902 0.07922140938258009
10934 0.03019857217644585
10951 0.006329545545304669
10988 0.013406880488489798
11011 0.018218441676074407
11036 0.009033169204730771
11237 0.029201219559129642
11310 0.03214387485550459
11319 0.007096328989874155
11327 0.07137515362806751
11332 0.010739913291035498
11352 0.05719418467042638
11616 0.07137515362806751
11637 0.0710502041379033
11733 0.06678538824061006
11812 0.026432424800060663
11876 0.09590511382144264
11893 0.013850153664263485
11929 0.015157461424091315
12006 0.023960261000742895
12145 0.07922140938258009
12155 0.12705779574710985
12177 0.01389011410470345
12204 0.009033169204730771
12232 0.06537465483844929
12286 0.33791505885281903
