217
36 0.04416038018056287
68 0.029713371302788696
70 0.14457248849353482
313 0.03502608917114262
330 0.028757574466528064
343 0.0776986001695244
435 0.01712645698301085
450 0.02589953338984147
456 0.019457023030011265
493 0.023678442347181913
544 0.07102566660977451
578 0.05681911679560072
669 0.060478525801626055
677 0.03110179661079727
694 0.09554214202373351
711 0.01987840246239057
736 0.03984519914379332
769 0.014436872735812364
788 0.045492273810387174
864 0.09316828468548703
938 0.015403674876762337
952 0.014047606844666919
1023 0.06502397687516355
1122 0.03147216527329148
1184 0.12018248176264891
1347 0.02949510945569584
1450 0.03486465445362945
1622 0.024404202562703148
1623 0.05460218398325001
1637 0.057646101773637055
1664 0.11544210584113015
1706 0.04156798125004184
1872 0.04416038018056287
1929 0.024109248921900858
2059 0.05460218398325001
2113 0.04862391585437291
2115 0.2292330367678787
2149 0.0640574562590421
2253 0.04324040865007959
2356 0.014047606844666919
2373 0.013333963268476466
2450 0.11503029786611225
2473 0.042947040904114
2541 0.061482437167800864
2578 0.02658172925880296
2600 0.08601191860101338
2630 0.02272853416235343
2658 0.03852406345965479
2705 0.026669453512401645
2731 0.04736384451980861
2798 0.04324040865007959
2841 0.03211270897424973
2895 0.04749861046162792
2957 0.07278267015556726
3055 0.15244266372715168
3246 0.05050843490308886
3270 0.02403649635252978
3308 0.04237858055112593
3332 0.024255928554770923
3344 0.10660410145462705
3420 0.042947040904114
3472 0.028453299968224387
3484 0.03811066593178792
3667 0.053936633722726834
3677 0.04416038018056287
3680 0.043415116653719193
3725 0.03134758838534226
3737 0.030741218583900432
3759 0.02233340544338161
3770 0.057646101773637055
3918 0.024750358889258344
3966 0.11138661020085422
3988 0.045846607353575736
4014 0.04354022455235647
4048 0.01494893028691104
4059 0.04764107631458237
4073 0.06892288571396572
4101 0.08373861836883642
4105 0.056843905942642194
4431 0.022789235544268576
4542 0.09546719087680548
4547 0.03211270897424973
4624 0.010215648249253164
4683 0.045846607353575736
4803 0.03852406345965479
4822 0.05102325352583394
4827 0.017082805507609437
4861 0.0067826146384723255
4931 0.056906599936448775
5001 0.018265772778585907
5040 0.03603700153459507
5110 0.04862391585437291
5120 0.05102325352583394
5137 0.06549468689432773
5146 0.029713371302788696
5224 0.01798353358432946
5306 0.07655664632522127
5337 0.05942674260557739
5511 0.06710137404942917
5802 0.012718958964527204
5825 0.06549468689432773
5842 0.02031321455418841
5914 0.2448171639668062
6066 0.02259201175566799
6162 0.015636861314427705
6212 0.09546719087680548
6252 0.03852406345965479
6270 0.07102566660977451
6294 0.04210299391707085
6448 0.06157039433398239
6452 0.015754966592661554
6585 0.09098454762077435
6657 0.022855615599454423
6666 0.02207961069153313
6699 0.04819082949784494
6817 0.05065875129378018
7003 0.09546719087680548
7020 0.053936633722726834
7087 0.07351272853483422
7102 0.02982382595018681
7193 0.04257189261621664
7205 0.024554105987954183
7220 0.045053798209926915
7312 0.02332954674483577
7331 0.21840873593300003
7382 0.039615931992011126
7389 0.04384677845152142
7394 0.03751315109620233
7418 0.04156798125004184
7425 0.02757919551527953
7484 0.02160565350240895
7536 0.02835336491010591
7537 0.008070464170550792
7602 0.11363823359120144
7952 0.011165123771793036
7988 0.039615931992011126
8092 0.02207961069153313
8147 0.05460218398325001
8208 0.02524983562897866
8224 0.020934654592209105
8252 0.016361336394103383
8349 0.0594676134381736
8352 0.0305060218191483
8483 0.02949510945569584
8556 0.02226951270632684
8625 0.03393422063878628
8776 0.11627516473545073
8777 0.04265984978239818
8890 0.09841641444764532
8934 0.16096187777113324
8935 0.09546719087680548
8961 0.06172071072467372
9025 0.1031165323857259
9045 0.05603941461853563
9118 0.060478525801626055
9246 0.05102325352583394
9291 0.029174128189323998
9292 0.16001672107440987
9338 0.07214582608183887
9341 0.0814742146975788
9407 0.09316828468548703
9433 0.04778429002320895
9438 0.03751315109620233
9445 0.016732557755381624
9534 0.06529544328255749
9546 0.0277686579279262
9643 0.13420274809885835
9647 0.19093438175361097
9656 0.04807299270505956
9658 0.022989352694411016
9664 0.020934654592209105
9675 0.06077429708098976
9678 0.15311329265044255
9731 0.047771071011866756
9776 0.023678442347181913
9870 0.04481007794142569
9881 0.09546719087680548
9910 0.09638165899568989
9921 0.035691639431665784
9944 0.05603941461853563
10004 0.02265743669845762
10054 0.09546719087680548
10167 0.05772105292056508
10218 0.02432986409849537
10348 0.05001234116238149
10373 0.0594676134381736
10501 0.037128870066951404
10533 0.27265267212041566
10597 0.023124413940549038
10601 0.05155826619286295
10934 0.03639133507778363
10938 0.0495336578572508
10951 0.015255066463634658
10952 0.05852647654359534
11036 0.021771167552092043
11109 0.17202383720202677
11116 0.03873555722205284
11145 0.030741218583900432
11156 0.08708044910471294
11189 0.036940714333210146
11271 0.06275732300310563
11319 0.008551559477177033
11385 0.05050843490308886
11400 0.0594676134381736
11426 0.06275732300310563
11629 0.034693669090823887
11661 0.06710137404942917
11736 0.018848398319163105
11893 0.011126918626705425
11908 0.032784819020627874
11977 0.017480790526199406
12004 0.049717894305108895
12007 0.03852406345965479
12106 0.05211512205819029
12177 0.016738532990880066
12204 0.021771167552092043
12279 0.0640574562590421
