59
76 0.08236687102512193
103 0.09007656396293628
201 0.09110800796474486
453 0.18742839423343224
495 0.09959400074632943
628 0.07008865408406306
1374 0.09145770849762834
1729 0.10460745193512155
1905 0.08713023019504373
1929 0.0720036737606282
2243 0.09551661446261513
2261 0.13095095335839982
2373 0.03982265661737097
2382 0.35358522437784573
2679 0.0979137683098096
2763 0.1027122329208836
3361 0.1534474788420226
4198 0.10509536030488695
4624 0.015254813747523474
5013 0.0887407111082134
5146 0.0887407111082134
5155 0.14267108127162093
5419 0.20584220577196533
5845 0.07938788005152375
5882 0.19260019498480682
6008 0.03136963823008858
6013 0.07071704487556915
6280 0.08098572649042987
6548 0.13382790329697047
6657 0.06825962494943161
6794 0.1711619986978856
6932 0.06786408920233447
6952 0.05688876927170344
7035 0.08071502873744177
7272 0.04623479204585118
7561 0.1435727879638673
7833 0.061837843525420065
8324 0.02790524085159714
8326 0.06519791341556345
8447 0.08681563510331244
8873 0.0801789701884084
9267 0.06988132609494467
9273 0.059368004802680875
9338 0.016574438813967172
9632 0.11443236083410471
9898 0.04752822963184298
9987 0.08808885941082643
10280 0.1265660949590955
10318 0.02540068558484298
10321 0.09590647257581887
10619 0.11377753854340689
10914 0.09325270639874993
11067 0.050630173462632655
11102 0.5702366331696702
11861 0.09832737452157927
11893 0.016615594731998536
12113 0.10364882271933885
12204 0.03251042889985671
12303 0.1092244469279461
