31
696 0.18715459177673685
864 0.18091483865857605
1184 0.09334847956501573
1706 0.16143400399826136
2419 0.13540086858222283
2450 0.11168332576663481
3055 0.1480071249888389
3680 0.08430378267954056
3988 0.1780505372705925
4820 0.10090781408257354
5802 0.049395530179400765
5914 0.3169251415645034
6008 0.04079196447756272
6664 0.15564898904477228
6778 0.07186828796930676
8384 0.202395030254285
8776 0.11289197144245704
8777 0.16567440018102791
9292 0.20714773897989858
9534 0.25358231347677057
9541 0.2487744494407038
9544 0.31255692047405625
9731 0.18552441174234707
10525 0.20023241688489946
10533 0.15126825722787546
10597 0.17961260663974568
11319 0.033210958177782024
11420 0.3707577421430223
11893 0.021606329824714356
12177 0.06500600511534446
12216 0.202395030254285
