42
119 0.10513771590340246
237 0.20833152195519014
374 0.06369451491871019
674 0.0717338490082882
769 0.05954759190412462
911 0.27677221453851003
959 0.20055846934871288
1205 0.08111646262067375
1622 0.10065971499108507
2042 0.07475552389469398
2458 0.18621691298963802
2630 0.046874053046177915
2828 0.08853660350935665
3946 0.29295869593043644
4266 0.25395865034407006
4570 0.14721686740327164
4624 0.021068179519017644
4708 0.13522714090622465
4931 0.11736097739716812
4941 0.0692167762305389
5035 0.14936739053048073
5649 0.22810298462572934
5802 0.052461734042040464
7193 0.08779788166339463
7389 0.18085426929510456
8910 0.3547723057112428
9341 0.08401392351900258
9776 0.19533236146325159
9849 0.10928180955558164
10318 0.03508048099862728
10653 0.11493188770593485
10898 0.09399848033783442
11112 0.18482757888617532
11141 0.23114508614963009
11187 0.16829905891896535
11497 0.06014299610955968
11629 0.14310055137857897
11750 0.1672852446011534
11893 0.011473766196779004
11953 0.14936739053048073
12205 0.13466165702713245
12270 0.08540325762246531
