86
23 0.2351393324164145
37 0.3212551224732269
57 0.08334246129653428
311 0.14471866821756008
547 0.08137578051408374
674 0.02926166143038382
854 0.06907367162800733
1184 0.040442415392340364
1524 0.02484077838179228
1542 0.07130374299355856
1895 0.03704434786144967
1916 0.13814734325601466
1928 0.11950366935437581
2002 0.05359379448426632
2748 0.061533951054434134
2806 0.06005268350090225
2895 0.039959204259108747
2976 0.07775092495507475
3152 0.051923844990308235
3159 0.09847325671393167
3239 0.031217843136846436
3270 0.040442415392340364
3361 0.05763196743381237
3571 0.1593833183135046
3643 0.0627918922181816
3749 0.06378276613769888
3876 0.06092992458745446
3958 0.09847325671393167
4078 0.05610843121304833
4101 0.03522343625693096
4494 0.0896829406899285
4577 0.07713884385349247
4624 0.008594128776901556
5112 0.05586809727816216
5329 0.08256436369487827
5389 0.036939305659497546
5496 0.07038555331262146
5590 0.1035947763353224
5802 0.021400183049032545
6008 0.017672763174703628
6014 0.06665547067582485
6057 0.059279573278940456
6398 0.05036720239016643
6548 0.07539483955112922
6550 0.11950366935437581
6666 0.03714987301775207
6778 0.031136309548209534
7035 0.13641766383024476
7153 0.27082512474685844
7262 0.02305607024343017
7272 0.026047368613714855
7561 0.040442415392340364
7619 0.33025745477951307
7660 0.042087040796090915
7835 0.039959204259108747
7891 0.3212551224732269
7952 0.03757158005586152
8166 0.11305470439563872
8292 0.16062756123661345
8633 0.04962676136966411
8707 0.37106476673134775
8833 0.0810830961413464
8942 0.02305607024343017
8950 0.05074657765677144
9151 0.057095752515723214
9230 0.052126063752751535
9444 0.05470278705928216
9445 0.014076615855210702
9503 0.07775092495507475
9572 0.09304773687254587
9898 0.026776054611647983
10460 0.04182622343185355
10483 0.08768588331626899
10553 0.08584876861819724
10597 0.0389077983984002
10619 0.09614855032100886
11011 0.11081791697849264
11103 0.0372558855899005
11129 0.07775092495507475
11852 0.06743356827748087
11893 0.00468037706637961
12006 0.024290645174941516
12083 0.06215430452268179
12129 0.06122995083443906
12162 0.09428867049119158
12291 0.05839280274194427
