122
110 0.07117906645375498
119 0.14205715791354362
177 0.10555258727857231
178 0.08032748950353347
210 0.042212731433194976
374 0.08606104561323225
404 0.08516901171701108
461 0.13194402336129699
493 0.08797464633118247
522 0.14635089831489675
674 0.06461561155769736
711 0.03692800819868647
740 0.09382926529095849
769 0.026819305814948208
788 0.0845107680773276
959 0.09032840373967292
979 0.03349455565050071
1178 0.11334176636962415
1205 0.14613435392338525
1505 0.13656422578113475
1536 0.03889020246372441
1622 0.09067112852986571
1905 0.10839326218524764
2042 0.13467488390909022
2091 0.06567844453062123
2266 0.03954279531616316
2373 0.0247704364488487
2578 0.14814223394382744
2624 0.20820827693756289
2828 0.07975100820726157
2833 0.09032840373967292
2933 0.0700526163257105
3546 0.11899921406644219
3642 0.12803769787526342
3683 0.0676040000023185
3725 0.05823425715890021
3765 0.045614039103499725
3805 0.05823425715890021
3876 0.06727274096772144
3971 0.08874407816844755
4048 0.02777055255024029
4105 0.035199545984085964
4299 0.3546978399370101
4552 0.044118964787834156
4596 0.062217490003794076
4600 0.0782145198790719
4624 0.009488779166662237
4708 0.06090419327593202
4822 0.09478564125515056
4941 0.031174155492979378
5224 0.033407919821521095
5425 0.03464863395464187
5461 0.14084512769837434
5628 0.09032840373967292
5649 0.10273402343170362
5802 0.02362794604895695
5845 0.049380744647942475
6068 0.04372607388995729
6209 0.048424368683750385
6230 0.06064950816437933
6352 0.09789250121822601
6452 0.0292679221383402
6584 0.07133593769271848
6775 0.08516901171701108
6778 0.034377605111278554
7016 0.0845107680773276
7176 0.030241254245884187
7193 0.03954279531616316
7272 0.028758904487500264
7389 0.08145393963157796
7484 0.02006835688090267
7552 0.035014574686222474
7692 0.11235065296984313
7880 0.10143420235174963
7952 0.020741394232468856
8112 0.053806762552111614
8193 0.09382926529095849
8208 0.09381298511150844
8252 0.030394372266384685
8320 0.08653912675408888
8483 0.0547929163755398
8556 0.041369961663463184
8786 0.0653712776752693
8823 0.055610437442755824
8880 0.07195884968034968
8927 0.0808844559961037
8942 0.025456211405507467
8986 0.04646830950052282
9338 0.010309610613411893
9341 0.03783855963810571
9445 0.015541994160365214
9534 0.06064950816437933
9575 0.030859356969057818
9578 0.04438431752964077
9656 0.04465247828910152
9776 0.17594929266236495
9998 0.09478564125515056
10144 0.07079799227574436
10150 0.08952386139504225
10318 0.031599402022922
10450 0.10410413846878144
10462 0.09382926529095849
10578 0.05419663109262382
10606 0.14950903507598953
10898 0.04233544816354127
11021 0.0601476906713642
11025 0.09901895134627052
11141 0.20820827693756289
11187 0.07579926887359277
11277 0.14221889653911995
11319 0.031772377994883534
11629 0.16112563610838412
11637 0.039764115109802975
11852 0.07445341516464285
11871 0.09290767444587829
11893 0.020670420726740885
11965 0.05732912682449554
12006 0.026819305814948208
12186 0.038045425728063256
12204 0.02022209418940266
12270 0.07692858805969795
12271 0.21678652437049528
