54
578 0.15865757017337637
628 0.06553043726151157
678 0.10585314063599159
696 0.13456456812365547
864 0.1300781717410052
1184 0.1342355292319105
1254 0.1396508248456221
1587 0.09154594470552291
1622 0.06814452069971551
1706 0.232142816505544
2419 0.09735352593469948
2705 0.07446984273534284
2895 0.06631583301059939
3055 0.10641745235460798
3239 0.05180877124054044
4073 0.19245525438300687
4105 0.10581785972336508
4289 0.09517634227102068
4342 0.18288260127838996
4410 0.0416383758684133
4624 0.014262716673360053
5120 0.14247362302146438
5351 0.1036759569723128
5802 0.03551549616137314
5914 0.11393494115557347
6008 0.05865902653766489
6664 0.1119119696228409
6778 0.10334691808056784
6817 0.07072790674661503
6994 0.10014186879899718
7230 0.09826048174181333
7418 0.116071408252772
7756 0.2740457252307688
7952 0.031176679755339692
8100 0.08266350925108673
8517 0.10420869774480744
8776 0.08116957878278751
8890 0.0458018065692295
9025 0.14396755348976362
9291 0.081463714177323
9292 0.14893968547068567
9341 0.1137513363873925
9534 0.09116312395237886
9644 0.26657564196711736
9658 0.12838759361484553
9677 0.26657564196711736
9910 0.13456456812365547
10533 0.21752442738855884
10597 0.12914186402048852
11145 0.08583954344513706
11226 0.3438493841707378
11846 0.10014186879899718
12006 0.08062494731856164
12215 0.16605303961431447
