68
23 0.23502218245764062
103 0.07608194242060799
270 0.24082130124761236
711 0.05014437634280191
1113 0.10230746305986134
1524 0.0744852069950147
1895 0.05553883771367405
1916 0.1035588871258749
2002 0.08035063987235717
2373 0.03363566431158636
2657 0.24082130124761236
3152 0.0778469636224241
3361 0.043202440739376465
3805 0.07907603603498083
4025 0.11171197243884853
4048 0.03770950848024181
4101 0.0528088311152976
4306 0.23130123635718966
4494 0.13445738894613857
5329 0.12378484332705861
5346 0.1287089962019978
5389 0.05538135291115775
5496 0.10552572925395964
5802 0.064168563466061
6008 0.05299187501332622
6057 0.04443752947667741
6269 0.17916619623821636
6299 0.14541549943471116
6398 0.07551316303641255
6473 0.13773704743000403
6548 0.11303591505888626
6550 0.17916619623821636
6620 0.09271683195570037
6778 0.04668119545438954
7035 0.06817484924720904
7205 0.06193909866502173
7262 0.0345668750426972
7269 0.11947793335690508
7272 0.03905158713323735
7376 0.09512413282445287
7561 0.06063339955733497
7619 0.49513937330823443
7667 0.24082130124761236
7952 0.05632929199275548
8324 0.023569781464776954
8495 0.10761184487854043
8890 0.04137681363571045
8986 0.06309910859722177
9027 0.10590989510525567
9268 0.11475679209905237
9273 0.05014437634280191
9445 0.021104404009602232
9575 0.04190378211647884
9898 0.040144071566619706
9998 0.1287089962019978
10597 0.05833262092039249
10619 0.04805032383217812
10875 0.13005859542529688
10951 0.019240877010469764
10979 0.07202898466794244
11153 0.10833630046378558
11812 0.08035063987235717
11852 0.10109995778639162
11875 0.061560958933467115
11877 0.10983263922411317
11893 0.014034135695986662
12006 0.03641781481421179
12129 0.09179916772536953
