256
29 0.026952881983885707
105 0.05344063168427461
116 0.029450807836269507
119 0.04084856848210318
150 0.03070133543321275
152 0.04321785630689991
336 0.036451636242604966
344 0.01816583653405458
456 0.015590346809440386
464 0.02793603386730785
490 0.04490275349694583
493 0.018972847363674626
517 0.030536968481706846
578 0.04552750618032246
600 0.05028561815141775
674 0.05574070196449992
763 0.041758331973513266
769 0.05783923173856132
1068 0.03192679951011989
1122 0.05043546185845846
1162 0.10394184649884898
1178 0.04888717654322498
1203 0.04933456672072578
1224 0.04088344946638492
1416 0.039689879769559726
1436 0.058903611873128696
1493 0.058903611873128696
1599 0.14800370016217734
1623 0.04375114237870365
1632 0.02042428424105159
1769 0.05522590427789239
1994 0.07526886392975554
2002 0.025522779461799722
2042 0.11617738167466068
2077 0.042709383404205235
2269 0.04088344946638492
2278 0.019614269558133998
2292 0.04764966953067985
2343 0.03590501252875767
2356 0.022511877815349336
2450 0.023042608246900995
2453 0.15398213137774852
2458 0.07234981526298224
2490 0.06448703621515084
2578 0.08519666699271969
2609 0.039689879769559726
2630 0.01821171355529297
2678 0.035133148656992706
2739 0.037326518749733306
2828 0.0515979467579588
3208 0.0764950841861433
3214 0.11780722374625739
3239 0.04460028255073627
3245 0.12897407243030168
3246 0.04047094027316588
3285 0.07038432286696693
3373 0.04933456672072578
3456 0.032894705525953354
3472 0.022798801938684887
3546 0.05132737712591617
3591 0.0136530902534406
3613 0.0764950841861433
3619 0.03702704258348203
3655 0.0764950841861433
3680 0.017393635304840397
3723 0.03488751593114374
3737 0.024632044600480907
3820 0.06276939041533132
3903 0.04658395430674062
3915 0.03861391045008069
3933 0.017199315585986266
3966 0.02975028400252078
3983 0.046895563902136214
4033 0.025420147756584844
4048 0.011978143174503677
4156 0.030058197217665245
4173 0.10265475425183233
4230 0.0333072147191724
4376 0.06448703621515084
4382 0.024632044600480907
4410 0.011948319973741057
4515 0.04375114237870365
4596 0.21468784299497085
4601 0.0689188494389308
4643 0.05028561815141775
4655 0.02389696455776519
4708 0.026269522209432798
4803 0.06173642380116568
4827 0.013687955342965704
4850 0.046895563902136214
4861 0.005434711894284553
4907 0.024350564762907364
4931 0.022798801938684887
4941 0.026892406779707105
4992 0.14068669170640866
5040 0.028875401495392448
5057 0.041312139560114085
5062 0.05376637994450574
5218 0.0764950841861433
5219 0.06882443024316776
5224 0.014409682560711472
5312 0.021090966238019766
5325 0.05691080146793831
5438 0.08980550699389166
5439 0.17671083561938608
5440 0.08176689893276984
5441 0.05376637994450574
5472 0.02959952028400709
5749 0.05522590427789239
5802 0.020382663987822302
5842 0.01627638818260606
5921 0.0764950841861433
5942 0.027311281183931214
5999 0.038277570180425276
6007 0.058903611873128696
6010 0.021022438137066075
6013 0.03794569472734925
6063 0.03192679951011989
6114 0.05344063168427461
6117 0.04764966953067985
6138 0.05376637994450574
6155 0.05462256236786243
6162 0.025058724608284396
6251 0.016774330015694842
6312 0.0764950841861433
6360 0.01429833834184446
6398 0.07195857343648847
6514 0.14068669170640866
6584 0.0461534969618454
6635 0.05691080146793831
6664 0.0321136450223472
6729 0.03763443196487777
6732 0.04608521649380199
6748 0.12897407243030168
6772 0.022639234195290514
6791 0.05708888319562706
6807 0.10323664536475165
6808 0.0764950841861433
6810 0.0764950841861433
6825 0.036451636242604966
6868 0.09808243751520943
6871 0.04845968421359745
6932 0.01820742097151056
6952 0.030525651573775434
6966 0.03763443196487777
7016 0.036451636242604966
7188 0.025318470778740828
7193 0.0852790492663419
7208 0.049264089200961814
7259 0.022250218178871895
7312 0.018693287462220275
7389 0.035133148656992706
7470 0.024920965289042283
7484 0.008655990966028088
7486 0.05028561815141775
7496 0.06836419445260147
7537 0.012933256556049485
7610 0.0689188494389308
7880 0.04375114237870365
7889 0.041312139560114085
7974 0.05247898824415835
7984 0.09161090544512054
8059 0.1378376988778616
8110 0.04431178815515192
8208 0.020231959109569587
8252 0.013109863120198139
8342 0.04047094027316588
8355 0.0689188494389308
8455 0.02638048962242893
8515 0.01943557027046742
8553 0.06134261469171827
8615 0.04933456672072578
8742 0.0764950841861433
8754 0.022250218178871895
8816 0.0764950841861433
8823 0.023986191145496157
8910 0.0689188494389308
8927 0.06977503186228748
9000 0.022023285536794564
9010 0.039689879769559726
9027 0.05046222842570781
9055 0.0764950841861433
9088 0.04552750618032246
9106 0.0764950841861433
9151 0.16314302583207918
9283 0.06448703621515084
9338 0.01334038908056532
9341 0.04896218943165801
9383 0.05376637994450574
9407 0.037326518749733306
9438 0.09017459165299573
9445 0.0067036560015635615
9534 0.026159670065689037
9563 0.02010559705135472
9657 0.11382160293587662
9675 0.032464451426481224
9776 0.20870132100042085
9782 0.05376637994450574
9849 0.021229325000653124
9919 0.03441221512158388
9923 0.04084856848210318
9925 0.03795127143310994
9929 0.041312139560114085
9940 0.058903611873128696
10004 0.018154745224747353
10018 0.04321785630689991
10116 0.026835980374371356
10195 0.029159318660726873
10218 0.019494812671857948
10247 0.058903611873128696
10308 0.23561444749251478
10312 0.021022438137066075
10318 0.027259245992639482
10348 0.04007343478346734
10513 0.04845968421359745
10534 0.058903611873128696
10578 0.023376380633002156
10600 0.05522590427789239
10619 0.015262825786887717
10646 0.02605091099622974
10749 0.03806263338417159
10750 0.02346144095565564
10782 0.2067565483167924
10823 0.12268522938343654
10898 0.01826035180763043
10914 0.025018994612489555
11036 0.008722301763738873
11045 0.04222351691349551
11071 0.02605091099622974
11095 0.10323664536475165
11104 0.04321785630689991
11141 0.08980550699389166
11163 0.03230374018415945
11187 0.06538829167680628
11237 0.05639257786304554
11292 0.06448703621515084
11317 0.04764966953067985
11319 0.034260579792989396
11332 0.031110929902124024
11497 0.03505053263983893
11634 0.027727937497483562
11637 0.10290762413840637
11750 0.06499440007250962
11768 0.051461959943919756
11893 0.03120486726829492
11930 0.07499452138609389
11935 0.05247898824415835
11948 0.058903611873128696
11953 0.08704931472950049
11965 0.02472750543694692
12006 0.011567846347712263
12007 0.03086821190058284
12177 0.01341209978559236
12205 0.052319340131378074
12237 0.05691080146793831
12265 0.013967386854578174
