230
68 0.020583096273041515
84 0.020064171584838735
105 0.023100478686487944
157 0.04265114655725884
159 0.024263331081858838
214 0.025085542295014033
435 0.011863867930204601
450 0.017941168094242062
505 0.052520179155766795
506 0.05575089061236602
619 0.11237904241000055
628 0.03251363430930746
679 0.02683295999523936
769 0.010000734631380761
826 0.02571997298151035
938 0.010670459427714735
1029 0.020972018157590585
1182 0.049201018584812434
1451 0.04189478556106027
1479 0.10606489621090746
1524 0.010227230723765357
1543 0.11084705069673098
1551 0.031758938537627894
1553 0.01917010095395676
1612 0.6635546048666386
1710 0.028094760602500136
1711 0.05303244810545373
1759 0.016402570191756286
1844 0.03881971703661754
1854 0.03280996160543699
1940 0.049201018584812434
1972 0.06613219216056092
2070 0.08108511746734497
2074 0.06507208961293476
2138 0.05092386028186737
2172 0.02897853208479569
2283 0.04119450465760732
2419 0.048303003508594095
2464 0.02081452338026715
2644 0.017883724343525604
2647 0.04189478556106027
2650 0.022806689182207324
2677 0.05214559426331813
2750 0.06613219216056092
2757 0.016650601961289337
2895 0.03290331689408893
2909 0.046482576077900135
3014 0.0336828403281487
3032 0.06613219216056092
3048 0.07068982706701335
3176 0.03935983363299059
3239 0.02570548149110033
3360 0.05575089061236602
3361 0.011863867930204601
3539 0.029750346016396523
3759 0.04641250193338207
3762 0.04437398825431378
3773 0.19839657648168274
3774 0.04536958906417113
3903 0.020136581654813142
3918 0.00857255500593635
4014 0.03016125718547759
4105 0.013125668537465383
4170 0.024724372171653
4209 0.038308810565181484
4271 0.07300688047935494
4410 0.02065932996626329
4434 0.03692348574286044
4448 0.025085542295014033
4453 0.024963611985311787
4502 0.045807215302455434
4522 0.038308810565181484
4526 0.04437398825431378
4624 0.024768103303430933
4782 0.028438415488422648
4820 0.017998963185067232
4827 0.011833629607144866
4861 0.009396928316479118
4972 0.01499501654739295
5018 0.055526332605268534
5069 0.15276640352777604
5181 0.019572266663928986
5183 0.03151348401286538
5224 0.01245758346717756
5241 0.033992686706118894
5371 0.03431303833018786
5389 0.01520833187869354
5473 0.01811562476427747
5556 0.1685685636150008
5622 0.0197799556372827
5623 0.049201018584812434
5752 0.020064171584838735
5829 0.05092386028186737
5833 0.028438415488422648
5943 0.03338283202279295
5991 0.05575089061236602
6008 0.00727607741336474
6010 0.07269800057639764
6025 0.06613219216056092
6055 0.01711415654169351
6119 0.021213294275080674
6162 0.010831992726885785
6214 0.015251578946824228
6251 0.014501888948356035
6289 0.10674581472946694
6410 0.039170082039080865
6437 0.023823741687753253
6481 0.03650344023967747
6491 0.035344913533506675
6621 0.02612213869148258
6628 0.026260089577883398
6646 0.2640008425533633
6727 0.05958232013300733
6791 0.016451658447044465
6827 0.049201018584812434
6872 0.02640008425533633
6892 0.035344913533506675
6932 0.015740837143287688
6952 0.013195150232078103
7021 0.04265114655725884
7035 0.05616470230303267
7042 0.013882029533663945
7150 0.036114227880455506
7205 0.017009161373791767
7220 0.015604871230718891
7254 0.024606985967781346
7259 0.019235951170913392
7470 0.02154488857494654
7482 0.040566175935371526
7483 0.010407226030553088
7484 0.01496670443586866
7507 0.013733215940132172
7651 0.039932704050346546
7660 0.03465542585554768
7837 0.027442814678565297
7901 0.029953568212123877
7956 0.09161443060491087
7957 0.04265114655725884
7986 0.04308977714989308
8068 0.03464463263005373
8098 0.013919602020113596
8100 0.020507196524480294
8103 0.038308810565181484
8112 0.020064171584838735
8133 0.03782411622676019
8156 0.01660047204057624
8178 0.10733183998095744
8225 0.023301538779953813
8387 0.03881971703661754
8439 0.03692348574286044
8473 0.03576744868705121
8534 0.03881971703661754
8586 0.044857320114484185
8711 0.03935983363299059
8753 0.040273163309626284
8774 0.024263331081858838
8826 0.06613219216056092
8873 0.018597230536600798
8890 0.022725061081993052
8905 0.024724372171653
8944 0.025986172778913783
8950 0.04178588530202341
9000 0.01903976139933484
9017 0.023200473988842927
9126 0.031040912149349252
9175 0.08865420750645496
9184 0.04536958906417113
9273 0.013770200206102153
9338 0.03459944584252404
9445 0.0057955026991656725
9473 0.049448744343306
9614 0.060849263903057296
9620 0.028094760602500136
9821 0.01660047204057624
9860 0.07986540810069309
9898 0.01102400593800182
9954 0.049201018584812434
10004 0.0156952974508459
10103 0.02935656120976092
10110 0.021213294275080674
10192 0.025461067254629342
10266 0.10792709435508453
10298 0.020209550881442793
10318 0.011783199622020853
10321 0.022245169478399496
10325 0.02081452338026715
10327 0.04054255873367248
10364 0.019710217550329805
10392 0.020454461447530714
10576 0.023200473988842927
10597 0.016018782707141438
10610 0.06613219216056092
10619 0.013195150232078103
10628 0.022154743258272484
10643 0.027286621570490093
10714 0.046482576077900135
10750 0.020283087967685763
10845 0.01760162972674345
10951 0.005283757579591273
10980 0.022065174171611763
11021 0.022428660057242093
11036 0.007540679802617531
11071 0.0225217590161488
11080 0.012988219308373235
11099 0.03280996160543699
11310 0.02683295999523936
11332 0.008965430116504577
11424 0.028265025891720492
11580 0.05575089061236602
11624 0.023403696184570288
11871 0.03464463263005373
11875 0.06762128008918081
11876 0.026686453682366735
11893 0.005780893263051283
11908 0.022710754674024246
11929 0.012653096673949251
12007 0.10674581472946694
12051 0.016018782707141438
12087 0.03016125718547759
12103 0.1684142016407435
12105 0.018597230536600798
12137 0.022428660057242093
12144 0.05958232013300733
12175 0.023403696184570288
12204 0.015081359605235062
12227 0.029165656375620245
12232 0.054573243140980186
12263 0.035344913533506675
12265 0.01207520615573332
12339 0.11150178122473205
