35
23 0.23477198612648228
1205 0.09911196761146664
1536 0.10550522539029661
1553 0.13946774996723638
1895 0.11095942604946
2002 0.1605302028268501
2382 0.11933320350364339
2679 0.16522697830604252
3221 0.2310550012140904
3330 0.18340288313446745
3361 0.08631289788761233
3407 0.15736155561262727
3677 0.22255685393564553
3680 0.10940045959968496
4105 0.09549284388918156
4451 0.07802002838020579
4624 0.025742107812147808
5496 0.21082678056453488
5802 0.06410025187526976
6398 0.15086554876960795
6735 0.27870711929371333
6778 0.09326300059834419
7202 0.3228329529284167
7471 0.18340288313446745
7952 0.0562693258140486
8326 0.11001981040528791
9267 0.11792294944826599
9671 0.14042926877992504
9954 0.35795092444224424
10298 0.14703003369950654
10318 0.04286300689404667
10624 0.21644193891410615
11067 0.08543712203857107
11094 0.22583116201622463
12205 0.1645360430988272
