519
23 0.026242682602384312
27 0.04533808348721932
51 0.036086088707051545
57 0.05580852178060629
103 0.016990687822216542
188 0.30382971687717214
189 0.19098819170871995
210 0.012800860770514835
258 0.09690780451687825
259 0.04533808348721932
273 0.02845339120236958
335 0.017119843040984028
337 0.05135952912295209
343 0.014590227491981252
352 0.037898842475240946
365 0.03780084751602899
373 0.016494738031208715
374 0.008699235398554031
390 0.02757991196247826
411 0.02904480252686904
437 0.048453902258439124
448 0.03406993618547129
481 0.03406993618547129
576 0.016028864813325418
679 0.021821265402413786
769 0.02439857749378242
780 0.048453902258439124
788 0.025627590043046423
847 0.036086088707051545
854 0.023126863831164513
887 0.04062211599894778
895 0.02487728189031811
938 0.008677496898559161
942 0.017317739503977
945 0.1734251437240459
952 0.007913570352661006
956 0.014974535300636289
959 0.027391767380045336
999 0.03780084751602899
1048 0.048453902258439124
1134 0.03780084751602899
1136 0.04533808348721932
1193 0.0862547497744681
1195 0.04001155611601425
1307 0.048453902258439124
1343 0.048453902258439124
1362 0.0191164833524442
1413 0.01431410600434798
1454 0.03780084751602899
1458 0.024193760075392725
1524 0.016634103430601677
1530 0.02582720008718678
1540 0.048453902258439124
1553 0.015589627859974179
1564 0.022065240008840272
1575 0.02965631681180613
1595 0.019640633375553048
1676 0.048453902258439124
1702 0.019640633375553048
1704 0.05634784410841391
1742 0.015589627859974179
1746 0.026242682602384312
1770 0.03002714505295531
1830 0.04001155611601425
1858 0.08536017360710874
1861 0.022065240008840272
1896 0.041620319387624886
1905 0.01643493574789324
1918 0.024193760075392725
1929 0.013581689721456807
1971 0.011078680855578128
2002 0.2153277261254744
2018 0.03350044942541202
2025 0.028743408814266225
2065 0.04312737488723405
2066 0.06151912267169296
2080 0.021805381993880723
2091 0.01991675486318632
2105 0.017452559709822714
2144 0.03247432014482392
2154 0.018016817102804648
2166 0.02935850137360412
2186 0.025627590043046423
2191 0.048453902258439124
2252 0.02582720008718678
2281 0.03247432014482392
2318 0.026681919555735553
2337 0.04060212534368272
2356 0.023740711057983022
2373 0.06760392130453972
2377 0.049401235363500474
2460 0.046253727662329026
2464 0.016926915218676557
2512 0.03468502874480918
2551 0.03689573734479445
2596 0.01816460155402566
2609 0.027904260890303144
2645 0.023270504548327936
2656 0.025307566930412254
2666 0.019823607606063203
2675 0.01816460155402566
2693 0.03780084751602899
2698 0.02968555305536457
2701 0.01564317897998748
2748 0.020602456384444176
2756 0.07929443042425281
2757 0.013540705332982591
2781 0.01387486905099674
2798 0.024359025684159506
2805 0.03689573734479445
2822 0.01725120614789301
2889 0.05580852178060629
2933 0.021243206912939704
2938 0.01823957341331068
2943 0.03535367242416037
2957 0.041001345431963425
2958 0.03780084751602899
2976 0.026032133688605227
2990 0.041412616078256616
3013 0.048453902258439124
3025 0.026911326281735502
3043 0.03882697679661709
3059 0.053822652563471005
3102 0.025058103282987156
3120 0.0229858588727728
3133 0.023416881443061158
3152 0.01738485394476191
3269 0.04149688569682723
3285 0.016494738031208715
3286 0.02543303396464141
3300 0.019823607606063203
3301 0.020810159693812443
3323 0.05086606792928282
3330 0.020500672715981712
3332 0.013664320137217655
3361 0.038592031717724885
3363 0.025058103282987156
3378 0.08144337832085655
3390 0.0229858588727728
3428 0.031153727458391844
3433 0.04533808348721932
3442 0.03168707969784748
3454 0.02904480252686904
3466 0.031153727458391844
3518 0.03075956133584648
3548 0.04141121263480031
3571 0.21345535644588443
3580 0.023718275155663975
3589 0.02194228451176735
3591 0.03839562070762985
3597 0.017729510570358802
3605 0.020400219591133275
3616 0.024193760075392725
3636 0.048453902258439124
3639 0.048453902258439124
3661 0.013581689721456807
3663 0.048453902258439124
3668 0.04871805136831901
3669 0.03780084751602899
3680 0.012228722792687812
3681 0.03002714505295531
3692 0.048453902258439124
3721 0.0136228938664154
3725 0.035318663003135464
3727 0.03406993618547129
3749 0.021355392184530485
3760 0.06401689385388125
3765 0.013832295232275745
3766 0.04533808348721932
3783 0.03780084751602899
3805 0.017659331501567732
3825 0.03689573734479445
3867 0.023873523963589993
3903 0.03275119052575731
3918 0.006971426111562661
3933 0.012092104890025513
3940 0.048453902258439124
3958 0.03297026993583174
4059 0.026838095147506874
4081 0.05408092389044769
4103 0.07217217741410309
4120 0.10497073040953725
4143 0.017054994093913523
4156 0.12679581524414668
4184 0.03882697679661709
4198 0.019823607606063203
4205 0.020916155231179245
4225 0.04312737488723405
4233 0.048453902258439124
4289 0.019201396422201804
4306 0.10330880034874712
4317 0.020400219591133275
4320 0.047964848531087734
4356 0.010370578529202841
4381 0.028810097081154035
4416 0.026911326281735502
4431 0.012838074182820593
4451 0.026163106704405106
4485 0.024031974002399047
4522 0.031153727458391844
4552 0.013378919259988912
4555 0.032008446926940624
4577 0.05165440017437356
4590 0.048453902258439124
4614 0.04312737488723405
4624 0.040284139788860945
4655 0.016800936091966517
4676 0.029087025460695862
4688 0.048453902258439124
4758 0.07560169503205798
4772 0.012838074182820593
4827 0.019246834667303446
4839 0.026459163245229518
4861 0.019104570162752094
4905 0.01878591390700427
4926 0.015751413932967858
4974 0.041412616078256616
4997 0.048453902258439124
5000 0.04001155611601425
5021 0.04312737488723405
5035 0.020400219591133275
5110 0.027391767380045336
5113 0.036086088707051545
5177 0.048453902258439124
5181 0.03183335908346927
5197 0.04533808348721932
5224 0.010130832944193742
5235 0.025058103282987156
5247 0.018625813228166622
5254 0.048453902258439124
5271 0.028173922054206955
5278 0.03297026993583174
5293 0.024031974002399047
5305 0.03882697679661709
5343 0.03468502874480918
5370 0.023873523963589993
5373 0.026242682602384312
5380 0.03588795435424574
5389 0.024735627102775146
5406 0.04001155611601425
5421 0.03882697679661709
5493 0.04001155611601425
5494 0.048453902258439124
5496 0.282793209414189
5510 0.03882697679661709
5630 0.03247432014482392
5701 0.041412616078256616
5752 0.016316709498691656
5802 0.007165090658599008
5830 0.048453902258439124
5849 0.03406993618547129
5862 0.03468502874480918
5998 0.034635479007954
6001 0.019823607606063203
6008 0.017751289796620596
6011 0.048453902258439124
6012 0.048453902258439124
6017 0.031569209973589384
6028 0.027904260890303144
6055 0.0278353601019796
6057 0.029771487171873046
6066 0.012726970252908032
6079 0.011381261463638333
6117 0.03350044942541202
6137 0.09067616697443864
6150 0.016142712149294604
6156 0.024359025684159506
6162 0.03523544002187255
6180 0.04462992468359467
6186 0.019731575911782085
6203 0.03468502874480918
6209 0.014684517688739641
6214 0.012402983199153733
6251 0.03537994700933689
6257 0.028743408814266225
6258 0.012297953482767729
6279 0.022065240008840272
6294 0.023718275155663975
6295 0.02271138131596698
6340 0.048453902258439124
6360 0.010052551574990024
6403 0.024031974002399047
6410 0.010618045321385229
6423 0.09067616697443864
6436 0.01269028973159958
6452 0.04437696680776066
6507 0.019640633375553048
6577 0.04312737488723405
6584 0.021632369556179077
6589 0.04533808348721932
6616 0.018468980139310632
6729 0.026459163245229518
6732 0.01620027462536475
6778 0.020849773123525577
6791 0.013378919259988912
6817 0.014269035173542109
6899 0.02845339120236958
6900 0.032008446926940624
6907 0.03882697679661709
6933 0.03406993618547129
6952 0.010730641542713993
6998 0.024527923793406875
7006 0.031153727458391844
7026 0.026032133688605227
7042 0.033867689308071644
7101 0.06733911123656729
7150 0.04405355306621892
7176 0.009170552863653068
7185 0.047747047927179986
7205 0.013832295232275745
7220 0.01269028973159958
7229 0.0438845690235347
7230 0.019823607606063203
7259 0.03128635795997496
7262 0.0154390112595483
7282 0.011728466722708455
7310 0.11648093038985129
7379 0.02030106267184136
7382 0.04463443038684322
7392 0.036086088707051545
7396 0.01991675486318632
7463 0.031153727458391844
7483 0.008463428610034062
7488 0.04364253080482757
7496 0.024031974002399047
7537 0.01818564163945976
7542 0.026426580016404414
7544 0.03689573734479445
7552 0.010618045321385229
7553 0.03247432014482392
7589 0.033981375644433084
7619 0.11057497025850671
7660 0.028182699387683894
7717 0.03689573734479445
7718 0.0862547497744681
7819 0.03689573734479445
7835 0.026757838519977824
7871 0.048453902258439124
7885 0.03468502874480918
7952 0.012579508159825213
7956 0.018625813228166622
7986 0.017520867311796817
8077 0.048453902258439124
8092 0.024876629094036484
8112 0.03263341899738331
8171 0.012024696083891366
8176 0.05011620656597431
8194 0.048453902258439124
8200 0.07209592200719715
8201 0.018867232704187657
8223 0.031153727458391844
8252 0.07373588287314291
8291 0.0229858588727728
8309 0.048453902258439124
8324 0.031581748795947
8327 0.033853830437353113
8329 0.020705606317400156
8339 0.022577733519098076
8352 0.017185243900621556
8357 0.06230745491678369
8385 0.018391747784458908
8387 0.031569209973589384
8390 0.026459163245229518
8455 0.03709399318476985
8500 0.03882697679661709
8501 0.048453902258439124
8560 0.041001345431963425
8586 0.01823957341331068
8646 0.04001155611601425
8672 0.023126863831164513
8716 0.022577733519098076
8722 0.02714779277361885
8725 0.026459163245229518
8727 0.018391747784458908
8836 0.021821265402413786
8837 0.09044215331956924
8890 0.009240307242365629
8931 0.02845339120236958
8949 0.021584798910530435
8964 0.04001155611601425
8980 0.03468502874480918
8981 0.02271138131596698
8985 0.023718275155663975
9000 0.015483632322607374
9004 0.04312737488723405
9027 0.011825946524005156
9049 0.027643742564626678
9076 0.026681919555735553
9099 0.013026893378074802
9126 0.07572984670317416
9139 0.022190194869687603
9151 0.0191164833524442
9182 0.022446370412189096
9206 0.036086088707051545
9228 0.03247432014482392
9267 0.03954408596569924
9268 0.025627590043046423
9273 0.022396574466256355
9287 0.022847394683001888
9302 0.04533808348721932
9303 0.048453902258439124
9304 0.048453902258439124
9338 0.009379058325284902
9437 0.04312737488723405
9444 0.018315283923494872
9462 0.04312737488723405
9568 0.0144509266148968
9578 0.013459386535799207
9581 0.04533808348721932
9582 0.0801443240666271
9584 0.01620027462536475
9602 0.025243282234391387
9653 0.027391767380045336
9656 0.013540705332982591
9664 0.04717326267911585
9675 0.011412185266430138
9708 0.048453902258439124
9821 0.013499938369342481
9825 0.03075956133584648
9876 0.031153727458391844
9928 0.048453902258439124
9929 0.05808960505373808
9945 0.04312737488723405
9975 0.04533808348721932
10063 0.026911326281735502
10105 0.017520867311796817
10116 0.018867232704187657
10132 0.04743655031132795
10135 0.022847394683001888
10136 0.04533808348721932
10141 0.016738712637635204
10142 0.026459163245229518
10143 0.036086088707051545
10144 0.021469239520499672
10145 0.031153727458391844
10146 0.04001155611601425
10172 0.017589787546180357
10218 0.013705970941749373
10237 0.023270504548327936
10256 0.04533808348721932
10298 0.01643493574789324
10318 0.023956015874446693
10360 0.03297026993583174
10392 0.008317051715300838
10429 0.024359025684159506
10460 0.014004024269764229
10465 0.027643742564626678
10490 0.03741089326238796
10515 0.02543303396464141
10619 0.03219192462814197
10620 0.031153727458391844
10628 0.018016817102804648
10638 0.023416881443061158
10727 0.048453902258439124
10750 0.03298947606241743
10844 0.020916155231179245
10862 0.02030106267184136
10893 0.03689573734479445
10916 0.04533808348721932
10934 0.061502018147945134
10951 0.030078229737126583
10959 0.0144509266148968
10963 0.015751413932967858
10979 0.016085577650982008
10980 0.01794397717712287
10981 0.014974535300636289
10988 0.0091014259691121
11021 0.03647914682662136
11052 0.027904260890303144
11067 0.01910022837998631
11084 0.02010650659343634
11103 0.02494761817750875
11217 0.009357990317534572
11249 0.021821265402413786
11304 0.02845339120236958
11319 0.009634860698467963
11332 0.007290922434712733
11339 0.05478353476009067
11381 0.04312737488723405
11451 0.03780084751602899
11456 0.048453902258439124
11497 0.032856711847110094
11498 0.02968555305536457
11523 0.03882697679661709
11538 0.048453902258439124
11611 0.02543303396464141
11629 0.009772155292287628
11643 0.025627590043046423
11666 0.04001155611601425
11682 0.04001155611601425
11732 0.048453902258439124
11812 0.01794397717712287
11826 0.026032133688605227
11828 0.015023953828657767
11856 0.048453902258439124
11875 0.013747848727262736
11893 0.01723763694554425
11908 0.036937960278621264
11930 0.013181361988566414
11958 0.041412616078256616
11962 0.041412616078256616
11977 0.009847617973571575
12006 0.016265718329188283
12021 0.022824370532860277
12029 0.0500309669264444
12030 0.016926915218676557
12078 0.01643493574789324
12113 0.019550754519113044
12138 0.015751413932967858
12177 0.01885895012415653
12186 0.05768570063638736
12188 0.048453902258439124
12193 0.023416881443061158
12196 0.028173922054206955
12200 0.02231721519342161
12204 0.018396834562798725
12219 0.04533808348721932
12227 0.023718275155663975
12265 0.02454968426515993
