223
188 0.04053972160471684
189 0.13378774484770622
258 0.18102447777474898
273 0.05315113998308043
337 0.03197999027560301
343 0.027254650185483054
352 0.0353976555425578
448 0.06364288652024702
481 0.06364288652024702
576 0.029942035077772437
769 0.045576718730527536
780 0.09051223888737449
788 0.04787252303667483
854 0.04320114843665792
945 0.32395941928689886
1193 0.16112449468190393
1195 0.0747418754038023
1524 0.03107262518006356
1540 0.09051223888737449
1553 0.029121537280962572
1676 0.09051223888737449
1742 0.029121537280962572
1770 0.056090923526506624
1830 0.0747418754038023
1858 0.05315113998308043
1861 0.04121802747970747
1896 0.03887352839910237
1905 0.030700578512288506
2002 0.06703895757178012
2065 0.08056224734095196
2091 0.03720464173190557
2186 0.04787252303667483
2252 0.048245396038795206
2337 0.03792253149025232
2356 0.014782606494554216
2373 0.05612649448131711
2377 0.09228186396016823
2464 0.03161959971206128
2596 0.0339316067131743
2656 0.02363735877707079
2675 0.0339316067131743
2693 0.07061225579452945
2701 0.02922157115937917
2756 0.07406128396756982
2781 0.02591835545827741
2798 0.04550283566488872
2938 0.03407165468704527
2943 0.06604091507292913
2976 0.04862821348430664
2990 0.0773590655182668
3013 0.09051223888737449
3043 0.0725290726915162
3059 0.05027055158935695
3152 0.03247503255522302
3269 0.051677654515694914
3323 0.047509090878999266
3330 0.03829540449237269
3361 0.054067645192221896
3378 0.15213681810505328
3442 0.01973056447175569
3466 0.05819538758521771
3548 0.03867822193788412
3571 0.09968403634123492
3589 0.04098834572437182
3639 0.09051223888737449
3661 0.02537069435617212
3663 0.09051223888737449
3825 0.06892150346665261
3918 0.013022674257067495
4081 0.04040942235210431
4103 0.06740907397184429
4120 0.04902152037380759
4143 0.031858851974759184
4156 0.1973795811478175
4184 0.0725290726915162
4205 0.03907152882738508
4233 0.09051223888737449
4306 0.19298158415518082
4317 0.03810775733064835
4320 0.06719901224807562
4381 0.026908734568676478
4451 0.04887287202244974
4522 0.05819538758521771
4552 0.024991917671689734
4577 0.09649079207759041
4624 0.00537507597647576
4688 0.09051223888737449
4758 0.07061225579452945
4839 0.04942590777598602
4861 0.035687474853698775
4997 0.09051223888737449
5000 0.0747418754038023
5113 0.06740907397184429
5177 0.09051223888737449
5181 0.029732472181316534
5197 0.0846918669502248
5224 0.018924469007307692
5370 0.04459591494923541
5389 0.023103164915530182
5406 0.0747418754038023
5421 0.0725290726915162
5493 0.0747418754038023
5494 0.09051223888737449
5496 0.08804329246693555
5510 0.0725290726915162
5752 0.03047973102608571
5849 0.06364288652024702
5862 0.06479188385737977
6001 0.03703064198378491
6008 0.022106358246249735
6011 0.09051223888737449
6012 0.09051223888737449
6028 0.052125360599596424
6057 0.018537784253579905
6079 0.021260278500212726
6117 0.06257908114509368
6162 0.01645501402317922
6180 0.027789673732511327
6203 0.06479188385737977
6251 0.022029998729180503
6279 0.04121802747970747
6295 0.04242502410164553
6410 0.019834585241868773
6589 0.0846918669502248
6778 0.019473763285757072
6817 0.026654660618073343
6933 0.06364288652024702
6952 0.020044915795399163
6998 0.04581833855112243
7026 0.04862821348430664
7042 0.021088362631526802
7101 0.08385996364405104
7150 0.027430784953085728
7176 0.01713065889093989
7185 0.04459591494923541
7205 0.025838827257847457
7259 0.02922157115937917
7262 0.02884018438506084
7382 0.0833774378836992
7483 0.01580974568512121
7589 0.03173872739542709
7619 0.20655484195308843
7718 0.16112449468190393
7819 0.06892150346665261
7835 0.024991917671689734
7871 0.09051223888737449
7952 0.023498611970916513
8077 0.09051223888737449
8112 0.03047973102608571
8200 0.04489190076453476
8252 0.06886958050961703
8309 0.09051223888737449
8324 0.04916244544235756
8327 0.03161959971206128
8352 0.032102159553102645
8385 0.0343559175098916
8387 0.058971511920230105
8455 0.034645923402812896
8500 0.0725290726915162
8501 0.09051223888737449
8586 0.03407165468704527
8716 0.042175369053173914
8836 0.040762281155261926
8964 0.0747418754038023
8980 0.06479188385737977
8985 0.04430590905631412
9027 0.022090953400221592
9076 0.04984201817061746
9099 0.02433433078532499
9126 0.14146389983498422
9151 0.035709728777966236
9182 0.04192998182202552
9267 0.024622879263811723
9268 0.04787252303667483
9287 0.04267909805224866
9338 0.011680099064727731
9437 0.08056224734095196
9444 0.03421308246612333
9568 0.026994435142396557
9582 0.08982610523331731
9664 0.044059997458361005
9708 0.09051223888737449
9821 0.02521798224079964
10116 0.035244126769329254
10132 0.08861181811262824
10136 0.0846918669502248
10141 0.03126803593328496
10143 0.06740907397184429
10144 0.04010469426889718
10146 0.0747418754038023
10218 0.0256028525720437
10298 0.030700578512288506
10318 0.017900004173471935
10360 0.06158870203469462
10460 0.02615961833845334
10515 0.047509090878999266
10619 0.040089831590798326
10620 0.05819538758521771
10638 0.043742903427401995
10862 0.03792253149025232
10893 0.06892150346665261
10916 0.0846918669502248
10934 0.03829540449237269
10951 0.02407986432213489
10963 0.02942375483217959
10980 0.03351947878589006
10981 0.02797253994382981
11052 0.052125360599596424
11103 0.02330116534381289
11304 0.05315113998308043
11319 0.01799798927514493
11332 0.013619495693045037
11339 0.051168019026129975
11497 0.015344143676484238
11498 0.05545282721131122
11523 0.0725290726915162
11538 0.09051223888737449
11629 0.0182544565666227
11893 0.017563652803035
12113 0.036520950449438185
12186 0.0215514609681489
12227 0.04430590905631412
12265 0.009171797453860446
