97
21 0.0984757458251563
68 0.043606355927473056
159 0.051403124054149554
450 0.07601858838864936
505 0.16690008115838725
619 0.11904041202336918
769 0.021187074485162223
965 0.03913920337083512
1451 0.08875627390780307
1536 0.03072300312421639
1543 0.03913920337083512
1612 0.674771909375581
1838 0.06576178071278732
1844 0.08224158191008621
1854 0.06950960364536041
2249 0.08013235000928702
2266 0.031238547168066982
2419 0.10233241565898231
2630 0.03335564114531479
2675 0.04732096773467745
2679 0.04811391049043004
2895 0.06970738166139195
3360 0.11811115038608389
3746 0.09611782516931752
3759 0.09832729011923946
3774 0.09611782516931752
3876 0.05314502111049106
4025 0.03249577017485721
4414 0.06781683345376162
4448 0.10629004222098212
4453 0.052886705431805396
4624 0.007496072879905619
4820 0.038131736088777846
4861 0.009953939760997593
5109 0.09035866386762124
5241 0.07201526805175198
5556 0.05952020601168459
5622 0.04190486087745059
6055 0.03625722737025811
6214 0.032311260229698026
6289 0.0565366348327025
6410 0.027661282773761602
6628 0.05563336038612909
6646 0.22371978545545843
6872 0.11185989272772921
6932 0.03334777906886617
6952 0.027954609447660716
7035 0.15865044252481036
7259 0.04075235922891559
7282 0.030554063831888714
7470 0.04564396275245327
7482 0.08594154557646203
7483 0.02204824757586874
7660 0.0367096576391774
7837 0.058139024792520665
8045 0.05780812160022174
8068 0.07339644927091592
8100 0.086891116755097
8178 0.11369403209492467
8205 0.12622823234361893
8473 0.03788759663209582
8586 0.047516278428594044
8633 0.04328604209661451
8867 0.05367187223588273
8950 0.04426278153328935
9175 0.18781853204747584
9184 0.09611782516931752
9273 0.02917288261272479
9338 0.0244335729067563
9549 0.05314502111049106
9614 0.17188309115292405
9821 0.07033792027815895
9860 0.08459950256592497
9978 0.07412449995255117
10004 0.0332513008708778
10110 0.044941463047274775
10266 0.05716228535584583
10298 0.042814980660844416
10327 0.0858915113109833
10392 0.043333836384665536
10418 0.056230992447965075
10619 0.027954609447660716
10750 0.04297077278823101
11021 0.047516278428594044
11080 0.027516215564069274
11319 0.012549984399169779
11332 0.018993728228110508
11629 0.02545763769765247
11875 0.07162959276691078
11876 0.113073269665405
11893 0.0040823739678321905
11929 0.026806240899315627
11977 0.025654227041800155
12006 0.042374148970324446
12087 0.06389818609421695
12103 0.14271768489187137
12204 0.015975320867478902
