145
41 0.050028938394824876
68 0.03576138118105692
126 0.19372487248028797
232 0.08847588111104156
330 0.06922207324509286
343 0.031171255409806187
495 0.0401351192655285
517 0.09173580726079883
593 0.0757563379437707
594 0.029642929639303692
648 0.2964109752216345
674 0.020931261951641446
769 0.034750853661586305
869 0.20703843908255515
965 0.03209788896818858
979 0.021700121731369593
1215 0.04971621184040129
1256 0.08075952710654222
1308 0.037579658062738074
1374 0.03685629667246334
1471 0.04940933098577379
1481 0.05277157350431811
1552 0.10480524414807807
1632 0.030678195900475217
1688 0.06342162634398152
1759 0.02849807226256349
1895 0.02649832275451767
1920 0.05517845769576451
1956 0.08075952710654222
1971 0.023669020290653583
2055 0.056528613820455806
2172 0.05034773768751037
2202 0.04562467477127628
2228 0.060192106033324144
2356 0.01690692779134792
2382 0.08549421678769047
2630 0.027354814961381074
2705 0.03209788896818858
2781 0.029642929639303692
2841 0.038649092177457205
2986 0.07882580672164272
3082 0.15008681518447464
3085 0.05277157350431811
3120 0.04910808129144978
3132 0.05204178012661385
3239 0.022330545168023082
3270 0.02892900639111347
3317 0.11599966934361373
3460 0.1348919210085501
3551 0.05700452098864396
3623 0.05100453117747374
3805 0.03772823507408211
3819 0.03657564628787297
3928 0.06078917720314147
4547 0.038649092177457205
4624 0.024589985924542476
4787 0.08891962833220989
4820 0.03127166947025538
4861 0.06530545861495313
4872 0.02726924596008953
5219 0.05168869882584882
5290 0.10351921954127757
5323 0.059059405375172624
5628 0.11704214723158453
5667 0.04687853943105697
6041 0.08937253613907939
6066 0.054381008187080804
6077 0.07157195225069181
6251 0.0251958000705053
6323 0.07410274380540863
6563 0.05353532273219056
6620 0.044236441363871656
6630 0.040661933909246176
6932 0.027348367306979007
6982 0.03388661112054926
6994 0.1294890307691606
7193 0.05123719095802033
7327 0.08847588111104156
7483 0.01808167110423913
7507 0.023860296019703842
7740 0.06655830391313218
7758 0.11704214723158453
7833 0.0249198667230696
7896 0.07278863082956022
8098 0.048368251999273755
8117 0.06937968088917454
8118 0.058521073615792264
8198 0.5594398614532704
8364 0.13414417218245783
8384 0.12544579517608193
8438 0.04740818690157899
8828 0.07457295598286835
8863 0.04740818690157899
8867 0.04401606694493662
8868 0.038649092177457205
8873 0.03231110816900912
8900 0.07278863082956022
8931 0.06078917720314147
8932 0.060192106033324144
8942 0.016492318694507988
9003 0.08847588111104156
9017 0.04030885260848114
9027 0.025265514178245144
9077 0.05100453117747374
9287 0.048812259815956466
9291 0.03511237779691178
9292 0.06419577793637717
9338 0.053434309181101466
9652 0.054752001311058965
9675 0.024381534963689246
9866 0.05700452098864396
9898 0.01915327379620049
10080 0.06655830391313218
10105 0.03743241359858879
10167 0.06946988797163371
10181 0.05277157350431811
10184 0.04910808129144978
10218 0.0292820876918785
10239 0.060192106033324144
10318 0.020472308326491963
10321 0.038649092177457205
10571 0.07992641030661121
10619 0.022925452562192604
10716 0.10351921954127757
10749 0.03811452777377598
10750 0.03524014223707152
10760 0.031887403422239106
10825 0.053149007315413034
10951 0.01836015984820935
10960 0.025834147560503028
11011 0.02642318464760368
11116 0.046619988454439196
11217 0.01999285524990485
11219 0.17020440650869545
11276 0.062342510819612375
11319 0.02058437428990805
11332 0.06230669275319305
11352 0.0829517984680595
11629 0.02087769698502644
11634 0.020824306213732366
11893 0.02678349584268612
11957 0.026956519405665933
11977 0.02103891904366148
12021 0.024381534963689246
12265 0.010489822436010359
