214
190 0.14976745703899266
236 0.02327431430233282
319 0.034546667382726916
335 0.028276397676554373
344 0.010547279354002093
456 0.018103844842673068
544 0.06608604235948413
677 0.028938758992152095
694 0.0444487348467024
785 0.04232842122524702
864 0.04334435354273911
938 0.014332395019821545
979 0.016776225001642473
1122 0.05856673922745546
1160 0.05839273750343523
1184 0.13418897634745444
1374 0.028493366689768672
1451 0.16881727164593954
1582 0.09131689538910023
1664 0.05370672505335603
1701 0.17765546235245833
1706 0.038677051561955465
1710 0.03773644515216429
1736 0.03050473218996957
1895 0.02048568345371553
1986 0.046995723206030675
2059 0.05080476419127075
2115 0.255948671534756
2129 0.02987936540194328
2133 0.04524226686235507
2180 0.06608604235948413
2181 0.028384418568514192
2224 0.05145579808247152
2266 0.019805571936522475
2271 0.06608604235948413
2356 0.02614127498687294
2392 0.10581643076451765
2453 0.05960245035128294
2541 0.028603258096534672
2578 0.024733048905222637
2596 0.06000399605863026
2630 0.010573916044144257
2768 0.03102820341753749
2844 0.04565844769455012
2957 0.06772085152489427
3055 0.3546018225993925
3073 0.057288356199471945
3085 0.08159473036682169
3112 0.02928336961372773
3239 0.01726360131918261
3256 0.16006009003243396
3270 0.022364829391242406
3278 0.029052592743473583
3332 0.022569000735272387
3344 0.04959505134342304
3407 0.029052592743473583
3518 0.05080476419127075
3520 0.09556878238406344
3544 0.03243992124326291
3647 0.04959505134342304
3654 0.04797254184636111
3670 0.028276397676554373
3671 0.062434672696192586
3677 0.041089156843224554
3680 0.020197862091059796
3749 0.035272143588172544
3765 0.022846440813212878
3891 0.041323124356581066
3918 0.02302904490787087
3966 0.034546667382726916
3977 0.03943127608817258
4001 0.08159473036682169
4014 0.08102426239565895
4048 0.013909276566139571
4059 0.04432778089468329
4061 0.10037100195093608
4101 0.01947871151654218
4105 0.017630193681218733
4178 0.09822640500460895
4289 0.06342889007563456
4416 0.0444487348467024
4618 0.08882773117622916
4670 0.05445613385456231
4676 0.024021140181768378
4755 0.09698134007891951
4822 0.047474737721967655
4861 0.006310903926728557
4931 0.026474457428160354
4972 0.06042321849641972
4986 0.0609397258627635
5001 0.016995442509626774
5013 0.027646894542330692
5040 0.03353073506523483
5110 0.04524226686235507
5111 0.09806170552293739
5120 0.047474737721967655
5196 0.03707408383656657
5217 0.1016095283825415
5252 0.033369046532240154
5310 0.03129826420562225
5667 0.03624149831873521
5802 0.011834393128844073
5855 0.1125448477639597
5914 0.15186057135400483
6008 0.009773113930997718
6066 0.04204160881935518
6155 0.03171444503781728
6162 0.014549364033035844
6232 0.03943127608817258
6258 0.02031220861394763
6303 0.03843528466746776
6353 0.14246471771240957
6384 0.03707408383656657
6400 0.08882773117622916
6410 0.017537548173567185
6584 0.017864809939914864
6620 0.03419890924019422
6664 0.03729105284978086
6758 0.062434672696192586
6816 0.05627242388197985
6923 0.029167456678489013
6952 0.01772352041195439
6994 0.033369046532240154
7002 0.03604161421615601
7025 0.020839912347443368
7087 0.06840013651129513
7180 0.05214203970275131
7188 0.11760140354402514
7193 0.019805571936522475
7197 0.24973869078477035
7331 0.203219056765083
7382 0.03686076153453792
7389 0.040797365183410844
7394 0.10471266842176394
7418 0.038677051561955465
7483 0.013978824017927176
7484 0.08041217777845044
7554 0.02394444884152413
7580 0.026853362526678016
7855 0.06412950363220088
8008 0.062434672696192586
8052 0.03943127608817258
8147 0.05080476419127075
8224 0.01947871151654218
8252 0.015223454021756183
8321 0.03665096538288459
8329 0.03419890924019422
8776 0.054094286114067275
8831 0.08003004501621698
8867 0.03402853918962828
8873 0.024979510594731275
8890 0.045785922501715495
9017 0.031162515551254596
9025 0.04797254184636111
9112 0.03996020171126679
9117 0.037511795425738695
9118 0.05627242388197985
9292 0.0992586887896842
9330 0.037965142838501206
9338 0.07229201330165044
9341 0.01895198123691004
9407 0.04334435354273911
9445 0.007784429019723463
9534 0.030377169526336723
9540 0.0609397258627635
9541 0.11920490070256588
9544 0.07488372851949633
9546 0.10334972083674371
9567 0.03243992124326291
9572 0.10291159616494304
9624 0.05839273750343523
9664 0.01947871151654218
9675 0.018849208382318502
9772 0.05018550097546804
9776 0.04406335395793718
9802 0.05145579808247152
9842 0.046995723206030675
9921 0.03320939187124636
10172 0.029052592743473583
10218 0.04527558856286423
10266 0.03624149831873521
10312 0.02441170571123417
10321 0.02987936540194328
10348 0.046534131312176485
10373 0.055331817472188675
10392 0.04121117137031839
10420 0.02320199286338646
10444 0.07488372851949633
10525 0.04797254184636111
10533 0.14496599327494084
10579 0.04334435354273911
10597 0.02151617960320642
10601 0.04797254184636111
10646 0.030250876163989433
10647 0.03143548044144431
10816 0.028169288364168644
10938 0.04608873900979306
10963 0.02601619905453396
10997 0.03490422280725465
11116 0.03604161421615601
11271 0.05839273750343523
11276 0.09639319093452273
11319 0.007956823903580166
11433 0.05018550097546804
11846 0.033369046532240154
11893 0.018117880322564058
11991 0.03402853918962828
11995 0.07938596775889512
12078 0.027145154186491726
12083 0.06874319464333371
12138 0.02601619905453396
12177 0.062297670860223406
12204 0.010128523741760832
12215 0.055331817472188675
