47
84 0.11043544017518274
769 0.05504515979749109
938 0.05873139983818458
1215 0.1575004085903014
1308 0.11905194061376996
1471 0.1565282134410102
1481 0.16717976050880345
1552 0.16601092646317112
1920 0.174804742975273
1956 0.25584528760301567
2630 0.043329875445462275
3132 0.16486778316942155
3239 0.07074291982056667
3317 0.1837428339935599
3551 0.180589691266658
4624 0.038950401558932805
4787 0.1408481989635411
4861 0.05172174243711001
4872 0.08638866924235995
5628 0.185394113196296
6066 0.08613921588106077
6323 0.23475667181725646
6994 0.13673993853738936
7193 0.08115942679636753
7483 0.05728253383534787
7507 0.07558915357937626
7758 0.185394113196296
8098 0.07661504336995348
8198 0.29538321437766407
8233 0.23059357646127146
8364 0.10624181301548617
8867 0.1394424126806042
8900 0.23059357646127146
9003 0.28029061164414526
9017 0.1276979987136279
9287 0.1546366985865478
9292 0.101685756823242
10184 0.15557385774520519
11067 0.0646374849279336
11116 0.14769160718883204
11217 0.06333714404579523
11219 0.13480141877586038
11319 0.0326055349072433
11332 0.0986934563522355
11893 0.010606227281157364
12193 0.1584911228518157
12265 0.033231641320844586
