108
110 0.07474235612830427
188 0.07514861664360796
289 0.1528119889958909
374 0.03012311362722341
435 0.03340845784940096
524 0.07279919037518374
587 0.04646655439401957
674 0.033925164315208665
711 0.038776658326762276
736 0.07772574662797453
938 0.03004783904555848
1162 0.08434875766832978
1549 0.1052138078559851
2042 0.21212524909717123
2080 0.0377530880240268
2148 0.14933850558727857
2298 0.07242702281377314
2333 0.0995306978231437
2434 0.08676947546465842
2458 0.08806775962508943
2630 0.02216819498320324
2678 0.08553159892806696
2743 0.12776001998775321
3285 0.05711684363064513
3609 0.05650037868077257
3803 0.06043352261881266
3915 0.09400550841329851
4200 0.09014228091715608
4596 0.06533215490110529
4803 0.07514861664360796
4874 0.0874107003929374
4941 0.06546952490221875
5150 0.1434007567990695
5368 0.061149517748531196
5425 0.0363831765070934
5473 0.05101330273679899
5598 0.24480921569287414
5627 0.05950787983229166
5920 0.11416718160798013
6014 0.07727851682532676
6066 0.04407007667850497
6155 0.13297854805112813
6186 0.06832514307333172
6222 0.08213001083688037
6251 0.04083708184532116
6409 0.0455087809372149
6514 0.34250154482394035
6620 0.07169794852582938
6732 0.05609719601485911
6762 0.23200610131149554
6772 0.05511518247724041
7042 0.03909156788224235
7193 0.041522344097467336
7201 0.14948471225660853
7262 0.026730572812218543
7374 0.07434220502569497
7484 0.021072997323965382
7540 0.11600305065574777
7547 0.08213001083688037
7833 0.040389852042673376
7951 0.11549585931468921
7984 0.07434220502569497
8045 0.07683867959027019
8222 0.06067005348176771
8224 0.04083708184532116
8312 0.05711684363064513
8414 0.08434875766832978
8514 0.07434220502569497
8942 0.026730572812218543
9115 0.07556117602197182
9232 0.07556117602197182
9426 0.11600305065574777
9434 0.06648927402556407
9534 0.06368567844555367
9659 0.10166059800486252
9776 0.04618936910769203
9809 0.1569935951788426
10144 0.07434220502569497
10303 0.1385492627875159
10318 0.016590648607151686
10392 0.028799714272031766
10534 0.1434007567990695
10570 0.10931568759642653
10653 0.10870971596771412
10749 0.06177561680271903
10897 0.06264203304049033
10898 0.08890959944091369
10925 0.05950787983229166
10951 0.029757949670834484
10985 0.18716218285536795
11049 0.07772574662797453
11087 0.08676947546465842
11095 0.08377648729243198
11101 0.18792609912147104
11237 0.068643824090355
11244 0.07434220502569497
11277 0.14933850558727857
11332 0.07573951326272754
11629 0.03383834679325748
11637 0.04175474336397384
11736 0.03676743656899544
11771 0.08806775962508943
11945 0.06139252899797933
11953 0.07064047638786285
11965 0.060199075755300535
11977 0.06819930754481966
12193 0.08108636543181702
12270 0.040389852042673376
