247
69 0.08162211834241132
79 0.026961849792601977
84 0.026379382468863538
105 0.030371369179536135
111 0.027572974333068108
119 0.023215050322666478
178 0.11814441909556062
186 0.04554905298617155
188 0.03508603210693795
222 0.053303355116343626
289 0.07134617497567633
343 0.023588162267003804
344 0.010324004609272344
373 0.026667202923717784
374 0.0421924146746991
435 0.06239211190307751
455 0.03547430414342697
464 0.031753202432511556
478 0.03650164071549629
484 0.04972928108561499
514 0.05103824788937692
524 0.03398911177535355
587 0.021694704336330885
590 0.04175508482604264
628 0.021373660788120672
674 0.126714178656573
696 0.04389009982791964
711 0.018104379559038333
736 0.07257852941346993
797 0.04277678579176597
894 0.053303355116343626
938 0.014028993381160827
952 0.012793945926649175
965 0.02428937184133166
1073 0.18878559776474402
1162 0.07876294606370708
1205 0.10746606461181608
1312 0.06468707076285013
1327 0.053303355116343626
1549 0.2456156350845009
1632 0.046430100645332956
1702 0.031753202432511556
1759 0.04313057937439854
1929 0.043915298947311644
1958 0.06939332894643394
1971 0.017911010768636014
2040 0.05103824788937692
2041 0.03965453224287041
2042 0.11554533631822203
2086 0.02676464416029865
2154 0.029127962918292755
2167 0.025732650158380325
2172 0.038099543657645764
2227 0.052758764937727076
2266 0.01938630893324611
2298 0.06763070197035012
2299 0.04600087346800463
2370 0.05834072953771591
2434 0.04051167856479926
2489 0.052501548280020564
2630 0.010350077428866252
2656 0.020457494431314064
2678 0.039933728126759264
2681 0.03885272540654735
2705 0.07286811552399498
2748 0.0333081910177362
2768 0.030371369179536135
2781 0.06729490601600568
2902 0.049123127016900185
2936 0.0333081910177362
3152 0.02810626195256943
3286 0.08223566526702812
3340 0.044284535939939085
3390 0.03716146093235368
3400 0.08303344876390212
3481 0.04313691807901805
3557 0.052501548280020564
3609 0.026379382468863538
3660 0.07329851921495106
3661 0.021957649473655822
3903 0.026474583654837017
3918 0.011270772196139155
4025 0.04033305622340369
4048 0.013614831897477041
4059 0.021694704336330885
4101 0.03813273560506623
4200 0.04208640296668689
4226 0.03132227967465833
4356 0.01676621487115169
4381 0.0232887816605974
4410 0.02716186733282929
4451 0.04229814831136944
4514 0.04389009982791964
4552 0.021629828502345495
4580 0.05103824788937692
4596 0.06100567613497377
4624 0.023259914082132804
4676 0.023512638058880472
4699 0.025117925068989792
4772 0.020755439021539385
4803 0.03508603210693795
4820 0.023664148399760557
4874 0.08162211834241132
4923 0.08694734208842426
4972 0.03942941525973753
5146 0.027061639035737238
5224 0.016378615859066345
5252 0.03266265912215094
5297 0.023512638058880472
5312 0.023972827482745557
5368 0.028550012480252757
5408 0.07833589363632336
5425 0.10192134115795598
5433 0.02582300469465113
5766 0.041432373332072156
5802 0.023167743094576792
5842 0.03700077479052934
5920 0.053303355116343626
5942 0.1862585027446169
6055 0.022500848297493495
6150 0.026098079266849598
6155 0.03104308379076948
6162 0.028482738779844308
6251 0.019066367802533114
6360 0.016252057610384108
6398 0.027263654770950257
6410 0.017166296833746254
6514 0.10660671023268725
6584 0.01748663081474867
6619 0.05416050143827247
6620 0.03347495451458596
6635 0.06468707076285013
6638 0.02306888753119714
6719 0.03965453224287041
6772 0.025732650158380325
6780 0.07833589363632336
6817 0.02306888753119714
6848 0.06972444518422242
6868 0.03716146093235368
6932 0.08278110294803216
7101 0.036289264706734964
7109 0.08694734208842426
7193 0.05815892679973833
7256 0.03587510322305118
7312 0.02124753083191376
7376 0.03434409861048125
7470 0.05665231216393937
7483 0.013682907103292646
7484 0.06887119492074768
7536 0.02582300469465113
7537 0.007350225795946573
7540 0.05416050143827247
7547 0.038345565439108484
7580 0.026284905253286046
7589 0.027469009760040845
7605 0.03190023011269833
7951 0.026961849792601977
7952 0.010168706412430381
7984 0.03470952771895052
8021 0.05964969634147784
8092 0.020109143741888217
8098 0.018300805689899776
8208 0.022996445961653223
8302 0.04746417385864828
8312 0.026667202923717784
8324 0.017019506508356944
8370 0.08694734208842426
8385 0.059468233974015114
8412 0.029366887473640312
8414 0.03938147303185354
8455 0.0599702184804432
8528 0.053303355116343626
8556 0.020282098191389687
8716 0.07300328143099258
8786 0.03204901864526942
8824 0.06277194989037341
8837 0.024369784380809313
8942 0.01248019960732193
8986 0.04556324338631708
9027 0.019119122420980388
9099 0.02106070484547731
9232 0.03527865137581871
9267 0.021310435745933606
9338 0.10108809695169968
9341 0.018550787845631515
9389 0.06972444518422242
9434 0.06208616758153896
9445 0.015239281786858886
9473 0.03250638418141313
9515 0.05964969634147784
9534 0.059468233974015114
9575 0.030258307380659117
9618 0.02686285569132604
9744 0.4700153618179402
9776 0.08626115874879708
9813 0.07822857303917563
9898 0.02898763776495187
9922 0.03219961071910473
10144 0.03470952771895052
10167 0.026284905253286046
10174 0.03716146093235368
10181 0.039933728126759264
10218 0.022158576127651687
10221 0.04854517657886019
10318 0.10069780022776383
10420 0.022710831222557407
10493 0.04600087346800463
10547 0.051748366531118986
10570 0.15311474366813077
10653 0.07613298996975786
10749 0.014421165494271653
10750 0.026667202923717784
10759 0.2132134204653745
10788 0.04208640296668689
10794 0.03470952771895052
10897 0.0877405525477278
10898 0.08302175608615754
10985 0.08738388875487826
11036 0.009914113610291927
11049 0.036289264706734964
11088 0.06468707076285013
11106 0.022158576127651687
11161 0.03965453224287041
11194 0.03398911177535355
11219 0.03219961071910473
11237 0.06409803729053884
11244 0.03470952771895052
11276 0.07076448680101141
11332 0.11787304999915993
11385 0.04600087346800463
11497 0.09295958814299525
11624 0.061540049159505235
11629 0.015798738221150195
11634 0.047275007786125166
11637 0.0194948135004685
11643 0.041432373332072156
11736 0.017166296833746254
11878 0.06695217798981684
11893 0.015200866255842679
11913 0.08694734208842426
11957 0.02039875345201692
11977 0.015920739469739858
12129 0.06628727274788343
12177 0.04573417131005219
12204 0.03965645444116771
12270 0.07543024523175967
12271 0.02657051999238186
