232
15 0.04821869465641837
26 0.03415822916638496
68 0.031735060580572905
69 0.09571788563473264
119 0.08167255066087668
132 0.032832842296463105
203 0.11275121365476753
210 0.024269255397956293
280 0.045869145273343154
303 0.04683010070592009
322 0.17078612100216053
330 0.061428463202353074
343 0.027661730227766163
374 0.14843655633429945
390 0.026144489002344434
435 0.05487520864070531
438 0.06702731329552025
510 0.09186414492112122
587 0.025441280754719887
590 0.04896599739400537
594 0.026305476377608966
640 0.05566102004471631
674 0.05572392710729888
887 0.025671932683742994
895 0.04716503980683487
938 0.01645173650596904
965 0.028484035495070385
979 0.01925693737230726
1029 0.03233470114988028
1033 0.04935453266531332
1055 0.044967669570915865
1095 0.046182473676765694
1205 0.021004160577684405
1232 0.04411873765735524
1536 0.022359042497973703
1632 0.08167255066087668
1709 0.049753714052711645
1710 0.04331656024389214
1916 0.043846408060706984
1958 0.02034431003139265
1971 0.021004160577684405
1996 0.05506627586571594
2002 0.034020131362555155
2042 0.0774282791544163
2080 0.020670499982252555
2091 0.03776033652256624
2114 0.0699509266423118
2154 0.03415822916638496
2181 0.032581642811163936
2278 0.05228897800468887
2373 0.056964809249298504
2392 0.04048786064790903
2470 0.0736123791282924
2525 0.044396254795173264
2552 0.20392550243184257
2630 0.03641246568084037
2645 0.04411873765735524
2650 0.07032680149172678
2853 0.03531282984267848
2900 0.033883330270863744
2901 0.14963701700754992
2936 0.039060363578911204
3285 0.06254501430464146
3340 0.05193227317017306
3389 0.050586466942709116
3390 0.04357907562041757
3442 0.02002526350347212
3472 0.03038925435310895
3559 0.04467916095070445
3591 0.036397283816369905
3609 0.06186996283720704
3679 0.06459346738477342
3721 0.05165550917713647
3725 0.0334804693256175
3741 0.046182473676765694
3765 0.02622476033059234
3803 0.09926534704323658
3891 0.023716802131732197
3918 0.013217183111561245
4015 0.09186414492112122
4025 0.023649195471106815
4059 0.050882561509439775
4105 0.020237183010339773
4143 0.03233470114988028
4147 0.0635137728334923
4289 0.07280816534481808
4356 0.019661663653862488
4382 0.06566568459292621
4410 0.04777889677065556
4431 0.024339808607124706
4502 0.07062565968535696
4503 0.05240999495921379
4596 0.03577053897854307
4624 0.005455359015916279
4684 0.10196275121592129
4700 0.049753714052711645
4712 0.14759200588680835
4790 0.14894734224962608
4791 0.07516747576984502
4968 0.10196275121592129
5005 0.019207128061496673
5184 0.04935453266531332
5219 0.045869145273343154
5295 0.10196275121592129
5297 0.055146326667225666
5380 0.034020131362555155
5393 0.06156832603672097
5401 0.032212782369613634
5425 0.11952269157938143
5433 0.06056503948448639
5472 0.03945414996190742
5609 0.034438414901924785
5648 0.04935453266531332
5802 0.01358435329158388
5807 0.032832842296463105
5842 0.043390639715315156
6008 0.011218271266820812
6066 0.024129165768404404
6079 0.021577825598117766
6162 0.03340157776420386
6186 0.03740925425188748
6209 0.027840495773902234
6281 0.030824188419115345
6361 0.04750786054668756
6410 0.0402616758906298
6570 0.03867694120789134
6584 0.0410129842854911
6616 0.035015488721910765
6666 0.023581901082544147
6732 0.061428463202353074
6747 0.0268833677968107
6775 0.04896599739400537
6778 0.01976462669173833
6805 0.20392550243184257
6828 0.03296008510720062
6923 0.0334804693256175
6952 0.02034431003139265
7025 0.023921525067755068
7042 0.021403341965082732
7070 0.06702731329552025
7101 0.04255625508757386
7262 0.014635473116501636
7425 0.05891135216680832
7452 0.046502688967209126
7484 0.011537847990972738
7537 0.017239152484978038
7554 0.027485131590122436
7660 0.026715903778087035
7773 0.04411873765735524
7837 0.04231138866441371
7838 0.05193227317017306
7839 0.04785894281736632
7952 0.08347356917992486
7968 0.17326624097556856
8021 0.0699509266423118
8128 0.05506627586571594
8156 0.07678392680363445
8166 0.023921525067755068
8208 0.026967827217234713
8220 0.05506627586571594
8224 0.06707712749392111
8225 0.07185272176673664
8302 0.05566102004471631
8324 0.009979348800360792
8327 0.03209187537511921
8556 0.14270834385638198
8687 0.20392550243184257
8754 0.029658029464372383
8881 0.0699509266423118
8942 0.11708378493201309
9086 0.10196275121592129
9182 0.04255625508757386
9202 0.042805307463706754
9338 0.01778183248527847
9358 0.04896599739400537
9445 0.026806554292871536
9567 0.03723683556240652
9568 0.027397628569000455
9575 0.0354837789582043
9578 0.07655327915670807
9584 0.030714231601176537
9658 0.024553541670877924
9821 0.02559464226787815
9849 0.028297248202985032
9870 0.04785894281736632
9998 0.05449486108997334
10106 0.044967669570915865
10140 0.03592636088336832
10149 0.07166693233152105
10153 0.058317300951218454
10167 0.030824188419115345
10216 0.038867391099205284
10298 0.06231825504006026
10312 0.028021482066818214
10318 0.018167361648479485
10321 0.03429764850037319
10334 0.0583146401514263
10428 0.034580554655904365
10567 0.058317300951218454
10619 0.02034431003139265
10653 0.208321889640638
10760 0.11318899281194013
10848 0.0337478017659069
10925 0.06516328562232787
10951 0.06517206727580935
10960 0.022925519395607212
11036 0.034878707340284205
11067 0.01810613868174028
11080 0.02002526350347212
11142 0.035015488721910765
11217 0.05322566843730646
11319 0.009133405136061258
11325 0.07585823263431647
11424 0.04357907562041757
11497 0.015573326388942913
11598 0.05985232034751173
11629 0.11116264921338422
11637 0.09144591524960216
11677 0.05760646684148764
11736 0.0402616758906298
11780 0.04207056980600286
11893 0.005941995492454618
11929 0.05852571218921224
11957 0.047843050135510136
11977 0.018670178509605125
12006 0.015419153424102614
12129 0.15546956439682114
12177 0.03575483596811799
12193 0.044396254795173264
12204 0.034878707340284205
12270 0.15479923252369485
12271 0.24927302016024103
