41
453 0.24866193957481716
456 0.07709412787978641
464 0.13814344181978994
975 0.12935933844114675
1481 0.17373311116733042
1524 0.05849842659223777
1553 0.10965047858116118
2154 0.1267222435055003
2243 0.1267222435055003
2283 0.2356271968243441
2373 0.05283286491354399
2382 0.09382056337663365
2853 0.13100565021666755
3361 0.13571955614580317
3661 0.09552753864780472
4382 0.12180524394878688
4624 0.020238617472160735
5051 0.11950490851115396
5807 0.12180524394878688
5882 0.2555233866420615
6280 0.10744406102047183
6794 0.45416250565227034
7561 0.09523927276673824
7833 0.08204049430741057
8252 0.12965631569697322
8324 0.03702198561130734
8447 0.11517862220663774
8775 0.22840986182999778
8942 0.05429555434661322
9445 0.033149519979484655
9987 0.1168678135755075
10364 0.11273987510672867
10501 0.14711489278490453
10981 0.10532419227664495
11036 0.04313170552258602
11067 0.06717123723819424
11094 0.17754997122586375
11228 0.23963271230855
11385 0.2001284437717164
11861 0.26090257841492065
12304 0.11559599667121964
