36
84 0.10057886158137253
126 0.558942699052329
374 0.107247014857389
628 0.08149313094925578
677 0.10800148695912677
1264 0.2552741274575907
1471 0.14255776486505817
1536 0.07269592342936798
1956 0.23301059630179158
2704 0.10434026927521206
3082 0.14434548077955994
3318 0.1790369052805961
3400 0.10552950787363258
4547 0.11151189633529536
4624 0.035474002192777486
5628 0.16884732672403377
6994 0.249071264242366
7035 0.09384857638419034
7220 0.0782250180065051
7758 0.16884732672403377
8198 0.2690196859379956
8364 0.09675952383119085
8873 0.09322529305675693
9287 0.14083507140339138
9292 0.09261010454703918
9584 0.09986113801042028
9652 0.15797264955966825
10195 0.12636949402029127
10340 0.17539134930932276
10571 0.11530342730484151
10825 0.1533476275941373
11011 0.0762372221769946
11116 0.1345098429689978
11219 0.12277012903215385
11629 0.060237160842600355
11893 0.00965960079409208
