35
696 0.2015374158017739
864 0.19481813786829225
1184 0.1005223070508518
1254 0.20915510484238067
2450 0.24053237112136958
3055 0.1593814675200956
3544 0.14580642073655337
3680 0.09078252551675216
4013 0.18337029082987052
4097 0.16860277142518235
4755 0.21794908145898145
5802 0.053191574996945205
5914 0.34128082793563946
6008 0.0439268255629709
6066 0.09448137154817465
6398 0.12519102370220017
6452 0.06588837100781346
6584 0.08029624902430212
6657 0.09558378123951454
7205 0.10268698670888088
7418 0.17384020172561374
7537 0.033751245002461495
7593 0.18083440995634695
7974 0.27390335636408575
8725 0.19642522798032988
8776 0.1215677156156662
9534 0.13653505282977554
9572 0.23127632426376826
9625 0.11693397270805937
10533 0.16289321766100226
10601 0.21562027132556905
10694 0.22835014818761984
10914 0.13058153037046555
11276 0.10831365810156533
11505 0.19173371501587153
