85
188 0.08664400177131718
289 0.08809371906358751
435 0.07703781148250018
587 0.053574482153356945
674 0.03911465211607709
711 0.04470827279074776
736 0.08961535194252974
763 0.11721148607937405
938 0.034644217495506884
1160 0.14114673056591767
1162 0.0972514762777713
1549 0.12130822577179676
1622 0.10977438931305208
2042 0.20381147473058336
2080 0.043528128283978264
2154 0.07193071199944456
2298 0.08350608931004938
2333 0.11475577786597115
2458 0.1015393690763465
2630 0.025559234636356298
2678 0.1972305104210425
2828 0.04827676882927901
2937 0.1015393690763465
3490 0.09861525521052125
3609 0.06514316735480916
3715 0.11475577786597115
3915 0.10838540749330229
4200 0.10393122716412603
4410 0.03353774621942185
4596 0.07532592877685156
4624 0.011487945007805464
4803 0.08664400177131718
4874 0.100781800356959
4931 0.06399397029932999
4941 0.11322646812975566
5237 0.12437878370702521
5368 0.07050347911586725
5425 0.04194866320263639
5598 0.1881715731261999
5999 0.107441333796593
6155 0.15332010178618719
6186 0.07877675041640035
6222 0.09469333065939073
6251 0.04708387658713333
6514 0.39489355602034937
6762 0.2674957697268464
6772 0.06354607950844664
7201 0.17235119223778958
7262 0.030819513406002075
7272 0.06963608435485324
7951 0.13316310912947346
7984 0.08571423442799767
8045 0.0885925914258507
8222 0.06995067183032859
8514 0.08571423442799767
8837 0.060180519547547544
8942 0.06163902681200415
9115 0.0871196698156041
9534 0.07342759298169252
9652 0.1023161187743447
9776 0.10650979239611322
9849 0.059588604577569544
10144 0.08571423442799767
10318 0.019128498321167985
10392 0.0664103374313171
10534 0.16533658210944113
10570 0.1260375646654458
10653 0.06266944917652839
10749 0.07122535171955523
10897 0.07222430251057475
10898 0.051254992011226026
10951 0.05146497618615567
10985 0.14386142399888913
11049 0.08961535194252974
11095 0.09659166645454978
11101 0.1444486050211495
11237 0.07914417964978727
11277 0.17218262052639693
11332 0.08732528706970752
11771 0.1015393690763465
11893 0.006256354279781665
11953 0.08144625722524576
11965 0.06940764926000235
11977 0.03931583299623238
12270 0.046568234629323635
