128
29 0.03712963017084451
90 0.04503865465879789
105 0.03680925274929304
119 0.0844079813981872
170 0.05467580640356373
289 0.12970436261124135
291 0.14141467554112616
337 0.06708948339094115
347 0.038842517132069085
493 0.026136529901414355
524 0.08238771183921115
674 0.05759026949258664
788 0.05021488142230029
797 0.05184427184377367
806 0.0949409192307346
807 0.4215110187351698
938 0.03400549775235356
952 0.01550590579209476
977 0.1776715237289973
1162 0.09545849486731006
1205 0.0434152914529948
1524 0.016296490031464727
1549 0.4167510233925597
1929 0.026612059024351264
2042 0.10002694745167187
2167 0.031187254614361237
2240 0.07070733777056308
2373 0.0294363560373618
2434 0.04909902503159354
2578 0.029341210516184584
2645 0.045596391411312
2675 0.03559184892479661
2677 0.05539395626242417
2705 0.029438041529966798
2743 0.21688130713561457
2768 0.03680925274929304
2781 0.02718651667891765
2828 0.09477342382623327
3025 0.05273024329967559
3270 0.05306350784665533
3340 0.10734324598027659
3372 0.08450408377767675
3584 0.20781670835690816
3805 0.034601819205740035
4025 0.048882539733475
4048 0.06600318681596211
4206 0.06675687424159409
4382 0.03393250142654138
4596 0.036968589376385516
4624 0.022552293940121756
4708 0.07237650096076359
4803 0.04252329278142259
4815 0.05467580640356373
4874 0.04946186598039326
5146 0.03279795208402259
5357 0.06460218040432715
5380 0.035159555958254145
5752 0.0319710761449938
5757 0.07607785330394519
5920 0.1292043608086543
6155 0.0376233521319755
6222 0.04647375631039159
6360 0.019697040747171112
6410 0.020805073198626386
6620 0.040570711653286816
6687 0.2107555093675849
6778 0.020426596557091725
6932 0.025082097248125296
6952 0.02102569503209282
7025 0.024722720505196288
7035 0.11932686190728992
7193 0.02349566597348353
7272 0.034176117707360246
7356 0.04806018758503335
7389 0.048398565212853684
7461 0.04772924743365503
7471 0.08033832660669768
7580 0.09556971718067966
7951 0.13070804121311175
7988 0.04372850949821144
8092 0.04874344322058206
8224 0.02310790624241272
8515 0.026773965646173167
8528 0.06460218040432715
8927 0.04806018758503335
8942 0.030251307999447717
9027 0.023171843369271874
9232 0.04275674196544533
9434 0.075246704263951
9445 0.07387833873332861
9473 0.03939683141138953
9575 0.07334445000200622
9675 0.022361116630964743
9776 0.10454611960565742
9898 0.03513220885063048
9922 0.03902503052733541
10175 0.06675687424159409
10218 0.053711153055078655
10318 0.018775834863371896
10328 0.06185693359214701
10351 0.07406724832461889
10420 0.027524894306737976
10570 0.18557080077644103
10749 0.017478050544250643
10794 0.042066979959411756
10861 0.07070733777056308
10881 0.03255703221229973
10898 0.12577506735869376
10914 0.06893110857410176
10951 0.008419356622550458
10985 0.10590683707343965
11036 0.024031258617891214
11141 0.06185693359214701
11179 0.04806018758503335
11237 0.038842517132069085
11319 0.018878614285669986
11497 0.016094918470269812
11629 0.1914763028510642
11634 0.03819732766601283
11736 0.020805073198626386
11852 0.08847794190101176
11893 0.0030705043551154713
11911 0.05319357741850318
11953 0.03997233473912212
12006 0.015935581843177338
12270 0.022854838592095736
12271 0.03220272949494552
12275 0.028496661839504094
