316
6 0.028116815365562438
15 0.027903361922395398
22 0.047316366262647166
36 0.027293629269557976
55 0.042598267568653814
59 0.18174020703803162
106 0.04213288233947744
111 0.01871155731747928
119 0.14178766699020956
141 0.03511744923621431
177 0.03511744923621431
178 0.05345006896833365
188 0.02381006462638069
210 0.01404421711913932
262 0.23435154355859572
283 0.045435051759507905
302 0.045435051759507905
303 0.0270998055457641
330 0.01777381836324397
338 0.028116815365562438
344 0.00700607056963899
374 0.02863259422113415
380 0.025855092247515126
390 0.015129383823155753
449 0.036172694770808735
464 0.043096683016666755
500 0.03959115514713707
505 0.02342965601147263
521 0.34819261749082764
522 0.07303663095463155
525 0.0270998055457641
576 0.12310031579371257
628 0.014504582425177113
635 0.030910474343912135
641 0.022491917057237323
674 0.05374419323222561
677 0.019222681119170464
689 0.03562857303790549
755 0.045435051759507905
769 0.0089228093293564
836 0.03221011266157715
854 0.02537319190892048
887 0.04456776986764622
950 0.053160262875018
952 0.008682220845363135
956 0.03285804428164154
979 0.022287342983676853
983 0.030052348452098875
1023 0.020094259958887018
1073 0.06405679145490521
1106 0.024770724194630073
1113 0.0250665777315413
1205 0.04861904277180376
1292 0.04047944550999048
1330 0.03805400927394799
1413 0.04711333468788763
1458 0.026543716513957077
1524 0.027374677884906936
1542 0.026192375649918786
1572 0.03186594403162698
1586 0.024770724194630073
1742 0.017103859060507143
1844 0.034635548897619654
1881 0.053160262875018
1901 0.02434554365154385
1929 0.014900888519331244
1971 0.036464282078852814
1973 0.030614620807000913
1990 0.047316366262647166
2002 0.0196868879346665
2042 0.05600808233374575
2080 0.02392335363831282
2181 0.018854458376863267
2202 0.02342965601147263
2287 0.01843282248830146
2373 0.016482296966450687
2526 0.047316366262647166
2530 0.047316366262647166
2630 0.007023764092737607
2656 0.027765708189447416
2739 0.028791652285248815
2825 0.03959115514713707
2828 0.013266619295953366
2833 0.030052348452098875
2855 0.036172694770808735
2895 0.014678422824464646
3171 0.034635548897619654
3183 0.03511744923621431
3244 0.03878759877050577
3339 0.03153527574189077
3340 0.030052348452098875
3350 0.04543351199863025
3400 0.03756541017413098
3442 0.011588289129563573
3559 0.025855092247515126
3591 0.03159376017612063
3597 0.019451590039923562
3643 0.04613134625755623
3680 0.01341650698880057
3702 0.03511744923621431
3720 0.047316366262647166
3723 0.05382067556421912
3730 0.033747258534766233
3884 0.041472469650276324
3918 0.007648565490716249
4025 0.013685398684178805
4048 0.027717870151421527
4059 0.02944489765749922
4081 0.01186676819219164
4099 0.052732432098412635
4101 0.012938808474694655
4105 0.023421846893654837
4147 0.03675437095628297
4203 0.03675437095628297
4207 0.04047944550999048
4411 0.03417971028197899
4451 0.05740869425190957
4552 0.1321058054201818
4624 0.009470778385170514
4674 0.053160262875018
4772 0.04225513528678854
4827 0.010558146431308922
4851 0.041472469650276324
4869 0.025218491042624847
4907 0.01878270508706549
4920 0.053160262875018
4933 0.03294370215813494
4941 0.010371672085282892
4991 0.0606575963168758
4995 0.02330657410783849
5005 0.03334454299988391
5074 0.041472469650276324
5112 0.02052231943683548
5183 0.028116815365562438
5224 0.022229695333255944
5247 0.020434951186988706
5401 0.018641004933696227
5461 0.2342965601147263
5501 0.34819261749082764
5595 0.06667182115990927
5609 0.019928941707967014
5766 0.028116815365562438
5796 0.06010469690419775
5802 0.023583122422391817
5833 0.02537319190892048
5942 0.06319932350921617
6007 0.045435051759507905
6013 0.02926925105545357
6034 0.01777381836324397
6057 0.03266321205246887
6068 0.014547707637681513
6114 0.020610602554098068
6186 0.021648117355212965
6198 0.020434951186988706
6249 0.0295252417818066
6398 0.018501647039173015
6452 0.029212399139872704
6540 0.03878759877050577
6570 0.02238170685177075
6657 0.04237821524735912
6683 0.053160262875018
6747 0.04667088232099796
6754 0.3979344199895173
6772 0.03492535499093531
6775 0.08500744100882447
6778 0.03431238873866121
6802 0.053160262875018
6807 0.026543716513957077
6866 0.11800831897477766
6952 0.011772916083944745
6995 0.03675437095628297
6998 0.02691033778210956
7006 0.03417971028197899
7016 0.028116815365562438
7017 0.05712130522337193
7028 0.07918231029427414
7101 0.024626601699436323
7205 0.015175835514559944
7206 0.023681345169435764
7254 0.021954731532592142
7256 0.02434554365154385
7313 0.04974180249868966
7353 0.034635548897619654
7379 0.022272918753191605
7380 0.03959115514713707
7382 0.024484901546067063
7470 0.019222681119170464
7496 0.026366216049206317
7536 0.03504798768655261
7537 0.0049880063578170136
7542 0.028993411780680205
7552 0.011649383314743925
7554 0.015905191538439205
7605 0.021648117355212965
7761 0.03878759877050577
7835 0.014678422824464646
7944 0.027293629269557976
7952 0.006900682189103467
7953 0.04974180249868966
8079 0.043897905886318825
8098 0.012419283117089343
8208 0.015605836044816308
8222 0.019222681119170464
8275 0.04974180249868966
8312 0.018096883200792984
8324 0.011549768541451969
8348 0.03737917235426161
8387 0.034635548897619654
8404 0.042598267568653814
8473 0.015956134053925677
8495 0.026366216049206317
8512 0.028791652285248815
8527 0.047316366262647166
8556 0.013763826790778508
8581 0.053160262875018
8601 0.0644202253231543
8617 0.041472469650276324
8823 0.018501647039173015
8836 0.02394077981316382
8856 0.041472469650276324
8868 0.019847482517149108
8890 0.010137824595222052
8949 0.023681345169435764
8961 0.019073456680908988
8980 0.03805400927394799
9027 0.012974608786076152
9036 0.03737917235426161
9053 0.02833581366960816
9063 0.047316366262647166
9117 0.024917353293279824
9149 0.042598267568653814
9238 0.042598267568653814
9261 0.045435051759507905
9267 0.0289233533607055
9273 0.012285984519634205
9329 0.045435051759507905
9338 0.013720070220775182
9358 0.08500744100882447
9423 0.030614620807000913
9485 0.02537319190892048
9559 0.047316366262647166
9567 0.021548341508333377
9574 0.053160262875018
9575 0.010266938307850469
9582 0.017585759399101796
9618 0.018229656978884626
9654 0.09948360499737932
9659 0.03221011266157715
9664 0.012938808474694655
9675 0.025041317229972746
9722 0.05900415948738883
9776 0.014634625527726784
9821 0.01481119660255629
9938 0.041472469650276324
10064 0.028560652611685965
10065 0.029273552623843468
10067 0.053160262875018
10081 0.04086990237397741
10132 0.026022047419256147
10140 0.020789991463399708
10141 0.07345822090942883
10144 0.04710912283386662
10150 0.029784676425534652
10183 0.024208451839728043
10229 0.03675437095628297
10318 0.02102630404513
10321 0.019847482517149108
10392 0.009124892628302312
10429 0.026725034484166826
10460 0.015364244710737154
10470 0.045435051759507905
10493 0.031217088521291316
10530 0.028116815365562438
10619 0.011772916083944745
10643 0.02434554365154385
10735 0.036172694770808735
10749 0.00978648373118376
10788 0.028560652611685965
10794 0.04710912283386662
10844 0.02294775567287798
10898 0.04225513528678854
10934 0.022491917057237323
11036 0.013455821111652765
11067 0.010477723303246497
11070 0.045435051759507905
11138 0.07610801854789598
11144 0.033335910579954636
11145 0.05699947010597022
11156 0.02691033778210956
11163 0.024917353293279824
11217 0.010266938307850469
11332 0.031996378839699316
11497 0.00901202667684457
11637 0.01322956006853815
11744 0.045435051759507905
11745 0.034635548897619654
11754 0.027695179477000634
11795 0.029273552623843468
11811 0.030052348452098875
11828 0.016483240724217953
11893 0.012034871159830686
11899 0.03675437095628297
11930 0.04338503004105825
11957 0.013842991322295663
12030 0.018571038053622715
12052 0.020789991463399708
12065 0.04974180249868966
12138 0.017281359525257906
12157 0.0196868879346665
12204 0.013455821111652765
12205 0.02017815080688531
12265 0.010773684745337875
12270 0.11517397489192852
12271 0.09015636140429403
12318 0.045435051759507905
12323 0.047316366262647166
