328
6 0.02903227665165613
15 0.028811873333083136
22 0.048856949751527524
36 0.028182288266973353
59 0.18765752454027435
106 0.0435046956886014
107 0.0352925746347241
111 0.01932079083500118
119 0.1301370323245374
141 0.03626084562816453
177 0.03626084562816453
178 0.08278554145428137
188 0.024585301512259936
210 0.01450148572864954
262 0.18148638344731577
283 0.046914381135068586
302 0.046914381135068586
303 0.027982153795921907
330 0.018352519841560753
338 0.02903227665165613
344 0.007234182690117631
374 0.029564848859117896
380 0.02669691361644482
390 0.015621984602884002
464 0.04449987695409725
500 0.0408802118677401
505 0.024192507093507554
521 0.35952949392125355
522 0.07541464593379488
525 0.027982153795921907
576 0.10895002695707443
628 0.014976840165200827
635 0.031916894958364174
641 0.02322423610006713
674 0.04439524934958656
677 0.019848556423707205
689 0.036788611216870555
755 0.046914381135068586
769 0.009213328948951235
836 0.03325884847247934
854 0.026199322983696906
887 0.04601886123026672
950 0.05489111901885601
952 0.008964907094068976
956 0.03392787623399832
979 0.023013001256357263
983 0.031030829165735834
1073 0.08818990660960058
1106 0.025577239396791362
1113 0.02588272569103569
1162 0.027595180484760454
1205 0.050202040378247985
1292 0.04179742426274508
1330 0.03929301773980782
1347 0.018823200202253254
1413 0.048647307629160426
1458 0.02740795894474587
1524 0.028265975761181058
1542 0.027045178699857796
1572 0.03290347398395269
1586 0.025577239396791362
1742 0.01766074719343115
1881 0.05489111901885601
1901 0.02513821531126496
1929 0.015386049672558914
1971 0.03765153028368599
1973 0.03161140866411985
1990 0.048856949751527524
2002 0.02032787744622855
2042 0.08096432571972825
2080 0.012351139562441134
2110 0.04644847220013426
2181 0.019468344639936432
2202 0.024192507093507554
2287 0.019032980620084235
2373 0.01701894752884567
2526 0.048856949751527524
2630 0.00725245230034421
2656 0.014334868851692703
2678 0.027982153795921907
2739 0.02972908572808812
2828 0.013698569934917413
2833 0.031030829165735834
2855 0.03735044912334889
2895 0.015156340670493883
3171 0.035763254995416605
3244 0.04005049233057888
3339 0.03256203939604734
3340 0.031030829165735834
3350 0.023456395620396857
3400 0.03878851023946653
3442 0.01196559466478323
3559 0.02669691361644482
3582 0.03325884847247934
3591 0.021748285358154918
3597 0.020084918438001174
3643 0.023816673215827467
3661 0.015386049672558914
3680 0.013853337852579539
3702 0.03626084562816453
3720 0.048856949751527524
3723 0.05557303422325838
3730 0.034846042600411624
3805 0.020005415912134495
3884 0.04282278048419904
3933 0.013698569934917413
4025 0.014130984449039933
4048 0.028620342096650334
4059 0.030403600253364565
4081 0.012253140785593707
4099 0.054449358410301706
4101 0.01336008585240478
4105 0.024184443716985575
4142 0.06092528828618449
4147 0.03795106422569266
4203 0.03795106422569266
4207 0.04179742426274508
4411 0.0352925746347241
4451 0.05927787596361874
4552 0.12125072536395107
4624 0.013038852592178235
4772 0.02908728606350264
4803 0.024585301512259936
4827 0.010901911334449767
4851 0.04282278048419904
4861 0.004328531596957458
4869 0.05207917035892596
4920 0.05489111901885601
4933 0.03401632306325039
4941 0.021418731062195374
4991 0.06263255971204082
4995 0.02406541774036924
5005 0.03443021496600096
5074 0.04282278048419904
5112 0.021190509937822368
5183 0.02903227665165613
5224 0.022953476644000638
5247 0.021100297046812336
5461 0.29031008512209067
5501 0.35952949392125355
5595 0.06884260296260288
5609 0.020577812299079803
5766 0.02903227665165613
5796 0.06206165833147167
5802 0.024350970249473636
5833 0.026199322983696906
5942 0.0870093913772028
6007 0.046914381135068586
6013 0.030222234736779124
6023 0.02669691361644482
6034 0.018352519841560753
6057 0.02248446694762002
6068 0.030042739001080464
6114 0.0212816674836082
6198 0.021100297046812336
6222 0.026869304716624208
6249 0.030486560318859175
6398 0.01910404604393648
6437 0.021947984528593423
6452 0.030163531767760026
6514 0.03735044912334889
6540 0.04005049233057888
6657 0.04375801644206411
6683 0.05489111901885601
6747 0.01606348312096613
6754 0.30816813764678874
6772 0.03606249694608151
6775 0.05851681073479123
6778 0.03542957299709307
6802 0.05489111901885601
6807 0.02740795894474587
6952 0.012156232926878587
6995 0.03795106422569266
6998 0.02778651711162919
7006 0.0352925746347241
7016 0.02903227665165613
7017 0.05898112977545069
7028 0.0817604237354802
7101 0.025428424387061745
7205 0.015669948724647078
7206 0.02445239105153069
7254 0.022669560239305685
7256 0.02513821531126496
7313 0.05136135627446479
7353 0.035763254995416605
7379 0.02299810738432765
7380 0.0408802118677401
7382 0.02528211058869192
7389 0.027982153795921907
7453 0.06092528828618449
7470 0.019848556423707205
7486 0.04005049233057888
7496 0.027224679205150853
7536 0.03618912246534499
7537 0.005150411902541809
7542 0.019958276235486357
7547 0.026869304716624208
7552 0.012028678028347083
7554 0.01642305200421514
7605 0.022352962946644475
7761 0.04005049233057888
7835 0.015156340670493883
7944 0.028182288266973353
7952 0.007125362947205893
7953 0.05136135627446479
8079 0.0453271870071363
8098 0.012823645159764259
8208 0.016113949732316387
8222 0.019848556423707205
8275 0.05136135627446479
8312 0.0186861034148851
8324 0.011925819876767572
8348 0.038596208663375826
8387 0.035763254995416605
8404 0.04398523349302114
8473 0.01647565316774328
8495 0.027224679205150853
8512 0.02972908572808812
8527 0.048856949751527524
8556 0.014211966112804633
8581 0.05489111901885601
8601 0.06651769694495868
8617 0.04282278048419904
8823 0.01910404604393648
8836 0.024720272682213586
8856 0.04282278048419904
8868 0.020493700861390383
8890 0.010467904151582528
8949 0.02445239105153069
8961 0.019694473355675916
9027 0.013397051793629978
9053 0.029258405367395615
9063 0.048856949751527524
9117 0.0257286426230044
9149 0.04398523349302114
9238 0.04398523349302114
9261 0.046914381135068586
9267 0.029865074886471336
9273 0.025372012930657852
9329 0.046914381135068586
9338 0.014166784863465136
9358 0.08777521610218685
9423 0.03161140866411985
9473 0.02277770406575465
9485 0.026199322983696906
9559 0.048856949751527524
9567 0.022249938477048627
9574 0.05489111901885601
9575 0.010601221704648715
9582 0.01815833782617907
9618 0.018823200202253254
9654 0.10272271254892958
9659 0.03325884847247934
9664 0.01336008585240478
9675 0.025856642727500774
9776 0.030222234736779124
9802 0.0352925746347241
9821 0.01529343745786204
9918 0.06092528828618449
9938 0.04282278048419904
10064 0.029490564887725345
10065 0.03022667636083604
10067 0.05489111901885601
10081 0.04220059409362467
10140 0.02146689715401614
10141 0.07584996252431549
10144 0.048642958640501346
10150 0.030754441949542067
10183 0.024996659898407353
10229 0.03795106422569266
10318 0.02713862985829652
10321 0.020493700861390383
10349 0.12185057657236897
10392 0.009421991920393686
10429 0.027595180484760454
10460 0.01586449237534205
10470 0.046914381135068586
10476 0.02214811899964487
10493 0.03223349225102539
10530 0.02903227665165613
10619 0.012156232926878587
10643 0.02513821531126496
10735 0.03735044912334889
10749 0.0202102478133889
10788 0.029490564887725345
10794 0.024321479320250673
10807 0.06092528828618449
10898 0.04363092909525396
10934 0.02322423610006713
11036 0.013893932012199765
11067 0.010818869692900288
11070 0.046914381135068586
11138 0.07858603547961564
11144 0.03442130148130144
11145 0.058855327802919126
11156 0.02778651711162919
11163 0.0257286426230044
11187 0.02603958517946298
11217 0.010601221704648715
11237 0.022457221271543617
11332 0.03303815564628632
11497 0.01861090228552084
11637 0.01366030408834743
11744 0.046914381135068586
11745 0.035763254995416605
11754 0.028596912631803938
11795 0.03022667636083604
11811 0.031030829165735834
11828 0.01701992201461994
11893 0.010651471759712912
11899 0.03795106422569266
11930 0.044797612329707005
11957 0.028587416357800124
12004 0.0317289847506841
12006 0.009213328948951235
12030 0.019175696374973267
12052 0.02146689715401614
12065 0.05136135627446479
12138 0.017844026933026176
12157 0.02032787744622855
12204 0.0069469660060998825
12205 0.020835135449295723
12260 0.06092528828618449
12265 0.011124467405632154
12270 0.13213772054034953
12271 0.09309178127626827
12318 0.046914381135068586
12323 0.048856949751527524
