319
8 0.029865589348239713
29 0.02370557584765054
73 0.03366585598224113
188 0.027149183487246573
201 0.021498603975184764
203 0.024799176069115858
236 0.052884500498615365
237 0.07118993396289543
239 0.06727889140876235
289 0.08281032133916395
337 0.021416788017895212
347 0.024799176069115858
374 0.06529604740040643
390 0.017251125686099104
435 0.01206958148652067
455 0.05489924818724921
484 0.038479967548546185
495 0.0235010294723832
524 0.13150199334953236
525 0.03090027703727781
570 0.04728856077766004
576 0.020051982898013663
587 0.016787122206735453
590 0.03230962270149706
674 0.012256253700538774
711 0.02801793722772627
736 0.05616046312319196
769 0.020348284769963334
784 0.19746415790092575
797 0.06620040721137281
887 0.033878630199474374
913 0.02539646857392221
952 0.009899813818497447
959 0.03426688399008875
979 0.025412915655702598
1073 0.024346701168920272
1162 0.15236474077221526
1205 0.06929670991545281
1335 0.027449624093624603
1374 0.02158112222395695
1420 0.05395200432136081
1450 0.024570276756301353
1538 0.03595777671636042
1542 0.029865589348239713
1549 0.34209839012456533
1574 0.06061544786506159
1622 0.01719844984495563
1623 0.07695993509709237
1693 0.04728856077766004
1702 0.024570276756301353
1742 0.019502500949082846
1825 0.05395200432136081
1902 0.058588666345319305
1918 0.030266202187138724
1958 0.01342394755992553
1966 0.10790400864272162
1971 0.013859341983090561
2036 0.05005413972262337
2042 0.19158793492264647
2086 0.020710185553729926
2091 0.024915702549848096
2167 0.07964656004801936
2181 0.021498603975184764
2227 0.02041207431905114
2249 0.038479967548546185
2253 0.030472948154443052
2265 0.05395200432136081
2266 0.015000911381628432
2294 0.038479967548546185
2356 0.009899813818497447
2373 0.018793771107100003
2420 0.05005413972262337
2434 0.1253899547694482
2450 0.020266415214936506
2458 0.031816524004845415
2464 0.02117543684059635
2596 0.02272377264095154
2630 0.008008775411453114
2677 0.017683257625219505
2678 0.06180055407455562
2705 0.03758969443454826
2743 0.09231255024777184
2768 0.0235010294723832
2822 0.02158112222395695
2828 0.03025425484332536
2832 0.024128207287462074
2916 0.06061544786506159
3019 0.03490800931135849
3062 0.05395200432136081
3094 0.06727889140876235
3109 0.033100203605686405
3221 0.03230962270149706
3261 0.04062511723395927
3270 0.016939315099737187
3286 0.031816524004845415
3332 0.017093956240537257
3340 0.0685337679801775
3472 0.020051982898013663
3524 0.04422716412467935
3543 0.04615627512388592
3591 0.012008154332113998
3680 0.015298035335582416
3695 0.03801093223606281
3786 0.06061544786506159
3791 0.025646179157796288
3803 0.043666027869546105
3975 0.029671374319432335
4001 0.03090027703727781
4025 0.031209272700690793
4033 0.044715013486311496
4048 0.042140025205019443
4076 0.15542056390784317
4078 0.0235010294723832
4169 0.015604636350345397
4171 0.03897306624519782
4198 0.024799176069115858
4209 0.03897306624519782
4320 0.015000911381628432
4330 0.051806854635947724
4410 0.010508776225075227
4431 0.01606032909725077
4451 0.021819892812351003
4552 0.01673692200411952
4596 0.11801379321718976
4624 0.010798958515264134
4708 0.02310454783980292
4815 0.03490800931135849
4827 0.012038818846011497
4874 0.06315829218709773
4907 0.021416788017895212
4931 0.020051982898013663
4941 0.04730477349497244
4972 0.015255022659997184
5017 0.0433906961789226
5018 0.056489131535315436
5040 0.07618940572176663
5224 0.038020775264894384
5235 0.03134748869236205
5297 0.03638763841885303
5351 0.026165944492783613
5368 0.044183367616327913
5393 0.04062511723395927
5425 0.039432803115636975
5433 0.019981555352578104
5440 0.07191555343272084
5622 0.020122930208633087
5628 0.03426688399008875
5762 0.11269116174293575
5842 0.01431539509649667
5920 0.20622773246754755
5942 0.024020794807370526
6008 0.01480448193784365
6079 0.014237867926677644
6125 0.022447773293270856
6155 0.024020794807370526
6186 0.04936809029732256
6214 0.015516033723550017
6251 0.029506688948388888
6360 0.025151324764499144
6401 0.040042313529115976
6403 0.03006380909152106
6404 0.03897306624519782
6446 0.035594966981447713
6452 0.011103046782890988
6514 0.20622773246754755
6558 0.03366585598224113
6570 0.02552051309441803
6619 0.041908796834800255
6625 0.05671758326632414
6635 0.05005413972262337
6657 0.016107109320734243
6747 0.01773866594550092
6764 0.03897306624519782
6772 0.01991164001200484
6778 0.03912435150299923
6868 0.028755127351864727
6932 0.016013775413267397
7176 0.01147228898171432
7188 0.02226807989404617
7193 0.07500455690814216
7196 0.05395200432136081
7205 0.017304091753726995
7254 0.02503365883900949
7272 0.032729839218526506
7312 0.01644110429610215
7356 0.030684238351071296
7374 0.02685784855709348
7376 0.02657508355570561
7470 0.0438369324073959
7484 0.08374420796814241
7494 0.06061544786506159
7537 0.005687523405286594
7542 0.011019814081518739
7547 0.05934274863886467
7554 0.01813573252541509
7605 0.02468404514866128
7807 0.05005413972262337
7833 0.029183544637412868
7837 0.027918659406107972
7855 0.04857224037850103
7879 0.05395200432136081
7880 0.038479967548546185
7944 0.03112128256263161
7951 0.08345112436127393
7977 0.04124554649350951
7984 0.05371569711418696
8039 0.03672725263522183
8040 0.036334817863133105
8045 0.02775975798739384
8092 0.0466806988794823
8098 0.014160960980859592
8220 0.036334817863133105
8224 0.014753344474194444
8277 0.0333788699854152
8320 0.03282938803648438
8324 0.006584752924603301
8354 0.04728856077766004
8376 0.05489924818724921
8455 0.023202145804538943
8466 0.05005413972262337
8473 0.018193819209426514
8528 0.04124554649350951
8556 0.03138812639890995
8625 0.023914569229799877
8705 0.03897306624519782
8727 0.023007930775731565
8786 0.024799176069115858
8817 0.03282938803648438
8828 0.021833013934773052
8837 0.01885706955071726
8868 0.04526177925791777
8890 0.011559551156877408
8942 0.019314080775160992
8986 0.01762816683287179
9139 0.02775975798739384
9228 0.04062511723395927
9232 0.027298230146557734
9273 0.014008968613863136
9338 0.07822085108266129
9341 0.014354394407409881
9434 0.12010397403685263
9445 0.005895993827177091
9473 0.05030616092228929
9534 0.023007930775731565
9575 0.04682708700643181
9618 0.02078618054992383
9625 0.03940978808940103
9776 0.08343491291476443
9821 0.033776631902372775
9849 0.018671597875814766
9874 0.06727889140876235
9898 0.04486062682402301
9948 0.045143411092246954
10140 0.02370557584765054
10144 0.05371569711418696
10167 0.040677937789679194
10172 0.022004684870913668
10174 0.05751025470372945
10218 0.03429212213408303
10220 0.03524535329109949
10318 0.02996878607520617
10325 0.02117543684059635
10348 0.03524535329109949
10420 0.01757338994987627
10428 0.022817561842976983
10450 0.039492831580185156
10570 0.23695698948111094
10585 0.05005413972262337
10619 0.01342394755992553
10644 0.040042313529115976
10653 0.05891086537861712
10749 0.03347681495393518
10750 0.020634786602856964
10790 0.038479967548546185
10794 0.1342892427854674
10822 0.04124554649350951
10897 0.022630889628958886
10898 0.04818098729175232
10951 0.005375375302310728
10979 0.020122930208633087
10985 0.13523337277948916
11045 0.03713639169814382
11049 0.02808023156159598
11151 0.06727889140876235
11157 0.036334817863133105
11176 0.05005413972262337
11179 0.030684238351071296
11187 0.028755127351864727
11244 0.05371569711418696
11276 0.05475677701844198
11332 0.1185715206763011
11497 0.05137935778018209
11505 0.03230962270149706
11562 0.05005413972262337
11634 0.04877450402806597
11637 0.04525461304607422
11656 0.03205991211762298
11768 0.022630889628958886
11773 0.03458210294980874
11818 0.02775975798739384
11878 0.10361370927189545
11893 0.011762262141445221
11953 0.02552051309441803
11957 0.015784329749570083
11965 0.021748314559058846
11971 0.18184634359518478
11977 0.012319292070394746
12004 0.05255677025747331
12006 0.030522427154945
12051 0.016296540414655263
12138 0.019704894044700515
12177 0.011796198600717529
12186 0.014432870899992307
12193 0.029294333172659653
12204 0.023014294295136337
12232 0.05551951597478768
12270 0.014591772318706434
12271 0.08223989768077361
12340 0.03524535329109949
