146
669 0.09385272119795317
674 0.05397699805258443
769 0.04480730222455587
965 0.04138660378745388
1122 0.09767924445045628
1205 0.030518529295721724
1396 0.09385272119795317
1492 0.07478423829301963
1649 0.0955471215093659
1746 0.07229092418489015
1933 0.06293789784665872
2042 0.168752081066399
2177 0.06112750435150932
2298 0.17285369201384845
2451 0.11880331883384164
2578 0.12375141053878828
2609 0.07686808696428857
2644 0.0400631289148787
2678 0.06804298581842116
2781 0.03822121091194209
2822 0.04752203327040723
2851 0.06219506011734789
2902 0.08370078106300498
2936 0.056753748657351104
3112 0.04883962222522814
3248 0.14814937252772295
3314 0.0894572651399603
3347 0.06147740823641783
3472 0.044154839981362354
3591 0.052884359188090056
3597 0.04883962222522814
3602 0.08473360556089357
3609 0.0898955360005479
3619 0.07171092343596397
3638 0.08473360556089357
3686 0.07114639123216666
3702 0.08817392052218437
3803 0.04807670351126497
3891 0.06891986166084621
3918 0.05761272703642169
3993 0.06902775421606432
4033 0.04923164644849475
4198 0.05460824780126417
4200 0.14342184687192794
4267 0.0894572651399603
4356 0.028567914247453398
4446 0.04446845613325883
4451 0.024023905277599164
4624 0.007926502624570734
4708 0.050876644863351014
4712 0.05361188963981282
4805 0.07478423829301963
4941 0.0520829963462618
4994 0.13347634568078232
5040 0.05592349702653676
5139 0.07761092469359938
5155 0.07413284218782676
5337 0.04611026336652062
5425 0.057887844822900936
5434 0.13347634568078232
5461 0.05882786682830302
5573 0.13347634568078232
5598 0.19475316959312583
5649 0.08581941807910733
5700 0.05024469635076794
5998 0.04770531322975092
5999 0.07413284218782676
6014 0.06147740823641783
6180 0.040980801525551946
6198 0.051308674206842764
6251 0.03248713943958643
6280 0.042080721810410435
6410 0.029249612966406373
6657 0.03546815485713298
6762 0.1845679030810801
6791 0.036855014121603226
7042 0.062197060089295805
7193 0.03303228638281025
7201 0.2972990767044304
7262 0.021264982878546626
7272 0.07207171583279749
7459 0.06112750435150932
7484 0.06705683869055712
7552 0.029249612966406373
7951 0.04594023270887877
8039 0.08087409466242523
8051 0.07288726511453265
8224 0.03248713943958643
8251 0.10163697787877149
8252 0.050780204135876056
8291 0.06331932623935443
8324 0.02899949727480248
8403 0.07288726511453265
8515 0.07528242032603182
8601 0.08087409466242523
8927 0.06756726460582342
8942 0.04252996575709325
8961 0.04789019390769092
8986 0.07763510368316918
9010 0.07686808696428857
9034 0.07350089367524369
9112 0.06664674118333966
9358 0.07114639123216666
9445 0.02596617654166197
9463 0.0955471215093659
9542 0.12489317520324723
9572 0.08581941807910733
9578 0.037076677959218596
9618 0.045771556891588565
9658 0.03567569282404631
9748 0.12489317520324723
9776 0.07349009317128966
9821 0.0371883864140535
9842 0.07838078055429576
9920 0.07059652387347742
10303 0.11022014835630656
10312 0.040714525020071564
10318 0.013198365072588314
10547 0.08817392052218437
10644 0.08817392052218437
10772 0.12489317520324723
10848 0.09806945372082883
10898 0.10609543180002004
10925 0.047340326549001686
10979 0.044311067281347684
11021 0.05024469635076794
11036 0.05067790487624987
11087 0.06902775421606432
11101 0.14950092197139353
11332 0.04016872275990912
11497 0.02262766064251766
11637 0.0664343341215005
11736 0.029249612966406373
11771 0.0700605787139529
11826 0.14342184687192794
11893 0.00863357346944805
11929 0.02834547398983879
11965 0.14367058172307276
12021 0.03143723651957995
12052 0.10440023947185242
12135 0.11880331883384164
12180 0.04339054385886393
12204 0.016892634958749955
12205 0.101327784575891
12237 0.11022014835630656
12270 0.12852541817014596
