35
15 0.189019773889075
69 0.18760952809626932
116 0.15388525921808413
303 0.18357641387244328
674 0.14562711519650395
1256 0.28093807684245525
1958 0.07975074625026601
1996 0.43172529191084474
2042 0.07588071350060815
2129 0.13444855383708673
2781 0.10311882626375071
3891 0.09297108949661766
4624 0.021385289150189862
5235 0.18623326745933128
5425 0.2342675625909037
5802 0.05325136663073707
6008 0.043976202868829035
6952 0.07975074625026601
7554 0.2154862712686429
8324 0.07823912560243167
8956 0.3396063075242593
9077 0.17742940570153165
9338 0.023235233966482256
9341 0.08527846677374339
9358 0.19194923922387702
10218 0.10186356578383259
10318 0.07121699613449714
10898 0.09541330706283804
11497 0.06104824391688347
11629 0.2178816636259517
11637 0.08961817790135111
11929 0.07647460501594376
12225 0.18357641387244328
12270 0.0866887125665491
12271 0.2442907789347622
