48
104 0.10608787853318465
201 0.11334041630646637
450 0.09622571943173854
453 0.233165148757176
1536 0.07777947845115987
1553 0.10281698193695425
1905 0.10839197106587906
2127 0.2003932389658904
2243 0.1188248221996713
2382 0.17594719685368584
2677 0.18645190015224228
2832 0.1272036575884767
3361 0.12726141584877632
3407 0.11600846951926434
3661 0.08957419377210551
4025 0.08226748035828987
4655 0.11080582283344545
4790 0.12953424322522114
5001 0.06786365994089645
6230 0.12129757148332994
6794 0.10646469295965763
7042 0.07445492244611217
7272 0.057517123855319575
7484 0.040136235675921735
7561 0.26791167848387576
7739 0.13454387930559136
7833 0.0769276717297708
8324 0.03471474885584267
8326 0.08110767443946719
8754 0.10317016320520299
8873 0.0997444468733689
8972 0.13013402900514784
9000 0.20423583668976691
9097 0.19578267035599217
9338 0.020618975622296767
9445 0.031083618065803467
9663 0.169019522865502
9987 0.10958452742648345
10787 0.3546936149765107
10925 0.11334041630646637
11036 0.0404437066304576
11067 0.12597015489887428
11260 0.17307619189769682
11736 0.07002831522473782
11767 0.3546936149765107
11875 0.18134009701310388
12004 0.09235958185286679
12304 0.10839197106587906
