26
864 0.22105421499220315
952 0.0666596517055049
1929 0.11440483448790147
2056 0.3632817629515438
2627 0.18907612708922752
3055 0.18084530307326308
3239 0.08804357489810917
3686 0.21755441420462543
5001 0.0866759772690164
5914 0.19362048712888472
7272 0.14692260700954543
7389 0.20806469118236184
7418 0.19725118896537908
9292 0.12655369003210457
9534 0.15492217127447072
9546 0.13176970898125656
9664 0.09934053530416811
10188 0.3107898067772626
10429 0.205187304292495
10533 0.18482997913649335
10589 0.3632817629515438
10601 0.2446577630595301
11852 0.1901826591049012
11995 0.20243239718681405
12004 0.11796235310955723
12177 0.07942881599485885
