135
674 0.05560718516539404
763 0.08331661484019413
769 0.04616055063186961
943 0.07508857094043084
965 0.042636541919832745
979 0.02882489096968258
1122 0.10062930561052648
1205 0.03144023511402827
1396 0.09668721555886532
1492 0.07704283558269841
1649 0.09843278932658836
1746 0.07447421961129563
1790 0.13750753352827533
1933 0.06483871770842646
1999 0.07704283558269841
2042 0.1158990997086463
2177 0.06297364758709581
2298 0.1780741353747042
2491 0.15262370801466954
2578 0.08499259374156827
2609 0.07918961964073411
2644 0.04127309610112792
2678 0.0700979870708105
2781 0.03937554938411733
2936 0.05846779784502022
3314 0.09215901006909263
3347 0.06333411909941006
3472 0.045488383040494025
3591 0.054481546951915524
3596 0.06960789835690578
3597 0.05031465280526324
3602 0.08729268881470278
3609 0.09261051737362166
3619 0.07387670196108868
3686 0.07329512002950733
3702 0.09083690649967671
3715 0.08157104107247108
3891 0.035500672946043164
3918 0.03956847911495653
3993 0.07111249696592219
4078 0.05331262428872325
4198 0.056257499612786
4200 0.07387670196108868
4289 0.05449172387051155
4446 0.04581147087528573
4451 0.024749463611627817
4624 0.008165895011965796
4708 0.05241319661301349
4712 0.05523104992544136
4805 0.07704283558269841
4941 0.026827990869125885
4993 0.09356646807219851
5040 0.05761247135717837
5139 0.07995489219482069
5155 0.07637176632830622
5337 0.047502863174222594
5425 0.059636145432851166
5434 0.13750753352827533
5461 0.06060455752688825
5573 0.13750753352827533
5598 0.06687833678438397
5700 0.05176216229798974
5792 0.15262370801466954
5998 0.04914608595971867
5999 0.07637176632830622
6180 0.04221848381485748
6198 0.05285827389717488
6280 0.04335162335862599
6410 0.030132995589242356
6657 0.03653934686575313
6725 0.15262370801466954
6762 0.0950710666812149
6791 0.037968091381011454
7042 0.03203775276423522
7193 0.03402991147332444
7201 0.36753355105147195
7262 0.02190721757653691
7272 0.1484967816697669
7459 0.12594729517419162
7484 0.0863525710071707
7951 0.09465539466626928
8039 0.08331661484019413
8051 0.07508857094043084
8142 0.15262370801466954
8224 0.03346830026655329
8251 0.10470656858408407
8252 0.026156921614733694
8291 0.06523166581642065
8324 0.029875326024843107
8342 0.08074799886879136
8403 0.07508857094043084
8515 0.07755606346782076
8601 0.08331661484019413
8681 0.15262370801466954
8927 0.06960789835690578
8984 0.15262370801466954
9010 0.07918961964073411
9338 0.008872289722913153
9445 0.026750394410279245
9463 0.09843278932658836
9542 0.1286651382993768
9572 0.08841129451590155
9578 0.03819644980232903
9618 0.047153927250629446
9658 0.036753152793673693
9776 0.03785480265887348
9821 0.038311532021730946
9842 0.08074799886879136
10298 0.04664077345792873
10312 0.04194416535552011
10318 0.013596975692440299
10358 0.15262370801466954
10392 0.023602996132245285
10547 0.09083690649967671
10644 0.09083690649967671
10772 0.1286651382993768
10848 0.0505156498960029
10898 0.10929967456802042
10979 0.04564932864161306
11021 0.05176216229798974
11036 0.03480563625148254
11332 0.08276375808049206
11497 0.023311050273347556
11771 0.07217651432830856
11826 0.07387670196108868
11893 0.008894320467524489
11929 0.029201550245871018
11965 0.1480096509426438
12021 0.032386688687828374
12052 0.10755328486343664
12135 0.1223913590418811
12180 0.04470100401723751
12196 0.07995489219482069
12204 0.01740281812574127
12270 0.13240708050648642
