29
674 0.10747952059103381
1029 0.18710013947966758
2042 0.11200692533318468
2298 0.4589172578521865
2748 0.22601722650428366
2781 0.15221288969135752
2828 0.13265525036645698
3332 0.1499030834892306
3891 0.1372338951360681
4356 0.11376941432018157
4451 0.09567326509878535
4624 0.03156665738329784
6570 0.22379860760426928
7262 0.08468607916787625
7484 0.06676211288917987
8577 0.26908118159541544
9445 0.10340820375231488
10280 0.261902152464124
10318 0.10512284875163165
11036 0.06727355623286099
11217 0.10266091468685645
11484 0.36169711169104835
11497 0.09011283345491487
11629 0.10720447090957858
11637 0.1322846886595531
12177 0.10344513106366346
12196 0.309079247814727
12270 0.1279605278829324
12286 0.20971550514224344
