214
76 0.02663029119315118
111 0.02923316052317608
236 0.024153317516263362
343 0.0500168408143815
424 0.08305254724190918
425 0.05651278377578444
456 0.037575148901931046
496 0.02266058239635407
611 0.092182496441311
638 0.041192072529162606
673 0.05651278377578444
694 0.04612743438980695
864 0.04498134381342522
952 0.027128554974210753
1095 0.041752656382761835
1106 0.03869942754473485
1122 0.03038931738390984
1135 0.07098341089032549
1160 0.06059806150434801
1184 0.09283793601250685
1238 0.092182496441311
1363 0.04092048079515775
1450 0.033665082795267205
1538 0.09853544119966427
1582 0.04738283457638261
1664 0.027867535991003282
1706 0.0401377714004303
1736 0.09497042182579771
1895 0.021259368184508003
1929 0.023279733409289714
2028 0.11484307883766506
2059 0.05272351249152182
2115 0.35415347873142294
2278 0.02363671277675551
2356 0.013564277487105376
2450 0.055536252435506146
2461 0.07771186932676996
2541 0.05936704006235633
2554 0.08305254724190918
2578 0.07700143285766775
2609 0.04782937674413669
2630 0.021946524248744808
2675 0.031135086306354615
2895 0.022932174130358928
3019 0.04782937674413669
3055 0.22079646176034556
3062 0.07392259804250734
3073 0.05945197092796627
3132 0.041752656382761835
3143 0.092182496441311
3171 0.054111293012827064
3179 0.050322021728564446
3239 0.01791559737141673
3270 0.023209484003126713
3278 0.030149824741924715
3344 0.051468112304946176
3484 0.07359882058678185
3520 0.033059379187719624
3604 0.03892850692628865
3631 0.07098341089032549
3647 0.051468112304946176
3670 0.029344315043021242
3677 0.042640974888376176
3680 0.12576405987251846
3687 0.04573421914685087
3770 0.055662699643703656
3939 0.04295091230429149
3966 0.03585139461402338
4014 0.04204215666124339
4025 0.02138076749948233
4048 0.014434589520423256
4081 0.018539511894587253
4097 0.1557140277051546
4101 0.020214365843619405
4105 0.0365920697232326
4106 0.03892850692628865
4116 0.06324124221222889
4118 0.06655148861823439
4356 0.017775719252261804
4410 0.014398650255470243
4514 0.046532750444301815
4570 0.03446361409271814
4861 0.026196993711927297
4931 0.054948641496094394
4965 0.03869942754473485
4972 0.041803485242450374
5001 0.017637310982917792
5040 0.06959418697058217
5112 0.06412424665952153
5224 0.017364782658985882
5252 0.10388789533886025
5310 0.03248030868907376
5336 0.07771186932676996
5350 0.05651278377578444
5389 0.021199085550985507
5802 0.012281343765500588
5855 0.2919883489961699
5914 0.11819692786008751
6008 0.010142216042615901
6013 0.022863749392412445
6045 0.050322021728564446
6066 0.043629398207733414
6122 0.03496705368127138
6162 0.045296553692375875
6198 0.06385125494332547
6251 0.020214365843619405
6277 0.034629298446286746
6303 0.11966062101880295
6381 0.07392259804250734
6421 0.05839766979923398
6437 0.033208213906142495
6448 0.05945197092796627
6452 0.015212892916637112
6554 0.03719858424824848
6584 0.018539511894587253
6657 0.022069233255008917
6664 0.03869942754473485
7025 0.02162697527413064
7150 0.025170038783744953
7180 0.054111293012827064
7188 0.03051071669888417
7193 0.04110714166355265
7197 0.259170595372422
7282 0.02010321132377424
7331 0.10544702498304365
7382 0.038252885376980766
7394 0.10866736160354107
7418 0.0401377714004303
7483 0.02901352715470735
7484 0.0625868340360448
7537 0.015585575061940495
7599 0.092182496441311
7634 0.06059806150434801
7739 0.03496705368127138
7768 0.050322021728564446
7956 0.031925627471662735
8008 0.0647926488431055
8252 0.031596799278839224
8329 0.03549050265706393
8339 0.03869942754473485
8493 0.06324124221222889
8677 0.08305254724190918
8714 0.041752656382761835
8725 0.045352403067248866
8776 0.05613727009769327
8873 0.0259229141171706
8890 0.01583837457885376
9000 0.02653976346612472
9025 0.04978432533933999
9117 0.03892850692628865
9165 0.04978432533933999
9292 0.07725555075788793
9327 0.092182496441311
9338 0.04286987003251745
9341 0.01966774249205153
9407 0.08996268762685045
9534 0.03152442694053632
9546 0.026813234862270986
9563 0.024228800430193796
9572 0.1067982680816594
9582 0.027474320748047197
9646 0.092182496441311
9652 0.04392704268469292
9664 0.020214365843619405
9692 0.05486416834625271
9776 0.022863749392412445
9974 0.08305254724190918
10004 0.043755746003253264
10049 0.08305254724190918
10103 0.04092048079515775
10218 0.04698551596791632
10266 0.07522046877830453
10312 0.02533366489331631
10318 0.016424750514651344
10348 0.0965831804388614
10373 0.05742153941883253
10420 0.02407826470674066
10525 0.04978432533933999
10533 0.18805117194576132
10571 0.032062123329760765
10579 0.04498134381342522
10601 0.04978432533933999
10643 0.03803516583436614
10646 0.03139336384491313
10778 0.06059806150434801
10845 0.024535133595865365
10938 0.04782937674413669
10951 0.007365096307330565
10952 0.05651278377578444
10963 0.053997510574778675
10988 0.015600324742405417
11011 0.04239817110197101
11036 0.01051104864907839
11103 0.02138076749948233
11112 0.043268318805994424
11116 0.03740280124489998
11217 0.032080179168686225
11271 0.12119612300869602
11319 0.03302932007666545
11487 0.050322021728564446
11727 0.05651278377578444
11750 0.07832328204005773
11771 0.08718712658423997
11846 0.034629298446286746
11893 0.018802140010143617
11949 0.055662699643703656
12006 0.02788030018208105
12051 0.04465756635769974
12089 0.02796770173936969
12177 0.03232523642296576
12207 0.07392259804250734
12223 0.14348813023241008
12229 0.043268318805994424
12275 0.024928348838821453
