291
104 0.021161541633493722
201 0.022608218503271823
220 0.030613743660103106
236 0.01853801521390504
280 0.031828341649572385
335 0.045044359504061
374 0.04577746253453945
404 0.03397722989999118
495 0.024713995847207286
515 0.07642035757061173
576 0.02108693249596298
590 0.03397722989999118
593 0.023324233932824304
628 0.034784639496143986
711 0.014732018125143066
769 0.010699263747012102
871 0.05964496657283763
921 0.03670972789379257
938 0.02283153466759858
965 0.019764911857263607
979 0.013362280420917512
1123 0.06374401294097125
1149 0.07020332919231634
1162 0.032045758464584274
1177 0.05964496657283763
1215 0.06122748732020621
1250 0.04153118810450883
1374 0.022694995793597385
1524 0.02188316017740455
1536 0.031029627403865816
1552 0.06453590810344986
1586 0.029702361843694975
1595 0.05167686108674856
1632 0.09445353844199825
1663 0.06409151692916855
1664 0.021388730795569282
1734 0.03023927521111419
1759 0.03509650662258387
1780 0.09945856168155212
1896 0.027377012521112697
1905 0.04324228630379401
1945 0.09707710830921283
1958 0.014116802186856911
1971 0.014574668765793063
1996 0.038210178785305866
2006 0.048538554154606416
2080 0.043029430671664856
2196 0.03296543695133921
2228 0.037064483319472825
2266 0.01577515836170279
2278 0.01814151371823582
2287 0.022102638544044564
2356 0.031232328509606375
2373 0.00988189010273031
2381 0.0290281459100475
2382 0.0526447599338758
2386 0.05107921541966801
2512 0.045630234472642445
2525 0.030806311239539058
2630 0.008422134974659748
2666 0.05215828822362986
2705 0.039529823714527214
2731 0.03510166459615817
2748 0.02710376636707466
2768 0.024713995847207286
2812 0.03397722989999118
3082 0.12322524495815623
3089 0.02492909954191388
3120 0.03023927521111419
3239 0.01375047615773243
3270 0.0356272190987544
3283 0.038210178785305866
3306 0.09126046894528489
3318 0.07642035757061173
3405 0.04046604678799217
3435 0.04747341283808976
3472 0.02108693249596298
3551 0.07020332919231634
3559 0.03100261822802455
3591 0.03788380547055174
3599 0.025038392414486684
3603 0.04747341283808976
3633 0.03905312451468186
3647 0.03950250926389809
3671 0.04972928084077606
3721 0.017921733491816284
3759 0.01655143739093505
3765 0.01819721354095792
3805 0.0232319091610166
3918 0.01834265788964715
3928 0.07486428347275041
4048 0.011078753051455677
4059 0.017653561474460344
4081 0.028458678881591735
4101 0.015514813701932908
4162 0.04153118810450883
4188 0.11347329378174732
4215 0.06374401294097125
4278 0.06374401294097125
4356 0.04092935312691324
4364 0.04153118810450883
4403 0.05673664689087366
4482 0.04482104333973424
4485 0.03161550237244726
4547 0.023798945189441468
4589 0.03320905096227578
4600 0.031202812735208276
4624 0.022712657436052067
4655 0.022102638544044564
4676 0.019132862792882985
4712 0.025603315475561356
4729 0.04972928084077606
4738 0.04272191479067847
4787 0.08213103756333809
4820 0.038512301623427274
4861 0.05026641450633878
4872 0.01679157913934387
4905 0.024713995847207286
4941 0.012436582587601795
4972 0.016042385169180044
4988 0.025487777163702898
5001 0.013536887390874948
5129 0.032495143213800495
5146 0.022020779859949907
5297 0.019132862792882985
5319 0.03320905096227578
5323 0.036367000419858554
5365 0.05263760052274004
5368 0.06969572748304981
5391 0.04972928084077606
5622 0.021161541633493722
5630 0.04272191479067847
5667 0.05773278116641117
5752 0.021465609434119796
5781 0.05448077888818735
6008 0.007784295270168437
6010 0.01944394863769939
6013 0.017548253311291936
6034 0.02131243237868794
6041 0.08254936801294091
6066 0.01674309227301561
6078 0.07075137899106884
6119 0.04538999158719477
6122 0.02683771174259485
6162 0.03476575012609852
6196 0.04210903064625576
6198 0.02450337380712365
6251 0.015514813701932908
6361 0.03296543695133921
6398 0.02218516546968689
6523 0.07075137899106884
6616 0.024297050477533257
6630 0.07511517724346006
6747 0.018654217553630014
6778 0.027429126362487167
6906 0.03862286842254485
6952 0.028233604373713823
6994 0.15947087873420285
7002 0.028707182690483283
7061 0.048538554154606416
7176 0.012064412011619747
7188 0.02341740963618002
7240 0.07075137899106884
7243 0.14150275798213768
7262 0.010155472393898276
7443 0.03452382205441123
7454 0.06374401294097125
7483 0.022268295336276455
7484 0.00800604775975472
7507 0.02938490118057619
7537 0.017943226272405462
7542 0.011588583375366173
7553 0.04272191479067847
7557 0.03905312451468186
7750 0.07075137899106884
7817 0.025148879768333417
7897 0.07075137899106884
8010 0.04747341283808976
8051 0.06961723063357304
8068 0.037064483319472825
8092 0.016363348388744262
8100 0.021939578682424382
8119 0.037432141736375206
8171 0.03163841701312374
8193 0.037432141736375206
8198 0.5167292884286991
8252 0.024250993485570776
8324 0.02077384183847363
8327 0.022268371636922517
8329 0.0272394662870963
8335 0.05448077888818735
8343 0.04337436646995614
8359 0.05448077888818735
8364 0.041300967518137346
8376 0.028866390583205587
8384 0.03862286842254485
8391 0.04098459595008877
8417 0.045630234472642445
8435 0.05107921541966801
8437 0.035403462895764466
8438 0.02919253151978448
8455 0.024399685798169587
8498 0.03950250926389809
8514 0.028244071540991053
8517 0.055315699618332534
8571 0.028866390583205587
8662 0.03320905096227578
8753 0.021543077186755168
8786 0.02607914411181493
8836 0.028707182690483283
8863 0.05838506303956896
8873 0.01989620580979334
8899 0.06374401294097125
8942 0.010155472393898276
9160 0.02710376636707466
9267 0.017340871839325638
9292 0.15811929485810886
9338 0.008225808963363139
9445 0.0744036683829091
9481 0.21225413697320653
9566 0.14150275798213768
9567 0.07751529163012284
9568 0.019011060208026297
9575 0.02462199443589761
9578 0.017706629797109696
9626 0.04942799169441457
9658 0.03407512864478348
9767 0.11928993314567526
9804 0.02450337380712365
10150 0.10714364622174262
10184 0.03023927521111419
10195 0.08090959154968075
10298 0.06486342945569101
10318 0.006303114980378608
10334 0.020232100236998705
10340 0.037432141736375206
10385 0.04153118810450883
10392 0.02188316017740455
10409 0.14150275798213768
10443 0.21225413697320653
10576 0.02482097559947479
10628 0.023702202898555312
10630 0.037064483319472825
10653 0.041300967518137346
10654 0.038210178785305866
10723 0.052403369824356366
10749 0.0469395531074654
10760 0.019635301206948175
10855 0.04747341283808976
10881 0.021859024533107993
10899 0.09889631085401764
10951 0.039569714228144946
10959 0.019011060208026297
10963 0.02072192923134118
11011 0.016270600102881484
11036 0.016134759097958987
11067 0.03769124306651585
11103 0.049230130758247274
11116 0.057414365380966566
11161 0.06453590810344986
11217 0.04924398887179522
11219 0.10480673964871273
11266 0.037813677289636645
11319 0.006337618400390334
11332 0.009591645509810327
11341 0.07075137899106884
11433 0.039972803001436796
11458 0.048538554154606416
11494 0.029359634369760957
11629 0.025711712137871046
11634 0.012822979642399665
11716 0.07075137899106884
11736 0.055874700432930836
11768 0.023798945189441468
11824 0.04972928084077606
11828 0.019764911857263607
11834 0.07075137899106884
11893 0.012369351651553926
11929 0.027073774781749896
11977 0.012955131749698397
11984 0.037064483319472825
12006 0.021398527494024204
12035 0.05263760052274004
12051 0.01713765912275984
12072 0.028094298546060575
12089 0.021465609434119796
12129 0.026969863849893586
12177 0.024810079368952992
12186 0.060711197678357184
12229 0.03320905096227578
12265 0.019377948754035285
