253
111 0.026362086199408347
123 0.06666244315717484
134 0.08312898344795425
236 0.021781149453909122
293 0.057030134570454846
335 0.026462323908269452
344 0.00987061809673264
484 0.04754538189379713
485 0.0328358514055797
642 0.026362086199408347
678 0.0660185147518373
694 0.04159712394346091
744 0.02233695133434183
765 0.2246871399076937
769 0.012571047117582543
938 0.01341289946951975
956 0.023146298862239796
1106 0.06979728681702028
1122 0.027404693508273816
1184 0.06279003778422862
1373 0.03216648570212741
1591 0.07489571330256456
1630 0.057030134570454846
1649 0.053613018718425144
1664 0.025130583652681504
1712 0.07007955900920455
1736 0.02854769950471121
1744 0.048796864425065145
1745 0.04233974687124616
1781 0.11685834602357029
1895 0.019171423362884108
1903 0.07007955900920455
1905 0.025403655403335383
2028 0.10356400367054967
2086 0.025589254460810784
2115 0.23952827115809974
2253 0.03765200569893969
2356 0.012232090063073204
2392 0.0660185147518373
2393 0.04815464867173966
2450 0.02504093720444995
2464 0.05232822663293395
2541 0.026768214580951688
2554 0.07489571330256456
2578 0.04629259772447959
2609 0.0862638271077997
2630 0.00989554590862894
2644 0.022480062680083204
2656 0.03911817601595745
2694 0.035747439986315445
2818 0.1236925777276297
2822 0.02666537326312044
2841 0.0279624531555998
2895 0.020679938136866326
2957 0.03168810838096025
2981 0.06666244315717484
3019 0.04313191355389985
3055 0.23229662691820951
3073 0.053613018718425144
3171 0.048796864425065145
3270 0.020930012594742874
3276 0.04313191355389985
3344 0.04641327823682091
3520 0.029812520721276572
3523 0.03596946697423205
3548 0.0320048764335318
3604 0.07021044846597993
3674 0.052662263591768906
3680 0.07560826877906751
3759 0.03889405929698064
3778 0.07489571330256456
3791 0.03168810838096025
3903 0.02531193218300149
3918 0.01077580766512301
3939 0.038732577396525136
3966 0.06466064826857147
4025 0.019280899695536032
4034 0.1401591180184091
4059 0.02074196489927223
4105 0.016499127685729496
4106 0.07021044846597993
4118 0.060015271980664545
4178 0.03064156162216346
4198 0.03064156162216346
4209 0.19261859468695863
4230 0.036195723300989496
4297 0.027848786278537128
4356 0.03205982759292124
4382 0.026768214580951688
4422 0.06666244315717484
4453 0.031379569007629504
4495 0.07489571330256456
4564 0.07489571330256456
4658 0.04641327823682091
4662 0.04641327823682091
4754 0.06401192218457653
4782 0.035747439986315445
4789 0.054646548382210614
4820 0.022624919329138737
4827 0.0297500375415719
4861 0.0413421928922268
4931 0.024775987230528946
4951 0.050195902866395435
4972 0.03769784250743204
5001 0.015905099008669713
5028 0.060015271980664545
5040 0.031379569007629504
5120 0.0444289934463792
5146 0.025873206580466764
5224 0.01565933648971192
5252 0.03122825361090534
5310 0.05858064486499294
5337 0.05174641316093353
5365 0.06184628886381485
5442 0.07489571330256456
5802 0.011075157020193354
5855 0.3159735815506134
5914 0.0710589742376658
5938 0.03765200569893969
5973 0.06184628886381485
6066 0.03934442721199204
6180 0.022994983465515637
6198 0.057580236164401735
6214 0.019171423362884108
6303 0.03596946697423205
6353 0.06666244315717484
6409 0.020314429359321505
6554 0.0335452023283912
6778 0.016113858301382875
6804 0.03992137852634996
6941 0.07489571330256456
7002 0.06745872515123207
7021 0.053613018718425144
7150 0.02269801554756574
7176 0.02835004266276811
7188 0.05502833968185148
7193 0.01853494443556198
7282 0.018128816054018643
7328 0.03739655288552228
7331 0.09509076378759426
7382 0.06899191491009486
7389 0.038180008091431204
7390 0.07007955900920455
7394 0.1306597622875885
7467 0.033185232416887075
7483 0.026164023667399578
7484 0.02821999886906206
7512 0.07007955900920455
7537 0.007027435041183584
7547 0.036661590775809126
7552 0.01641242585545519
7602 0.04947579766669806
7739 0.031532836914920905
7956 0.028790118082200868
7968 0.03531546154449543
7988 0.03449595745504743
8008 0.17528751903535544
8092 0.019226035403956458
8160 0.060015271980664545
8199 0.06666244315717484
8265 0.043548731689885135
8273 0.04754538189379713
8327 0.026164113316466973
8329 0.0320048764335318
8349 0.051782001835274837
8473 0.04496012536016641
8493 0.057030134570454846
8708 0.022266037105745727
8714 0.07530401139787939
8725 0.08179642143457366
8733 0.051782001835274837
8776 0.05062386436600298
8777 0.037146478427645735
8828 0.02697660761048636
8873 0.04675389757839731
8961 0.026871954087600257
8986 0.021781149453909122
9017 0.029163282740132575
9025 0.04489486092119883
9045 0.048796864425065145
9112 0.03739655288552228
9117 0.07021044846597993
9202 0.03489864340851014
9291 0.025403655403335383
9292 0.023222685607868457
9332 0.07746515479305027
9338 0.019329747261824157
9341 0.08868057945910009
9369 0.05842917301178514
9407 0.040563594279675444
9423 0.04313191355389985
9524 0.07007955900920455
9534 0.02842832063041942
9563 0.021849218969760442
9572 0.14446394601521897
9582 0.024775987230528946
9658 0.020018202086610138
9659 0.04537974857303544
9821 0.06260099599324631
9910 0.041962632721005734
9995 0.03931211174840743
9998 0.0444289934463792
10059 0.060015271980664545
10103 0.036901560513374836
10110 0.02666537326312044
10140 0.02929032243249647
10201 0.08312898344795425
10218 0.021185465408160287
10266 0.10174926930949542
10420 0.0434269356013036
10525 0.04489486092119883
10533 0.23741496172215595
10579 0.040563594279675444
10601 0.08978972184239765
10646 0.028310129625322984
10647 0.029418735553549992
10845 0.022125466257930642
10910 0.06184628886381485
10951 0.006641748625396245
10963 0.04869425689354517
10985 0.027848786278537128
10988 0.014068171153509366
11011 0.038234122526755426
11036 0.009478727772643653
11080 0.01632635230483188
11106 0.021185465408160287
11116 0.03372936257561603
11123 0.051782001835274837
11129 0.04023814657892151
11217 0.02892949080435207
11271 0.054646548382210614
11310 0.03372936257561603
11319 0.007446353450891791
11643 0.039612839153019205
11727 0.05096249774582684
11750 0.03531546154449543
11771 0.07862422349681486
11814 0.07489571330256456
11846 0.03122825361090534
11891 0.08312898344795425
11893 0.012111090546538457
11930 0.04074914351242159
12006 0.012571047117582543
12051 0.020135807978137375
12078 0.025403655403335383
12087 0.03791307330707713
12175 0.029418735553549992
12177 0.058300960535750755
12215 0.051782001835274837
12223 0.04313191355389985
12225 0.07636001618286241
12248 0.08312898344795425
12275 0.022480062680083204
