70
70 0.10499862264236974
129 0.09553376425945868
1106 0.08732315520676313
1736 0.07143186528671876
1814 0.050981118976821636
2028 0.1295685832325491
2115 0.29967302960615755
2253 0.09421260015776653
2259 0.11896774077654951
2450 0.06265726780353216
2609 0.1079243894252186
2677 0.05467097150193771
2818 0.1547513758113662
2895 0.05174520471908886
3019 0.1079243894252186
3073 0.13415014159291072
3171 0.12209919210654076
3344 0.11613499847791414
3604 0.08784006038234922
3631 0.32034041842692085
3759 0.04866022923663386
3939 0.0969163995277237
4025 0.09648907992960878
4118 0.1501698174510046
4198 0.07667111325757993
4209 0.12049224408717464
4356 0.08021988900909671
4861 0.029556046342195302
4972 0.04716364635872726
5648 0.10068362479920397
5855 0.39531350516984126
5913 0.16017020921346042
5914 0.08890164817518297
6066 0.049223683048897175
6180 0.11507579172240937
6198 0.07203844345135796
6303 0.09000256286550871
6360 0.07775984428767514
7193 0.0463780156365799
7282 0.04536180388071743
7331 0.23793548155309902
7356 0.09486584180380958
7394 0.16346799742272494
7418 0.09056869995303618
7470 0.06776488057718272
7484 0.023537298306337308
7952 0.024326674387754092
7956 0.07203844345135796
7988 0.08631555707172407
8473 0.05624946447035755
8714 0.18842520031553306
8873 0.05849364697316453
9000 0.05988553400755659
9445 0.018228525384456594
9582 0.061994311727448986
9673 0.10594223518015916
9925 0.10319678016435992
10103 0.0923348411673621
10533 0.08486545004135373
10601 0.11233562469227379
10630 0.10896734901409366
10951 0.03323787915024527
11011 0.047834584521186635
11129 0.10068362479920397
11217 0.07238718095686887
11629 0.03779544269008242
11846 0.07813913007966015
12024 0.057350379160683286
12223 0.1079243894252186
12225 0.19106752851891737
