51
46 0.24939321766684086
119 0.08950283310080634
188 0.1352699749597659
587 0.16728264418105598
594 0.08648247089668155
669 0.21235892416585744
674 0.061066408569938176
1162 0.1518305305843955
1205 0.13810749364835698
2042 0.12727746881352225
2450 0.20195358581862913
2578 0.09333672329221558
2670 0.12592695201629972
2781 0.08648247089668155
2828 0.07537044893091278
3759 0.07841953635696769
4170 0.1253244527865204
4382 0.10794198468787808
4446 0.10061800428628827
4596 0.11760002182677255
4803 0.1352699749597659
4850 0.20550467177032342
5312 0.09242435175975752
5802 0.04466022288764296
6068 0.08264858070527228
6155 0.11968287420625569
6222 0.14783671350915129
6514 0.20550467177032342
6657 0.1605063574389584
7374 0.13381840759586242
7471 0.1277813019355968
7951 0.10394816761263385
8059 0.30201461192133444
8783 0.282593620976415
8890 0.057595109490916174
9027 0.07371147593025515
9340 0.202413401992612
9341 0.07152033036150304
9445 0.029376608609236143
9776 0.1662847589659878
10140 0.11811230539676658
10144 0.13381840759586242
10191 0.14156071430025152
11036 0.03822267208001775
11049 0.13990889346583238
11067 0.05952614539715144
11094 0.15734212792557076
11332 0.04544453608552869
11637 0.07515990768110323
11750 0.1424084896567556
12016 0.1488043839400475
