24
594 0.15221013915823464
1205 0.12153538520034377
2042 0.1120049013340428
2450 0.1777203118865648
3420 0.2654104751764791
3759 0.13801928203321376
4170 0.22057247209501082
4514 0.2978168154757897
4907 0.1878081646794438
4942 0.43893491909522125
5051 0.18639130562662276
5312 0.16266791752248752
5802 0.0786025037222514
6657 0.28249302717948416
7374 0.23552192983053571
9341 0.1258766004728596
9776 0.14633154002008109
10646 0.20092239461657946
10897 0.19845486833629936
11067 0.10476669758057747
11101 0.19845486833629936
11637 0.13228229823507232
11818 0.24343095683637153
12270 0.12795821559734952
