128
8 0.12643041251679815
188 0.05746550700478878
313 0.052247654890367284
513 0.12643041251679815
587 0.07106515665302153
646 0.07006177489853553
674 0.025942284165254268
787 0.12005166490611811
1029 0.04516027759566654
1205 0.029335472066229235
1583 0.0746023208170282
1736 0.048904400987026767
1814 0.034903205666020364
2042 0.05407012367549201
2450 0.04289704793674462
2451 0.11419788310421818
2480 0.04751423460054834
2558 0.09361373284034859
2559 0.142406330832779
2630 0.01695182986710569
2684 0.1283021069684986
2895 0.035426321720435555
2929 0.09555311332144506
3120 0.06086473919329507
3261 0.08598943537565731
3591 0.025417142921106167
3599 0.05039655261204781
3680 0.032380692301460276
3759 0.0999427644717311
3791 0.10856832499074749
3887 0.03469766761715584
3918 0.018459785837639367
3971 0.07125906691368768
4170 0.05324044172860379
4381 0.03814343102608686
4430 0.10965733718572548
4658 0.07950950897606816
4772 0.0339942066644774
4790 0.104013692471606
4859 0.10965733718572548
4861 0.04046991454326786
4913 0.142406330832779
4926 0.04170850026802038
4941 0.0500639880000859
4942 0.21189488208367535
5001 0.027246655707931243
5005 0.02682564564466116
5034 0.08870654468130862
5069 0.05482681048913878
5138 0.0746023208170282
5622 0.1703733576229711
5625 0.142406330832779
5649 0.08249261022393459
5842 0.09090234012899362
6008 0.01566800454424467
6013 0.03532061709921871
6270 0.10594744104183768
6360 0.026618362760577934
6396 0.07950950897606816
6410 0.02811574554624156
6452 0.023501340766894235
6494 0.36085800260736917
6533 0.1628977789143293
6618 0.07950950897606816
6695 0.08475583988285651
6698 0.10597533425227075
7042 0.029892988963706374
7193 0.03175178282927472
7272 0.02309261351894647
7312 0.03480017712274635
7483 0.022410490636091476
7502 0.10009365923993774
7537 0.024077071506767744
7952 0.01665477212675778
8015 0.10594744104183768
8051 0.14012354979707106
8100 0.08831869978323692
8119 0.07534233305279629
8208 0.03766463025704508
8222 0.04639387308846734
8312 0.04367676378281604
8822 0.1283021069684986
8890 0.024467603907491316
9027 0.03131417254762777
9045 0.08359277511517678
9099 0.03449418498321007
9341 0.03038332820417988
9445 0.02495959222751555
9520 0.08730267125906459
9568 0.03826491254407668
9578 0.0712787854252013
9656 0.035854718466120435
9923 0.03802267047090558
9998 0.07611027678756185
10106 0.06280411967439156
10172 0.046576368426758295
10312 0.03913621786432337
10318 0.012686727664857933
10368 0.142406330832779
10628 0.047707108971874614
10646 0.0484974255443252
10726 0.08359277511517678
10760 0.11856410035615977
10797 0.09184321717755725
10925 0.04550516879852048
10951 0.022755650624514137
10959 0.03826491254407668
10960 0.03201893888338264
11067 0.025287948240587162
11217 0.024779219397574524
11497 0.02175049460184001
11629 0.025875895545760648
11637 0.06385899313742567
11679 0.08045610261892813
11818 0.058757883743545604
11893 0.03319556468669492
11908 0.09780880197405353
11917 0.05625033441394775
11918 0.4112430741823562
11957 0.03341001073626791
11977 0.026075714766812894
12006 0.04307033769664046
12024 0.039263792538167856
12159 0.06684221799512122
12176 0.07950950897606816
12204 0.016237788399157443
12270 0.030885775801942888
12274 0.05684885090987098
