317
68 0.023568171000085764
79 0.023481263849226382
90 0.0323641766380119
111 0.024013496492379816
128 0.07572304928156069
159 0.02778213386281972
169 0.03383711071571237
183 0.06822327850235854
214 0.057447173408319424
220 0.03276495883083329
262 0.05012588275207455
344 0.008991247932753884
456 0.030865999098585922
479 0.026565135342064533
505 0.030068473345272465
619 0.03216921853265726
637 0.045068014903676776
638 0.03383711071571237
642 0.024013496492379816
678 0.030068473345272465
769 0.011451096608218542
826 0.05890005209174964
887 0.019065364562862383
902 0.05633642305331883
915 0.05322373694395423
938 0.024435897214476476
963 0.051949338383481286
965 0.021153784081045304
1023 0.025787989361470524
1033 0.03665334315440037
1064 0.030068473345272465
1065 0.06822327850235854
1229 0.05830912080411592
1333 0.07572304928156069
1465 0.15602636530426364
1524 0.011710440419536323
1543 0.04230756816209061
1551 0.03636479586486546
1553 0.04390051053334534
1612 0.15195739443607406
1622 0.01935702324914367
1632 0.02021814994493345
1684 0.0279117148380835
1702 0.027654086426232013
1742 0.02195025526667267
1763 0.041336881494914525
1797 0.03856771255849007
1813 0.07572304928156069
1818 0.029910516056574063
1882 0.06822327850235854
1895 0.08731723737571237
1929 0.019123070737572762
1958 0.09065270440834929
1971 0.015598824743103411
2070 0.09284453071015243
2080 0.015351030353388516
2102 0.036083744164207364
2161 0.03406490612126669
2195 0.036083744164207364
2224 0.04386456664406761
2258 0.04089519232667115
2262 0.05080935002491376
2278 0.01941631042274795
2362 0.028310037687307298
2373 0.010576286454267874
2419 0.027654086426232013
2483 0.042781675421224026
2494 0.060723507723156385
2592 0.07572304928156069
2630 0.04506977466987753
2656 0.03563315040554616
2666 0.0279117148380835
2679 0.026004394217377273
2757 0.13345755194003667
2763 0.027278792777850207
2797 0.04797059961324707
2822 0.024289763809979208
2885 0.03694979682507698
2895 0.03767513831461612
3029 0.07572304928156069
3133 0.03297105805484276
3239 0.014716716459594879
3251 0.06822327850235854
3316 0.04572396616475207
3330 0.02886502508566331
3346 0.063836193832521
3361 0.06792215913300452
3362 0.08493011306192189
3426 0.05830912080411592
3442 0.014871842874644589
3447 0.048836652274116675
3452 0.03928930536838352
3569 0.05466853087026373
3589 0.030894819972184323
3591 0.027030589928918745
3597 0.02496321825434463
3599 0.05359565989441891
3661 0.019123070737572762
3683 0.02886502508566331
3729 0.04179737150561376
3737 0.024383443028168996
3765 0.019475924249094605
3810 0.04386456664406761
3819 0.048209608112555875
3882 0.031067941779287917
3928 0.04006248293444159
3933 0.017025729634567457
4003 0.07572304928156069
4025 0.01756317059683512
4056 0.06822327850235854
4169 0.05268951179050536
4244 0.02930078392648447
4288 0.06822327850235854
4339 0.024196888715167668
4356 0.014601813976812542
4381 0.020282363083617562
4440 0.33430626775936295
4448 0.057447173408319424
4453 0.028583973385005214
4455 0.046422265355076216
4473 0.030391478887214815
4503 0.038922494575874066
4554 0.031243878698183365
4624 0.02836011095024585
4735 0.11661824160823184
4795 0.035027307434031346
4810 0.060723507723156385
4823 0.11661824160823184
4827 0.013549808174300296
4861 0.04841875329406935
4937 0.05830912080411592
4972 0.017169676974252954
5005 0.028528502564196295
5051 0.023922953017469755
5109 0.048836652274116675
5132 0.05830912080411592
5146 0.023568171000085764
5155 0.03789124966641697
5180 0.07572304928156069
5181 0.022410745277371906
5241 0.038922494575874066
5252 0.028446138627884955
5277 0.06822327850235854
5347 0.04572396616475207
5367 0.05830912080411592
5389 0.017413928477444766
5432 0.07572304928156069
5473 0.0207428530943168
5506 0.060723507723156385
5582 0.06822327850235854
5622 0.02264855445699682
5641 0.035027307434031346
5718 0.23584380045530784
5752 0.022973988976861804
5762 0.042278334336254525
5807 0.024383443028168996
5844 0.04572396616475207
5998 0.04876688605633799
6008 0.008331294495893747
6055 0.019596146398302157
6068 0.018669815686762598
6089 0.04386456664406761
6133 0.07572304928156069
6147 0.04006248293444159
6150 0.022729000047729278
6162 0.024805816721879016
6233 0.04386456664406761
6289 0.18334002681481382
6360 0.014154030816793908
6409 0.01850462343817512
6410 0.01495024816056714
6436 0.017867976164577103
6452 0.012496587579129295
6562 0.044449567604279136
6616 0.026004394217377273
6646 0.03022877082693143
6872 0.1813726249615886
6873 0.11267284610663766
6905 0.03928930536838352
6923 0.02486440585880975
6939 0.046422265355076216
6952 0.03021756813611643
7042 0.015895278413780013
7150 0.02067585670619973
7164 0.051949338383481286
7176 0.012912173279679192
7206 0.030391478887214815
7208 0.024383443028168996
7220 0.017867976164577103
7225 0.048836652274116675
7249 0.048836652274116675
7259 0.022025655447143053
7282 0.03302745142635532
7425 0.021875376890938752
7483 0.011916539643545797
7537 0.03840817879937204
7558 0.029008336877631456
7818 0.03142272379667191
7840 0.063836193832521
7957 0.048836652274116675
8045 0.031243878698183365
8098 0.015938299870503395
8100 0.023481263849226382
8156 0.03801592904628925
8171 0.033861635558760775
8176 0.035281904642021876
8178 0.1536221230317388
8239 0.033395421547469
8324 0.08152324090864357
8326 0.034631130470726315
8380 0.026004394217377273
8495 0.03383711071571237
8603 0.02945002604587482
8633 0.02339504919298217
8727 0.02589565076826684
8754 0.022025655447143053
8774 0.02778213386281972
8797 0.07572304928156069
8811 0.03160457483548009
8812 0.051949338383481286
8837 0.021223815924957555
8890 0.039031163129909195
8931 0.04006248293444159
8950 0.21530657715722779
8986 0.039681347830748386
9033 0.04716876009106157
9040 0.041336881494914525
9126 0.035542637309270056
9273 0.03153446195438462
9284 0.04797059961324707
9338 0.030813416111257375
9445 0.006635998628850201
9498 0.09767330454823335
9520 0.046422265355076216
9549 0.028723586704159712
9563 0.01990267914014166
9582 0.04513740513214062
9584 0.022810048232770656
9613 0.06320914967096018
9614 0.023224653827145607
9675 0.03213680044176722
9814 0.028723586704159712
9821 0.03801592904628925
9849 0.042030131487323055
9865 0.022810048232770656
9898 0.012622768392386059
10063 0.03789124966641697
10065 0.037568244124474626
10103 0.033614012458966766
10127 0.03276495883083329
10143 0.05080935002491376
10266 0.21626373980529026
10306 0.036083744164207364
10318 0.0269841291063346
10381 0.060723507723156385
10392 0.011710440419536323
10418 0.030391478887214815
10490 0.026337339936510214
10553 0.04047082883404491
10597 0.018341915377891732
10619 0.015108784068058215
10628 0.025367746943779256
10631 0.09433752018212314
10642 0.05830912080411592
10645 0.04047082883404491
10745 0.05080935002491376
10749 0.012559494047669803
10814 0.05322373694395423
10845 0.020154315647029856
10848 0.025062941376037276
10883 0.046422265355076216
10951 0.03025018697549071
10959 0.02034695958659427
10960 0.034051459269134915
10979 0.02264855445699682
11011 0.017413928477444766
11080 0.014871842874644589
11145 0.024383443028168996
11153 0.03406490612126669
11156 0.03453540990603652
11161 0.06907081981207304
11193 0.07572304928156069
11217 0.013176085926997573
11263 0.11661824160823184
11268 0.042781675421224026
11276 0.02054309575086575
11300 0.01941631042274795
11304 0.08012496586888318
11319 0.013565920475445794
11424 0.0323641766380119
11499 0.030556671135802304
11585 0.07572304928156069
11624 0.026797829947209455
11764 0.05383216240390022
11780 0.031243878698183365
11828 0.08461513632418122
11875 0.03871404649828734
11876 0.06111334227160461
11892 0.028446138627884955
11893 0.011032117418868115
11950 0.10389867676696257
11975 0.06822327850235854
11977 0.013865483527258997
12006 0.011451096608218542
12021 0.01606840022088361
12029 0.023481263849226382
12052 0.026680857109450375
12064 0.040564726167235124
12089 0.022973988976861804
12098 0.022025655447143053
12105 0.021294304005597377
12106 0.041336881494914525
12113 0.027527536654829193
12177 0.013276736718953654
12193 0.06594211610968552
12256 0.042278334336254525
12265 0.013826419493181424
