363
29 0.023244564303852536
36 0.030516054889134926
117 0.026767350858760763
119 0.035228409984885925
129 0.060598694688199194
169 0.029479146515475504
210 0.03140469860199905
220 0.028545079692609412
236 0.05185603507029001
237 0.034902737828904996
246 0.14288291144450083
330 0.019872286364174367
338 0.031436430550486165
390 0.01691563634232979
413 0.04636892176326945
456 0.013445345813040011
464 0.024092449037971978
478 0.02769528272335898
501 0.04636892176326945
513 0.029284781628555745
546 0.06597049266777813
587 0.04938196955672352
594 0.03403959221964356
674 0.07210740943753274
711 0.013736530758347597
721 0.06597049266777813
723 0.059436635699608574
744 0.01772642492549304
746 0.06597049266777813
825 0.05561457438815375
838 0.04336706128043872
952 0.0388291531712424
979 0.012459350405653725
1057 0.025147427947446437
1122 0.02174814435547841
1174 0.026915800588918178
1178 0.12648307362517072
1197 0.06597049266777813
1205 0.013589813974797848
1340 0.04336706128043872
1341 0.059436635699608574
1468 0.023553653077991336
1536 0.014466430452111902
1549 0.03727171886854255
1594 0.06597049266777813
1615 0.04908071741998419
1622 0.05059195472620528
1769 0.04762763714816694
1814 0.0485072888264208
1914 0.06193002834014692
1918 0.11871041437570894
1980 0.036833204312269156
1994 0.03245649108579847
2013 0.06597049266777813
2042 0.13776550327089562
2105 0.021408418830038203
2167 0.039048821224908686
2176 0.04636892176326945
2241 0.06597049266777813
2252 0.031681284915616
2435 0.037731632669070536
2450 0.07948914545669747
2480 0.022011222724439845
2578 0.018368716614147042
2602 0.05290277873143901
2630 0.03926512822195064
2636 0.05290277873143901
2638 0.04762763714816694
2678 0.1817960840645976
2681 0.029479146515475504
2691 0.06597049266777813
2726 0.03360048258347691
2806 0.02466391873273141
2828 0.014832944297375444
2841 0.022190777925601864
2901 0.024204004932203434
2908 0.05079934660540966
2943 0.04336706128043872
2950 0.03601300348364507
3112 0.04349628871095682
3152 0.02132536663599162
3239 0.025642629146681493
3261 0.07967012959019977
3262 0.03872479914035981
3271 0.04762763714816694
3332 0.016761523432040574
3363 0.06147572380074599
3448 0.03872479914035981
3457 0.13194098533555626
3483 0.059436635699608574
3484 0.026335533541167556
3591 0.011774627089308747
3599 0.023346471923909165
3661 0.016660163713001035
3680 0.03000105699738122
3682 0.04636892176326945
3737 0.02124303979787982
3759 0.10803104423228174
3886 0.06597049266777813
3909 0.05290277873143901
3918 0.017103188589006602
3943 0.05561457438815375
3971 0.03301114300081434
3985 0.031681284915616
4001 0.030299347344099597
4025 0.015301166924396304
4030 0.02721990318835947
4033 0.021922711622995944
4105 0.013093575030874974
4115 0.04762763714816694
4169 0.09180700154637782
4170 0.02466391873273141
4178 0.024316896856916303
4198 0.024316896856916303
4350 0.026915800588918178
4356 0.01272121066218265
4381 0.01767014796403387
4388 0.05079934660540966
4514 0.1332048313077213
4616 0.09903342900244302
4624 0.0035296489911053478
4658 0.11049961293680749
4699 0.019057993629160074
4702 0.05561457438815375
4708 0.06796567416356988
4712 0.023873221411904157
4790 0.024092449037971978
4791 0.024316896856916303
4800 0.03422913969152854
4823 0.05079934660540966
4827 0.011804695258490447
4850 0.08088685665157055
4861 0.018747903867962882
4926 0.019321685314302856
4931 0.01966202419583176
4941 0.04638481918556917
4942 0.09816143483996838
4977 0.05561457438815375
4981 0.05561457438815375
4988 0.023765490375930034
5001 0.025244317300924534
5034 0.041093780179997375
5119 0.036833204312269156
5224 0.012427123492056047
5312 0.018189161412985027
5351 0.025657085204020682
5385 0.036833204312269156
5425 0.012888646024228153
5469 0.03272973813217088
5473 0.03614266068127418
5622 0.05919477529960957
5628 0.03360048258347691
5633 0.042546860451814626
5644 0.05561457438815375
5752 0.020015112779098586
5753 0.04336706128043872
5802 0.008789155535055897
5807 0.02124303979787982
5816 0.03926359510034045
5833 0.0851066425822063
5842 0.014036998046117976
5950 0.03926359510034045
6008 0.014516573425637168
6082 0.031436430550486165
6146 0.0300875100461609
6150 0.039603353145995994
6162 0.01080550747556504
6180 0.05474590179695542
6193 0.15489919656143925
6214 0.04564286216192654
6230 0.02256048660670207
6251 0.043399291356335704
6258 0.015085451262672862
6272 0.13194098533555626
6285 0.04179234883011054
6294 0.05818868714974327
6376 0.059436635699608574
6382 0.06597049266777813
6396 0.07366640862453831
6410 0.013024769155701787
6448 0.042546860451814626
6452 0.010887121518255438
6459 0.04044342832578528
6562 0.03872479914035981
6621 0.026058267580623906
6630 0.023346471923909165
6657 0.06317547243081997
6666 0.015257627063865718
6695 0.11779078530102134
6747 0.0173936952168838
6778 0.012787828346133293
6828 0.02132536663599162
6899 0.034902737828904996
6923 0.021662058249900692
6952 0.013162886836143193
6982 0.05836904980132544
7002 0.053534701717521525
7025 0.015477365756270284
7188 0.043670047785131734
7193 0.07354591414855127
7202 0.0442654896372401
7205 0.033935144716523404
7259 0.019188917442771136
7312 0.032242735506040794
7347 0.04908071741998419
7396 0.0488623144038078
7429 0.04636892176326945
7470 0.02149220927548869
7483 0.02076355874832046
7484 0.014930109421597332
7507 0.027399273844843277
7537 0.027884579639298936
7539 0.06597049266777813
7542 0.02161101495113008
7547 0.029094343574871635
7554 0.05334911966624023
7620 0.04179234883011054
7740 0.03821514188378556
7861 0.03877755429891869
7880 0.07546326533814107
7889 0.035628200543041194
7951 0.020457054480672726
8015 0.04908071741998419
8048 0.05079934660540966
8100 0.04091410896134545
8112 0.020015112779098586
8233 0.04179234883011054
8252 0.01130613997027631
8277 0.03272973813217088
8339 0.02769528272335898
8380 0.02265522472118996
8383 0.03360048258347691
8425 0.042546860451814626
8444 0.023449493310499357
8451 0.04044342832578528
8475 0.034902737828904996
8483 0.08152777448299445
8556 0.01538885465482638
8651 0.031436430550486165
8662 0.03096501417007346
8705 0.07643028376757112
8708 0.01767014796403387
8723 0.044201145612348176
8753 0.02008734579957252
8896 0.02836888086073543
8957 0.025024205760827527
8961 0.04265073327198324
8985 0.05818868714974327
8986 0.017285345023430005
9006 0.06597049266777813
9027 0.01450645753155877
9030 0.059436635699608574
9042 0.02890767682071606
9077 0.029284781628555745
9087 0.13194098533555626
9099 0.01597961526154318
9207 0.04908071741998419
9227 0.04636892176326945
9267 0.0161690962754736
9306 0.06597049266777813
9332 0.092213585701119
9338 0.06902969382057329
9340 0.039835064795099885
9341 0.11260191137823615
9438 0.12961317058814453
9444 0.04493338235130745
9482 0.06597049266777813
9568 0.01772642492549304
9575 0.011479105612941486
9582 0.01966202419583176
9584 0.019872286364174367
9604 0.041093780179997375
9618 0.020381943620748612
9628 0.028026066243658252
9664 0.014466430452111902
9675 0.05599564671587292
9754 0.04908071741998419
9776 0.11453725044507239
9780 0.25075409298066326
9815 0.03872479914035981
9818 0.03422913969152854
9883 0.0442654896372401
9940 0.05079934660540966
9944 0.03872479914035981
9966 0.09657282651657075
10023 0.03525849186194098
10110 0.08464570302075768
10147 0.059436635699608574
10167 0.019943429064475215
10172 0.02157675121478466
10173 0.03727171886854255
10192 0.02539881252623948
10276 0.025922634117628907
10321 0.04438155585120373
10325 0.02076362989309931
10348 0.06911984642365562
10357 0.06597049266777813
10364 0.01966202419583176
10392 0.02040444834599643
10428 0.0223738198525465
10570 0.03872479914035981
10578 0.040320273219021104
10619 0.026325773672286387
10628 0.022100572806174088
10646 0.022466691175653725
10749 0.01094192610894455
10797 0.042546860451814626
10883 0.04044342832578528
10898 0.01574799763740305
10946 0.06597049266777813
10951 0.010541676580641772
10952 0.04044342832578528
10960 0.014832944297375444
10969 0.15870833619431704
10988 0.03349316243639727
10996 0.04908071741998419
10998 0.03926359510034045
11036 0.015044484248181713
11067 0.01171477696414891
11071 0.022466691175653725
11080 0.025912923756412895
11106 0.0168126149557396
11112 0.03096501417007346
11154 0.025657085204020682
11159 0.029479146515475504
11163 0.027859223604161182
11319 0.017728098625479957
11361 0.05561457438815375
11551 0.06597049266777813
11634 0.011956491824488406
11637 0.014791509667822056
11718 0.059436635699608574
11739 0.03601300348364507
11754 0.03096501417007346
11857 0.03245649108579847
11878 0.05079934660540966
11886 0.03245649108579847
11893 0.024989286529150667
11896 0.05290277873143901
11908 0.09062089888475984
11911 0.03330120782693032
11917 0.026058267580623906
11939 0.041093780179997375
11945 0.02174814435547841
11956 0.13194098533555626
11965 0.04265073327198324
11977 0.012079714011107311
12006 0.039905127540311884
12021 0.01399891167896823
12051 0.03195923052308636
12052 0.023244564303852536
12061 0.05079934660540966
12089 0.020015112779098586
12125 0.05561457438815375
12129 0.025147427947446437
12157 0.022011222724439845
12177 0.01156679334337156
12204 0.015044484248181713
12205 0.02256048660670207
12265 0.012045681129466398
12270 0.014308000453107034
12275 0.017839996938445873
12315 0.1979114780033344
