36
493 0.10377256794916094
769 0.06327068879717841
958 0.11844394542946096
1162 0.18950436768590523
1205 0.08618811103333822
1787 0.20757563786075223
2042 0.15885893407164298
2450 0.3780967480830945
2678 0.19216182929169073
3759 0.09787784179077587
3933 0.09407218174026054
3939 0.19494293735806434
4000 0.2940768567428671
4514 0.21119996219627696
4941 0.14708883998121913
5312 0.1153576838044234
5802 0.055741801510270125
6008 0.04603286125007588
6514 0.25649671861409634
6657 0.3004994021192316
6952 0.0834804916576977
7374 0.16702288148886277
8208 0.11065931808749997
8961 0.13524784598656234
9341 0.08926673001587104
9776 0.20754513589832188
10334 0.11964364540185746
10898 0.09987555175091585
11067 0.07429641786041286
11237 0.15422046322170582
11637 0.09380939871326728
11818 0.1726316521083903
11953 0.15870629492317148
11974 0.17361982406750626
12006 0.06327068879717841
12274 0.16702288148886277
