316
15 0.03942087402817547
84 0.025290688896830043
116 0.03209342225744691
119 0.044513901424934
177 0.049612679159659084
193 0.03382267942392794
203 0.061452671302137094
303 0.03828563825315241
320 0.13803667101760334
330 0.025110216347613627
344 0.009897926498117713
373 0.02556663082194731
374 0.04045110739811161
429 0.03775617507055382
464 0.060885455915929455
493 0.020675276727676585
547 0.021115309473253303
587 0.08319740141399781
617 0.06418901983411736
628 0.02049155647281621
674 0.0607423027245488
708 0.08335897103581172
711 0.0347144010393882
744 0.022398749534492942
769 0.012605826621475136
856 0.06684687383185046
887 0.020987918308380107
938 0.026900016143851128
958 0.023598349707136933
965 0.023286934311810205
979 0.04723014430801117
1073 0.09049714918280889
1095 0.03775617507055382
1113 0.035413166550352704
1122 0.02748051230328996
1162 0.03775617507055382
1178 0.15982143598558865
1205 0.13737449743928332
1242 0.07500003102468274
1258 0.05593297123213673
1347 0.025754208877772713
1444 0.041712208018843046
1468 0.02976191635559548
1524 0.012891322695141838
1537 0.0702734435975411
1562 0.2005406214955514
1587 0.02862668058057242
1592 0.18838313967209588
1617 0.1805439370688838
1808 0.08335897103581172
1876 0.04550529779159921
1880 0.0702734435975411
1901 0.034394515331311326
1905 0.025473938055506073
1971 0.017171812179910415
2034 0.0751029224338311
2042 0.09495146417319161
2053 0.04207872802590857
2144 0.050334776627889204
2149 0.05593297123213673
2202 0.033100581955697816
2227 0.025290688896830043
2266 0.018586223868859466
2370 0.05593297123213673
2373 0.0232856010045134
2421 0.0751029224338311
2434 0.038839736316043344
2460 0.035846340119019215
2537 0.04709578491802397
2596 0.02815489770621796
2645 0.03606898137465897
2670 0.03131465080263174
2822 0.026739146628578996
2828 0.018742606338979947
2833 0.08491377102700912
2834 0.0751029224338311
2933 0.03292669623426383
2950 0.09101059558319842
3189 0.033638009672445006
3239 0.016200751986837302
3285 0.05113326164389462
3340 0.04245688551350456
3399 0.05593297123213673
3400 0.02653553551019619
3540 0.04893186755728984
3548 0.03209342225744691
3633 0.04601222367253445
3670 0.05307107102039238
3680 0.09477181161441925
3748 0.11186594246427346
3848 0.06418901983411736
3880 0.03942087402817547
3891 0.03877902858416468
3928 0.04410238872099985
4013 0.03828563825315241
4025 0.01933424291505795
4059 0.041598700706998906
4078 0.058235847650872787
4081 0.016764946651481753
4105 0.04963432426905483
4161 0.04366921515233334
4169 0.01933424291505795
4184 0.060181312356294606
4191 0.03942087402817547
4207 0.05718791615927047
4297 0.027925833716329614
4410 0.013020440061142016
4429 0.03209342225744691
4451 0.013517492447210521
4503 0.04284744379386611
4552 0.04147430397131462
4596 0.029243966910360734
4624 0.035679940666544945
4708 0.02862668058057242
4815 0.04325124383254026
4827 0.014916172524200598
4828 0.0751029224338311
4861 0.005922367380905659
4933 0.046541686855133046
4995 0.03292669623426383
5005 0.015702660164287733
5013 0.0259447883095433
5100 0.08335897103581172
5108 0.03912676129804607
5111 0.1840488946901378
5337 0.0259447883095433
5341 0.05280796087413936
5393 0.050334776627889204
5425 0.09771498382177987
5461 0.06620116391139563
5463 0.08335897103581172
5472 0.09676643591989494
5473 0.068503694979052
5537 0.08335897103581172
5595 0.09419156983604794
5766 0.03972243343586873
5802 0.01110579794159728
5842 0.01773686486545839
5942 0.08928574906678644
5948 0.19256705950235212
6010 0.02290877682421421
6055 0.043144448500897145
6066 0.0197266394484327
6074 0.0518895766190866
6150 0.025020995253462384
6162 0.013653619190308372
6180 0.023058602200651108
6209 0.02276081268074859
6230 0.028506971428461748
6232 0.03700365367677747
6258 0.01906166899798672
6360 0.015581325053485648
6363 0.08335897103581172
6410 0.016457833053724964
6436 0.03933957022869797
6484 0.03479158411217682
6558 0.041712208018843046
6657 0.039913620192703426
6666 0.057837680501962314
6732 0.05022043269522725
6747 0.02197831905078581
6772 0.0246706476322832
6778 0.03231687894418022
6792 0.05110349239584674
6804 0.04003182642515012
6869 0.03562778425541931
6934 0.0805268174125203
6952 0.03326471148388599
7101 0.06958316822435363
7117 0.049612679159659084
7150 0.02276081268074859
7188 0.027590291517038585
7205 0.021439878884688242
7231 0.035846340119019215
7256 0.034394515331311326
7282 0.018178971878161324
7376 0.03292669623426383
7379 0.031466384833888104
7408 0.04067581895530921
7470 0.027157117948372073
7483 0.013118204990660973
7484 0.01886538221116408
7537 0.014093754783392263
7542 0.013653619190308372
7552 0.016457833053724964
7554 0.06741086114726376
7605 0.030583687714062713
7660 0.021841409952905885
7773 0.03606898137465897
7799 0.0751029224338311
7833 0.03615859597584843
7843 0.05593297123213673
7952 0.009749037554746705
7955 0.05593297123213673
7958 0.0702734435975411
7971 0.038559465493776694
8036 0.03420083691152393
8092 0.019279226833987435
8098 0.035091040043177486
8124 0.033100581955697816
8128 0.09003813726484601
8166 0.039113768341395405
8224 0.01827948690821556
8258 0.03972243343586873
8312 0.07669989246584193
8320 0.04067581895530921
8321 0.034394515331311326
8324 0.016317100856643875
8327 0.026236499878415625
8378 0.04207872802590857
8390 0.04101136115460024
8412 0.02815489770621796
8418 0.05280796087413936
8455 0.02874760507479684
8495 0.037249249189618576
8498 0.046541686855133046
8637 0.1405468871950822
8682 0.03401025747975335
8708 0.02232763911208208
8753 0.025381961070464372
8754 0.024246725295441314
8774 0.030583687714062713
8838 0.04245688551350456
8868 0.02803981506819747
8873 0.02344162428311783
8880 0.03382267942392794
8882 0.04410238872099985
8890 0.014322356832824243
8918 0.05376134639357984
8927 0.03801796495757611
8932 0.04366921515233334
8942 0.011965133983392953
8986 0.021841409952905885
9027 0.01833006431064701
9034 0.04135663055767845
9036 0.05280796087413936
9182 0.03479158411217682
9202 0.03499519523055963
9221 0.06684687383185046
9230 0.027051242047906102
9273 0.0173572005196941
9338 0.038766451249503744
9358 0.08006365285030025
9434 0.02976191635559548
9448 0.04550529779159921
9519 0.0751029224338311
9575 0.014504764078767957
9578 0.020861875223455766
9584 0.025110216347613627
9618 0.025754208877772713
9631 0.03750001551234137
9650 0.04003182642515012
9657 0.06201739499556047
9675 0.017688739707562674
9686 0.08335897103581172
9690 0.24072524942517842
9769 0.06418901983411736
9821 0.020924730041482723
9844 0.0751029224338311
9849 0.023134227599946103
9898 0.013895649934806515
10004 0.019783766466216837
10005 0.045019068632423005
10096 0.1405468871950822
10097 0.05859082522986984
10140 0.02937135807523394
10150 0.04207872802590857
10223 0.06684687383185046
10312 0.02290877682421421
10318 0.014852606029095118
10476 0.060606833783592134
10493 0.04410238872099985
10578 0.025473938055506073
10619 0.049897067225828984
10653 0.14598186795186033
10670 0.050334776627889204
10788 0.04034947085942754
10875 0.045019068632423005
10896 0.046541686855133046
10897 0.02803981506819747
10898 0.01989884910423733
10934 0.03177577782316949
10951 0.006660123922219968
10980 0.027812932772678333
11021 0.02827110311940782
11036 0.028514855869162848
11049 0.03479158411217682
11080 0.04911456410691008
11103 0.01933424291505795
11141 0.04893186755728984
11177 0.04410238872099985
11217 0.014504764078767957
11319 0.02240086438771125
11332 0.06780501341230243
11497 0.02546373941279895
11532 0.05859082522986984
11634 0.03021595914727058
11636 0.0702734435975411
11637 0.018690250384898865
11754 0.03912676129804607
11800 0.08335897103581172
11893 0.017002436525622784
11921 0.03225547863996498
11930 0.020430940767564985
12017 0.060181312356294606
12021 0.017688739707562674
12024 0.02298345393638834
12064 0.02232763911208208
12072 0.06620116391139563
12119 0.049612679159659084
12156 0.06878903066262265
12200 0.03459139519188548
12204 0.038019807825550464
12270 0.03615859597584843
12271 0.12736969027753037
12275 0.022542256817148693
