136
26 0.04102163585676676
106 0.04371874829380218
193 0.049683803646557285
201 0.11738479888735925
456 0.024956370350579696
547 0.06203464111499265
694 0.06127312170916922
765 0.1103223906277898
938 0.019757380889741303
1122 0.04036748124743628
1184 0.2158113257023887
1436 0.09429042027483732
1582 0.1888221767585895
1664 0.03701768691667622
1886 0.08606695583529679
2059 0.07003498548234433
2096 0.042957906782302026
2115 0.3528283573500352
2129 0.08237813738367113
2280 0.08606695583529679
2450 0.07377127299115226
2541 0.0788598784947317
2578 0.03409480879568774
2895 0.03046182635416296
3017 0.07757222088057505
3054 0.06918132360596571
3055 0.29329375573043226
3073 0.07897269593914896
3332 0.06222328413512846
3442 0.02404893600818278
3484 0.0488822926217387
3520 0.043914243039850066
3559 0.053656536525299066
3661 0.030923504795220658
3677 0.11328380512359279
3680 0.02784299860139522
3737 0.03942993924736585
3765 0.03149409659008953
3797 0.0543564937726838
3891 0.028482214812597443
3966 0.04762300125050813
4048 0.019174106954065392
4059 0.030553192607447408
4097 0.10342093265771611
4101 0.02685164078588912
4106 0.15513139898657416
4169 0.05680204791622763
4662 0.06836738160531705
4820 0.03332680974768161
4872 0.029061351295589063
4931 0.07299072325790779
4972 0.02776471391712754
5040 0.046222526191934246
5110 0.06236701524613714
5112 0.08517908750081891
5120 0.06544450348432855
5252 0.045999636582245054
5310 0.04314503795374283
5322 0.07187843604300115
5329 0.06294072558619651
5382 0.08606695583529679
5478 0.0981946732315433
5821 0.08049509900156354
5855 0.07757222088057505
5914 0.20934164500945834
6013 0.06074186946581204
6066 0.028977434598779633
6114 0.04277275587205341
6122 0.0464482918758873
6162 0.020056475313905423
6214 0.02823976385118978
6303 0.05298350748291401
6421 0.07757222088057505
6638 0.03248848903646373
6994 0.045999636582245054
7025 0.02872807269042101
7085 0.12245010802403627
7193 0.08190666555335803
7197 0.08606695583529679
7272 0.059569536060993133
7282 0.026703989295770652
7382 0.05081300818995
7389 0.05623966420907055
7418 0.05331678608808206
7484 0.041568436983453444
7554 0.03300771401448629
8252 0.020985716563723764
8312 0.03755608625031078
8543 0.06236701524613714
8727 0.04187529773314536
8776 0.14913926294051844
8890 0.042077634105744575
8942 0.035152352064401114
9001 0.1270677747975855
9202 0.05140617000254624
9242 0.10322813073164197
9292 0.06841465499387638
9338 0.049827709887692466
9341 0.052251073375386835
9407 0.05975071864675464
9433 0.1532251923790346
9546 0.07123442371620466
9643 0.08606695583529679
9656 0.03083018938605553
9664 0.02685164078588912
9731 0.06127312170916922
9910 0.12362304208560757
10053 0.07897269593914896
10063 0.06127312170916922
10218 0.09361942442347591
10318 0.010908863137956797
10373 0.15255116700422708
10533 0.24979673156785698
10601 0.06613073252563836
10646 0.041701200796779136
10749 0.020309686647007556
10802 0.09429042027483732
10821 0.06684497854290247
10845 0.06518221734449588
10860 0.07757222088057505
10938 0.06353388739879275
10963 0.03586364688615421
11116 0.049683803646557285
11142 0.0420511444167749
11271 0.08049509900156354
11313 0.1103223906277898
11319 0.01096857854658746
11505 0.05880472622500588
11661 0.08606695583529679
11668 0.1103223906277898
11750 0.10404029741924108
11893 0.010703879327293862
11965 0.03958274893261155
12004 0.031885098285987803
12006 0.018517321079560417
12106 0.06684497854290247
