217
41 0.03473704986508936
82 0.04969520749477377
84 0.02420451898637342
98 0.06725538029957429
201 0.025492919532054303
280 0.03588948648890037
330 0.04806359453608542
343 0.021643422552413815
344 0.00947283606337221
374 0.01290461219451854
503 0.04683036995000883
517 0.03184788058147391
552 0.03638519134029085
593 0.052600590242017575
601 0.07977891805761578
648 0.3087146106991582
677 0.025990789720201884
679 0.032370082508472016
682 0.033492241782947005
769 0.024128877710141793
854 0.06861366438393468
916 0.059353907708050324
938 0.012872364887798804
1215 0.06903982315891039
1264 0.06143226685637383
1481 0.03664136875765388
1536 0.017494430054316334
1552 0.0727703826805817
1596 0.03518414306360794
1638 0.03588948648890037
1664 0.02411783099961239
1707 0.054731842541532794
1798 0.05145243511652636
1894 0.03831256264783679
1905 0.02437989806594317
1920 0.03831256264783679
1956 0.05607450028304389
1958 0.015918038926746505
1971 0.03286865420191667
2055 0.07850005777011158
2110 0.06082218011262566
2154 0.0267264911270143
2172 0.06991680938112414
2194 0.025990789720201884
2253 0.03613464465424681
2266 0.01778799345300487
2356 0.023478283273517128
2382 0.05936198062595647
2768 0.055734768076237624
2869 0.06143226685637383
2870 0.07977891805761578
3082 0.13894819946035744
3085 0.07328273751530776
3120 0.06819532547891972
3239 0.015504971440619022
3317 0.04027155509999597
3361 0.014312039515523912
3400 0.025395902645840292
3407 0.02609302731423489
3428 0.046214035239360754
3456 0.03430683219196734
3460 0.04683036995000883
3472 0.023777524674031682
3520 0.057222175685638726
3623 0.17707221057489844
3671 0.05607450028304389
3683 0.03041109005631283
3723 0.03638519134029085
3725 0.0261961901479359
3741 0.03613464465424681
3759 0.01866332199000461
3814 0.02361110689620532
4048 0.01249234918776939
4059 0.019906071858667784
4078 0.027867384038118812
4101 0.017494430054316334
4105 0.015834219318777754
4169 0.037007774017838835
4381 0.042737449107368715
4382 0.025689466044528837
4624 0.017073789583571024
4861 0.0453441357173555
4872 0.018934104682041444
4896 0.07187744546609182
4934 0.04263852245661332
4972 0.01808931712867793
5129 0.03664136875765388
5194 0.07977891805761578
5212 0.06397597287456785
5290 0.07187744546609182
5297 0.04314824996283674
5319 0.037446367735461734
5323 0.041007256506808386
5368 0.0261961901479359
5382 0.05607450028304389
5389 0.01834665120124194
5401 0.025204311323760463
5491 0.15955783611523155
5628 0.08126694339612948
5672 0.04355096252500241
5931 0.05145243511652636
5938 0.03613464465424681
6008 0.008777534280617305
6013 0.019787326875318822
6041 0.06205484953392182
6068 0.019669806088853853
6077 0.09939041498954754
6209 0.021783294433925852
6361 0.037171669736732284
6410 0.03150202307643585
6436 0.018825018535490342
6469 0.05145243511652636
6505 0.04748194244860356
6628 0.03167899726555564
6630 0.11293268825089142
6632 0.09366073990001766
6994 0.05993953450583598
7042 0.016746659387166827
7193 0.03557598690600974
7272 0.012936950983081997
7277 0.033492241782947005
7344 0.03801645729009579
7353 0.04683036995000883
7483 0.025109623787542643
7484 0.01805516266393781
7507 0.016567137325424093
7511 0.07187744546609182
7537 0.013488464337033821
7542 0.013067231433381558
7614 0.07977891805761578
7660 0.020903377683813854
7733 0.045629321673325916
7740 0.046214035239360754
7758 0.08126694339612948
7896 0.05053999504813728
7947 0.04220830478349131
7988 0.033105783915284424
8098 0.03358397030786849
8118 0.04063347169806474
8129 0.14375489093218363
8198 0.6150315676609682
8324 0.007808161713157401
8326 0.03648603887825015
8342 0.04220830478349131
8364 0.06985616146956644
8383 0.04063347169806474
8395 0.03992077618266031
8438 0.03291735953733484
8476 0.0395804698570796
8498 0.04454284134917784
8577 0.03638519134029085
8753 0.048583742510742774
8828 0.025889460916803844
8843 0.05145243511652636
8900 0.05053999504813728
8932 0.04179373490324981
8956 0.06778452462345169
8963 0.04507314232825624
8986 0.020903377683813854
9001 0.041393714374470966
9017 0.02798801389737641
9027 0.017542835287658435
9064 0.07187744546609182
9099 0.019324342823432424
9291 0.04875979613188634
9292 0.11143410248411405
9338 0.04637691509366829
9433 0.05989773433978456
9445 0.034957175910400644
9567 0.05827058249472326
9568 0.021436780966714232
9575 0.013881821842401889
9658 0.019211476403152926
9675 0.01692905392349287
9865 0.02403179726804271
9898 0.013298867581150774
10080 0.046214035239360754
10167 0.02411783099961239
10172 0.02609302731423489
10184 0.03409766273945986
10195 0.03041109005631283
10318 0.02842944975480025
10509 0.03831256264783679
10571 0.05549603468390896
10618 0.03409766273945986
10619 0.03183607785349301
10654 0.043085615655131894
10657 0.03892889735848487
10749 0.013232204143661644
10821 0.04355096252500241
10825 0.11071030747195398
10899 0.037171669736732284
10903 0.046214035239360754
10951 0.006374088763836663
10988 0.013501229380231976
11106 0.020331699471198894
11116 0.09711024752541604
11217 0.027763643684803777
11219 0.11817958057575109
11276 0.04328684510482763
11319 0.0071462683308123635
11332 0.054077469024416555
11499 0.032193343846895345
11634 0.014459130786335837
11668 0.07187744546609182
11811 0.04063347169806474
11828 0.022286820496822807
11875 0.0407876435585867
11893 0.020921433035808183
12006 0.024128877710141793
12021 0.01692905392349287
12051 0.019324342823432424
12089 0.02420451898637342
12159 0.037446367735461734
12177 0.013987863679861988
12225 0.03664136875765388
12265 0.0072834942480673945
