373
38 0.03944623091361939
103 0.018572769153710134
112 0.041320658826525046
114 0.03450876476217836
150 0.023594659120882912
183 0.05296566864501565
200 0.02739137888792264
262 0.019457807911514413
322 0.03282311106230156
344 0.020941274114888535
392 0.030217778972200744
435 0.01054637845986358
496 0.014451488104421612
505 0.046687782552464974
566 0.03079732592009598
619 0.07492446303255203
628 0.014451488104421612
642 0.03728612655809746
679 0.023853144098789133
682 0.024680050451864975
695 0.05878817355426095
826 0.02286375494368775
846 0.023221259916425065
913 0.04438277655670838
942 0.018930274126447447
952 0.00865043939830585
988 0.04526873582286469
1020 0.031102817730005023
1064 0.046687782552464974
1181 0.0320922068851064
1308 0.01922765381698328
1327 0.03604028388144605
1347 0.018162926946503993
1458 0.026446552696528673
1521 0.029675649008034433
1524 0.009091490772125769
1538 0.03141984021977283
1543 0.03284580696854428
1553 0.01704125003444245
1570 0.04955972161284231
1575 0.01620887664638149
1612 0.023594659120882912
1618 0.041320658826525046
1726 0.0251261782401506
1729 0.08627549591470934
1736 0.020188712088709572
1763 0.0320922068851064
1814 0.014408739416954103
1858 0.031102817730005023
1882 0.05296566864501565
1918 0.026446552696528673
1933 0.024974821010850676
1958 0.02345964216745162
1971 0.03633080382818267
1974 0.029675649008034433
1997 0.03604028388144605
2000 0.028922898007190324
2068 0.035498153917279736
2077 0.03282311106230156
2100 0.04395743237176695
2122 0.06564622212460312
2154 0.01969444606577168
2194 0.01915231610160537
2200 0.04714316373577035
2203 0.03724234512901813
2215 0.04373721670359701
2224 0.03405459475311748
2261 0.05400121230611251
2278 0.060296009616393864
2338 0.07448469025803627
2419 0.021469463363326835
2477 0.17636452066278285
2483 0.06642776759433588
2525 0.02559733531052753
2656 0.013832035623243439
2659 0.04526873582286469
2704 0.01850305838883277
2730 0.031749298091468425
2757 0.3404354861948756
2880 0.05296566864501565
3022 0.0379147117943517
3097 0.026446552696528673
3120 0.0502523564803012
3152 0.057010913707360604
3189 0.023722907397621874
3201 0.027593800705835145
3308 0.026096497922912222
3361 0.04218551383945432
3362 0.021978716185883474
3442 0.01154586996008893
3455 0.05296566864501565
3589 0.04797086371149859
3591 0.010492703523511499
3597 0.01938038709657019
3605 0.022299778155872498
3643 0.022981240760327776
3661 0.014846343512009004
3667 0.09964165139150383
3701 0.03321388379716794
3721 0.0595655374600178
3749 0.023343891276232487
3813 0.03604028388144605
3819 0.018713950610768564
3824 0.04955972161284231
3827 0.05602778637519898
3876 0.022299778155872498
3889 0.027593800705835145
3918 0.01524113552046995
3933 0.039654169693689595
3993 0.08217413666376792
4013 0.027000606153056255
4035 0.03944623091361939
4065 0.04033126967142366
4081 0.05911664822205048
4085 0.04955972161284231
4105 0.023336110743850252
4127 0.03079732592009598
4244 0.022747889672814908
4320 0.013107769217202142
4339 0.018785441246180846
4342 0.04033126967142366
4381 0.01574636906943203
4382 0.018930274126447447
4410 0.009182549647097082
4423 0.04955972161284231
4431 0.01403348649982005
4434 0.3282311106230156
4440 0.023594659120882912
4442 0.041320658826525046
4448 0.08919911262348999
4453 0.04438277655670838
4470 0.0379147117943517
4552 0.04387407647211146
4624 0.01572685067850592
4820 0.03200033559908265
4844 0.05878817355426095
4861 0.04176696966319331
4872 0.027904650984073843
4874 0.027593800705835145
4883 0.024536455520013867
4892 0.04373721670359701
4905 0.020535157021721217
4926 0.03443620151022007
4929 0.05878817355426095
4972 0.01332981119236007
5005 0.022148323078631623
5029 0.09053747164572938
5032 0.04955972161284231
5069 0.02263360084915662
5181 0.01739875500717976
5224 0.022148323078631623
5241 0.030217778972200744
5247 0.02036014863003528
5261 0.028922898007190324
5354 0.022520846150049786
5380 0.01961482367855483
5423 0.02916639618547779
5473 0.03220774808433868
5556 0.024974821010850676
5579 0.06810918950623496
5598 0.051520898306608894
5622 0.035166759997217516
5626 0.03661983082934128
5632 0.03661983082934128
5636 0.038645615971546865
5641 0.027193720381143222
5765 0.04373721670359701
5802 0.007832265306738109
5923 0.05878817355426095
5938 0.0266272069485984
5943 0.029675649008034433
5953 0.04373721670359701
6010 0.01615621127663817
6034 0.017708756937443115
6052 0.0720805677628921
6055 0.015213619451252363
6068 0.014494455456203228
6079 0.01244102322719245
6147 0.031102817730005023
6209 0.01605186087934107
6233 0.03405459475311748
6277 0.02208437920119374
6281 0.017772154211637612
6341 0.041320658826525046
6360 0.010988591030666012
6396 0.03282311106230156
6409 0.01436620717946427
6410 0.02321348101750868
6437 0.042356202487621904
6452 0.019403644370057604
6491 0.03141984021977283
6493 0.031102817730005023
6502 0.02801389318759949
6525 0.0379147117943517
6598 0.04244233573858659
6600 0.05878817355426095
6616 0.040377424177419144
6646 0.0234683394629007
6718 0.04033126967142366
6719 0.0268118319400274
6729 0.028922898007190324
6791 0.10237284510159342
6820 0.09911944322568463
6824 0.05878817355426095
6872 0.0234683394629007
6885 0.04526873582286469
6900 0.03498890109472309
6905 0.03050255536111028
6932 0.013992807975006419
6934 0.018930274126447447
6944 0.04033126967142366
7067 0.04955972161284231
7071 0.05878817355426095
7150 0.03210372175868214
7176 0.05012232675060244
7213 0.04714316373577035
7218 0.08066253934284733
7223 0.05878817355426095
7237 0.08264131765305009
7262 0.04219152206866255
7352 0.03661983082934128
7425 0.016983117629714016
7461 0.0266272069485984
7467 0.0234683394629007
7470 0.01915231610160537
7471 0.022409584934626872
7483 0.009251497494853163
7536 0.017459846905242618
7537 0.004969747658481229
7542 0.03851637440480411
7552 0.01160674050875434
7554 0.01584697025936579
7558 0.022520846150049786
7559 0.030217778972200744
7593 0.0266272069485984
7636 0.04033126967142366
7651 0.035498153917279736
7656 0.05878817355426095
7660 0.015403460275794064
7702 0.04955972161284231
7756 0.030217778972200744
7835 0.04387407647211146
7861 0.017277888188699714
7889 0.031749298091468425
7952 0.006875422100750697
8036 0.024119836306423097
8082 0.03498890109472309
8098 0.01237382207711983
8100 0.018229860360072164
8112 0.017836033599010308
8169 0.02062404778728337
8201 0.02062404778728337
8291 0.0251261782401506
8319 0.03944623091361939
8324 0.011507490377378303
8326 0.013443072669480279
8341 0.0299423412156684
8346 0.029675649008034433
8397 0.0299423412156684
8444 0.020896507313343773
8473 0.031795452597463914
8582 0.10174931435120055
8586 0.25919327517276886
8654 0.05878817355426095
8754 0.017099787546304045
8774 0.04313774795735467
8799 0.05878817355426095
8830 0.03724234512901813
8905 0.021978716185883474
8923 0.1390061054756439
8936 0.027000606153056255
8950 0.14858215322968107
9008 0.03498890109472309
9017 0.02062404778728337
9027 0.012927114965132415
9083 0.03405459475311748
9095 0.033623726004374084
9129 0.03724234512901813
9146 0.06997780218944619
9165 0.031749298091468425
9169 0.026446552696528673
9174 0.04955972161284231
9224 0.03661983082934128
9236 0.04033126967142366
9314 0.04955972161284231
9330 0.0251261782401506
9338 0.017087309528745417
9357 0.03661983082934128
9477 0.05296566864501565
9495 0.05296566864501565
9549 0.2006980034028525
9563 0.01545159851044633
9582 0.03504277273397437
9613 0.17175518864009706
9614 0.21636767027452594
9615 0.04373721670359701
9618 0.018162926946503993
9656 0.014801542878038068
9664 0.012891445701523263
9671 0.034317471702164946
9834 0.041320658826525046
9849 0.016315208432756804
9923 0.01569651670377532
9947 0.04244233573858659
9976 0.04373721670359701
10110 0.03771509108523934
10172 0.01922765381698328
10190 0.04373721670359701
10191 0.07447842843509651
10192 0.04526720169831324
10218 0.014982197130107797
10241 0.05296566864501565
10266 0.023985431855749296
10268 0.04526873582286469
10285 0.06283968043954566
10318 0.026186671036174093
10319 0.04714316373577035
10326 0.05878817355426095
10362 0.05878817355426095
10392 0.009091490772125769
10426 0.0234683394629007
10490 0.04089439413323158
10553 0.03141984021977283
10749 0.019501320214475707
10794 0.0234683394629007
10801 0.027193720381143222
10844 0.02286375494368775
10845 0.01564695845408153
10862 0.02219138827835419
10878 0.04714316373577035
10881 0.018162926946503993
10951 0.004696993211014387
10959 0.01579651906291516
10968 0.03450876476217836
10981 0.016368883369108883
10983 0.04714316373577035
10988 0.01989780346300888
11025 0.03282311106230156
11125 0.022520846150049786
11217 0.030688067910287296
11249 0.047706288197578266
11304 0.09330845319001506
11315 0.02739137888792264
11319 0.021064014059138336
11424 0.0251261782401506
11552 0.038645615971546865
11588 0.03050255536111028
11634 0.01065476833738189
11655 0.03604028388144605
11657 0.038645615971546865
11754 0.08278140211750543
11764 0.020896507313343773
11770 0.017277888188699714
11818 0.024256426290856625
11821 0.031749298091468425
11871 0.03079732592009598
11875 0.015027974349437982
11876 0.023722907397621874
11893 0.008564869476926022
11955 0.04033126967142366
11957 0.04137695630792858
11977 0.010764575116136266
11988 0.03604028388144605
12087 0.0268118319400274
12089 0.017836033599010308
12098 0.017099787546304045
12105 0.03306399442377161
12138 0.017218100755110034
12143 0.05296566864501565
12177 0.010307496989006485
12204 0.013406565803144841
12265 0.026835618629699663
12286 0.041793014626687545
