453
8 0.020098513709501335
33 0.032687446002335016
68 0.014091897197079095
84 0.02747324693694617
103 0.02860805741535991
111 0.014358166525175178
114 0.0265773163785955
210 0.010776719686711969
234 0.022275297774941943
262 0.02997130267989418
330 0.01363859990473805
336 0.02157521740850669
337 0.05765104482915841
344 0.005376053217763762
374 0.007323665420600337
427 0.032687446002335016
429 0.0205072452818379
449 0.027756833189850838
456 0.009227709824848648
470 0.04527637829516869
495 0.015815383970178655
496 0.01112997738805408
505 0.017978562496561597
566 0.07115672904266326
619 0.019234641520164127
628 0.02225995477610816
744 0.012165868228228911
769 0.013693695297462803
811 0.051160098248820465
826 0.017608780057148242
913 0.034181898495566125
914 0.03630784197372144
915 0.06364714762599562
922 0.026947098818008854
938 0.014610728658729644
952 0.013324467930803392
996 0.026947098818008854
1053 0.03816898141724391
1055 0.03993562735931784
1057 0.03451799175224894
1064 0.035957124993123195
1106 0.038015241265188
1230 0.03182357381299781
1294 0.03368471325652028
1347 0.02797676817152364
1373 0.035039090210635705
1462 0.03037996190705199
1465 0.45090839885223544
1468 0.016165168151202426
1471 0.01946991950067072
1487 0.04019702741900267
1521 0.06856511247465165
1524 0.007001914680779647
1543 0.07588971174679969
1553 0.05249804758569846
1612 0.036343388389728885
1638 0.02036811236168024
1673 0.03368471325652028
1684 0.01668899194982201
1726 0.038702422012239564
1736 0.01554856547766329
1742 0.013124511896424615
1797 0.02306043351852635
1838 0.04250335684287754
1872 0.04188710404800253
1896 0.017519545105317853
1911 0.04527637829516869
1914 0.02125167842143877
1958 0.036135418715210116
1971 0.0279805804202117
1974 0.02285503749155055
2055 0.022275297774941943
2070 0.027756833189850838
2072 0.06537489200467003
2078 0.02589569374632836
2110 0.03451799175224894
2150 0.020098513709501335
2161 0.02036811236168024
2177 0.018681361682720617
2200 0.03630784197372144
2203 0.05736522857286294
2216 0.03816898141724391
2224 0.026227532197571724
2243 0.015167900897017162
2261 0.020794822912065598
2278 0.023218827665748336
2308 0.03037996190705199
2356 0.006662233965401696
2371 0.022275297774941943
2373 0.012647561106023943
2382 0.03368929482385616
2393 0.026227532197571724
2419 0.016534950590615785
2503 0.03816898141724391
2541 0.029158730430336923
2551 0.031061584539319127
2573 0.032687446002335016
2593 0.04527637829516869
2630 0.01616889061118376
2633 0.03630784197372144
2656 0.010652899037460025
2658 0.018270466059038405
2679 0.01554856547766329
2701 0.03950878567432691
2704 0.02850068034371403
2730 0.02445208184038255
2757 0.07979703228163089
2774 0.03182357381299781
2783 0.022462830657285226
2822 0.014523352471870374
2885 0.02209304821787187
2895 0.011263372452902138
2900 0.045137497594441675
3014 0.02306043351852635
3039 0.027339305652274177
3049 0.0217432640368481
3090 0.04527637829516869
3133 0.019714077964984214
3170 0.02265596235558807
3201 0.08500671368575508
3222 0.03816898141724391
3239 0.017598858683299454
3269 0.011645058173387417
3283 0.02445208184038255
3300 0.01668899194982201
3301 0.017519545105317853
3308 0.020098513709501335
3361 0.03248965170534323
3362 0.06770862969952442
3427 0.03368471325652028
3442 0.008892182635633548
3487 0.03182357381299781
3513 0.02306043351852635
3539 0.02036811236168024
3591 0.00808107456563639
3605 0.017174426940679176
3651 0.040792110134445066
3658 0.0265773163785955
3661 0.03430223926905905
3695 0.025580049124410233
3710 0.09055275659033737
3721 0.01146876847987794
3791 0.01725899587612447
3867 0.020098513709501335
3887 0.011031705653866646
3892 0.020943552024001263
3914 0.03486423006777562
3937 0.026947098818008854
3975 0.01996781367965892
3993 0.18986202867317944
4023 0.06537489200467003
4025 0.01050138317922346
4035 0.03037996190705199
4048 0.007089696644072208
4081 0.009105871356841875
4162 0.0265773163785955
4171 0.026227532197571724
4198 0.01668899194982201
4205 0.017608780057148242
4226 0.016310554751341966
4285 0.04527637829516869
4297 0.015167900897017162
4315 0.03630784197372144
4320 0.010095097054444831
4339 0.028935641061163822
4356 0.05238436061534845
4381 0.012127244642239346
4410 0.028288178822388446
4434 0.05055818214557845
4440 0.3997772722870177
4448 0.03434885388135835
4453 0.034181898495566125
4455 0.027756833189850838
4509 0.0265773163785955
4624 0.01937953973152629
4671 0.03630784197372144
4676 0.024487628256390004
4699 0.02615948113184912
4751 0.06972846013555124
4827 0.008101710728069944
4861 0.054684418777627926
4905 0.015815383970178655
4914 0.040792110134445066
4941 0.02387586331030155
4972 0.030798315596150618
4998 0.031061584539319127
5001 0.00866274612860509
5005 0.05970223733607904
5013 0.014091897197079095
5069 0.017431524272180615
5132 0.03486423006777562
5181 0.040199545211739365
5224 0.01705778209602258
5243 0.023954187661394347
5310 0.015953036640601572
5372 0.027756833189850838
5389 0.010412148227393071
5391 0.03182357381299781
5423 0.022462830657285226
5435 0.1168017803831866
5525 0.019234641520164127
5556 0.019234641520164127
5559 0.08158422026889013
5622 0.013542039434001276
5700 0.015355433779360442
5777 0.017519545105317853
5802 0.012064215827650849
5807 0.014579365215168462
5842 0.00963376818883451
5998 0.029158730430336923
6008 0.004981453399769476
6061 0.05736522857286294
6083 0.02920044509579665
6088 0.02209304821787187
6119 0.04357005741561112
6162 0.007415955593945594
6180 0.012524266833211907
6186 0.016611512802962976
6360 0.03385195180293344
6398 0.01419709352199699
6409 0.011064297316939663
6410 0.017878125557453425
6431 0.040792110134445066
6436 0.010683632736293533
6477 0.03368471325652028
6507 0.016534950590615785
6508 0.02265596235558807
6562 0.0265773163785955
6584 0.009105871356841875
6631 0.02868261428643147
6646 0.01807440767828913
6712 0.022462830657285226
6715 0.05640635568322277
6723 0.0797319491357865
6732 0.01363859990473805
6742 0.03816898141724391
6743 0.04527637829516869
6747 0.011937511647160186
6757 0.025279091072789226
6772 0.01339984840391312
6823 0.0584008901915933
6872 0.01807440767828913
6901 0.03486423006777562
7099 0.02868261428643147
7102 0.014144281543513987
7128 0.14600222547898326
7163 0.023491888793317633
7176 0.02316136688512426
7179 0.02589569374632836
7220 0.04273453094517413
7249 0.02920044509579665
7262 0.01949656740670693
7282 0.0197477967289031
7307 0.04527637829516869
7345 0.040792110134445066
7352 0.028203177841611384
7394 0.01779102961421831
7405 0.0217432640368481
7471 0.01725899587612447
7507 0.009402233009379665
7536 0.013446899021753986
7537 0.022965044982311694
7542 0.014831911187891188
7574 0.04527637829516869
7586 0.0595267184670257
7595 0.03630784197372144
7681 0.02868261428643147
7753 0.02157521740850669
7776 0.03486423006777562
7835 0.011263372452902138
7840 0.03816898141724391
7873 0.09055275659033737
7875 0.026227532197571724
7947 0.09581675064557739
7952 0.010590368543606146
8026 0.07633796283448782
8041 0.03368471325652028
8045 0.03736272336544123
8093 0.03037996190705199
8098 0.03811935737746227
8100 0.014039933612989478
8133 0.02589569374632836
8171 0.050616431713907534
8178 0.018370769330826923
8200 0.020231908774349397
8201 0.01588384420095661
8212 0.02868261428643147
8222 0.014750373359440497
8224 0.009928493046565973
8252 0.007759545967471373
8258 0.02157521740850669
8265 0.023718909680887756
8274 0.03037996190705199
8291 0.019351211006119782
8319 0.06075992381410398
8324 0.031019184577261053
8326 0.020706669618543276
8338 0.025580049124410233
8369 0.019007620632594
8403 0.022275297774941943
8412 0.015292316874459227
8432 0.023954187661394347
8484 0.04527637829516869
8492 0.03368471325652028
8514 0.01807440767828913
8515 0.02300728841102235
8556 0.01056156437075693
8586 0.1074880364555231
8625 0.0160936819935978
8633 0.04196515225728547
8634 0.03037996190705199
8672 0.01946991950067072
8705 0.026227532197571724
8708 0.012127244642239346
8731 0.03368471325652028
8754 0.013169595224775637
8811 0.01889702936801323
8819 0.020231908774349397
8830 0.02868261428643147
8863 0.018681361682720617
8867 0.01734468496245777
8890 0.007779180068846564
8923 0.021411425585604733
8944 0.01779102961421831
8950 0.08582417224607973
9000 0.013035276944594222
9008 0.05389419763601771
9027 0.019911928268574342
9085 0.06364714762599562
9099 0.03290103240109305
9118 0.02868261428643147
9202 0.019007620632594
9230 0.014692866923573153
9273 0.018855107425382007
9338 0.03947995541430003
9367 0.04527637829516869
9376 0.03630784197372144
9438 0.01779102961421831
9449 0.04527637829516869
9463 0.2044031156705766
9473 0.016927157424881104
9525 0.03816898141724391
9548 0.02589569374632836
9549 0.017174426940679176
9563 0.011900223754669221
9575 0.03939127231011153
9580 0.03204595424222855
9584 0.01363859990473805
9613 0.01889702936801323
9614 0.06943250585051645
9618 0.05595353634304728
9692 0.026947098818008854
9702 0.023491888793317633
9821 0.01136525536856067
9870 0.02125167842143877
9967 0.04527637829516869
10063 0.11327981177794036
10077 0.04527637829516869
10089 0.09055275659033737
10100 0.025279091072789226
10110 0.014523352471870374
10132 0.01996781367965892
10160 0.02589569374632836
10168 0.026227532197571724
10172 0.014808395554979464
10183 0.018576165357802724
10211 0.04998302688512306
10241 0.040792110134445066
10285 0.048396692251415685
10312 0.024885778528314955
10318 0.06857106928665024
10364 0.013494294335837969
10400 0.03486423006777562
10420 0.011826286590618339
10437 0.02445208184038255
10453 0.032687446002335016
10493 0.023954187661394347
10497 0.04527637829516869
10560 0.01779102961421831
10576 0.01588384420095661
10597 0.0438680432014574
10619 0.036135418715210116
10624 0.04073622472336048
10628 0.015167900897017162
10645 0.024198346125707842
10690 0.06972846013555124
10723 0.01676741026071514
10749 0.015019162833335317
10756 0.03486423006777562
10760 0.012565342726360017
10761 0.04527637829516869
10771 0.03630784197372144
10794 0.01807440767828913
10808 0.02125167842143877
10872 0.08929007770053855
10909 0.015614245548777706
10925 0.014467820530581911
10951 0.010852327702038946
10968 0.0265773163785955
10987 0.0205072452818379
10988 0.015324518901792122
11027 0.03816898141724391
11036 0.015487827948473386
11049 0.01889702936801323
11071 0.015419172535700356
11080 0.008892182635633548
11103 0.02100276635844692
11124 0.03816898141724391
11161 0.020649436311926055
11180 0.025580049124410233
11194 0.017699263090671997
11217 0.03151301784808923
11276 0.04913256839996605
11295 0.04527637829516869
11300 0.011609413832874168
11319 0.01622268921275536
11403 0.03182357381299781
11499 0.018270466059038405
11526 0.03630784197372144
11611 0.021411425585604733
11624 0.016022977121114276
11629 0.008226929439196387
11736 0.017878125557453425
11764 0.0160936819935978
11770 0.05322704581397874
11875 0.13888757765755005
11876 0.03654093211807681
11892 0.034017069987871074
11893 0.009234863848582948
11929 0.01732549225721018
11955 0.031061584539319127
11957 0.0318669319564982
11960 0.01554856547766329
11977 0.016580919109354424
12002 0.03037996190705199
12006 0.006846847648731402
12021 0.009607629036355467
12029 0.014039933612989478
12064 0.02425448928447869
12087 0.020649436311926055
12092 0.04527637829516869
12098 0.013169595224775637
12105 0.07639383037295575
12120 0.11102733275940335
12137 0.015355433779360442
12156 0.018681361682720617
12175 0.016022977121114276
12177 0.007938435653555774
12180 0.02652143096751092
12204 0.010325218632315591
12265 0.004133551180125391
12286 0.0160936819935978
12293 0.02589569374632836
