144
74 0.11525172047712397
76 0.04323808673493574
84 0.045409564049178765
119 0.11988741386683198
172 0.11135255673352198
177 0.08907982463990038
178 0.13558281920372808
203 0.0551692961957492
330 0.04508552464415534
338 0.07132183676979272
344 0.017771778740541772
373 0.04590501921742595
374 0.1210502911267733
435 0.02685050157040679
455 0.12213118999296979
593 0.04934140341653172
711 0.062329888436710765
952 0.022023544625566608
979 0.08480197086586312
1073 0.05416270139112905
1133 0.06973694947936543
1178 0.14348011166135066
1205 0.1541603924284258
1208 0.31602999507818036
1564 0.06140778136193923
1587 0.051399354546716965
1895 0.0345176250167364
1896 0.05791488042154499
1905 0.04573858887099373
1971 0.030832078485685158
2042 0.1136572333405617
2167 0.08859255343837642
2227 0.045409564049178765
2252 0.0718773534985166
2373 0.020904709131323956
2434 0.06973694947936543
2630 0.017816660586153197
2834 0.13484768961619784
2984 0.057336840055578986
3080 0.06973694947936543
3189 0.0603972221135994
3285 0.04590501921742595
3400 0.047644692647361736
3658 0.08785742385084615
3680 0.03403265658058911
3788 0.1052001328166072
3876 0.05677401305791207
3882 0.06140778136193923
3925 0.11525172047712397
4013 0.06874206351247801
4078 0.05228138435944274
4105 0.05941245903127233
4451 0.02427072831309208
4503 0.07693280919465283
4552 0.03723366473454543
4624 0.016015879970468595
4708 0.051399354546716965
4827 0.02678206569893735
4861 0.010633641574694742
5393 0.09037635441681188
5425 0.14620646998191436
5461 0.1188645356806195
5595 0.16912145575832147
5766 0.07132183676979272
5802 0.01994051822801118
5833 0.06436229096817032
5942 0.05343767631197698
5948 0.23050344095424793
6008 0.016467338406268156
6055 0.03873304134893589
6214 0.0690352500334728
6484 0.06246847104715704
6558 0.0748944874293928
6666 0.06923190501515596
6698 0.05569093648528979
6732 0.04508552464415534
6772 0.04429627671918821
6775 0.0718773534985166
6778 0.029012562494279182
6792 0.09175658759444813
6932 0.07124984447261538
6952 0.05972696326569046
7267 0.11135255673352198
7379 0.05649805836999741
7470 0.04876074716265532
7484 0.08468223081276649
7537 0.02530541034847365
7605 0.05491317107957011
7861 0.04398855642337678
8036 0.06140778136193923
8124 0.05943226784030975
8208 0.03958616495407895
8312 0.0918100384348519
8327 0.04710777260814414
8378 0.07555257601701657
8455 0.051616475107884696
8556 0.06982735384050262
8774 0.05491317107957011
8823 0.04693175357677355
8871 0.11135255673352198
8890 0.025715866522593767
8956 0.06358452556245063
8986 0.03921636568409825
9034 0.07425604624010507
9088 0.08907982463990038
9182 0.12493694209431408
9338 0.06090469503956685
9434 0.05343767631197698
9672 0.09037635441681188
9675 0.03176022456234861
9821 0.037570462113809065
9898 0.024949712057810047
10004 0.035521856053287316
10140 0.2636821343952936
10144 0.059749106103253374
10150 0.07555257601701657
10167 0.04524693062980218
10298 0.04573858887099373
10312 0.041132828478147414
10318 0.013333965862431484
10476 0.05440994335387426
10493 0.07918606936796563
10578 0.04573858887099373
10653 0.3057964077131662
10749 0.024824646253523448
10788 0.07244768573984171
10897 0.05034563445308263
10899 0.06973694947936543
11036 0.03413238179542429
11071 0.05097161645670796
11103 0.03471473416857969
11153 0.06733147377675032
11300 0.038377583998516686
11319 0.040220869044743195
11332 0.06087212791952252
11497 0.022860138577364394
11634 0.027126456258321455
11637 0.033558442216045446
11754 0.07025230433415551
11893 0.004361137659069103
11930 0.03668386089261515
11965 0.04838222061584076
12137 0.05076091335742922
12271 0.1372157666129812
