175
55 0.07307800312533529
61 0.07530755325638375
137 0.04786865959949678
269 0.058635834679988855
362 0.04553616635321466
374 0.0818661152751594
384 0.09119727346336727
435 0.01815895060059542
464 0.07393304272545292
522 0.12529549791114183
549 0.10122257071787878
667 0.06791925410851982
797 0.09959996754097568
820 0.20244514143575756
854 0.04352811284241671
938 0.03266461608869039
1057 0.07717048034193162
1205 0.02085168460138957
1458 0.04553616635321466
1505 0.15588910272606268
1551 0.09722107485095467
1666 0.058635834679988855
1684 0.07462181081878753
1896 0.039167739561830964
1916 0.04352811284241671
1985 0.062054831156047825
2042 0.019216550575598228
2154 0.03391026356350432
2166 0.0552569587473607
2247 0.06791925410851982
2373 0.014137820831395984
2541 0.03259449810436021
2579 0.09119727346336727
2624 0.05941783304940022
2630 0.0240987572320147
2645 0.04379846551068597
2748 0.03877681180120039
2757 0.02548557184419162
2763 0.036464848645849375
2781 0.02611451644004126
2863 0.08117197620885575
2980 0.10122257071787878
3017 0.0641245625711135
3112 0.03336951098866475
3115 0.09119727346336727
3214 0.07794455136303134
3285 0.06209097987259628
3339 0.05409926531660198
3361 0.10895370360357252
3400 0.3544423107646159
3414 0.14615600625067057
3561 0.04129856271136824
3595 0.07393304272545292
3642 0.07307800312533529
3660 0.08533285051089527
3903 0.030821245961754548
3933 0.02275909565593988
3939 0.047162985663840244
3969 0.20244514143575756
4025 0.023477518333393656
4203 0.06305270587082376
4230 0.04407396806209046
4269 0.0602445407175739
4289 0.036139813694552776
4297 0.03391026356350432
4410 0.0474320543484387
4581 0.06305270587082376
4624 0.021663027221014305
4699 0.02924184783010975
4815 0.05251986718495719
4861 0.0071915145254545084
4926 0.1482322307311557
4995 0.07996559450444826
5351 0.03936723854037718
5431 0.10819853063320396
5471 0.136608499059644
5472 0.07833547912366193
5473 0.027727949866664145
5636 0.1330814808187679
5752 0.0307104144107472
5802 0.013485740089556237
5845 0.028184247855106943
5998 0.03259449810436021
6003 0.05021924346306238
6013 0.02510593202715842
6057 0.018678085977767708
6074 0.03150468554002309
6138 0.07114667895434423
6230 0.034615937499160865
6263 0.0552569587473607
6295 0.04274611447300534
6438 0.1623439524177115
6452 0.01670477789737669
6484 0.04224732550584023
6487 0.10122257071787878
6732 0.060982534174890704
6961 0.058635834679988855
7042 0.021247968202345195
7105 0.06944313030391173
7277 0.04249456993044567
7312 0.09894401096362151
7425 0.02924184783010975
7470 0.03297681410728919
7537 0.008557003958395093
7580 0.03060042569337738
7665 0.08117197620885575
7773 0.08759693102137193
7835 0.2014485358706091
7861 0.05949877852292959
7933 0.08117197620885575
7988 0.04200423664702478
8052 0.04493343553279178
8098 0.08522190804894839
8166 0.023747871001662917
8222 0.03297681410728919
8306 0.09119727346336727
8326 0.02314653257080862
8338 0.05718828291835176
8374 0.0461651109490643
8397 0.05155528004904613
8427 0.06528225600187222
8447 0.061642491923509096
8473 0.027373000847552984
8577 0.0461651109490643
8727 0.034615937499160865
8754 0.029442732262618666
8833 0.051096084445321176
8837 0.028370875562328916
8950 0.03197893939251326
8969 0.0695225999908338
9109 0.05021924346306238
9115 0.041070787190809664
9338 0.06472674423575421
9341 0.02159650185358337
9445 0.017741304579399837
9493 0.09119727346336727
9575 0.052839286142764966
9627 0.056515443154872426
10004 0.024023373553067422
10218 0.05159325139134617
10219 0.08117197620885575
10220 0.05302740861631224
10221 0.056515443154872426
10226 0.04224732550584023
10318 0.0180354789105901
10415 0.05941783304940022
10508 0.04352811284241671
10720 0.09119727346336727
10814 0.07114667895434423
10818 0.03936723854037718
10881 0.031273265456856714
10951 0.00808737027736492
10960 0.04551819131187976
10981 0.028184247855106943
10985 0.03391026356350432
10988 0.017130204056313023
11001 0.0552569587473607
11276 0.08238277441816612
11332 0.23328375370157378
11497 0.046380823769040305
11499 0.040846543216266074
11637 0.02269551996398229
11643 0.09646968472825997
11812 0.03377316825617444
11854 0.08533285051089527
11893 0.014747151576623678
11945 0.03336951098866475
12006 0.015307220816118376
12052 0.03566555984206262
12056 0.07794455136303134
12117 0.18239454692673454
12204 0.0807928602925661
12265 0.009241213462757487
12270 0.021953642138001737
12319 0.10122257071787878
