207
38 0.06931761653752382
68 0.03215332294299522
114 0.06064116311154075
200 0.048134005561770714
335 0.06577086947445393
343 0.02802630683238235
344 0.04906592003958589
352 0.07279972765242972
505 0.041021483333173
619 0.13166239403565322
769 0.015622375079260422
826 0.040177754910603276
913 0.038996226191617
915 0.07261148954603894
938 0.01666856741950914
965 0.057718899868960206
979 0.019510740326232942
1057 0.03937965628871299
1104 0.06931761653752382
1184 0.026010284116379685
1458 0.04647369231731715
1524 0.015976189777844263
1543 0.028859449934480103
1577 0.05411916877901981
1586 0.04336947367913045
1612 0.041462149751556154
1868 0.14174573442401894
1871 0.08284319364650768
1887 0.052148081345101474
1958 0.020612444360425298
1971 0.02128099161765091
2002 0.0344685105448634
2080 0.02094293343587955
2122 0.05767901706927399
2194 0.03365576057808234
2195 0.049227930292085734
2278 0.10595627456738786
2356 0.03040228823919514
2362 0.07724500847223525
2381 0.042385027043463946
2419 0.03772761032465789
2483 0.05836570966223944
2630 0.012297458465685135
2644 0.027936572642572318
2675 0.03489230698567826
2701 0.030048916932101148
2730 0.05579203942853998
2748 0.03957517211082216
2757 0.20808227293103748
2783 0.05125318743364173
2895 0.025699509926914915
2901 0.03790230146130198
2916 0.09307489774697641
3049 0.04961136038918173
3152 0.0333944930714639
3168 0.06544479760980355
3175 0.04616291812785238
3239 0.040155117423759816
3285 0.03168467314416401
3308 0.045858552112469406
3443 0.07954932063799255
3591 0.03687699343835531
3599 0.03655944623199478
3604 0.04362619717193263
3630 0.05465599989429166
3661 0.026089010856408048
3670 0.032885434737226965
3695 0.05836570966223944
3709 0.04124017220362929
3725 0.03392173585982141
3749 0.041021483333173
3826 0.041462149751556154
3876 0.0783733926045097
3892 0.04778666650653072
3933 0.02322767359751333
3993 0.048134005561770714
4410 0.016136204664727174
4442 0.07261148954603894
4453 0.038996226191617
4455 0.06333245332027473
4470 0.06662632632878984
4624 0.005527259661704106
4861 0.02201873324770316
4883 0.0431171388376957
4907 0.032885434737226965
4926 0.09077047499879796
4941 0.018159096035180167
5005 0.13622192176396142
5013 0.03215332294299522
5066 0.10001003297027755
5109 0.06662632632878984
5159 0.05836570966223944
5184 0.050005016485138776
5236 0.053100749219806
5241 0.053100749219806
5337 0.03215332294299522
5473 0.08489648869633314
5598 0.04526802421639263
5622 0.030898718684839076
5752 0.031342698882283304
5777 0.07994829705434081
6008 0.011366126054444165
6066 0.02444718381194804
6114 0.03608578328019788
6162 0.05076270678283168
6196 0.12296978306822093
6214 0.023824838438428128
6258 0.023623087296468896
6277 0.03880818251786562
6281 0.06246089130217485
6409 0.02524528243383833
6436 0.024376724352318135
6452 0.034097411811523676
6646 0.08248034440725859
6723 0.06064116311154075
6742 0.0870897345297273
6747 0.02723768572527388
6823 0.06662632632878984
6872 0.08248034440725859
6944 0.07087286721200947
6952 0.020612444360425298
7017 0.050005016485138776
7102 0.03227284771560198
7104 0.10330660184744513
7115 0.16568638729301535
7201 0.08292429950311231
7220 0.024376724352318135
7258 0.07458257697995728
7262 0.014828366006853439
7272 0.016752200667399058
7312 0.02524528243383833
7507 0.021452969043695282
7537 0.026199542098197134
7547 0.04556033532807125
7552 0.02039615875083757
7558 0.03957517211082216
7833 0.0224056369183998
7835 0.025699509926914915
7839 0.048489715033319815
8045 0.04262505231189994
8100 0.032034758219087404
8133 0.0590859124370551
8162 0.10330660184744513
8178 0.04191637724463275
8222 0.03365576057808234
8224 0.022653730636758237
8312 0.03168467314416401
8376 0.04214884234452161
8438 0.04262505231189994
8586 0.1401452804636956
8623 0.07261148954603894
8716 0.04336947367913045
8775 0.062379785445570206
8898 0.05465599989429166
8942 0.014828366006853439
8950 0.22846138713207975
9099 0.025023304885911465
9146 0.12296978306822093
9174 0.0870897345297273
9224 0.06435087287948854
9243 0.10330660184744513
9445 0.01810657322215776
9549 0.23512017781352915
9614 0.34853140458580417
9671 0.030152504927494578
9923 0.082748980116486
9976 0.07685803042925858
10053 0.06662632632878984
10298 0.03156979918881289
10318 0.03681360838260619
10392 0.047928569333532796
10437 0.05579203942853998
10461 0.06064116311154075
10816 0.032760866666622604
10951 0.024761633753558592
10960 0.02322767359751333
10979 0.030898718684839076
10980 0.0344685105448634
10981 0.02876452209114827
10988 0.017482890994176718
11036 0.011779467466264513
11094 0.14546914509995945
11106 0.026327742131526045
11132 0.15508156155607467
11153 0.04647369231731715
11159 0.04616291812785238
11249 0.04191637724463275
11262 0.062379785445570206
11304 0.05465599989429166
11315 0.048134005561770714
11496 0.0870897345297273
11602 0.18614979549395283
11629 0.0187712921396095
11677 0.05836570966223944
11818 0.08525010462379988
11875 0.052816369988364226
11893 0.0030101549595224725
11929 0.05929707049749584
11957 0.024236806444394663
11995 0.09232583625570476
12029 0.032034758219087404
12089 0.031342698882283304
12098 0.030048916932101148
12105 0.17430694139204883
12204 0.023558934932529026
12265 0.018862954240614124
12286 0.03672077274231571
