328
6 0.033133629379155295
90 0.029718164196194864
106 0.024825274305810018
111 0.022050214336277046
201 0.044437225758423
214 0.02637521959929256
220 0.030086179460305982
344 0.01651229292083678
435 0.012473803367541503
450 0.037727089395831685
453 0.04570837434681179
495 0.024288101530338314
513 0.030865816631814005
547 0.017612889689713463
593 0.04584457854408956
627 0.03574029080575382
677 0.06795761009154454
736 0.029020665497437523
769 0.010514884189262457
826 0.027042267115351088
866 0.04770209312696488
883 0.0816309689128539
907 0.06264551745631454
913 0.026247020708617366
928 0.038380125138554724
938 0.011219040326955799
952 0.020462736190997064
958 0.019684065288153533
975 0.1426709309072565
979 0.013132009309484863
1029 0.022050214336277046
1143 0.02562972430391754
1144 0.042626899476291745
1308 0.022741642910405348
1374 0.022303894743422585
1390 0.0816309689128539
1417 0.05019897137933324
1481 0.03193515700573593
1536 0.030494896312723327
1543 0.01942430470957826
1553 0.02015565844481316
1554 0.042626899476291745
1587 0.023878341346924202
1622 0.035548884910730126
1632 0.01856516563134571
1663 0.03149351646801679
1729 0.025510737538313583
1742 0.02015565844481316
1779 0.04570837434681179
1787 0.034496760413258346
1895 0.016035680601506848
1901 0.028689458955308854
1916 0.029900467956483157
1999 0.035099082774162814
2000 0.03420876122871631
2054 0.05354191597623554
2096 0.024393237709077992
2107 0.028058435728482163
2110 0.02650509433987938
2127 0.039283954879389446
2130 0.06527352407798341
2139 0.03574029080575382
2150 0.06173163326362801
2243 0.04658748945754503
2253 0.03149351646801679
2278 0.05348664738312578
2292 0.04331236270879531
2302 0.04027831168095524
2382 0.12072091964320765
2454 0.06678340602083463
2480 0.0463991415795361
2525 0.030275428538023227
2566 0.03607711208449845
2596 0.023484813620796074
2679 0.047756682693848404
2701 0.06067468229717523
2755 0.051730500956370745
2832 0.024936284133066935
2984 0.026636689325674822
3009 0.04331236270879531
3160 0.10346100191274149
3191 0.037957283615294886
3270 0.052519887115620195
3314 0.04198569144470075
3316 0.04198569144470075
3361 0.09979042694033202
3362 0.051990962588167634
3407 0.022741642910405348
3428 0.04027831168095524
3442 0.01365595897562892
3462 0.05019897137933324
3589 0.02836893837944565
3591 0.02482063791742314
3595 0.050786317866358704
3672 0.04770209312696488
3797 0.030865816631814005
3814 0.020578499968073
3867 0.030865816631814005
3878 0.0244994983602514
3887 0.016941680801373146
3891 0.016173354067869697
3897 0.029020665497437523
3918 0.027039840496514905
3933 0.01563374945388933
3945 0.04770209312696488
4025 0.016127250615407294
4033 0.023106281126157122
4048 0.04355133513930853
4062 0.06264551745631454
4081 0.013984126370513699
4137 0.05575890878577661
4269 0.04138336908379628
4297 0.04658748945754503
4309 0.046655307305697606
4435 0.051730500956370745
4451 0.03382599298236642
4485 0.031070674944756953
4570 0.051990962588167634
4624 0.011160626012101622
4790 0.025393158933179352
4809 0.04770209312696488
4827 0.012442010456643443
4861 0.009880035479847242
4874 0.06527352407798341
4905 0.024288101530338314
4972 0.03153185605328717
5001 0.013303607291472471
5135 0.04770209312696488
5310 0.0244994983602514
5337 0.02164129751911933
5340 0.02471549113157986
5351 0.027042267115351088
5419 0.05019897137933324
5433 0.0206507568405801
5473 0.038093940782070984
5609 0.023484813620796074
5627 0.0222186128792115
5655 0.05575890878577661
5665 0.04404864587909909
5681 0.028853682135215886
5687 0.032636762038991705
5700 0.023581743913314548
5857 0.16553347633518511
5882 0.11742406810398039
5887 0.05575890878577661
6001 0.02562972430391754
6008 0.007650149131401914
6023 0.03046835258385248
6057 0.07698245682580437
6068 0.017143419228538365
6122 0.02637521959929256
6180 0.01923384629874802
6252 0.028058435728482163
6360 0.0259936667974707
6398 0.021802850284770928
6403 0.031070674944756953
6409 0.05097519802915882
6436 0.016407136058234583
6457 0.03678707662702109
6507 0.025393158933179352
6548 0.032636762038991705
6584 0.013984126370513699
6616 0.023878341346924202
6620 0.02677005073981121
6621 0.02746510863861093
6628 0.027610151742720416
6698 0.02587206012707729
6772 0.020578499968073
6794 0.39654396577998097
6807 0.34407831017577517
6812 0.11723421925381736
6816 0.04404864587909909
6817 0.018448278681067656
6926 0.05354191597623554
6952 0.013873528462085075
6990 0.06264551745631454
7102 0.021721745539047908
7150 0.01898545145653936
7176 0.011856506962841679
7179 0.07953739727031936
7220 0.016407136058234583
7272 0.011275330994122139
7356 0.03171188297634795
7382 0.028853682135215886
7426 0.039283954879389446
7443 0.03392887578588902
7459 0.028689458955308854
7466 0.04198569144470075
7483 0.010942273790503996
7484 0.015736160356086937
7537 0.017634012086931078
7542 0.011388878243478793
7552 0.027455908091155876
7561 0.2976126936551811
7580 0.021020140505792137
7589 0.021967073464677956
7631 0.03149351646801679
7739 0.02637521959929256
7798 0.037957283615294886
7826 0.029190503413960518
7833 0.0603218591765601
7835 0.017297457603681093
7837 0.028853682135215886
8064 0.04198569144470075
8088 0.051730500956370745
8098 0.02927045034128867
8103 0.04027831168095524
8156 0.017453921879501854
8158 0.06264551745631454
8166 0.11419073483461081
8169 0.024393237709077992
8222 0.02265253669718151
8247 0.033133629379155295
8252 0.023833078051426277
8291 0.029718164196194864
8324 0.013610565253994277
8326 0.0476996665081287
8352 0.0222186128792115
8356 0.051730500956370745
8402 0.06093670516770496
8421 0.04027831168095524
8438 0.028689458955308854
8447 0.02117182705794423
8457 0.03574029080575382
8473 0.01880314769625107
8514 0.08327203113476868
8558 0.03392887578588902
8633 0.04296465941781543
8711 0.04138336908379628
8763 0.03127984637961592
8828 0.022564222549663653
8834 0.05019897137933324
8836 0.056424948207249775
8863 0.028689458955308854
8890 0.023893383264193387
8905 0.025995481294083817
8931 0.07357415325404218
8942 0.029941391847335182
8957 0.02637521959929256
8959 0.06264551745631454
8972 0.025510737538313583
9000 0.02001861798002279
9008 0.04138336908379628
9097 0.038380125138554724
9109 0.034496760413258346
9116 0.10039794275866648
9117 0.029363295181011453
9139 0.028689458955308854
9230 0.022564222549663653
9267 0.06816815191877912
9273 0.014478142433235554
9278 0.10529724832248845
9287 0.029539145367719444
9338 0.0282941898903279
9580 0.024606907797478865
9595 0.034793357846867996
9631 0.03127984637961592
9637 0.050553911095897394
9663 0.033133629379155295
9664 0.015247448156361663
9865 0.02094515693343601
9894 0.03149351646801679
9987 0.021482329708907715
10074 0.05019897137933324
10122 0.038821765676273864
10132 0.030665097155080687
10141 0.02164129751911933
10172 0.022741642910405348
10293 0.06264551745631454
10318 0.01858348170979378
10334 0.019883442069273276
10457 0.042626899476291745
10476 0.10110782219179479
10477 0.05354191597623554
10479 0.08809729175819818
10483 0.037957283615294886
10515 0.03288208996462175
10597 0.016842327211645764
10604 0.05575890878577661
10618 0.029718164196194864
10619 0.0554941138483403
10661 0.05861710962690868
10683 0.04331236270879531
10687 0.04570837434681179
10694 0.03976869863515968
10749 0.011532661884294772
10780 0.04404864587909909
10841 0.06264551745631454
10881 0.021482329708907715
10951 0.01666620535831654
10959 0.018683444125612524
10981 0.038720824076158865
10987 0.03149351646801679
11011 0.03198042030123385
11036 0.02378506512432677
11080 0.01365595897562892
11106 0.017720299126940935
11110 0.037162037208561156
11276 0.018863544697915843
11300 0.017828882461041924
11304 0.07357415325404218
11340 0.05861710962690868
11524 0.03678707662702109
11607 0.03193515700573593
11634 0.025204004516433398
11710 0.03127984637961592
11770 0.020435543887640448
11842 0.06264551745631454
11861 0.023979207961276075
11863 0.05354191597623554
11875 0.035548884910730126
11876 0.056116871456964326
11893 0.016208255469749595
11920 0.10039794275866648
11977 0.012731876998803519
12004 0.1267395429824561
12006 0.010514884189262457
12024 0.019171162960362184
12072 0.027610151742720416
12113 0.025276955547948697
12133 0.04198569144470075
12138 0.02036482987967213
12177 0.012191264626213323
12180 0.16291863903737705
12204 0.04757013024865354
12205 0.023778488484542754
12303 0.026636689325674822
12304 0.042497095437085665
