391
68 0.020294745202106
108 0.052289510162459786
109 0.058747624245116176
112 0.0458313960798034
152 0.03683965132422804
207 0.03559552743341382
230 0.018037089021335415
262 0.021581904223291044
326 0.023704187416552554
374 0.010547332383844388
390 0.016719544032213225
467 0.03880843699035906
505 0.025892208825046285
566 0.03415929180530485
587 0.016269838503108418
619 0.027701177722648466
636 0.03777213783109901
689 0.039373281997147014
704 0.03827588695233701
744 0.017520933654375473
769 0.009860633137278658
774 0.040617405887961235
826 0.050719317574048475
846 0.025756190509202515
847 0.04375234771660858
913 0.024613893742978576
919 0.047075519970617624
942 0.020996782627084508
952 0.019189515636357193
958 0.01845929474477054
979 0.024629834019168795
992 0.03321097336741877
1055 0.028757071188101
1064 0.07767662647513886
1181 0.03559552743341382
1312 0.04851175559872659
1409 0.10993973936276595
1458 0.029333569841387044
1465 0.20153337282616582
1480 0.050210461799264965
1521 0.06583033582898125
1524 0.02016791243733492
1543 0.12750987787237827
1553 0.09450772352183928
1595 0.02381316046185147
1612 0.07851105463325486
1622 0.033336982722264125
1684 0.024035006398701222
1698 0.018837066321354515
1729 0.023923423158915273
1736 0.02239259698068509
1773 0.06520573832777256
1797 0.03321097336741877
1814 0.015981658133804606
1838 0.03060605627818456
1895 0.0150379177432601
1958 0.05204119114270924
1971 0.04029682748132279
2055 0.03208024344211004
2082 0.06520573832777256
2113 0.03321097336741877
2117 0.054969869681382975
2154 0.021844374795720455
2177 0.053808720015043277
2194 0.02124306363999208
2195 0.03107200782563496
2225 0.06520573832777256
2261 0.02994810610815148
2263 0.04851175559872659
2278 0.03343908806442645
2338 0.04130787647202454
2339 0.06520573832777256
2347 0.10042092359852993
2348 0.054969869681382975
2362 0.024378005468639424
2363 0.036406220190807866
2541 0.020996782627084508
2551 0.04473400103499339
2578 0.01815577966032219
2630 0.03880995233945676
2638 0.047075519970617624
2677 0.017138360120816133
2739 0.03181777286968063
2757 0.1149213917325199
2788 0.036406220190807866
2841 0.021933534224055386
2885 0.03181777286968063
2914 0.06520573832777256
2931 0.058747624245116176
3120 0.08360717323486999
3135 0.13041147665554512
3152 0.021078155102053048
3239 0.012672685154823032
3269 0.033541755973295874
3300 0.048070012797402445
3308 0.02894530161346269
3332 0.016567217655754946
3342 0.021160244524362215
3361 0.04679066231066322
3362 0.07313401640591827
3398 0.052289510162459786
3442 0.025612531564334733
3452 0.0338323428498621
3488 0.047075519970617624
3648 0.034849762389368155
3683 0.02485590966578624
3686 0.03131402374844263
3721 0.0165169906383728
3759 0.015254101204134245
3791 0.02485590966578624
3876 0.02473411591630932
3887 0.0794377266093957
3889 0.06121211255636912
3903 0.019854485860860572
3918 0.016904922103909318
3933 0.029321990646812134
3971 0.03262846562707467
3975 0.057514142376202
3980 0.06520573832777256
3993 0.09114461172471498
4010 0.19561721498331766
4014 0.029738724506485806
4099 0.029137413350757434
4101 0.014298730242135375
4105 0.025883578936960062
4127 0.03415929180530485
4162 0.03827588695233701
4244 0.05046229034979433
4297 0.021844374795720455
4309 0.04375234771660858
4339 0.020836139179245382
4356 0.03772122505563317
4410 0.05092477732087961
4431 0.03113088205364976
4440 0.31404421853301945
4448 0.02473411591630932
4451 0.010573763860182325
4453 0.04922778748595715
4509 0.07655177390467402
4551 0.054969869681382975
4624 0.006977463990209525
4655 0.02037018763179498
4700 0.03181777286968063
4712 0.023596474203472516
4772 0.03113088205364976
4787 0.025231145174897166
4791 0.024035006398701222
4859 0.050210461799264965
4861 0.046326428088269846
4876 0.03156249418426253
4883 0.027214958407448146
4905 0.04555372260518285
4926 0.019097701194997464
4941 0.034385331909979965
4972 0.014784949557335695
5001 0.024951675842059255
5005 0.07369838209369975
5051 0.020600250904906234
5069 0.025104380101606143
5132 0.050210461799264965
5159 0.03683965132422804
5224 0.012283063682283291
5401 0.020600250904906234
5415 0.06520573832777256
5423 0.03235032290770267
5433 0.01936583737365834
5435 0.1682145660642808
5473 0.017861840798437164
5484 0.052289510162459786
5531 0.06520573832777256
5556 0.027701177722648466
5579 0.03777213783109901
5598 0.028572568343969474
5601 0.04375234771660858
5616 0.050210461799264965
5622 0.01950285586009623
5630 0.039373281997147014
5632 0.040617405887961235
5641 0.030162301499208937
5649 0.03777213783109901
5731 0.058747624245116176
5752 0.0593492705767926
5777 0.025231145174897166
5842 0.027748551950702
5930 0.035992059155592095
5943 0.032915167914490624
5950 0.03880843699035906
6008 0.007174145969886949
6010 0.03583978277196608
6013 0.032345569226855976
6052 0.03997459315287539
6057 0.012032083142054008
6114 0.04555372260518285
6136 0.0338323428498621
6147 0.06899626477720763
6162 0.0213604920763195
6170 0.03131402374844263
6180 0.018037089021335415
6251 0.02859746048427075
6280 0.018521202541711416
6289 0.026312599943516958
6360 0.012188151936293374
6396 0.036406220190807866
6398 0.020446245924865256
6403 0.029137413350757434
6409 0.015934482898028707
6410 0.02574756243289816
6431 0.058747624245116176
6493 0.03449813238860382
6554 0.026312599943516958
6562 0.03827588695233701
6584 0.013114014134914772
6602 0.058747624245116176
6615 0.09702351119745319
6616 0.04478519396137018
6646 0.052060484600455086
6662 0.052289510162459786
6696 0.02994810610815148
6718 0.04473400103499339
6723 0.07655177390467402
6791 0.06488474074177865
6821 0.058747624245116176
6828 0.021078155102053048
6872 0.052060484600455086
6925 0.0420536415160702
6932 0.015520321862812936
6934 0.020996782627084508
6982 0.038461609464831834
7128 0.0841072830321404
7150 0.017804149659557848
7167 0.047075519970617624
7176 0.022237556466776907
7201 0.026170351544418283
7205 0.016770877986647937
7220 0.01538626071306407
7258 0.047075519970617624
7262 0.02807839585409522
7282 0.014220104550547738
7312 0.015934482898028707
7368 0.052289510162459786
7471 0.02485590966578624
7537 0.011024532513325544
7542 0.01068024603815975
7554 0.03515378463208968
7557 0.035992059155592095
7558 0.04995863324873561
7586 0.04286433427346425
7589 0.020600250904906234
7714 0.058747624245116176
7743 0.08750469543321716
7835 0.032442370370889324
7837 0.027058364987562616
7839 0.03060605627818456
7844 0.03060605627818456
7858 0.04375234771660858
7861 0.01916401527679726
7947 0.03449813238860382
7952 0.03050388860819033
7956 0.04516549651467827
8016 0.058747624245116176
8036 0.05350571856952477
8052 0.02894530161346269
8083 0.04473400103499339
8092 0.030161510020527672
8148 0.06520573832777256
8169 0.022875455758730658
8171 0.014579265947050397
8178 0.07937116149550273
8201 0.022875455758730658
8222 0.02124306363999208
8239 0.028757071188101
8291 0.027869057744956665
8324 0.05105478608986687
8326 0.02982115026922209
8329 0.025104380101606143
8376 0.026603782677838462
8405 0.034849762389368155
8440 0.033516479070219006
8473 0.017633189098567086
8544 0.06520573832777256
8586 0.13268672556787853
8634 0.04375234771660858
8659 0.02953394507293571
8705 0.03777213783109901
8774 0.023923423158915273
8819 0.029137413350757434
8890 0.011203351484232111
8923 0.09250835865388743
8950 0.08240100361962494
8963 0.03683965132422804
8969 0.02239259698068509
9000 0.01877303109224078
9027 0.028676586625758917
9083 0.03777213783109901
9099 0.015794373653837963
9169 0.029333569841387044
9174 0.10993973936276595
9183 0.03449813238860382
9234 0.058747624245116176
9273 0.04073187544638567
9338 0.04169579094378581
9445 0.01714293841472249
9473 0.024378005468639424
9477 0.058747624245116176
9548 0.0372942336339522
9549 0.09893646366523728
9580 0.023075830990279326
9582 0.0194340947423899
9602 0.03060605627818456
9613 0.08164487522234444
9614 0.11999363849506715
9616 0.051244258718907296
9720 0.06214401565126992
9931 0.04375234771660858
10004 0.015475420141399
10017 0.06520573832777256
10103 0.02894530161346269
10132 0.028757071188101
10144 0.026030242300227543
10266 0.026603782677838462
10312 0.01791989138598304
10318 0.05809063680756137
10420 0.034063755885677414
10428 0.022114454261313088
10453 0.047075519970617624
10493 0.03449813238860382
10494 0.03997459315287539
10553 0.034849762389368155
10559 0.032915167914490624
10560 0.025622129359453648
10576 0.022875455758730658
10619 0.05204119114270924
10638 0.02839164830671177
10645 0.06969952477873631
10690 0.10042092359852993
10749 0.010815083256307758
10794 0.026030242300227543
10808 0.03060605627818456
10871 0.0458313960798034
10872 0.12859300282039277
10899 0.03038153724157166
10908 0.06520573832777256
10909 0.022487187530806304
10914 0.02132662553787295
10951 0.015629210352761328
10960 0.029321990646812134
10988 0.011034965771719954
11036 0.014870083024897202
11067 0.01157897493867903
11080 0.051225063128669465
11094 0.03060605627818456
11129 0.03156249418426253
11217 0.022692071153802923
11266 0.034849762389368155
11276 0.03537965622574358
11315 0.03038153724157166
11319 0.005840862650737794
11497 0.009959227593417887
11624 0.023075830990279326
11629 0.011848187254644668
11677 0.03683965132422804
11764 0.13906594868921768
11770 0.05749204583039179
11871 0.0683185836106097
11875 0.15001642225018855
11876 0.052625199887033916
11877 0.029738724506485806
11892 0.0244952031039918
11893 0.0037999386894270065
11929 0.012475837921029628
11957 0.045893839231528864
11958 0.050210461799264965
11960 0.02239259698068509
12021 0.013836631119449615
12024 0.017978305929432815
12029 0.020219908742249795
12051 0.015794373653837963
12064 0.03493061815251777
12078 0.01992643285281936
12079 0.050210461799264965
12087 0.029738724506485806
12105 0.07334679879031958
12111 0.047075519970617624
12120 0.11992377945862616
12177 0.011432706798742623
12193 0.02839164830671177
12204 0.044610249074691605
12218 0.050210461799264965
12265 0.011906043140578344
12275 0.017633189098567086
12286 0.04635531622973923
