69
116 0.08744753408866703
214 0.08615777151199679
322 0.1268158850483428
619 0.09649310890741905
826 0.08833676104646714
913 0.08573899468667773
931 0.08532555274320835
1057 0.086582022699083
1181 0.12399195224256458
1612 0.09116069385224534
1868 0.15582452403115798
1905 0.06941089200808315
1958 0.04531952012007403
2194 0.07399718791252209
2278 0.0582401513515322
2338 0.1438901068776721
2525 0.0988982648878782
2757 0.34312483480250067
3361 0.04074715269688382
3661 0.05736056489689509
3667 0.12832568069601247
4127 0.11898902990231601
4244 0.08788910217451512
4339 0.07257972448547724
4453 0.08573899468667773
4624 0.012152501230198804
4861 0.032274303392944355
4872 0.053906422898084304
4883 0.09479943314372918
4926 0.13304824652155983
5005 0.04278630365387971
5224 0.04278630365387971
5241 0.23349976650788157
5247 0.07866378855230545
5579 0.13157386468887688
5622 0.06793542185664288
5632 0.14148495089721294
6010 0.0624213904704504
6052 0.13924580424883773
6410 0.04484398408640436
6646 0.0906726432468164
6791 0.05650418925787372
6872 0.0906726432468164
6934 0.07313930306595509
7102 0.14191329721063045
7262 0.06520472971033413
8252 0.03892678287382766
8324 0.0222302598635845
8397 0.11568569763167973
8586 0.2310976592580414
8944 0.08925103991879525
8950 0.2870321650565875
9083 0.13157386468887688
9146 0.1351836652770082
9169 0.10217931445687733
9549 0.34463108604798715
9614 0.20899037837722262
9656 0.057187472467083444
10192 0.08744753408866703
10285 0.12139418588277513
10392 0.03512602588120195
10428 0.07703255308601381
10749 0.07534560565924801
10951 0.03629475280330601
11025 0.1268158850483428
11818 0.09371750783605266
12087 0.1035906130527403
12265 0.020736503135766603
12286 0.08073607234642917
