359
6 0.03222579932567944
68 0.021048346470526124
116 0.026036576712062137
149 0.04537699608776295
157 0.04361521212326891
262 0.022383301345335522
271 0.057011056358241594
336 0.03222579932567944
344 0.024089807608360884
373 0.020741556924803894
390 0.034680775946152056
404 0.032476801983949394
471 0.036143832597159795
493 0.016773325831225587
505 0.02685365974342139
552 0.061686014854631814
566 0.07085544577630366
619 0.02872980077066549
646 0.03327147358116552
689 0.04083532327726292
704 0.07939435770357711
716 0.06762701174720828
826 0.15780800770089523
874 0.06762701174720828
887 0.017026963989040897
913 0.07658363162457932
922 0.04024950397839407
952 0.00995103830310003
965 0.018892097163539817
1053 0.057011056358241594
1055 0.02982490254580397
1057 0.0515577597329261
1068 0.028225526757610312
1242 0.030422808224013578
1316 0.054231167512235605
1465 0.23224097416872572
1524 0.04183360809321298
1536 0.01482968252263763
1542 0.030020122499040743
1543 0.037784194327079634
1552 0.061686014854631814
1553 0.09801706249664768
1572 0.03652282466329031
1584 0.05031313424075525
1612 0.08142639206505876
1629 0.06092908962972195
1638 0.12169123289605431
1664 0.02044420857086658
1730 0.04083532327726292
1752 0.044456008194805954
1793 0.04024950397839407
1797 0.0344441907054988
1815 0.057011056358241594
1844 0.07939435770357711
1896 0.02616804893092568
1905 0.020666357642385814
1958 0.0944538484841221
1971 0.027862108410929422
1974 0.03413740115977658
2002 0.022563924529900675
2055 0.03327147358116552
2080 0.013709753105428026
2133 0.0344441907054988
2194 0.06609563595953744
2195 0.03222579932567944
2203 0.04284175471464614
2278 0.034680775946152056
2326 0.0414589628162826
2356 0.01990207660620006
2362 0.025283229735303926
2373 0.00944550774263104
2419 0.024697410436435085
2480 0.022563924529900675
2483 0.03820761173415782
2541 0.02177645252995525
2568 0.039174724101435736
2622 0.028903914652846967
2629 0.03691729000578257
2630 0.00805021511933762
2666 0.024927494140142167
2675 0.045682703955207446
2677 0.01777475588716198
2757 0.06810785595616359
2822 0.04338557831728466
2885 0.032999256734302214
3059 0.06768010561167853
3064 0.06762701174720828
3102 0.03150968961667148
3133 0.029445910479673456
3271 0.048823567123124516
3308 0.060040244998081485
3323 0.03198115185279027
3332 0.017182405287589495
3342 0.02194598422963255
3347 0.02806311858130992
3361 0.1091882967589838
3362 0.025283229735303926
3370 0.06092908962972195
3442 0.01328179863764589
3454 0.03652282466329031
3466 0.039174724101435736
3487 0.04753324539474926
3533 0.0463951009692749
3591 0.012070287977045936
3599 0.023932701836941562
3634 0.0463951009692749
3648 0.036143832597159795
3667 0.03820761173415782
3668 0.0918918718632837
3721 0.017130313199045767
3737 0.02177645252995525
3782 0.04753324539474926
3790 0.033840052805839266
3793 0.048823567123124516
3797 0.030020122499040743
3814 0.020014668565461205
3819 0.02152760464012397
3827 0.03222579932567944
3830 0.02516319019134151
3854 0.04024950397839407
3876 0.07695769071216657
3882 0.027746268588012463
3889 0.031742545679893534
3918 0.008766324828345589
3933 0.015205399530603198
3993 0.1575484480833574
4006 0.06762701174720828
4048 0.010589517454490736
4105 0.013422354701595678
4115 0.048823567123124516
4226 0.02436224184234693
4339 0.021609843936712753
4380 0.04361521212326891
4381 0.018113845381698798
4410 0.010563151656351273
4431 0.016143429860117384
4434 0.07551617215463924
4440 0.352847698948588
4451 0.01096639760737425
4453 0.15316726324915864
4502 0.023421309548040982
4509 0.039697178851788556
4514 0.03413740115977658
4624 0.018091392388645215
4655 0.021126590290926842
4671 0.10846233502447121
4676 0.018287959263880278
4740 0.052074918205249295
4813 0.06092908962972195
4819 0.06092908962972195
4820 0.01840580290758937
4861 0.024023329670643773
4872 0.016050066244700775
4883 0.028225526757610312
4905 0.07086789167843023
4907 0.02152760464012397
4926 0.03961370567009377
4972 0.015333956535692807
5005 0.02547833712910142
5159 0.03820761173415782
5224 0.01273916856455071
5241 0.034761040698796264
5247 0.023421309548040982
5362 0.04024950397839407
5380 0.022563924529900675
5435 0.13084563636980673
5473 0.03705020289566094
5622 0.02022705203834922
5627 0.021609843936712753
5641 0.0312823130313525
5802 0.009009851231679222
5998 0.02177645252995525
6008 0.0074405422931173035
6010 0.018585307617817588
6052 0.0414589628162826
6055 0.017500996529476787
6074 0.04209669294105225
6079 0.014311538751175475
6084 0.026996818791796353
6089 0.039174724101435736
6147 0.07155829116061642
6162 0.011076833769675639
6232 0.030020122499040743
6233 0.039174724101435736
6277 0.02540477925020827
6294 0.02982490254580397
6360 0.012640732477089458
6409 0.04957852589815869
6410 0.013351821110887981
6452 0.022320994281977122
6477 0.05031313424075525
6500 0.052074918205249295
6584 0.013600974556823674
6587 0.034761040698796264
6631 0.04284175471464614
6646 0.026996818791796353
6657 0.01619045213793455
6712 0.03355158186090773
6715 0.04212564500563817
6723 0.11909153655536568
6735 0.07834944820287147
6791 0.05047057095997062
6872 0.08099045637538907
6923 0.022205992535360628
6934 0.02177645252995525
7042 0.014195812110218444
7086 0.057011056358241594
7121 0.025283229735303926
7128 0.13084563636980673
7176 0.023063299810338972
7206 0.02714213068835292
7220 0.01595759607471249
7262 0.06794906084828567
7351 0.04024950397839407
7379 0.025527877208193106
7393 0.054231167512235605
7425 0.019536539851656026
7467 0.026996818791796353
7470 0.022031878653179144
7493 0.0463951009692749
7537 0.017150856862591435
7558 0.02590686927432362
7579 0.052074918205249295
7586 0.08891201638961191
7631 0.030630623954427897
7833 0.014667274346337236
7835 0.06729409461329418
7911 0.022031878653179144
7947 0.03577914558030821
7952 0.007909146058863777
7956 0.023421309548040982
8036 0.027746268588012463
8092 0.01564074608141503
8098 0.014234233866695735
8100 0.020970731121331316
8178 0.10975791616916095
8200 0.030219367888296225
8201 0.047449772213054464
8216 0.044456008194805954
8220 0.03652282466329031
8224 0.04448904756791289
8239 0.02982490254580397
8274 0.04537699608776295
8291 0.028903914652846967
8324 0.05295059464390819
8326 0.030928493891663862
8338 0.03820761173415782
8412 0.045682703955207446
8432 0.03577914558030821
8440 0.034761040698796264
8442 0.06092908962972195
8586 0.04587125294388207
8603 0.026301334616815872
8625 0.024038310090562374
8634 0.04537699608776295
8659 0.030630623954427897
8716 0.02839071127612867
8754 0.019670751162243812
8830 0.04284175471464614
8890 0.011619363599929808
8903 0.04083532327726292
8923 0.03198115185279027
8936 0.031060163959833274
8950 0.17092157171058864
8972 0.02481176749918514
9000 0.038940253626878675
9027 0.014870714682054592
9083 0.039174724101435736
9124 0.057011056358241594
9169 0.030422808224013578
9175 0.030219367888296225
9256 0.04537699608776295
9273 0.014081455047468392
9319 0.03775808607731962
9330 0.028903914652846967
9338 0.01965639706704063
9385 0.02616804893092568
9453 0.026996818791796353
9485 0.029081223462821864
9549 0.051305127141444376
9575 0.011767345956368828
9613 0.028225526757610312
9614 0.12444934154882338
9669 0.033840052805839266
9682 0.0463951009692749
9802 0.039174724101435736
9821 0.016975700956224436
9923 0.018056497682083998
10063 0.033840052805839266
10103 0.030020122499040743
10110 0.02169278915864233
10132 0.02982490254580397
10141 0.04209669294105225
10172 0.022118543440581787
10202 0.039697178851788556
10213 0.044456008194805954
10306 0.03222579932567944
10318 0.042173394473783155
10325 0.02128500464240363
10392 0.010458402023303245
10396 0.04212564500563817
10507 0.057011056358241594
10561 0.03222579932567944
10576 0.023724886106527232
10641 0.03355158186090773
10672 0.04024950397839407
10690 0.052074918205249295
10749 0.011216677874956973
10801 0.0312823130313525
10808 0.031742545679893534
10845 0.017999488318948743
10862 0.025527877208193106
10871 0.04753324539474926
10872 0.08891201638961191
10881 0.020893734227704783
10909 0.116611001907772
10981 0.018829955090706764
10985 0.022655518192198833
10988 0.011444725249837365
10998 0.04024950397839407
11021 0.022935626471941035
11026 0.044456008194805954
11036 0.03855562812400401
11080 0.01328179863764589
11124 0.057011056358241594
11145 0.02177645252995525
11267 0.06762701174720828
11276 0.03669340288984171
11300 0.017340387973076028
11319 0.030288751973768825
11332 0.009168080294927992
11427 0.06762701174720828
11497 0.020658083743109106
11588 0.03508863339361501
11624 0.023932701836941562
11657 0.044456008194805954
11764 0.0961532403622495
11770 0.01987562934619284
11818 0.027903394960943767
11875 0.17287439571977078
11876 0.13644830586343576
11892 0.02540477925020827
11893 0.025616767517133397
11957 0.03173200482482866
11965 0.021860846594982702
11974 0.02806311858130992
11994 0.0414589628162826
12029 0.04194146224266263
12040 0.057011056358241594
12087 0.030843007427315907
12089 0.04103538452714685
12103 0.0344441907054988
12105 0.09508796600230345
12120 0.1243768884488478
12157 0.022563924529900675
12204 0.015422251249601605
12223 0.03508863339361501
12265 0.01852222227628057
12286 0.04807662018112475
