70
116 0.08734901795432051
214 0.08606070839087246
322 0.12667301754614396
619 0.09638440226200357
826 0.08823724313198637
913 0.0856424033487136
931 0.08522942717826427
1181 0.1238522661101617
1612 0.09105799456796865
1868 0.1556489761451722
1905 0.06933269548906815
1958 0.04526846431868183
2194 0.0739138245909416
2278 0.05817453950055547
2338 0.14372800399795085
2381 0.09308479144022411
2525 0.09878684865582697
2757 0.34273827922177097
3361 0.04070124800658971
3661 0.05729594396531062
3667 0.1281811122970141
3933 0.05101195642151997
4127 0.11885497993306551
4244 0.08779008858096267
4339 0.07249795804160024
4453 0.0856424033487136
4624 0.012138810536043536
4861 0.032237943995939794
4872 0.053845693313703084
4883 0.0946926345497049
4926 0.13289835780182083
5005 0.042738101708760454
5224 0.042738101708760454
5241 0.23323671169899646
5247 0.0785751679589178
5579 0.1314256369696477
5622 0.06785888756420955
5632 0.14132555760412743
6010 0.06235106814342575
6052 0.13908893352056015
6410 0.04479346401163119
6646 0.09057049378775218
6791 0.05644053309697586
6872 0.09057049378775218
6934 0.07305690621529548
7102 0.14175342135364652
7262 0.0651312717451769
8252 0.038882928965181286
8324 0.022205215826721688
8397 0.11555536911128604
8586 0.23083731060117083
8944 0.08915049200134008
8950 0.28670880202949733
9083 0.1314256369696477
9146 0.13503137084962755
9169 0.10206420187908571
9549 0.34424283356348984
9614 0.2087549352122677
9656 0.057123046536961826
9671 0.06622007412424148
10192 0.08734901795432051
10285 0.1212574263268889
10392 0.035086453807262594
10749 0.07526072324504501
10951 0.036253864071788225
11025 0.12667301754614396
11818 0.09361192811114888
12087 0.10347391054238485
12265 0.020713141926670318
12286 0.08064511717161743
