30
435 0.07877989434502163
677 0.14306498147103705
1184 0.11056534605816049
2096 0.15405860047903852
2266 0.0979131061871137
2596 0.14832133241519
2675 0.14832133241519
3055 0.17530504052898685
3332 0.11157471102638485
3541 0.3381507916513842
4451 0.07121078938389272
4662 0.24518380706740495
5511 0.3086592377666708
5914 0.18768885211036226
6410 0.08670064273244155
6638 0.11651245434282248
6699 0.22167272892491466
7193 0.0979131061871137
7418 0.19120832605731602
7484 0.04969186276716102
8098 0.09243062911021357
8776 0.26742674220054674
9292 0.245353342145505
9373 0.2781948348990721
9445 0.038483999737907185
9921 0.16417777396787198
10533 0.17916764457171658
10601 0.23716258227346346
11094 0.2061216286193654
11750 0.18655823589191511
