143
38 0.07750132911316539
76 0.03336729918937896
200 0.10763351635318606
210 0.027492137803053623
220 0.09995514040162277
456 0.023540509309538583
467 0.06874386414733172
619 0.0490688660963055
826 0.044921183991794456
952 0.016995807590583303
985 0.08118408032189618
1064 0.04586452390199333
1312 0.0859319724021837
1340 0.07592833416076153
1386 0.09262375044456538
1458 0.05196042655965571
1612 0.04635721587304149
1770 0.06448866403809235
1868 0.07924019435980204
1958 0.023045971774568415
2039 0.10406342056723457
2207 0.08338787646431309
2215 0.0859319724021837
2278 0.05923279331457366
2338 0.07317128100554668
2355 0.11550309068990373
2730 0.062378907781765434
2757 0.26172977682885595
3097 0.05196042655965571
3110 0.10406342056723457
3201 0.05421446309202782
3308 0.051272662238722407
3389 0.057304194024662525
3918 0.044917153020916416
3933 0.025969957796220116
3993 0.05381675817659303
4361 0.09262375044456538
4410 0.10824757435346365
4442 0.08118408032189618
4446 0.034669361293708234
4470 0.0744923022795145
4624 0.006179813899166065
4699 0.03336729918937896
4712 0.0835958849567945
4861 0.016412192429817774
4883 0.048207594755791505
4926 0.03382897839460485
5005 0.021757775539830996
5007 0.11550309068990373
5069 0.04446899254501059
5095 0.11550309068990373
5181 0.034183915845435286
5241 0.059369880948114545
5243 0.061108746194751186
5251 0.08894099923583458
5347 0.06974441019922699
5473 0.06327963981512932
5579 0.06690820123109872
5622 0.034546654740682026
5632 0.07194820634164388
5802 0.015388313589919133
6119 0.037050050398109734
6195 0.11550309068990373
6251 0.025328254510453126
6316 0.19474328504970578
6355 0.08118408032189618
6436 0.027254666722523878
6452 0.019061494514035326
6584 0.023229691171039048
6585 0.05503983284049583
6646 0.04610903141637743
6723 0.06780052423713284
6791 0.028733621788837743
6823 0.0744923022795145
6872 0.04610903141637743
6934 0.03719294267908618
6944 0.07924019435980204
7258 0.08338787646431309
7262 0.03315803778352691
7312 0.028225767707990634
7332 0.10406342056723457
7537 0.009764229432535063
7552 0.045608302505246466
7861 0.03394644476490554
7952 0.013508371742513809
8006 0.12346322176575499
8045 0.09531482392797393
8178 0.0937301399077772
8224 0.025328254510453126
8319 0.07750132911316539
8324 0.022609151200193807
8327 0.07270715526323866
8376 0.04712498013421136
8405 0.06173161088287749
8586 0.11751823757883498
8950 0.21894324421665698
9008 0.13748772829466344
9017 0.08104151287397302
9077 0.10254532447744481
9146 0.06874386414733172
9151 0.041056066779956026
9165 0.062378907781765434
9169 0.05196042655965571
9202 0.04848972052077892
9224 0.07194820634164388
9338 0.013428803399197217
9376 0.2778712513336961
9445 0.010122127393419783
9549 0.21906559967585434
9578 0.02890643965436039
9582 0.03442485377932414
9614 0.24797779881853588
9821 0.028993531969160508
9947 0.08338787646431309
10043 0.11550309068990373
10190 0.0859319724021837
10192 0.04446899254501059
10228 0.05779688599571068
10306 0.05503983284049583
10318 0.020579931348036692
10392 0.017862355975220717
10881 0.07137062002308434
10882 0.20812684113446914
10925 0.03690838467544498
10963 0.03382897839460485
10988 0.019546939962308274
11025 0.2579546561523694
11101 0.03885227063753912
11153 0.05196042655965571
11249 0.0937301399077772
11319 0.031038879664127477
11629 0.020987451136663376
11736 0.06841245375786971
11818 0.04765741196398696
11875 0.029525963798936117
11893 0.003365537100850696
11957 0.027098229955473
12006 0.0174667695316912
12051 0.02797758325132657
12105 0.032480967817230005
12263 0.06173161088287749
12265 0.010544967482090495
12286 0.041056066779956026
