197
25 0.05930552893791984
26 0.039358517171897416
132 0.037831351883991844
152 0.06637654145795943
186 0.06154715278746909
262 0.03888560583299727
313 0.04310448204703037
344 0.013950083424529774
594 0.03031025228737398
640 0.12826983521682037
744 0.031568674981648455
769 0.017766583035161786
887 0.02958025717455033
938 0.018956367750320415
942 0.037831351883991844
952 0.01728753712928246
1057 0.044784607321223795
1182 0.08740697701933925
1274 0.057801187912336134
1327 0.07202498243874175
1347 0.03629784101205618
1353 0.09982224616400912
1367 0.1174856774652425
1553 0.06811243432501388
1564 0.048202472325413505
1577 0.06154715278746909
1612 0.09430585588170481
1632 0.03136882449810141
1684 0.08661105853716393
1704 0.06154715278746909
1710 0.04991112308200456
1854 0.058287808719006566
1933 0.04991112308200456
1958 0.0703246534081715
1985 0.1440499648774835
2078 0.06719559376825142
2080 0.0238174006193452
2121 0.07094155864338438
2224 0.06805666673215285
2242 0.09046765317918047
2243 0.039358517171897416
2266 0.02619532217852731
2333 0.06279122127620741
2356 0.051862611387847375
2392 0.09330355802708407
2393 0.06805666673215285
2586 0.06896430627890053
2630 0.013985313746697692
2656 0.02764273794660761
2822 0.037686006886426864
3089 0.04139583129043932
3102 0.16422153525748473
3110 0.10584964775977797
3112 0.03873088361007879
3361 0.1053824556241982
3389 0.058287808719006566
3442 0.023073932598614018
3597 0.07746176722015757
3604 0.04961399599171414
3667 0.06637654145795943
3725 0.07715514879045823
3729 0.06484937617005385
3854 0.1398476768489422
3891 0.027327475303751667
3918 0.015229382235436024
3988 0.05642063702668833
4078 0.04103864244609084
4312 0.1174856774652425
4356 0.06796493367198608
4410 0.12845655863184446
4414 0.05686832335355186
4431 0.028045328999869792
4440 0.04715292794085241
4487 0.10584964775977797
4522 0.06805666673215285
4616 0.05878895764631694
4624 0.025143556530513197
4882 0.11861105787583968
4883 0.294210409177342
5005 0.06639372983437843
5069 0.04523229364808733
5224 0.022131243278126142
5305 0.08481921219839816
5350 0.07202498243874175
5380 0.039199395199942685
5431 0.06279122127620741
5539 0.06559559868129114
5648 0.05686832335355186
5761 0.19678679604387342
5842 0.024998240248582312
5845 0.03271252083030417
6125 0.039199395199942685
6147 0.06215766524392634
6162 0.01924333614598815
6201 0.1174856774652425
6214 0.027094853904614254
6258 0.05373082388180111
6281 0.03551689823538788
6360 0.02196023423715827
6396 0.06559559868129114
6452 0.019388681143553126
6571 0.0825775883488489
6584 0.02362842403814951
6616 0.04034628690587822
6646 0.09380096689815713
6747 0.030976122559376453
6791 0.05845365698403318
6934 0.07566270376798369
7025 0.027563365494478152
7150 0.03207896479802309
7220 0.02772248746643289
7259 0.03417320190318512
7262 0.016863594338243477
7272 0.01905147985943301
7282 0.07686403035648666
7425 0.033940042011293914
7461 0.05321334646458933
7507 0.024397439821526253
7537 0.04965915210387164
7552 0.023195579814631637
7557 0.06484937617005385
7835 0.02922682849201659
7839 0.05514504319093543
7854 0.0435090134854709
7952 0.013740240162770796
8252 0.040269807309580796
8324 0.011498616313221546
8327 0.03697757930826883
8376 0.04793387071752071
8556 0.05481147529521155
8577 0.05358231169830304
8578 0.1174856774652425
8586 0.039845137978567834
8625 0.041760785714827615
8682 0.04793387071752071
8719 0.04523229364808733
8942 0.016863594338243477
8957 0.04456516311991132
9169 0.05285231658547939
9273 0.04892628679594072
9376 0.09421361805431344
9445 0.020591743252968416
9563 0.030879365851452675
9578 0.08820783822187893
9614 0.3243012257429171
9656 0.05916051434910066
9702 0.06095806629735592
9748 0.09904300672480378
9863 0.06344962889311846
9898 0.019584452952391206
10100 0.06559559868129114
10103 0.10430549386310763
10127 0.05083542490540722
10191 0.04961399599171414
10204 0.09046765317918047
10221 0.06559559868129114
10266 0.04793387071752071
10312 0.032287504651857826
10318 0.041866363266478704
10392 0.01816895963856287
10445 0.08060033598436504
10490 0.040862858197481124
10702 0.06095806629735592
10723 0.0870180269709418
10794 0.046900483449078566
10828 0.09904300672480378
10848 0.07777121166599454
10881 0.03629784101205618
10914 0.03842565261311314
10925 0.037541909500794515
10951 0.046933710990046014
10959 0.09470602494494536
10960 0.15849436065520156
11007 0.08740697701933925
11036 0.04018868176975358
11101 0.03951916186527837
11106 0.029941287053660268
11215 0.0699238384244711
11300 0.03012475600936308
11332 0.031854671578027245
11605 0.06038895273327723
11629 0.042695392830299425
11736 0.023195579814631637
11764 0.041760785714827615
11875 0.06006554177922882
11893 0.0034233058523897553
11917 0.09281341085923028
11957 0.055126730988956305
12021 0.02493041291448445
12051 0.02845781270863985
12056 0.09046765317918047
12064 0.09440535702469753
12156 0.09695088326010624
12157 0.039199395199942685
12177 0.020599096612631578
12204 0.013396227256584526
12265 0.0321779090347055
