134
68 0.03764745057327237
220 0.05233826452271632
230 0.03345942068521132
262 0.04003517484117681
330 0.03643643638762071
390 0.031015329401380222
495 0.1690074453390247
505 0.09606187633955843
552 0.0551663570949345
619 0.05138663771086033
628 0.02973448271289239
808 0.09314213408566721
826 0.04704303952731936
969 0.10197099945035715
1064 0.048030938169779214
1213 0.07199098578822684
1230 0.08501881651805207
1465 0.08307807559466861
1543 0.03379074433166371
1553 0.03506301571809555
1612 0.19418760993390738
1862 0.07199098578822684
1885 0.08501881651805207
1925 0.19399768065455178
1971 0.049834667570511665
2195 0.05763964352242941
2294 0.0691820864672196
2382 0.06000214373748607
2419 0.04417423192817056
2731 0.060010961979003026
2757 0.24363786906982923
2768 0.042251861334756176
3270 0.030454733633728654
3361 0.04339914418951599
3590 0.1089788641364997
3687 0.36006577187401817
3699 0.1089788641364997
3765 0.031110555652957447
3791 0.046108567576364834
3880 0.17160618797398736
4099 0.054050904213461905
4134 0.048030938169779214
4244 0.046804642355422636
4339 0.03865175502706306
4410 0.018893442790735498
4440 0.14564070745043056
4448 0.09176527196175055
4453 0.04565961971320561
4485 0.054050904213461905
4624 0.0064717178777623195
4803 0.0488107781577395
4861 0.008593711792491056
4872 0.02870743678090054
5001 0.023143108564052366
5299 0.10197099945035715
5556 0.05138663771086033
5622 0.03617846859956815
5627 0.03865175502706306
5667 0.09870186429559807
5802 0.016115181750364933
5936 0.12095888794572349
6010 0.03324201503954818
6041 0.09408607905463871
6079 0.05119575055616074
6180 0.03345942068521132
6251 0.026524636534756077
6252 0.0488107781577395
6289 0.1464323344732185
6452 0.01996186565423883
6620 0.04656948878322377
6646 0.04828699501516421
6828 0.03910070289022229
6872 0.14486098504549264
7042 0.02539088452935142
7150 0.03302731015503426
7262 0.017362130107520503
7352 0.15069337065861588
7470 0.039406613901636516
7552 0.04776261413590893
7580 0.07313375734850609
7725 0.07303879270882827
7726 0.06399522245962443
7739 0.09176527196175055
7952 0.01414644070710336
7956 0.04189177495751974
7968 0.05138663771086033
7980 0.08501881651805207
8092 0.02797531938452824
8100 0.03750862636555466
8178 0.19631498036152262
8291 0.05169806092801074
8324 0.01183854808662368
8586 0.04102307348363666
8680 0.07199098578822684
8890 0.020782602444984526
8950 0.1910708708131472
8956 0.10277327542172066
8988 0.042995353210604034
9017 0.042434757442952456
9099 0.02929910651979785
9175 0.054050904213461905
9267 0.059293051346996924
9273 0.0251863434328042
9338 0.021094670920576045
9549 0.045882635980875275
9568 0.03250193472161632
9580 0.0856129207824277
9613 0.15145405245961108
9614 0.14839488512462737
9656 0.030454733633728654
9805 0.07303879270882827
9898 0.04032685006812702
10266 0.1480527964433971
10298 0.03696421849387402
10318 0.10776012983674417
10334 0.03458946497399996
10418 0.048546902483476845
10560 0.04752993146925166
10909 0.041714506522116196
10988 0.02047024115510793
11304 0.06399522245962443
11351 0.06603092802268572
11464 0.09699884032727589
11621 0.08501881651805207
11764 0.042995353210604034
11875 0.24736499952080915
11876 0.097621556315479
11893 0.014098034005060916
12078 0.03696421849387402
12087 0.0551663570949345
12098 0.0351834588601393
12103 0.061607498191719984
12105 0.03401520879749412
12204 0.04137677340552526
