299
25 0.03496372359653455
48 0.05000537966847825
111 0.02196517795802495
200 0.03227240624479649
210 0.016486266913490283
322 0.11601615005454062
335 0.022048697111121725
343 0.01879079767162194
344 0.008224306733937464
347 0.025530883589847054
419 0.05333543224098193
444 0.04553210056774701
456 0.014116585713950889
467 0.0412237746339153
495 0.0241944347678633
547 0.035089931597911
619 0.02942522801977782
646 0.034076835565091584
769 0.020948667337459377
826 0.05387595789487654
847 0.04647538169141512
913 0.026145799398614195
915 0.048683824695668176
937 0.023298621173595532
938 0.011175774237006778
952 0.010191910951266885
1101 0.04647538169141512
1104 0.04647538169141512
1106 0.029077930599391778
1181 0.03781090182155322
1284 0.05153100292068684
1347 0.021399483370681538
1521 0.03496372359653455
1524 0.010711555806277012
1538 0.03701872227272914
1543 0.019349395119250597
1553 0.020077928397871467
1586 0.029077930599391778
1612 0.027799127144065253
1618 0.048683824695668176
1626 0.05333543224098193
1638 0.031159216039799754
1664 0.020939076594498448
1736 0.023786254819517114
1742 0.020077928397871467
1763 0.03781090182155322
1952 0.03867205001818021
1958 0.013820025371548118
1971 0.057073064978610845
1974 0.03496372359653455
2002 0.023110101932600553
2009 0.11108775049046997
2040 0.04065808004657189
2100 0.025895230042714698
2121 0.04182377414610136
2122 0.03867205001818021
2126 0.032755280592281506
2154 0.023203912690976634
2207 0.05000537966847825
2243 0.023203912690976634
2261 0.0636239989372268
2278 0.08880062798419397
2338 0.0877575456445919
2362 0.025895230042714698
2598 0.04012297887124996
2630 0.024735230576674
2656 0.032593691223236076
2701 0.1410282793197206
2704 0.02180022479112543
2730 0.07481377627519054
2739 0.03379802949700508
2757 0.3662214137539889
3040 0.05000537966847825
3097 0.031159216039799754
3152 0.02239000544756821
3271 0.1000107593369565
3280 0.03436372408434849
3281 0.04467095237112003
3283 0.03740688813759527
3361 0.08697988809636406
3452 0.03593798114895859
3532 0.055543875245234985
3561 0.028259533920248346
3615 0.055543875245234985
3661 0.034983797714587435
3686 0.033262928321683156
3695 0.11739737038308988
3765 0.01781465444501709
3814 0.020499139238038422
3826 0.055598254288130505
3827 0.033005849948181
3887 0.01687634541937272
3889 0.03251089877075556
3918 0.0179570411245517
3933 0.015573458092917287
3970 0.055543875245234985
3993 0.03227240624479649
4025 0.01606505607332332
4081 0.027860393521027732
4099 0.06190170254397283
4105 0.02749450654458131
4127 0.07257055713868926
4128 0.055543875245234985
4244 0.05360293395500322
4297 0.04640782538195327
4339 0.022132927074066056
4381 0.018552305145662872
4410 0.010818840985942213
4448 0.05254700778371332
4453 0.026145799398614195
4552 0.017230750172852798
4624 0.0037058617320779095
4655 0.021637975896640606
4686 0.05333543224098193
4772 0.049602582535859405
4787 0.02680146697750161
4803 0.05590045743781859
4820 0.07540531892527447
4827 0.012394027997549292
4861 0.02952579973647814
4882 0.03496372359653455
4883 0.028908747660688534
4926 0.020286293165684807
4998 0.04751813059613869
5001 0.03975690628459562
5005 0.09133271057136022
5035 0.02627350389185666
5181 0.020499139238038422
5184 0.03352686292054306
5241 0.07120491763460035
5247 0.04797648124845952
5380 0.023110101932600553
5423 0.03436372408434849
5500 0.03465917769363206
5579 0.04012297887124996
5609 0.023394244728186606
5622 0.02071666361863709
5632 0.04314532911891143
5667 0.028259533920248346
5765 0.05153100292068684
5769 0.028259533920248346
5943 0.03496372359653455
5977 0.06454481248959298
6008 0.007620646426108361
6010 0.03807035898629579
6030 0.05153100292068684
6041 0.02693797894743827
6052 0.042462509366866984
6074 0.021557838123503644
6079 0.029315921431464206
6114 0.0241944347678633
6130 0.055543875245234985
6134 0.05333543224098193
6180 0.01915967120892079
6251 0.015188646561554919
6277 0.026019721758487598
6280 0.03934782942782704
6289 0.05590045743781859
6291 0.055543875245234985
6303 0.029970152482167365
6355 0.048683824695668176
6409 0.016926204269950305
6452 0.011430645684218572
6491 0.03701872227272914
6535 0.048683824695668176
6563 0.03227240624479649
6571 0.048683824695668176
6646 0.02765029785964748
6791 0.034461500345705595
6872 0.02765029785964748
6934 0.02230356855833352
7031 0.05333543224098193
7121 0.051790460085429396
7218 0.09503626119227739
7220 0.01634386214140983
7254 0.025772284847908798
7262 0.03976789765444158
7379 0.026145799398614195
7383 0.055543875245234985
7483 0.010900075047271987
7484 0.00783773702437003
7505 0.04387877282229595
7513 0.05333543224098193
7536 0.020571117452812402
7537 0.035132013475820165
7542 0.03403487152713007
7547 0.030546837588028466
7552 0.04102503708292108
7580 0.020939076594498448
7660 0.018148291461704925
7726 0.03664520772202375
7835 0.06892300069141119
7878 0.029603556464360352
7956 0.02398824062422976
8045 0.028578818412483928
8049 0.04647538169141512
8124 0.02750367353478168
8136 0.05333543224098193
8171 0.015486642089667954
8178 0.056207346093935504
8247 0.066011699896362
8291 0.029603556464360352
8350 0.042462509366866984
8412 0.023394244728186606
8473 0.018730633590245405
8582 0.05994030496433473
8586 0.1409448072614012
8719 0.02666681237097625
8750 0.05153100292068684
8774 0.02541235569522968
8811 0.028908747660688534
8830 0.04387877282229595
8923 0.13102112236912603
8944 0.027216785015524773
8950 0.350117723490665
9009 0.05000537966847825
9017 0.12149582745116472
9027 0.015230671936413096
9083 0.04012297887124996
9126 0.03251089877075556
9146 0.1236713239017459
9169 0.031159216039799754
9183 0.03664520772202375
9224 0.1294359873567343
9273 0.04326692296924107
9284 0.04387877282229595
9338 0.004026439099678899
9503 0.03352686292054306
9549 0.3415555505941366
9582 0.020643622985214875
9613 0.11563499064275413
9614 0.12746173498440566
9618 0.021399483370681538
9656 0.03487822988133228
9671 0.0202163496879468
9675 0.014697787573936838
9729 0.04314532911891143
9804 0.04797648124845952
9821 0.0173866110461334
9898 0.011546063446015678
10086 0.042462509366866984
10132 0.030546837588028466
10239 0.03628527856934463
10266 0.05651906784049669
10318 0.012341209828627929
10350 0.042462509366866984
10559 0.03496372359653455
10561 0.033005849948181
10628 0.023203912690976634
10686 0.033005849948181
10694 0.039615331141848315
10749 0.02297637263339509
10766 0.042462509366866984
10801 0.032039525831779464
10845 0.01843517998096183
10881 0.042798966741363076
10882 0.06240392579480179
10899 0.03227240624479649
10951 0.005533977447982485
10958 0.05153100292068684
10968 0.04065808004657189
10979 0.04143332723727418
10988 0.04688701502504328
11036 0.00789777943850529
11045 0.03823211266172018
11087 0.03227240624479649
11103 0.01606505607332332
11276 0.03758159534324388
11300 0.017760125596838795
11304 0.03664520772202375
11305 0.05000537966847825
11315 0.03227240624479649
11319 0.02481753188271757
11419 0.04314532911891143
11463 0.04387877282229595
11510 0.03527793922263726
11588 0.03593798114895859
11634 0.012553402792723049
11643 0.033005849948181
11657 0.04553210056774701
11659 0.12738752810060094
11711 0.04751813059613869
11770 0.040713468931915936
11818 0.057157636824967856
11875 0.1062353732302139
11877 0.031589586492752036
11886 0.034076835565091584
11893 0.01816396710013012
11957 0.016250051383033745
11960 0.023786254819517114
11986 0.04751813059613869
12004 0.018035824786573586
12021 0.014697787573936838
12029 0.02147834403420861
12098 0.02014689704567437
12105 0.058433786657056196
12204 0.03159111775402116
12265 0.01264704474779039
12286 0.024620176146405607
