432
25 0.02304830592004574
38 0.03063686314808869
48 0.03296385995802108
111 0.02895916619218342
133 0.021927131005883317
200 0.021274172639317756
210 0.010867850566674605
262 0.015112374093542186
322 0.10197143183715957
335 0.01453463944572343
343 0.01238701169860959
344 0.010843029179127297
419 0.03515905150302309
444 0.030015046314224293
456 0.009305741855079073
467 0.02717497083278838
493 0.011324726895444288
495 0.015949123169123065
505 0.018130594122919577
547 0.023131503026247842
619 0.03879458978643574
646 0.022463663766326424
692 0.03515905150302309
769 0.013809492918508538
826 0.0355153694047534
847 0.03063686314808869
913 0.01723547497450004
915 0.03209268262991454
922 0.02717497083278838
932 0.02325543883182724
937 0.03071719445680032
938 0.007367140481954514
952 0.006718571632283078
1023 0.015549561262727067
1055 0.02013666695639405
1064 0.036261188245839154
1101 0.03063686314808869
1104 0.03063686314808869
1106 0.019168354255124802
1181 0.024925183666145625
1284 0.033969560376014424
1308 0.014933619385327767
1347 0.014106673675548834
1443 0.03296385995802108
1458 0.020540350673212686
1521 0.02304830592004574
1524 0.014122249560809633
1538 0.024402973938268957
1543 0.012755242640132594
1553 0.013235496347442303
1586 0.038336708510249604
1612 0.01832535899552097
1618 0.09627804788974363
1626 0.03515905150302309
1638 0.04108070134642537
1664 0.013803170640586573
1742 0.013235496347442303
1763 0.024925183666145625
1797 0.02325543883182724
1838 0.021431388408478393
1929 0.01153076945229493
1958 0.027330742251189102
1971 0.03762292244960007
1974 0.02304830592004574
2002 0.015234324162167084
2009 0.07322974196969789
2040 0.026802061412245504
2080 0.009256316325406837
2098 0.027991552539254175
2100 0.01707029808328549
2121 0.02757049427498014
2122 0.02549285795928989
2126 0.021592486438219892
2154 0.03059232960511501
2203 0.057850324586406716
2207 0.03296385995802108
2215 0.033969560376014424
2243 0.015296164802557506
2261 0.06291200881306648
2278 0.05853793100786145
2294 0.026114674793154293
2338 0.057850324586406716
2356 0.020155714896849232
2362 0.01707029808328549
2373 0.00637725616555826
2568 0.026449319360817715
2596 0.015421632875427062
2598 0.026449319360817715
2616 0.030015046314224293
2630 0.016305619158668728
2634 0.0626484995343598
2656 0.02148596571250533
2666 0.016830118616033056
2701 0.1328096091270991
2704 0.014370844933730843
2730 0.04931771062265689
2739 0.022279873057311102
2757 0.3793671407903482
2781 0.011779676865616456
2885 0.022279873057311102
3049 0.043854262011766634
3097 0.020540350673212686
3152 0.014759632042114397
3224 0.07322974196969789
3261 0.02757049427498014
3271 0.03296385995802108
3280 0.02265278247785398
3281 0.029447372021080023
3283 0.024658855311328446
3306 0.029447372021080023
3332 0.023201844314804078
3361 0.07371988438168114
3378 0.02304830592004574
3401 0.0313242497671799
3442 0.017934754712939767
3452 0.023690542610059206
3532 0.036614870984848946
3561 0.018628862030483237
3591 0.008149410335482771
3615 0.036614870984848946
3661 0.02306153890458986
3686 0.021927131005883317
3695 0.05159272198850431
3749 0.036261188245839154
3756 0.036614870984848946
3765 0.011743531960347412
3790 0.022847547350455372
3797 0.020268472221324406
3814 0.01351316117550912
3825 0.0313242497671799
3826 0.03665071799104194
3827 0.021757663329434438
3830 0.016989251839642068
3887 0.02224998552937984
3889 0.021431388408478393
3918 0.011837394152679193
3933 0.01026612126616132
3970 0.036614870984848946
3993 0.04254834527863551
4045 0.03849174873094882
4081 0.027548619263302074
4095 0.02757049427498014
4099 0.04080599062242244
4105 0.027186826778213317
4127 0.04783896649630454
4128 0.036614870984848946
4164 0.07031810300604618
4226 0.01644848124942109
4229 0.02844167160308667
4244 0.053003085466390695
4297 0.015296164802557506
4315 0.036614870984848946
4339 0.029180328731331046
4381 0.012229795929448952
4410 0.0071318478438332136
4440 0.01832535899552097
4442 0.03209268262991454
4448 0.051958975732582874
4453 0.03447094994900008
4470 0.029447372021080023
4471 0.03849174873094882
4552 0.01135861860134242
4559 0.03849174873094882
4624 0.004885854600840516
4655 0.01426388944470947
4676 0.012347351158760728
4686 0.03515905150302309
4740 0.03515905150302309
4772 0.032698333561477985
4787 0.03533539031092713
4803 0.036849932203017424
4805 0.02304830592004574
4816 0.0313242497671799
4820 0.04970765924830157
4827 0.008170221002932349
4861 0.019463592399746692
4883 0.01905682780065783
4926 0.01337285170944377
4972 0.010352918183349071
4998 0.0313242497671799
5001 0.026208002015345164
5005 0.06880810940904475
5029 0.03515905150302309
5035 0.017319658577527625
5159 0.025796360994252154
5181 0.01351316117550912
5184 0.022101118349096685
5229 0.033969560376014424
5241 0.11734682092159889
5247 0.03162639739239422
5361 0.030015046314224293
5380 0.015234324162167084
5401 0.014424987474450974
5423 0.02265278247785398
5465 0.050405696988424877
5472 0.017667695155463566
5500 0.022847547350455372
5571 0.02097066960435549
5579 0.026449319360817715
5608 0.036614870984848946
5609 0.015421632875427062
5615 0.03849174873094882
5622 0.040969663835149016
5626 0.02844167160308667
5632 0.02844167160308667
5641 0.02112065641021294
5667 0.018628862030483237
5765 0.033969560376014424
5769 0.018628862030483237
5828 0.03849174873094882
5943 0.02304830592004574
5977 0.021274172639317756
6008 0.00502357792792006
6010 0.025096219456702182
6030 0.033969560376014424
6041 0.0355153694047534
6052 0.05598310507850835
6057 0.01685053734703255
6068 0.011257467137739792
6074 0.028422124243916883
6079 0.009662619652264138
6114 0.015949123169123065
6130 0.036614870984848946
6134 0.03515905150302309
6147 0.024156750803410988
6180 0.012630175448317184
6251 0.040049804363156125
6258 0.010440885431273998
6277 0.017152363803251584
6280 0.03890750397787539
6289 0.036849932203017424
6291 0.036614870984848946
6303 0.019756512517101487
6355 0.06418536525982908
6360 0.008534553284293485
6409 0.011157860031752054
6437 0.01644848124942109
6452 0.015070306677497751
6491 0.024402973938268957
6507 0.016674774641093734
6535 0.03209268262991454
6562 0.026802061412245504
6571 0.03209268262991454
6598 0.03296385995802108
6646 0.01822724979763616
6651 0.03296385995802108
6719 0.020824053575485255
6723 0.026802061412245504
6777 0.03849174873094882
6791 0.02271723720268484
6823 0.058894744042160045
6825 0.021757663329434438
6872 0.03645449959527232
6934 0.014702652302517794
6944 0.0313242497671799
7031 0.03515905150302309
7121 0.03414059616657098
7218 0.0626484995343598
7220 0.010773976447623106
7230 0.016830118616033056
7237 0.03209268262991454
7254 0.016989251839642068
7262 0.026215247595295785
7274 0.036614870984848946
7312 0.02231572006350411
7362 0.033969560376014424
7374 0.03645449959527232
7379 0.01723547497450004
7383 0.036614870984848946
7474 0.03063686314808869
7483 0.0071853978466378905
7484 0.00516668541208964
7505 0.057850324586406716
7513 0.03515905150302309
7536 0.027121219332405765
7537 0.027019117608166252
7542 0.014957333872842971
7552 0.06310257751584498
7580 0.013803170640586573
7660 0.01196346757463178
7726 0.024156750803410988
7731 0.0313242497671799
7739 0.017319658577527625
7835 0.056793093006712106
7878 0.019514850122529643
7947 0.048313501606821976
7952 0.005339961793746854
7956 0.01581319869619711
8045 0.018839336370616206
8048 0.03515905150302309
8049 0.03063686314808869
8124 0.018130594122919577
8136 0.03515905150302309
8171 0.020417783224456205
8178 0.03705223513022268
8247 0.043515326658868876
8291 0.019514850122529643
8317 0.03849174873094882
8324 0.017875137862561282
8350 0.05598310507850835
8412 0.015421632875427062
8473 0.012347351158760728
8556 0.01065087583870537
8582 0.039513025034202974
8586 0.13936755162676553
8651 0.021757663329434438
8719 0.017578929994162284
8774 0.016751984284383355
8811 0.03811365560131566
8830 0.028925162293203358
8923 0.15114740506753924
8942 0.006553811898823946
8944 0.017941475411392023
8950 0.36062468686127436
8988 0.016229774556506694
9000 0.026291013601058327
9009 0.06592771991604215
9017 0.112127136227948
9027 0.02008030896303608
9083 0.05289863872163543
9117 0.019281820397048798
9126 0.021431388408478393
9146 0.05434994166557676
9151 0.016229774556506694
9165 0.024658855311328446
9169 0.020540350673212686
9183 0.024156750803410988
9193 0.026114674793154293
9224 0.11376668641234668
9236 0.0313242497671799
9273 0.04753637838662406
9284 0.028925162293203358
9338 0.015925523472625377
9383 0.03209268262991454
9415 0.033969560376014424
9445 0.004001353722165291
9488 0.03849174873094882
9503 0.022101118349096685
9549 0.38103248870560774
9582 0.04082521730395553
9613 0.17151145020592048
9614 0.19605500894247715
9618 0.014106673675548834
9650 0.021927131005883317
9656 0.02299194792668777
9671 0.013326744530167897
9675 0.019377747534048084
9729 0.02844167160308667
9804 0.01581319869619711
9817 0.02757049427498014
9851 0.036614870984848946
9891 0.03849174873094882
9898 0.007611237451333793
9920 0.021757663329434438
9947 0.03296385995802108
10132 0.02013666695639405
10141 0.014211062121958442
10189 0.03849174873094882
10239 0.02391948324815227
10266 0.037257724060966474
10318 0.0366093132059447
10378 0.03063686314808869
10392 0.014122249560809633
10426 0.01822724979763616
10559 0.04609661184009148
10561 0.021757663329434438
10576 0.016018162318278285
10628 0.03059232960511501
10669 0.033969560376014424
10686 0.021757663329434438
10749 0.022719253453883207
10766 0.027991552539254175
10801 0.02112065641021294
10844 0.0177576847023767
10845 0.02430517257231866
10881 0.042320021026646504
10899 0.021274172639317756
10934 0.017404942650948916
10951 0.010944097943993846
10958 0.033969560376014424
10968 0.026802061412245504
10979 0.027313109223432677
10988 0.03863526802970755
11021 0.015485283514085057
11036 0.010412531496259684
11045 0.025202848494212438
11087 0.04254834527863551
11103 0.021180371477215566
11132 0.022847547350455372
11153 0.020540350673212686
11276 0.037161035095828764
11300 0.03512275860471687
11304 0.024156750803410988
11305 0.03296385995802108
11315 0.021274172639317756
11319 0.012269904521912624
11332 0.006189947452298284
11419 0.02844167160308667
11463 0.028925162293203358
11510 0.02325543883182724
11552 0.030015046314224293
11563 0.03849174873094882
11569 0.027991552539254175
11588 0.023690542610059206
11634 0.008275281867658824
11643 0.021757663329434438
11657 0.030015046314224293
11659 0.1119662101570167
11711 0.0313242497671799
11736 0.018029307861669997
11754 0.042862776816956785
11764 0.03245954911301339
11770 0.04025786116937287
11818 0.09419668185308103
11875 0.08170286184793102
11877 0.020824053575485255
11886 0.022463663766326424
11893 0.01862591275037725
11900 0.03849174873094882
11957 0.03213640742169805
11960 0.015680048386686456
11986 0.0313242497671799
12004 0.011889328836888915
12021 0.009688873767024042
12029 0.014158659119633798
12051 0.01105975083386724
12098 0.01328096091270991
12105 0.051359891621002164
12204 0.03123759448877905
12265 0.016674022463698465
12275 0.012347351158760728
12286 0.03245954911301339
