139
105 0.0521701048528139
132 0.048092857776769755
234 0.07347938075595428
280 0.20156448169068694
344 0.035467903984360206
627 0.07676905979980335
736 0.06233550860319815
769 0.022585652072633456
958 0.042280774754250634
975 0.051075471499099245
1143 0.05505186984721345
1347 0.046143392146007045
1524 0.02309717068871169
1543 0.04172281691617209
1553 0.043293742540146556
1901 0.06162408700405805
2001 0.14935289636144922
2080 0.030277714212037104
2086 0.04597469030575854
2096 0.05239593417347208
2150 0.06629883723262886
2289 0.07901752397003657
2337 0.05637780378726341
2460 0.12845059515989268
2609 0.07749254168276637
2701 0.04344245862390535
2756 0.05505186984721345
2757 0.03760370778338186
3009 0.09303364040694881
3179 0.08153109306070766
3269 0.038413478108927396
3361 0.1339667550354148
3362 0.05583750476000355
3472 0.044513541482322096
3555 0.2518155444619567
3581 0.13006140305528813
3661 0.0377175249686736
3759 0.03493932059745983
3897 0.06233550860319815
3918 0.019360252208877854
4013 0.0685957478973496
4048 0.023386736483496946
4059 0.037265853682348374
4081 0.03003747897353826
4320 0.16650315693339762
4410 0.046657016296344896
4451 0.02421906872707892
4926 0.04374303643309143
5389 0.034346486041084756
5609 0.05044466680589741
5882 0.10088933361179482
5998 0.048092857776769755
6001 0.05505186984721345
6008 0.03286457624745789
6057 0.027559330092918208
6119 0.047908088902585924
6155 0.05332393566933246
6209 0.04078017344947546
6361 0.06958851627647794
6373 0.09461515430782451
6398 0.04683186061396783
6409 0.07299545205299611
6452 0.024647733646298874
6638 0.0396263426329569
6794 0.26897823218177086
6817 0.0396263426329569
6932 0.035549095556912755
7025 0.07007949494588282
7035 0.21140387377125316
7038 0.23953688716253754
7102 0.04665765008198593
7176 0.025467417067033007
7181 0.0671881605635623
7235 0.07172436450380844
7262 0.021437733618434655
7280 0.12590777223097835
7282 0.03257096469809237
7471 0.05693213811371821
7536 0.044357198866173425
7561 0.1880185389169093
7580 0.045150623766878714
7658 0.08438074266656816
7819 0.10246264810050744
7833 0.03239238062953267
8088 0.1111155458408881
8092 0.03454227339284668
8139 0.09461515430782451
8166 0.03503974747294141
8171 0.06678723841973269
8252 0.025596364115884177
8291 0.06383371463644529
8312 0.045807311630817645
8324 0.029235081034225913
8326 0.03415247859896808
8447 0.04547644187664954
8716 0.06270031529267614
8848 0.134560669971359
8884 0.10497621719117854
8942 0.021437733618434655
8996 0.06307146676342779
9017 0.05239593417347208
9139 0.06162408700405805
9206 0.10021418393027422
9230 0.09693453025694622
9273 0.062197220962074265
9388 0.06503070152764406
9445 0.06544279614151297
9537 0.08889022065259278
9563 0.07851038232441053
9568 0.040131470869692064
9637 0.16288239980171448
9675 0.03169262378698619
9987 0.046143392146007045
10280 0.06629883723262886
10298 0.0456412355268575
10318 0.026611169756496716
10364 0.044513541482322096
10476 0.10858826653447631
10597 0.03617680762324783
10619 0.05959983604658413
10760 0.04144921481399477
10914 0.048848358677977446
10987 0.06764711742776429
11036 0.01702986597390993
11067 0.026521491640740722
11217 0.02598794705938523
11494 0.06197683340971312
11624 0.052854891037674066
11629 0.0814143568570081
11861 0.05150661084253864
11875 0.03817896287358717
11893 0.004351855096011761
11918 0.2156517335940781
12006 0.04517130414526691
12028 0.2518155444619567
12030 0.04700750499361087
12223 0.07749254168276637
12225 0.0685957478973496
12304 0.1369237065805725
