429
25 0.022938630334251912
48 0.03280700111279995
68 0.014143438645925755
111 0.028821363720832757
133 0.021822790541721194
200 0.02117293928383427
210 0.010816135795039995
262 0.015040461715808466
322 0.10148619979625505
335 0.014465476223877902
344 0.010791432520304487
419 0.03499174681768413
444 0.02987221942713936
467 0.027045658472246343
493 0.011270838073397169
495 0.015873229112851016
505 0.036088639032190284
547 0.02302143154622254
619 0.038609985357146305
646 0.022356770205854172
692 0.03499174681768413
769 0.013743780313399637
826 0.035346369177245894
847 0.030491077339608534
913 0.017153459800767944
915 0.03193996929040312
922 0.027045658472246343
932 0.023144777602076953
937 0.030571026391013657
938 0.007332083872987821
952 0.006686601244436588
1023 0.015475568525636429
1055 0.02004084643266276
1064 0.036088639032190284
1101 0.030491077339608534
1104 0.030491077339608534
1106 0.01907714145671232
1181 0.024806576939513034
1284 0.03380791589566423
1308 0.01486255761359541
1347 0.014039546932944184
1443 0.03280700111279995
1521 0.022938630334251912
1524 0.014055048700204893
1538 0.02428685215165802
1543 0.012694546695131178
1553 0.01317251511054735
1586 0.03815428291342464
1612 0.05471447279452104
1618 0.09581990787120935
1626 0.03499174681768413
1638 0.04088521843325075
1664 0.01373748812009808
1742 0.01317251511054735
1763 0.024806576939513034
1797 0.023144777602076953
1838 0.02132940694024256
1929 0.01147590017475579
1958 0.027200688650851727
1971 0.03744389341062212
1974 0.022938630334251912
2002 0.01516183148385681
2009 0.07288127753695743
2040 0.026674523544774148
2080 0.009212270054986633
2098 0.027858354466794053
2100 0.016989068905381734
2121 0.027439299812327515
2122 0.025371549949063762
2126 0.021489738383457337
2150 0.020172024500969988
2154 0.03044675570992818
2203 0.057575043259467246
2207 0.03280700111279995
2243 0.01522337785496409
2261 0.06261264141296449
2278 0.058259377699140316
2294 0.025990407861532935
2338 0.057575043259467246
2356 0.02005980373330976
2362 0.016989068905381734
2373 0.006346909930648797
2382 0.011270838073397169
2568 0.02632346001979679
2596 0.015348248886799996
2598 0.02632346001979679
2616 0.02987221942713936
2630 0.01622802871279554
2634 0.062350386045699493
2644 0.012288596169303504
2656 0.021383724537642427
2666 0.01675003233443838
2701 0.15861315998691689
2704 0.014302461129648811
2730 0.04908303182147672
2739 0.02217385406669855
2757 0.38900318885612206
2781 0.011723623159752772
2885 0.02217385406669855
3049 0.04364558108344239
3097 0.020442609216625374
3152 0.01468939819083111
3224 0.07288127753695743
3261 0.027439299812327515
3271 0.03280700111279995
3280 0.02254498899417074
3281 0.02930724641758863
3283 0.02454151591073836
3306 0.02930724641758863
3332 0.023091438115079434
3361 0.07336908760155068
3378 0.022938630334251912
3401 0.031175193022849747
3442 0.017849412009834656
3452 0.023577810934787922
3532 0.036440638768478716
3561 0.018540216411019786
3591 0.008110631287880797
3615 0.036440638768478716
3661 0.02295180034951158
3686 0.021822790541721194
3695 0.05134721752381973
3749 0.036088639032190284
3756 0.036440638768478716
3765 0.011687650250363711
3797 0.020172024500969988
3810 0.02632346001979679
3814 0.013448858667854476
3825 0.031175193022849747
3826 0.03647631519634736
3827 0.02165412927884354
3830 0.01690840832106958
3876 0.0172372428153094
3882 0.018644108124001354
3887 0.022144108758856914
3889 0.02132940694024256
3918 0.01178106579854891
3933 0.010217269829200938
3970 0.036440638768478716
3993 0.04234587856766854
4045 0.03830858537373983
4081 0.02741752889310329
4095 0.027439299812327515
4099 0.04061181492287486
4105 0.027057458001040743
4127 0.0476113243132975
4128 0.036440638768478716
4164 0.06998349363536827
4226 0.01637021099291256
4229 0.02830633163472435
4244 0.05275086977350757
4297 0.01522337785496409
4315 0.036440638768478716
4339 0.02904147385590692
4381 0.01217160032768307
4410 0.007097910877152094
4440 0.01823815759817368
4448 0.0517117284459282
4453 0.05146037940230383
4470 0.02930724641758863
4471 0.03830858537373983
4552 0.011304568505286234
4559 0.03830858537373983
4624 0.004862605214646602
4655 0.014196014589352476
4676 0.012288596169303504
4686 0.03499174681768413
4740 0.03499174681768413
4772 0.03254273822617319
4787 0.03516724651567171
4803 0.0366745814455757
4805 0.022938630334251912
4816 0.031175193022849747
4820 0.049471124872829064
4827 0.008131342927568803
4861 0.01937097470777837
4883 0.018966145701953502
4926 0.013309216865735295
4972 0.010303653722421953
4998 0.031175193022849747
5001 0.026083290985237793
5005 0.06848068535744714
5029 0.03499174681768413
5035 0.0172372428153094
5069 0.017495280486409893
5159 0.025673608761909866
5181 0.013448858667854476
5184 0.021995949964485492
5229 0.03380791589566423
5241 0.11678842494359228
5247 0.03147590287567825
5361 0.02987221942713936
5380 0.01516183148385681
5401 0.014356346032567255
5423 0.02254498899417074
5465 0.05016584099364031
5472 0.017583623257835856
5500 0.022738827076249277
5556 0.019304992678573153
5571 0.020870880470988163
5579 0.02632346001979679
5608 0.036440638768478716
5609 0.015348248886799996
5615 0.03830858537373983
5622 0.027183139530027777
5626 0.02830633163472435
5632 0.02830633163472435
5641 0.021020153563184797
5667 0.018540216411019786
5765 0.03380791589566423
5769 0.018540216411019786
5828 0.03830858537373983
5943 0.022938630334251912
5977 0.02117293928383427
6008 0.0049996731839472555
6010 0.024976798854612278
6030 0.03380791589566423
6041 0.035346369177245894
6052 0.055716708933588106
6057 0.01677035390270968
6068 0.011203898371897765
6074 0.02828687729185151
6079 0.0096166399835483
6114 0.015873229112851016
6130 0.036440638768478716
6134 0.03499174681768413
6147 0.024041800671959667
6180 0.012570074636753059
6251 0.03985922698320921
6258 0.010391202377350054
6277 0.01707074411482866
6280 0.03872236224531804
6289 0.0366745814455757
6291 0.036440638768478716
6303 0.01966250096193241
6355 0.06387993858080623
6360 0.008493941530258694
6409 0.011104765247283597
6437 0.01637021099291256
6452 0.014998594477968603
6491 0.02428685215165802
6507 0.016595427565300566
6535 0.03193996929040312
6562 0.026674523544774148
6571 0.03193996929040312
6598 0.03280700111279995
6646 0.018140515253852293
6651 0.03280700111279995
6719 0.02072496211590397
6723 0.026674523544774148
6777 0.03830858537373983
6791 0.022609137010572468
6823 0.05861449283517726
6825 0.02165412927884354
6872 0.05442154576155688
6934 0.014632689589874385
7031 0.03499174681768413
7121 0.03397813781076347
7220 0.010722708376888492
7230 0.01675003233443838
7237 0.03193996929040312
7254 0.01690840832106958
7262 0.02609050208702641
7274 0.036440638768478716
7312 0.022209530494567194
7362 0.03380791589566423
7374 0.036281030507704586
7379 0.017153459800767944
7383 0.036440638768478716
7474 0.030491077339608534
7483 0.0071512060617524645
7484 0.005142099689774557
7505 0.057575043259467246
7513 0.03499174681768413
7536 0.0269921627488962
7537 0.026890546876695242
7542 0.01488615925549328
7552 0.06280230329273467
7580 0.01373748812009808
7631 0.020582251018744557
7660 0.0119065392989084
7726 0.024041800671959667
7731 0.031175193022849747
7739 0.0172372428153094
7835 0.056522842526431166
7878 0.019421988520193584
7947 0.048083601343919334
7952 0.005314551534100115
7956 0.015737951437839126
8045 0.018749689206977286
8048 0.03499174681768413
8049 0.030491077339608534
8124 0.018044319516095142
8136 0.03499174681768413
8171 0.020320625006254756
8178 0.036875921712352634
8247 0.04330825855768708
8291 0.019421988520193584
8317 0.03830858537373983
8324 0.017790078846813114
8350 0.055716708933588106
8412 0.015348248886799996
8473 0.012288596169303504
8556 0.01060019354340438
8582 0.03932500192386482
8586 0.1387043697895259
8651 0.02165412927884354
8719 0.017495280486409893
8774 0.016672269805758668
8811 0.018966145701953502
8830 0.028787521629733623
8923 0.15042816868420136
8942 0.006522625521756602
8944 0.017856100727778573
8950 0.3589086508141814
8988 0.016152545017903665
9000 0.026165907559520515
9009 0.0656140022255999
9017 0.11159357816984843
9027 0.019984756619359206
9083 0.05264692003959358
9117 0.01919006766890671
9126 0.02132940694024256
9146 0.054091316944492686
9151 0.016152545017903665
9165 0.02454151591073836
9169 0.020442609216625374
9183 0.024041800671959667
9193 0.025990407861532935
9224 0.1132253265388974
9236 0.031175193022849747
9273 0.037848140857641925
9284 0.028787521629733623
9338 0.015849741715736495
9383 0.03193996929040312
9415 0.03380791589566423
9445 0.003982313241924828
9488 0.03830858537373983
9503 0.021995949964485492
9549 0.3964565847521162
9582 0.04063095011405863
9613 0.15172916561562802
9614 0.1672474965372086
9618 0.014039546932944184
9650 0.021822790541721194
9656 0.022882540520948357
9671 0.013263329087916255
9675 0.009642769167850156
9729 0.02830633163472435
9804 0.015737951437839126
9851 0.036440638768478716
9891 0.03830858537373983
9898 0.0075750193045864035
10132 0.02004084643266276
10141 0.014143438645925755
10239 0.02380566215664875
10266 0.03708043282203957
10318 0.03238676216561684
10378 0.030491077339608534
10392 0.014055048700204893
10426 0.018140515253852293
10559 0.045877260668503825
10561 0.02165412927884354
10576 0.015941939738549776
10628 0.03044675570992818
10669 0.03380791589566423
10686 0.02165412927884354
10749 0.02261114366742008
10766 0.027858354466794053
10801 0.021020153563184797
10844 0.017673184588622947
10845 0.02418951617444993
10881 0.042118640798832555
10899 0.02117293928383427
10934 0.01732212106364559
10951 0.01089202034847961
10958 0.03380791589566423
10968 0.026674523544774148
10979 0.027183139530027777
10988 0.030761137387626074
11021 0.015411596643280656
11036 0.0103629833648087
11045 0.025082920496820156
11087 0.04234587856766854
11103 0.010539792237732866
11132 0.022738827076249277
11153 0.020442609216625374
11276 0.03698420395227408
11300 0.023303751079656126
11304 0.024041800671959667
11305 0.03280700111279995
11315 0.02117293928383427
11319 0.016282024084030733
11332 0.006160492527705611
11419 0.02830633163472435
11463 0.028787521629733623
11510 0.023144777602076953
11552 0.02987221942713936
11563 0.03830858537373983
11569 0.027858354466794053
11634 0.008235903859158202
11643 0.02165412927884354
11657 0.02987221942713936
11659 0.11143341786717621
11711 0.031175193022849747
11736 0.01794351522649562
11754 0.04265881388048512
11764 0.03230509003580733
11770 0.040066293749108924
11818 0.09374844603488643
11875 0.09293037484869764
11877 0.04144992423180794
11886 0.022356770205854172
11893 0.017213189653299345
11900 0.03830858537373983
11957 0.031983486017343625
11960 0.015605434725359196
11986 0.031175193022849747
12004 0.011832753351063421
12021 0.009642769167850156
12029 0.014091285003792583
12051 0.011007122902962211
12087 0.02072496211590397
12098 0.013217763332243075
12105 0.0511154950818647
12204 0.03627044177683045
12265 0.01659467896714868
12275 0.012288596169303504
12286 0.03230509003580733
