424
25 0.022855546975680114
48 0.03268817467035756
68 0.014092211333425624
111 0.028716973194386607
133 0.021743748737341625
200 0.02109625123049784
210 0.010776959921174556
322 0.10111861837552955
335 0.014413082496331506
344 0.010752346121311908
419 0.03486500726063368
444 0.02976402271784
467 0.026947699522303945
493 0.011230015275025528
495 0.015815736526464716
505 0.035957926548777414
547 0.02293804828296227
619 0.03847014059696941
646 0.022275794335523035
692 0.03486500726063368
769 0.013694000557098965
826 0.03521834518358227
847 0.030380639136676057
913 0.017091330238949855
915 0.03182428322359535
922 0.026947699522303945
932 0.023060947581340856
937 0.030460298613873452
938 0.0073055271804294015
952 0.006662382479814506
1023 0.015419516259647468
1055 0.019968258801841533
1064 0.035957926548777414
1101 0.030380639136676057
1104 0.030380639136676057
1106 0.019008044350168594
1181 0.024716727907693248
1284 0.03368546415560848
1308 0.014808725663495908
1347 0.013988695914595731
1443 0.03268817467035756
1521 0.022855546975680114
1524 0.014004141534699045
1538 0.024198885554851956
1543 0.012648567246506332
1553 0.013124804467833522
1586 0.03801608870033719
1612 0.05451629783394083
1618 0.09547284967078605
1626 0.03486500726063368
1638 0.04073713281462932
1664 0.01368773115402266
1742 0.013124804467833522
1763 0.024716727907693248
1797 0.023060947581340856
1838 0.021252152163513633
1929 0.011434334644675742
1958 0.027102168184038846
1971 0.037308272217149475
1974 0.022855546975680114
2002 0.015106915568502547
2009 0.07261730269510594
2040 0.026577908839706375
2080 0.009178903357625638
2098 0.02775745194473157
2100 0.016927534764803204
2121 0.02733991509963773
2122 0.025279654593882386
2126 0.021411902888760822
2150 0.020098961745246918
2154 0.030336478039241856
2203 0.057366507357619154
2207 0.03268817467035756
2243 0.015168239019620928
2261 0.0623858594097743
2278 0.05804836314870659
2294 0.02589627101271844
2338 0.057366507357619154
2356 0.013324764959629013
2362 0.016927534764803204
2373 0.006323921522626736
2382 0.011230015275025528
2568 0.026228116861299243
2596 0.015292657770541972
2598 0.026228116861299243
2616 0.02976402271784
2630 0.0161692510478342
2634 0.062124553927327984
2644 0.01224408706710337
2656 0.02130627302342936
2666 0.016689363980563154
2701 0.1580386656141765
2704 0.0142506578402118
2730 0.048905253851598295
2739 0.022093540715748757
2757 0.3875942254195804
2781 0.01168116038091423
2885 0.022093540715748757
3049 0.04348749747468325
3097 0.02036856640731466
3152 0.014636193421439521
3224 0.07261730269510594
3261 0.02733991509963773
3271 0.03268817467035756
3280 0.022463331398346328
3281 0.029201096031650862
3283 0.024452626925799147
3306 0.029201096031650862
3332 0.02300780128912697
3361 0.0812259399103462
3401 0.031062276963663992
3442 0.017784761720052774
3452 0.02349241247412621
3532 0.03630865134755297
3561 0.01847306403855335
3591 0.008081254708821128
3615 0.03630865134755297
3661 0.022868669289351485
3686 0.021743748737341625
3695 0.05116123870891091
3749 0.035957926548777414
3756 0.03630865134755297
3765 0.011645317764837635
3797 0.020098961745246918
3810 0.026228116861299243
3814 0.013400147113119041
3825 0.031062276963663992
3826 0.03634419855596055
3827 0.021575698362907472
3830 0.01684716633185978
3876 0.01717480979272936
3882 0.01857657945738324
3887 0.022063903144944653
3889 0.021252152163513633
3918 0.011738394963375405
3933 0.010180263038452111
3970 0.03630865134755297
3993 0.04219250246099568
4045 0.0381698322795661
4081 0.02731822303434079
4095 0.02733991509963773
4099 0.040464719567471254
4105 0.02695945631339049
4127 0.04743887684488465
4128 0.03630865134755297
4164 0.06973001452126736
4226 0.016310918345967148
4229 0.02820380654639994
4244 0.05255980695220989
4297 0.015168239019620928
4315 0.03630865134755297
4339 0.028936286094010735
4381 0.012127514982582601
4410 0.0070722023555043765
4448 0.05152442937818808
4453 0.05127399071684957
4470 0.029201096031650862
4471 0.0381698322795661
4552 0.011263623535820392
4559 0.0381698322795661
4624 0.004844992934978868
4655 0.014144596847611527
4676 0.01224408706710337
4686 0.03486500726063368
4740 0.03486500726063368
4772 0.03242486893975306
4787 0.03503987130147326
4803 0.03654174668795011
4805 0.022855546975680114
4816 0.031062276963663992
4820 0.049291941236017836
4827 0.008101891331275684
4861 0.019300813341817106
4883 0.018897450620289122
4926 0.013261011091412554
4972 0.010266334050569472
4998 0.031062276963663992
5001 0.02598881771520897
5005 0.06823264939131102
5029 0.03486500726063368
5035 0.01717480979272936
5069 0.017431912855440393
5159 0.025580619354455453
5181 0.013400147113119041
5184 0.02191628097939801
5229 0.03368546415560848
5241 0.11636541910386977
5247 0.03136189765013145
5361 0.02976402271784
5380 0.015106915568502547
5401 0.014304347572858717
5423 0.022463331398346328
5465 0.04998414110595752
5472 0.01751993565073663
5500 0.022656467401937896
5556 0.019235070298484706
5571 0.020795286469924765
5579 0.026228116861299243
5608 0.03630865134755297
5609 0.015292657770541972
5615 0.0381698322795661
5622 0.02708468262585472
5626 0.02820380654639994
5632 0.02820380654639994
5641 0.020944018897327412
5667 0.01847306403855335
5765 0.03368546415560848
5769 0.01847306403855335
5828 0.0381698322795661
5943 0.022855546975680114
5977 0.02109625123049784
6008 0.004981564446248848
6010 0.024886333281691174
6030 0.03368546415560848
6041 0.03521834518358227
6052 0.05551490388946314
6057 0.016709611944433544
6068 0.011163318028072945
6074 0.02818442266685125
6079 0.009581808664661049
6114 0.015815736526464716
6130 0.03630865134755297
6134 0.03486500726063368
6147 0.023954721647761888
6180 0.012524546023967482
6251 0.039714857489495554
6258 0.01035356560564532
6277 0.0170089141479251
6280 0.025721406971878857
6289 0.03654174668795011
6291 0.03630865134755297
6303 0.019591283692460167
6355 0.0636485664471907
6360 0.008463176607525158
6409 0.011064543962078174
6437 0.016310918345967148
6452 0.014944269804484269
6491 0.024198885554851956
6507 0.016535319187469418
6535 0.03182428322359535
6571 0.03182428322359535
6598 0.03268817467035756
6646 0.018074810592695497
6651 0.03268817467035756
6719 0.020649896628829465
6723 0.026577908839706375
6777 0.0381698322795661
6791 0.022527247071640784
6823 0.058402192063301724
6825 0.021575698362907472
6872 0.054224431778086495
6934 0.01457969021814424
7031 0.03486500726063368
7121 0.03385506952960641
7220 0.01068387089566331
7230 0.016689363980563154
7237 0.03182428322359535
7254 0.01684716633185978
7262 0.025996002698500234
7274 0.03630865134755297
7312 0.022129087924156347
7362 0.03368546415560848
7374 0.036149621185390994
7379 0.017091330238949855
7383 0.03630865134755297
7474 0.030380639136676057
7483 0.0071253045057837
7484 0.005123475085510388
7505 0.057366507357619154
7513 0.03486500726063368
7536 0.02689439755962305
7537 0.030620742558301977
7542 0.014832241820617743
7552 0.06257483433719666
7580 0.01368773115402266
7631 0.020507702429021148
7660 0.01186341400068851
7726 0.023954721647761888
7731 0.031062276963663992
7739 0.01717480979272936
7835 0.056318117679101956
7878 0.019351642383005473
7947 0.047909443295523775
7952 0.005295302311966017
7956 0.015680948825065724
8045 0.018681778127335923
8048 0.03486500726063368
8049 0.030380639136676057
8124 0.017978963274388707
8136 0.03486500726063368
8171 0.02024702402183692
8178 0.03674235770344499
8247 0.043151396725814944
8291 0.019351642383005473
8317 0.0381698322795661
8324 0.017725643460815226
8350 0.05551490388946314
8412 0.015292657770541972
8473 0.01224408706710337
8556 0.01056179980898066
8582 0.03918256738492033
8586 0.138201984741998
8651 0.021575698362907472
8719 0.017431912855440393
8774 0.016611883106540222
8811 0.018897450620289122
8830 0.028683253678809577
8923 0.14988332022132575
8942 0.0064990006746250585
8944 0.017791426211565414
8950 0.35760868932146794
8988 0.016094040753698937
9000 0.026071135053558025
9009 0.06537634934071512
9017 0.11118938798349927
9027 0.009956186072480132
9083 0.052456233722598486
9126 0.021252152163513633
9146 0.05389539904460789
9151 0.016094040753698937
9165 0.024452626925799147
9169 0.02036856640731466
9183 0.023954721647761888
9193 0.02589627101271844
9224 0.11281522618559976
9236 0.031062276963663992
9273 0.02828329161470194
9284 0.028683253678809577
9338 0.01579233420033342
9383 0.03182428322359535
9415 0.03368546415560848
9445 0.003967889365947803
9488 0.0381698322795661
9503 0.02191628097939801
9549 0.41219543502550465
9582 0.040483785451293275
9613 0.15117960496231297
9614 0.15275491800541366
9618 0.013988695914595731
9650 0.021743748737341625
9656 0.022799660318798844
9671 0.013215289518403612
9675 0.009607843209468007
9729 0.02820380654639994
9804 0.015680948825065724
9851 0.03630865134755297
9891 0.0381698322795661
9898 0.007547582703712658
10132 0.019968258801841533
10141 0.014092211333425624
10239 0.023719438422442327
10266 0.0369461280771067
10318 0.03226945782203676
10378 0.030380639136676057
10392 0.014004141534699045
10426 0.018074810592695497
10559 0.04571109395136023
10561 0.021575698362907472
10576 0.015884198283357038
10628 0.030336478039241856
10669 0.03368546415560848
10686 0.021575698362907472
10749 0.02252924646040883
10766 0.02775745194473157
10801 0.020944018897327412
10844 0.017609172591791136
10845 0.0241019021270236
10881 0.0419660877437872
10899 0.02109625123049784
10934 0.017259380613384008
10951 0.010852569621954198
10958 0.03368546415560848
10968 0.026577908839706375
10979 0.02708468262585472
10988 0.030649721031443884
11021 0.015355776082444218
11036 0.010325448801923905
11045 0.02499207055297876
11087 0.04219250246099568
11103 0.010501617275889033
11132 0.022656467401937896
11153 0.02036856640731466
11276 0.03685024774679519
11300 0.023219345259482636
11304 0.023954721647761888
11305 0.03268817467035756
11315 0.02109625123049784
11319 0.01622305084868336
11332 0.006138179320587312
11419 0.02820380654639994
11463 0.028683253678809577
11510 0.023060947581340856
11552 0.02976402271784
11563 0.0381698322795661
11569 0.02775745194473157
11634 0.008206073544814126
11643 0.021575698362907472
11657 0.02976402271784
11659 0.11102980777892628
11711 0.031062276963663992
11736 0.0178785240963419
11754 0.042504304327027266
11764 0.032188081507397874
11770 0.03992117426282339
11818 0.09340889063667962
11875 0.09259378249147057
11877 0.04129979325765893
11886 0.022275794335523035
11893 0.01847013942403979
11900 0.0381698322795661
11957 0.03186764233363479
11960 0.015548912086035791
11986 0.031062276963663992
12004 0.011789895304387019
12021 0.009607843209468007
12029 0.014040246590964622
12051 0.010967255276793392
12087 0.020649896628829465
12098 0.013169888801181376
12105 0.05093035556199894
12204 0.04130179520769562
12265 0.016534573300728276
12275 0.01224408706710337
12286 0.032188081507397874
