473
25 0.023246566629373876
68 0.014333305173850392
76 0.01330380931000877
103 0.014549070704630889
116 0.017730143325934363
200 0.04291434463429072
216 0.02823233488051951
257 0.04149091886389204
262 0.015242370199017858
322 0.05142429323696
344 0.027340751328018602
435 0.008261557801126277
484 0.02633931229867531
496 0.011320644782598891
505 0.0548596585498308
562 0.03324741391118978
619 0.05869244920590346
646 0.022656895404602587
647 0.04149091886389204
732 0.03426176532847716
744 0.012374281445666496
769 0.006964140843183896
801 0.03426176532847716
811 0.026018260375774895
846 0.018190488966864173
887 0.011594861923278852
913 0.01738373391838536
926 0.028686325852560233
937 0.015490711336541159
938 0.007430512362852797
942 0.029658247991383727
952 0.006776364546960153
958 0.013037005502458489
1014 0.04149091886389204
1019 0.04149091886389204
1020 0.024364546316276943
1055 0.04061976370143533
1064 0.0731462113997744
1076 0.04149091886389204
1100 0.02633931229867531
1106 0.019333239757966414
1181 0.025139589211218078
1227 0.028686325852560233
1252 0.03159369985169182
1308 0.015062077849149026
1320 0.03426176532847716
1386 0.0369298308052625
1401 0.03159369985169182
1465 0.01581492760627978
1480 0.03546148841593439
1486 0.03426176532847716
1521 0.04649313325874775
1543 0.02572992556904457
1553 0.10679478093738926
1554 0.02823233488051951
1586 0.03866647951593283
1612 0.018482993083065117
1618 0.06473748549326593
1620 0.04149091886389204
1638 0.020717038040537934
1722 0.038822853387106705
1726 0.07873086468208941
1727 0.038822853387106705
1730 0.027807654688003416
1763 0.025139589211218078
1787 0.045695281817146285
1793 0.027408728967202683
1797 0.02345548129110947
1814 0.022574314773087075
1958 0.09188613441938245
1995 0.020442820899857973
2078 0.02633931229867531
2098 0.02823233488051951
2100 0.12051995326991358
2102 0.0219448219770149
2157 0.027807654688003416
2194 0.030006123353343222
2196 0.02145717231714536
2200 0.0369298308052625
2203 0.02917397551242978
2207 0.03324741391118978
2215 0.03426176532847716
2224 0.05335367093406033
2234 0.03324741391118978
2258 0.024870969909347205
2261 0.06345317567955137
2278 0.02361658888493687
2326 0.02823233488051951
2338 0.11669590204971912
2348 0.038822853387106705
2367 0.03546148841593439
2373 0.00643211309670699
2394 0.07764570677421341
2413 0.02917397551242978
2419 0.016818210460615497
2568 0.05335367093406033
2598 0.026676835467030164
2616 0.030273234677109538
2622 0.019682716170522353
2634 0.03159369985169182
2656 0.010835393613415003
2701 0.04018560980105322
2730 0.04974193981869441
2757 0.2203023765422982
2781 0.01188100522784555
2822 0.02954430339867375
2862 0.04149091886389204
2880 0.04149091886389204
2881 0.038822853387106705
2885 0.022471523734432737
2895 0.011456325035329454
2900 0.015303582353202033
2951 0.024870969909347205
3061 0.038822853387106705
3097 0.020717038040537934
3106 0.04149091886389204
3117 0.030273234677109538
3120 0.019682716170522353
3132 0.02085855444364951
3168 0.02917397551242978
3181 0.025419642502279047
3239 0.017900344339120154
3270 0.011594861923278852
3280 0.022847640908573143
3283 0.07461290972804162
3301 0.017819672042002067
3306 0.029700677269847618
3308 0.020442820899857973
3323 0.021778224240045767
3324 0.03426176532847716
3330 0.01755465934977108
3332 0.03510213863393015
3342 0.014944570099333254
3344 0.02571214661848
3347 0.01911015876326043
3361 0.07435402021013648
3420 0.020717038040537934
3442 0.009044514418155642
3477 0.073859661610525
3591 0.03287804509556465
3597 0.0151817222201779
3599 0.01629746638501997
3637 0.02633931229867531
3643 0.03600493754431472
3654 0.024870969909347205
3661 0.023259913443581283
3666 0.04149091886389204
3667 0.026018260375774895
3686 0.022115747408400624
3729 0.050839285004558095
3791 0.01755465934977108
3819 0.014659665898267676
3824 0.11646856016132011
3826 0.018482993083065117
3867 0.020442820899857973
3878 0.016226327755694592
3889 0.02161574045077128
3918 0.023878437993925368
3933 0.01035443007685389
3993 0.02145717231714536
4081 0.04630931918041907
4095 0.027807654688003416
4097 0.03889536386323057
4105 0.027420686897049292
4127 0.07237571338179209
4176 0.04149091886389204
4198 0.016974890698912663
4230 0.020051799395170697
4244 0.017819672042002067
4339 0.02943133688320004
4381 0.024669992399772547
4423 0.07764570677421341
4431 0.010993201155336531
4434 0.2571214661848
4440 0.036965986166130234
4446 0.02764590378942671
4448 0.052405924997333216
4453 0.052151201755156085
4455 0.02823233488051951
4470 0.059401354539695236
4552 0.011456325035329454
4655 0.04315976074606919
4755 0.025139589211218078
4766 0.03090040035730485
4787 0.017819672042002067
4795 0.021302335546887485
4816 0.03159369985169182
4820 0.02506762138428701
4842 0.04149091886389204
4861 0.049077543826569064
4883 0.019220753956897218
4888 0.04149091886389204
4903 0.03236874274663296
4905 0.04825895088132892
4926 0.040463653515369166
4972 0.010441973618042073
4995 0.018190488966864173
5032 0.07764570677421341
5069 0.035460286651868726
5078 0.03546148841593439
5104 0.03546148841593439
5138 0.024125237793930696
5155 0.02304408114169466
5159 0.026018260375774895
5224 0.008674999290443686
5241 0.047342493643779945
5251 0.03546148841593439
5354 0.017641816373932327
5361 0.030273234677109538
5380 0.01536536927780394
5401 0.04364721211389267
5423 0.022847640908573143
5433 0.013677257549160956
5465 0.050839285004558095
5473 0.03784514847284175
5506 0.0369298308052625
5525 0.019564149735301153
5539 0.02571214661848
5556 0.019564149735301153
5562 0.0369298308052625
5564 0.04149091886389204
5579 0.026676835467030164
5622 0.05509611123875901
5626 0.028686325852560233
5632 0.057372651705120466
5641 0.021302335546887485
5673 0.029700677269847618
5744 0.03546148841593439
5752 0.013971945258918771
5761 0.02571214661848
5764 0.0369298308052625
5850 0.04149091886389204
5924 0.038822853387106705
5943 0.023246566629373876
5977 0.02145717231714536
6008 0.010133581133846202
6010 0.025312096245573373
6030 0.03426176532847716
6034 0.01387224245569836
6052 0.16939400928311707
6057 0.025493227606667054
6079 0.019491474326995564
6147 0.048729092632553886
6174 0.03324741391118978
6180 0.01273881976916266
6251 0.020197155679276272
6253 0.03426176532847716
6258 0.010530697557110884
6277 0.017299907827792203
6280 0.026161456630605567
6281 0.013921905024435579
6282 0.03426176532847716
6295 0.019447681931615286
6316 0.038822853387106705
6341 0.03236874274663296
6355 0.03236874274663296
6398 0.014440303614665603
6401 0.027408728967202683
6409 0.06752303728590144
6410 0.04546098831967582
6437 0.016589970501220914
6450 0.03090040035730485
6452 0.007599970460276983
6507 0.016818210460615497
6549 0.03546148841593439
6560 0.018095807345973047
6562 0.02703261179306228
6598 0.03324741391118978
6616 0.01581492760627978
6646 0.018384039953342896
6712 0.022847640908573143
6719 0.02100318134510463
6757 0.02571214661848
6789 0.03426176532847716
6791 0.10310692531796509
6804 0.022115747408400624
6823 0.059401354539695236
6867 0.02581510721429639
6872 0.018384039953342896
6905 0.023894327816595957
6934 0.059316495982767455
7025 0.010804281219174398
7035 0.06518502751229245
7042 0.009666930723100934
7123 0.04149091886389204
7150 0.012574304722232518
7164 0.03159369985169182
7176 0.015705429163307163
7208 0.029658247991383727
7220 0.010866653810558168
7235 0.022115747408400624
7237 0.06473748549326593
7256 0.01900139167329514
7258 0.03324741391118978
7262 0.02644075022449057
7272 0.007467794383961835
7282 0.010043047897241338
7328 0.020717038040537934
7379 0.01738373391838536
7405 0.022115747408400624
7470 0.04500918503001483
7482 0.014124390512114794
7483 0.028988825535355582
7493 0.03159369985169182
7507 0.009563302453485254
7521 0.038822853387106705
7537 0.0038930764426678595
7547 0.020309881850717665
7552 0.01818439532787033
7558 0.017641816373932327
7598 0.04149091886389204
7625 0.019926457336433483
7651 0.027807654688003416
7664 0.038822853387106705
7835 0.03436897510598836
7843 0.03090040035730485
7889 0.024870969909347205
7911 0.015003061676671611
7947 0.024364546316276943
7956 0.031898446540052236
7968 0.019564149735301153
7971 0.021302335546887485
7986 0.015003061676671611
8100 0.014280451402760016
8155 0.03426176532847716
8164 0.04149091886389204
8171 0.010296708135469148
8201 0.01615594998190839
8222 0.015003061676671611
8224 0.010098577839638136
8291 0.019682716170522353
8324 0.02253612395487774
8326 0.05265348778555441
8341 0.04691096258221894
8380 0.01581492760627978
8397 0.02345548129110947
8464 0.0369298308052625
8475 0.024364546316276943
8582 0.019926457336433483
8586 0.12494789898526606
8625 0.03273876500219596
8718 0.03159369985169182
8774 0.05068825277554745
8812 0.03159369985169182
8819 0.020578501152588538
8853 0.030273234677109538
8890 0.007912445029206131
8893 0.0219448219770149
8923 0.10889112120022884
8936 0.042302117119700916
8942 0.013220375112245285
8950 0.24733420197872513
9000 0.013258583983372527
9008 0.027408728967202683
9017 0.03231189996381678
9038 0.03546148841593439
9065 0.0369298308052625
9077 0.04088564179971595
9083 0.05335367093406033
9146 0.10963491586881073
9151 0.01636938250109798
9165 0.024870969909347205
9169 0.020717038040537934
9194 0.02917397551242978
9224 0.11474530341024093
9228 0.027807654688003416
9236 0.03159369985169182
9273 0.009589056925200614
9278 0.023246566629373876
9314 0.07764570677421341
9338 0.024093771390290675
9415 0.03426176532847716
9470 0.01615594998190839
9549 0.17468641665777737
9563 0.02420817244510307
9578 0.011525228901813437
9613 0.2114282935258694
9614 0.32486098177864026
9615 0.06852353065695432
9656 0.034784585769836555
9658 0.011089734805264153
9664 0.010098577839638136
9671 0.01344138071352782
9673 0.02345548129110947
9720 0.0219448219770149
9804 0.015949223270026118
9849 0.012780599332520702
9898 0.007676709045697432
9906 0.020051799395170697
9923 0.024591888204675963
9925 0.022847640908573143
10053 0.029700677269847618
10071 0.029700677269847618
10110 0.014772151699336876
10141 0.014333305173850392
10183 0.018894393232479934
10191 0.05834304579484586
10192 0.035460286651868726
10231 0.03324741391118978
10318 0.012308075072847141
10324 0.03546148841593439
10392 0.007121864325101678
10426 0.018384039953342896
10465 0.023671246821889973
10476 0.016741247488257945
10490 0.016017413093958995
10501 0.017910435675803197
10513 0.02917397551242978
10619 0.03675445376775298
10625 0.04149091886389204
10628 0.015427741869187708
10636 0.03546148841593439
10667 0.04605200692252158
10679 0.026018260375774895
10680 0.038822853387106705
10686 0.0219448219770149
10845 0.012257122401985954
10872 0.030273234677109538
10881 0.1280521690355743
10909 0.015881732841228433
10925 0.01471566844160002
10951 0.007358825790667676
10968 0.05406522358612456
10979 0.013774027809689752
10988 0.007793521446755707
11021 0.015618487373158258
11036 0.010502099722554118
11071 0.015683318036712277
11080 0.018089028836311284
11087 0.02145717231714536
11101 0.030981422673082317
11110 0.024612887453800237
11125 0.017641816373932327
11215 0.027408728967202683
11216 0.03324741391118978
11217 0.008013216663602975
11219 0.01705465239214174
11276 0.012493564333512197
11315 0.02145717231714536
11319 0.012375449805038494
11371 0.04149091886389204
11403 0.03236874274663296
11414 0.038822853387106705
11415 0.038822853387106705
11494 0.01911015876326043
11535 0.038822853387106705
11575 0.04149091886389204
11615 0.04149091886389204
11634 0.02503939664555597
11645 0.03426176532847716
11656 0.0219448219770149
11659 0.05646466976103902
11738 0.038822853387106705
11754 0.02161574045077128
11764 0.03273876500219596
11770 0.09474303501140453
11818 0.03800278334659028
11875 0.058861190689401315
11876 0.07433382802337038
11892 0.034599815655584405
11893 0.010734932680372148
11977 0.016864966465023997
12020 0.038822853387106705
12087 0.02100318134510463
12098 0.013395203267017741
12105 0.025900843792745844
12120 0.02823233488051951
12157 0.01536536927780394
12204 0.04200839889021647
12236 0.038822853387106705
12265 0.03363490362603395
12286 0.01636938250109798
12326 0.038822853387106705
