491
25 0.02286314388828227
68 0.014096895417249348
76 0.01308437978676218
103 0.01430910216825114
200 0.04220652674814153
202 0.028213181157018933
210 0.010780542054768872
216 0.02776667819237758
257 0.040806578587117524
262 0.014990966563564192
322 0.050576114502182905
344 0.026889800183928073
435 0.008125293844891468
481 0.02869278765196608
484 0.025904878625908127
505 0.053954817805307816
562 0.03269903983172775
619 0.03848292761520261
637 0.02695665661785357
646 0.022283198545227163
647 0.040806578587117524
732 0.03369666080416935
801 0.03369666080416935
846 0.017890459837717046
887 0.011403619327669713
913 0.017097011194309095
926 0.028213181157018933
937 0.015235211627839642
942 0.014584536334164634
958 0.012821976570871543
1014 0.040806578587117524
1019 0.040806578587117524
1020 0.04792536782596364
1029 0.01436325918775498
1055 0.03994979202823271
1064 0.07193975707374375
1076 0.040806578587117524
1100 0.025904878625908127
1106 0.019014362398553947
1177 0.038182519478878164
1181 0.024724943454751725
1227 0.028213181157018933
1252 0.03107260169592999
1308 0.014813647908180516
1320 0.03369666080416935
1386 0.03632071991240871
1458 0.02037533667708734
1465 0.031108160719807838
1480 0.034876595975325754
1486 0.03369666080416935
1521 0.04572628777656454
1524 0.0070043981725833706
1543 0.02530554296033278
1553 0.1050333359767579
1554 0.02776667819237758
1586 0.019014362398553947
1612 0.09089069734071638
1618 0.0636697224753998
1620 0.040806578587117524
1638 0.02037533667708734
1722 0.038182519478878164
1726 0.07743229855719871
1727 0.038182519478878164
1729 0.01661740469936195
1730 0.02734900256299108
1763 0.024724943454751725
1787 0.04494159588628951
1793 0.02695665661785357
1797 0.02306861276666697
1814 0.02220197997687571
1883 0.026236834776111186
1958 0.0903705887437955
1971 0.009330168261030098
2078 0.025904878625908127
2098 0.02776667819237758
2100 0.11853212893543347
2102 0.021582869869017907
2113 0.02306861276666697
2150 0.02010564240162916
2157 0.02734900256299108
2196 0.021103263374070765
2203 0.05738557530393216
2207 0.03269903983172775
2215 0.0673933216083387
2224 0.05247366955222237
2234 0.03269903983172775
2261 0.06240659572914792
2278 0.034840594641476035
2326 0.02776667819237758
2338 0.11477115060786432
2348 0.038182519478878164
2367 0.034876595975325754
2373 0.0063260235190988135
2394 0.07636503895775633
2413 0.02869278765196608
2419 0.016540815331352984
2568 0.026236834776111186
2598 0.026236834776111186
2616 0.029773915925800264
2622 0.01935807463929968
2630 0.0053915418383373515
2634 0.03107260169592999
2644 0.01224815685635151
2656 0.010656677487877029
2668 0.0318348612376999
2701 0.03952279894782003
2730 0.048921509377650337
2731 0.022470797943144754
2757 0.20526514789805483
2781 0.011685043060011781
2822 0.014528503723845135
2862 0.040806578587117524
2881 0.07636503895775633
2885 0.022100884346512365
2900 0.01505116910061567
2951 0.024460754688825168
3061 0.038182519478878164
3097 0.02037533667708734
3106 0.040806578587117524
3117 0.029773915925800264
3120 0.01935807463929968
3132 0.020514518945956402
3168 0.02869278765196608
3178 0.025904878625908127
3181 0.025000377620665214
3239 0.008802550389483603
3269 0.011649188530274922
3270 0.011403619327669713
3280 0.022470797943144754
3283 0.07338226406647551
3306 0.029210802129460537
3323 0.02141901995119931
3324 0.03369666080416935
3330 0.017265117426693562
3332 0.03452317321388431
3342 0.01469807830020961
3344 0.025288057251091452
3361 0.08937823229380615
3372 0.03632071991240871
3420 0.02037533667708734
3442 0.008895336581903905
3463 0.034876595975325754
3472 0.026998161187454253
3477 0.07264143982481742
3481 0.022470797943144754
3597 0.029862637792995094
3599 0.01602866027124759
3637 0.025904878625908127
3643 0.03541108159706144
3654 0.024460754688825168
3661 0.02287627056365499
3666 0.040806578587117524
3667 0.025589122048779576
3729 0.05000075524133043
3791 0.017265117426693562
3824 0.1145475584366345
3826 0.018178139468143277
3867 0.02010564240162916
3878 0.015958694983718803
3889 0.021259216126706712
3903 0.013791087690756685
3918 0.017613444999853498
3993 0.021103263374070765
4025 0.010505107888855378
4048 0.007092211271043424
4081 0.045545505479181736
4095 0.02734900256299108
4097 0.019126916993163018
4105 0.02696841731675796
4127 0.07118196744693037
4176 0.040806578587117524
4198 0.01669491132710799
4230 0.019721070302548452
4244 0.017525759069448754
4339 0.028945904172139474
4381 0.012131546024653134
4410 0.007074553071645919
4423 0.07636503895775633
4434 0.3034566870130974
4440 0.036356278936286554
4446 0.013594959770545161
4448 0.05154155548710503
4453 0.08548505597154547
4455 0.02776667819237758
4470 0.058421604258921074
4552 0.011267367430625282
4624 0.0024233016765689685
4655 0.04244789503127561
4755 0.024724943454751725
4764 0.038182519478878164
4766 0.03039073730061694
4787 0.017525759069448754
4795 0.020950980440679237
4816 0.09321780508778997
4820 0.012327081323091968
4842 0.040806578587117524
4861 0.04183232885680588
4883 0.018903731908631014
4888 0.040806578587117524
4903 0.0318348612376999
4905 0.04746298046883181
4926 0.039796256682417507
4995 0.017890459837717046
5005 0.008531916139286786
5032 0.07636503895775633
5069 0.017437707016419873
5078 0.034876595975325754
5104 0.034876595975325754
5138 0.02372732248231012
5155 0.022663998142852092
5159 0.025589122048779576
5224 0.008531916139286786
5241 0.0698424585530063
5251 0.034876595975325754
5354 0.017350836905877
5361 0.029773915925800264
5380 0.015111936927973146
5401 0.05723640867300456
5423 0.022470797943144754
5465 0.05000075524133043
5473 0.03722094057169988
5525 0.019241463807601306
5539 0.025288057251091452
5556 0.019241463807601306
5562 0.03632071991240871
5564 0.040806578587117524
5579 0.026236834776111186
5609 0.01529774086851644
5622 0.054187370505924946
5626 0.028213181157018933
5627 0.014472952086069737
5632 0.056426362314037866
5641 0.020950980440679237
5673 0.029210802129460537
5744 0.034876595975325754
5752 0.013741495677483062
5761 0.025288057251091452
5764 0.03632071991240871
5802 0.006034247427265124
5850 0.040806578587117524
5924 0.038182519478878164
5943 0.02286314388828227
5977 0.021103263374070765
6008 0.009966440518315307
6010 0.024894605203563368
6030 0.03369666080416935
6034 0.0136434373460126
6052 0.1388333909618879
6057 0.016715166021161302
6066 0.03215494032025535
6083 0.029210802129460537
6088 0.022100884346512365
6119 0.02905700744769027
6147 0.02396268391298182
6174 0.03269903983172775
6180 0.01252870903444485
6251 0.009932014559213387
6252 0.0182769463654655
6253 0.03369666080416935
6277 0.017014567709153664
6280 0.02572995646233637
6282 0.03369666080416935
6295 0.019126916993163018
6316 0.038182519478878164
6341 0.0318348612376999
6355 0.0318348612376999
6398 0.014202129053991597
6401 0.02695665661785357
6409 0.055341108425975526
6410 0.03576893341119639
6437 0.01631633990167382
6450 0.03039073730061694
6452 0.007474618551216462
6491 0.04841385795451453
6507 0.016540815331352984
6549 0.034876595975325754
6560 0.01779733987051835
6562 0.02658674302122118
6570 0.017180518495701676
6598 0.03269903983172775
6616 0.015554080359903919
6646 0.018080818445253975
6712 0.022470797943144754
6719 0.020656760409429407
6723 0.02658674302122118
6747 0.011941745733647124
6757 0.025288057251091452
6789 0.03369666080416935
6791 0.10140630687562753
6804 0.021750976101402374
6823 0.058421604258921074
6825 0.043165739738035815
6867 0.012694659820992861
6872 0.03616163689050795
6905 0.023500221073262762
6934 0.058338145336658535
6944 0.03107260169592999
7025 0.01062607825326433
7035 0.07693185942522926
7042 0.009507486916413775
7123 0.040806578587117524
7150 0.012366907455324833
7163 0.023500221073262762
7164 0.03107260169592999
7176 0.01544638795538073
7208 0.029169072668329268
7213 0.03632071991240871
7235 0.021750976101402374
7237 0.0636697224753998
7256 0.01868798772870041
7258 0.03269903983172775
7259 0.026348532631880018
7262 0.02600464346131882
7272 0.007344622552256197
7312 0.011068221685195107
7328 0.02037533667708734
7379 0.017097011194309095
7405 0.021750976101402374
7463 0.026236834776111186
7470 0.029511210265784984
7483 0.028510691489799463
7493 0.03107260169592999
7507 0.009405567864155829
7521 0.038182519478878164
7537 0.003828865066221381
7547 0.019974896014116356
7552 0.017884466705598196
7598 0.040806578587117524
7625 0.01959779560268196
7651 0.02734900256299108
7664 0.038182519478878164
7835 0.022534734861250565
7843 0.03039073730061694
7889 0.024460754688825168
7947 0.02396268391298182
7956 0.03137232197275822
7968 0.019241463807601306
7971 0.020950980440679237
7986 0.014755605132892492
8100 0.014044913402324584
8124 0.03596987853687188
8155 0.03369666080416935
8164 0.040806578587117524
8171 0.010126876946181468
8201 0.015889478002378523
8224 0.009932014559213387
8230 0.03269903983172775
8252 0.01552459636328539
8324 0.031030186695134222
8326 0.020714014015986625
8341 0.04613722553333394
8380 0.015554080359903919
8383 0.02306861276666697
8397 0.02306861276666697
8464 0.03632071991240871
8475 0.02396268391298182
8556 0.010565310425906855
8582 0.01959779560268196
8586 0.10752616112137604
8625 0.03219878044373499
8682 0.018479204265831405
8718 0.03107260169592999
8774 0.04985221409808585
8812 0.03107260169592999
8890 0.023345817740966255
8893 0.043165739738035815
8923 0.08567607980479724
8936 0.041604397152765274
8942 0.01300232173065941
8950 0.21463653252376708
8969 0.015554080359903919
9000 0.01303990039473994
9008 0.02695665661785357
9017 0.031778956004757046
9038 0.034876595975325754
9065 0.03632071991240871
9077 0.04021128480325832
9083 0.026236834776111186
9146 0.10782662647141428
9151 0.016099390221867495
9165 0.024460754688825168
9169 0.02037533667708734
9194 0.02869278765196608
9224 0.11285272462807573
9228 0.02734900256299108
9236 0.03107260169592999
9273 0.009430897548404812
9278 0.02286314388828227
9314 0.07636503895775633
9338 0.021063444513098408
9415 0.03369666080416935
9470 0.015889478002378523
9549 0.12026362946991172
9563 0.023808889231211553
9578 0.011335134814901792
9580 0.01602866027124759
9613 0.22684478290357216
9614 0.3195028103938867
9615 0.0673933216083387
9625 0.013265418894139168
9656 0.03421085798300914
9658 0.010906823643164174
9664 0.009932014559213387
9671 0.013219682123821908
9673 0.02306861276666697
9720 0.021582869869017907
9804 0.01568616098637911
9849 0.012569799496699929
9898 0.007550091430640902
9906 0.019721070302548452
9923 0.012093138042105827
9925 0.022470797943144754
10053 0.029210802129460537
10071 0.029210802129460537
10110 0.014528503723845135
10183 0.01858275409195816
10191 0.057380750979489054
10192 0.034875414032839745
10318 0.02017511487930951
10324 0.034876595975325754
10426 0.018080818445253975
10465 0.023280819517668767
10490 0.015753226105334094
10501 0.01761502567180355
10513 0.02869278765196608
10619 0.0361482354975182
10625 0.040806578587117524
10628 0.015173280762278992
10636 0.034876595975325754
10680 0.038182519478878164
10845 0.01205495665664417
10872 0.029773915925800264
10881 0.13993345591122588
10909 0.015619783726920345
10925 0.014472952086069737
10951 0.014474902516421122
10968 0.05317348604244236
10979 0.054187370505924946
10988 0.038324885793766944
11021 0.015360880160196579
11036 0.005164440429289993
11071 0.015424641523878365
11080 0.026686009745711715
11087 0.021103263374070765
11101 0.030470423255679283
11110 0.024206928977257264
11125 0.017350836905877
11215 0.02695665661785357
11216 0.03269903983172775
11217 0.007881048780616018
11219 0.016773357451997897
11242 0.02776667819237758
11276 0.012287498777289085
11315 0.021103263374070765
11319 0.02028555399784576
11371 0.040806578587117524
11414 0.038182519478878164
11415 0.038182519478878164
11494 0.018794960842959955
11535 0.038182519478878164
11575 0.040806578587117524
11615 0.040806578587117524
11634 0.0328352045851362
11645 0.03369666080416935
11656 0.021582869869017907
11659 0.05553335638475516
11738 0.038182519478878164
11754 0.021259216126706712
11764 0.04829817066560249
11770 0.06655740597904768
11818 0.03737597545740082
11875 0.046312279783008954
11876 0.0913847318273275
11892 0.03402913541830733
11893 0.014517076105094109
11957 0.01062607825326433
12004 0.011793814125682842
12006 0.006849276140192979
12087 0.020656760409429407
12098 0.013174266315940009
12105 0.03821046315587166
12113 0.016465121765970425
12120 0.02776667819237758
12138 0.013265418894139168
12157 0.015111936927973146
12204 0.030986642575739957
12214 0.038182519478878164
12236 0.038182519478878164
12265 0.037215155692547866
12286 0.016099390221867495
12326 0.038182519478878164
