261
68 0.022538147177388133
103 0.022877423794299218
200 0.033739943567006915
210 0.051707862537965804
344 0.008598294251007275
373 0.022209643085931166
374 0.011713245336593275
432 0.038311591368916965
444 0.04760260180136919
456 0.014758515424436784
505 0.028754360177234664
644 0.0347755080899163
682 0.0608004082513686
692 0.0557607778075985
847 0.04858877716241827
851 0.07241364760219277
854 0.03113959072373674
913 0.027334738833295482
931 0.05440585601838376
937 0.024358089620693628
952 0.010655372200241492
979 0.013676220581992405
1059 0.034506739478475705
1181 0.07906058717778697
1316 0.11613929262366463
1461 0.07241364760219277
1543 0.020229278673154327
1552 0.0330260736520813
1553 0.02099094086595465
1596 0.06387181473564803
1606 0.07241364760219277
1612 0.05812649815686071
1616 0.111521555615197
1678 0.07241364760219277
1729 0.05313588584365336
1759 0.017960540832402925
1767 0.06524164695701254
1796 0.07241364760219277
1824 0.04760260180136919
1840 0.052279296289945744
1875 0.07241364760219277
1901 0.02987839559079727
2150 0.032144944977698715
2160 0.06104629552443416
2261 0.03325860051100873
2343 0.03398928116848524
2373 0.010114060216876329
2419 0.02644549167300086
2459 0.045107295644765504
2568 0.08389501747019304
2627 0.030223327856804653
2652 0.1672823334227955
2656 0.0170379192392843
2666 0.026691860687523224
2679 0.04973579529170397
2701 0.10531522877705367
2730 0.11732372403901273
2757 0.1458570518711151
2869 0.0557607778075985
2900 0.024063842026262532
3060 0.038702090911054074
3253 0.07241364760219277
3283 0.03910790801300424
3284 0.07241364760219277
3308 0.032144944977698715
3347 0.030049424439479448
3361 0.06495368771467512
3488 0.052279296289945744
3518 0.041416776517238046
3539 0.032576132774249845
3654 0.03910790801300424
3737 0.023317788540244872
3874 0.03505144470286563
3890 0.02954459213442854
3918 0.028160414329369318
3933 0.016281636801807983
4081 0.05825460289659343
4105 0.04311716449868606
4127 0.037935294999585284
4273 0.05089764566665208
4277 0.0557607778075985
4301 0.04587409155623431
4320 0.032291575790129284
4356 0.013963656003049479
4434 0.08086120231237792
4439 0.052279296289945744
4448 0.16480950293473298
4453 0.19134317183306834
4534 0.042506942801495334
4576 0.06104629552443416
4624 0.0038743800124169396
4671 0.11613929262366463
4787 0.028020221872352858
4813 0.06524164695701254
4819 0.19572494087103764
4820 0.05912569361638011
4861 0.010289479804336397
4874 0.03398928116848524
4905 0.025294638940502264
4922 0.14482729520438553
4926 0.021208780696491247
4927 0.06104629552443416
4990 0.04043060115618896
5012 0.045107295644765504
5049 0.06524164695701254
5057 0.03910790801300424
5069 0.027879444057685394
5135 0.04967894344667556
5214 0.06104629552443416
5226 0.0443934257298399
5241 0.11166427525397903
5247 0.025079068439893413
5251 0.111521555615197
5473 0.019836307022592106
5525 0.03076329435440505
5556 0.03076329435440505
5557 0.07241364760219277
5598 0.031731009389836515
5609 0.024458061507236784
5622 0.06497616472296812
5671 0.06104629552443416
5748 0.07241364760219277
5802 0.00964756796408256
5842 0.015407952689138072
6001 0.026691860687523224
6034 0.043626314845699
6036 0.03398928116848524
6070 0.07241364760219277
6088 0.03533494215631511
6100 0.04967894344667556
6150 0.021735651369328583
6170 0.0695510161798326
6233 0.04194750873509652
6279 0.02971014782256836
6280 0.020568555290065415
6303 0.031332998406524475
6491 0.038702090911054074
6507 0.02644549167300086
6537 0.14482729520438553
6587 0.03722142508465968
6610 0.07241364760219277
6618 0.04043060115618896
6621 0.028603306257080536
6646 0.02890765201450881
6757 0.08086120231237792
6773 0.06524164695701254
6804 0.0347755080899163
6822 0.14482729520438553
6872 0.08672295604352644
6944 0.14903683034002668
6952 0.014448469463160033
7176 0.012347859397162769
7208 0.023317788540244872
7259 0.021063045755410733
7262 0.031182210565466627
7272 0.011742598575468046
7282 0.015792009510167865
7379 0.10933895533318193
7425 0.04183866995254054
7483 0.011395738953626828
7507 0.01503764244075094
7510 0.04967894344667556
7520 0.04372564502147185
7537 0.006121597829211663
7547 0.031935907367824014
7560 0.06747988713401383
7561 0.01823213148388939
7956 0.22571161595904074
8045 0.02987839559079727
8092 0.01674779715550156
8100 0.02245503821840998
8124 0.028754360177234664
8156 0.01817724005666994
8178 0.11752657492444558
8201 0.05080826425813923
8252 0.012410379283836098
8338 0.040911944212187135
8412 0.024458061507236784
8515 0.018398574908271365
8586 0.07367702623396886
8603 0.028162941511134878
8756 0.14482729520438553
8905 0.027072775226877586
8923 0.10273432761617345
8930 0.07241364760219277
8950 0.13726454276579533
8986 0.01897355670075722
9027 0.015923262979655586
9040 0.039530293588893484
9077 0.032144944977698715
9099 0.03508059987350042
9273 0.01507813959524226
9295 0.14482729520438553
9338 0.012628605406923494
9380 0.09935788689335112
9388 0.03153009026587385
9485 0.03113959072373674
9549 0.027468250489122163
9563 0.0190328520479257
9580 0.02562665704447868
9613 0.030223327856804653
9614 0.022209643085931166
9632 0.029063249078430355
9658 0.017437853458617505
9671 0.02113565664822971
9682 0.09935788689335112
9697 0.07241364760219277
9821 0.01817724005666994
9865 0.0218131574228495
9923 0.019334535510275856
10187 0.07241364760219277
10285 0.038702090911054074
10318 0.03225601772672554
10319 0.11613929262366463
10413 0.052279296289945744
10420 0.03782919844129655
10619 0.014448469463160033
10749 0.012010593665451687
10757 0.05089764566665208
10760 0.020096622884796935
10808 0.06797856233697049
10881 0.11186295744624154
10934 0.02760350744473607
10988 0.01225478221991455
11036 0.008256918636266887
11142 0.024867897645851986
11200 0.0557607778075985
11215 0.043098361467595124
11276 0.019645279878124786
11319 0.006486517606122849
11332 0.00981699647098379
11411 0.052279296289945744
11435 0.07241364760219277
11494 0.060098848878958895
11608 0.0557607778075985
11645 0.05387429487925394
11738 0.24418518209773665
11755 0.06524164695701254
11770 0.042564850409982036
11780 0.02987839559079727
11809 0.07241364760219277
11818 0.08963518677239181
11875 0.03702208702607735
11876 0.02922122176164005
11893 0.014769957350075271
11957 0.03397799423232803
12004 0.018855975779046057
12006 0.021901275300283622
12029 0.06736511465522994
12089 0.02196993329734071
12105 0.040727314624155846
12122 0.05387429487925394
12137 0.024559008744656288
12138 0.021208780696491247
12156 0.02987839559079727
12157 0.024160997761344245
12177 0.025392979897007856
12204 0.008256918636266887
12265 0.019833224063451754
12275 0.01958237992901633
12291 0.02632447263537036
