184
68 0.03504969131827919
76 0.03253223203003877
79 0.03492044629493981
159 0.04131653729308901
313 0.04131653729308901
319 0.04379696337995165
337 0.03584775167564217
344 0.013371443401695986
495 0.039336387321199054
496 0.027682736140849887
505 0.04471669478127388
552 0.05135975365896727
619 0.1913633738512505
642 0.03571196252468763
774 0.0701475935935656
930 0.10145907598090483
979 0.042536532042921925
1029 0.03571196252468763
1543 0.09437731959575497
1553 0.03264358831457517
1612 0.40677350751108426
1622 0.028787031871109994
1638 0.050660038249561744
1664 0.034043681324743995
1729 0.04131653729308901
1851 0.0701475935935656
1854 0.05587006984665036
1905 0.034413603797955584
1971 0.023197981386494548
2094 0.0540803471729364
2099 0.040386167267315774
2172 0.049345763676926745
2174 0.04471669478127388
2177 0.04646471310621009
2230 0.0701475935935656
2243 0.037725952506728146
2378 0.05325499093303802
2382 0.027930930041873282
2419 0.04112610999491302
2630 0.01340521239393466
2656 0.02649613587765599
2668 0.1583046517003037
2701 0.03275572060735342
2757 0.08505986435642633
2895 0.0280145194189223
2900 0.03742234125609601
3112 0.03712435276044236
3178 0.0644083659984145
3269 0.05792771387024221
3308 0.04998948627160286
3330 0.04292697210755992
3332 0.028612128856719946
3342 0.036544437065474486
3360 0.09493476981118121
3361 0.040404505063616224
3362 0.04210161586766153
3597 0.03712435276044236
3654 0.06081778121205364
3759 0.026344333630126823
3797 0.04998948627160286
3918 0.014597677763406728
3983 0.06903743489406737
4101 0.024694376610265693
4134 0.04471669478127388
4170 0.04210161586766153
4289 0.04020637859359078
4297 0.037725952506728146
4434 0.06287473762522058
4448 0.04271663030325784
4453 0.12752700798768324
4624 0.006025154703984027
4655 0.03517998287141607
4803 0.04544272404592384
4816 0.0772570885760811
4861 0.024002178714771276
4862 0.10145907598090483
4941 0.01979486573690857
5001 0.021546181719176948
5005 0.021213254279345176
5066 0.05450946377383377
5069 0.21678044354228643
5108 0.10571532821303234
5237 0.06523372223831288
5305 0.08130096865894208
5401 0.07115461939587585
5433 0.03344543699894706
5556 0.04784084346281262
5622 0.03368207242386718
5648 0.05450946377383377
5667 0.045945606188741876
5752 0.06833209263337615
5777 0.04357501615221392
6007 0.08671511612916746
6010 0.12379296320914021
6066 0.026649383882628646
6074 0.03504969131827919
6083 0.2178840590412847
6084 0.04495508312507976
6289 0.09088544809184768
6295 0.04755604100321279
6360 0.021049338577704323
6401 0.06702344491202684
6410 0.02223344285636941
6452 0.018584451766695417
6491 0.060186683897661165
6628 0.04471669478127388
6646 0.08991016625015952
6696 0.10344272511968819
6791 0.0280145194189223
6872 0.04495508312507976
6905 0.0584295669471526
7035 0.12751923245436
7102 0.03517998287141607
7208 0.07252426600359103
7272 0.03652247472742929
7328 0.050660038249561744
7463 0.06523372223831288
7470 0.03668746839743614
7482 0.06907765117729184
7537 0.02855959444223241
7552 0.02223344285636941
7580 0.034043681324743995
7653 0.08671511612916746
7739 0.04271663030325784
7833 0.024423934632561435
7952 0.03951091288941006
8100 0.03492044629493981
8171 0.025178870983715972
8178 0.27415320392413445
8230 0.08130096865894208
8327 0.035443774334912824
8413 0.0584295669471526
8414 0.05100609285353286
8451 0.13807486978813474
8723 0.07545190501345629
8888 0.07134005896303765
8890 0.019348555862222522
8950 0.07115461939587585
8956 0.04784084346281262
8957 0.04271663030325784
9175 0.10064253909935053
9338 0.03927818181408421
9445 0.009868805836858409
9562 0.10145907598090483
9613 0.04700112674101865
9614 0.10361647676593776
9625 0.03298235701446165
9658 0.02711808455981338
9860 0.06799895078477537
9906 0.04903330883228469
10110 0.03612281681639963
10172 0.03683178253873367
10266 0.09189121237748375
10318 0.01003244371048329
10619 0.04493842290757716
10623 0.07134005896303765
10688 0.08671511612916746
10749 0.018678003884263633
10844 0.04379696337995165
10881 0.034792231123365394
10925 0.03598469649283746
10960 0.025320020300170776
10979 0.03368207242386718
10988 0.03811549641593187
10990 0.06799895078477537
11080 0.022116841484574504
11103 0.026119282144851548
11276 0.030550913975763205
11304 0.05957940734098101
11310 0.0456922006540224
11319 0.010087361575723633
11332 0.030533361351533467
11677 0.06362328742384198
11770 0.03309688361107528
11875 0.028787031871109994
11876 0.27265634427554303
11893 0.0032813094415933357
11929 0.043092363438353896
11995 0.050321269549675265
12004 0.05864689101183712
12006 0.017029637190446097
12087 0.05135975365896727
12103 0.057356441449032146
12204 0.0513622432515926
