418
36 0.024417538473053425
76 0.015249326767494714
103 0.03335338445829764
117 0.021417998551582718
132 0.01699769984795829
149 0.03541920147190094
169 0.02358785225709781
210 0.01256429507573705
230 0.014601714498871975
262 0.01747137819399439
344 0.006267799565589172
373 0.01618990781451591
374 0.008538469595145353
390 0.04060533407928281
435 0.009469708380677073
456 0.01075834507003402
496 0.012976148972513412
505 0.04192146976280854
566 0.027653255236181673
619 0.022425164499114865
628 0.012976148972513412
642 0.03347962018373924
649 0.04755845223691674
658 0.042330361499849936
704 0.03098579669967971
769 0.01596512050013702
826 0.041059230451092193
827 0.04755845223691674
858 0.028815942994164616
862 0.02390885987590727
937 0.01775603614929559
938 0.00851713283245916
942 0.03399539969591658
943 0.025970185945299488
952 0.007767323994528417
1055 0.023279950706885155
1064 0.02096073488140427
1067 0.08466072299969987
1106 0.0221604867954437
1347 0.016308690436011446
1356 0.022031551338144478
1362 0.03752640419365549
1393 0.03810943671031528
1465 0.32629797064499105
1521 0.02664608928864952
1524 0.024490046517473822
1536 0.01157536986401087
1543 0.04423891310707077
1553 0.04590457346543789
1568 0.042330361499849936
1570 0.044500215205365026
1595 0.01927766559052209
1612 0.04237180413476909
1622 0.01349378226687626
1638 0.07123994535093944
1726 0.04512213961610815
1729 0.019366927467563157
1745 0.026885555134039375
1797 0.026885555134039375
1862 0.03141691635553788
1868 0.03621388743674651
1906 0.039272124468298225
1958 0.09479100991759211
1971 0.054369709121445405
1974 0.02664608928864952
1985 0.032360964440349235
2041 0.02407463667173072
2070 0.032360964440349235
2091 0.019548684228219242
2100 0.03946985852140106
2102 0.025153980591877484
2154 0.017683858176680976
2157 0.03187418002571633
2172 0.023130588586919364
2192 0.027388577532510505
2194 0.01719707376204806
2195 0.025153980591877484
2203 0.033440308360495996
2227 0.016015169329772996
2234 0.03810943671031528
2261 0.024244139098936256
2308 0.03541920147190094
2356 0.007767323994528417
2362 0.05920478778210159
2373 0.007372730030291044
2419 0.01927766559052209
2480 0.035224728731518794
2532 0.044500215205365026
2538 0.044500215205365026
2573 0.07621887342063056
2627 0.022031551338144478
2629 0.028815942994164616
2630 0.018850885853208033
2644 0.01427474203943556
2679 0.018127665035832834
2694 0.022699468931061194
2701 0.030708171919164653
2730 0.028508041443951956
2739 0.0257577059626129
2757 0.06645233488089769
2774 0.03710227076278313
2885 0.0257577059626129
2929 0.03541920147190094
2938 0.017902497849852556
2951 0.028508041443951956
3049 0.025349901752151106
3059 0.0528279856089027
3168 0.033440308360495996
3201 0.02477677496528605
3273 0.029136950612974076
3283 0.028508041443951956
3285 0.01618990781451591
3301 0.040851157067268606
3323 0.024963019997767334
3342 0.03426005703088562
3361 0.056818250284062434
3362 0.05920478778210159
3390 0.022561069808054075
3407 0.034529440638677654
3472 0.06293057657734986
3561 0.02153678117307825
3591 0.009421513069221107
3654 0.11403216577580783
3661 0.013330693954624205
3670 0.016803460601077673
3673 0.025970185945299488
3709 0.02107247826713019
3715 0.02821221762342919
3737 0.01699769984795829
3741 0.02390885987590727
3765 0.013576668162295266
3791 0.040243622030168597
3797 0.02343233044664702
3798 0.032881345973248474
3814 0.03124506421457752
3819 0.016803460601077673
3826 0.021185902067384545
3854 0.03141691635553788
3878 0.018599227365420867
3889 0.02477677496528605
3903 0.016072966858413407
3918 0.02052777301495061
3934 0.03187418002571633
3937 0.03141691635553788
3993 0.1475701092277798
4025 0.012243287456927583
4079 0.024595018204629962
4081 0.021232593585993168
4105 0.020953748656418456
4205 0.041059230451092193
4260 0.044500215205365026
4280 0.044500215205365026
4297 0.017683858176680976
4339 0.033735305646517944
4356 0.010178925549064242
4410 0.016490223194630803
4431 0.012600820767357848
4434 0.02947222983600306
4438 0.044500215205365026
4440 0.3813462372129218
4442 0.03710227076278313
4453 0.05977766956443205
4509 0.03098579669967971
4568 0.029823108941696767
4623 0.02664608928864952
4624 0.011297048763321611
4655 0.03298089439333507
4751 0.04064729220896775
4782 0.022699468931061194
4820 0.01436672538162601
4861 0.041253319950188584
4873 0.024417538473053425
4883 0.022031551338144478
4903 0.03710227076278313
4905 0.018438741724202116
4926 0.015460320681694634
4941 0.01855749557313385
4995 0.020850622844355564
5005 0.029830831712591648
5052 0.03404403373123142
5066 0.02555104808795734
5128 0.026885555134039375
5181 0.03124506421457752
5224 0.009943610570863884
5229 0.039272124468298225
5241 0.02713287370328243
5351 0.020529615225546097
5362 0.03141691635553788
5401 0.01667669222914882
5437 0.044500215205365026
5527 0.024595018204629962
5536 0.044500215205365026
5556 0.022425164499114865
5590 0.03404403373123142
5609 0.01782891150442465
5622 0.031576617806224415
5641 0.024417538473053425
5745 0.044500215205365026
5752 0.016015169329772996
5761 0.02947222983600306
5802 0.007032676543627806
5807 0.03399539969591658
5846 0.04064729220896775
5927 0.02641399280445135
5938 0.02390885987590727
6004 0.044500215205365026
6041 0.020529615225546097
6055 0.027320950061907753
6058 0.026188825618471075
6066 0.012491770088304233
6079 0.011170930605904541
6114 0.03687748344840423
6119 0.03386479211675379
6147 0.08378267900438399
6162 0.025938204869275148
6251 0.01157536986401087
6280 0.014993622938266641
6360 0.009866775876756927
6409 0.012899574298766031
6491 0.02821221762342919
6494 0.033440308360495996
6562 0.06197159339935942
6584 0.010616296792996584
6631 0.033440308360495996
6646 0.02107247826713019
6651 0.03810943671031528
6666 0.012208448870371117
6718 0.03621388743674651
6791 0.0131316707829642
6800 0.039272124468298225
6873 0.039272124468298225
6970 0.025349901752151106
7128 0.23830823611861993
7150 0.014413141162442678
7163 0.027388577532510505
7167 0.07621887342063056
7176 0.05400646140233668
7209 0.042330361499849936
7220 0.012455767439614171
7256 0.043560220070989544
7259 0.030708171919164653
7262 0.007576845675464288
7272 0.008559866887735844
7282 0.011511719354802814
7312 0.038698722896298096
7338 0.03141691635553788
7393 0.042330361499849936
7420 0.044500215205365026
7537 0.013387172069675199
7542 0.008646068289758382
7595 0.042330361499849936
7625 0.0228404551028262
7631 0.09563543950362909
7706 0.027388577532510505
7818 0.021904782966215626
7835 0.0393950123488926
7866 0.033440308360495996
7956 0.1462527982263742
7986 0.01719707376204806
8045 0.021780110035494772
8100 0.016368790678936165
8124 0.0628822046442128
8133 0.03019111073483414
8156 0.013250453404459737
8178 0.10708999275791357
8200 0.02358785225709781
8201 0.018518557713246342
8239 0.04655990141377031
8319 0.03541920147190094
8324 0.0413308050652412
8326 0.024141363484100682
8327 0.04984229451646857
8332 0.025970185945299488
8349 0.032881345973248474
8405 0.02821221762342919
8439 0.02947222983600306
8534 0.06197159339935942
8556 0.012313451131071237
8582 0.0228404551028262
8586 0.16112248064867302
8603 0.020529615225546097
8621 0.055306510472363346
8625 0.018763202096827743
8634 0.03541920147190094
8682 0.0430735623461565
8708 0.014138836730496353
8775 0.09562254007714897
8800 0.027927559668128
8812 0.03621388743674651
8819 0.02358785225709781
8834 0.03810943671031528
8838 0.026885555134039375
8863 0.021780110035494772
8896 0.022699468931061194
8912 0.03141691635553788
8923 0.024963019997767334
8936 0.024244139098936256
8950 0.1500902300623394
9077 0.02343233044664702
9146 0.03141691635553788
9169 0.023746648450313147
9202 0.0221604867954437
9224 0.06576269194649695
9273 0.03297401346571072
9338 0.039891492709541884
9428 0.04064729220896775
9438 0.020742095208232683
9444 0.017976809195577047
9453 0.06321743480139058
9468 0.033440308360495996
9549 0.06006964292820482
9568 0.014183866957259546
9575 0.009185050425375872
9613 0.06609465401443344
9614 0.08094953907257955
9616 0.020742095208232683
9620 0.022425164499114865
9628 0.022425164499114865
9658 0.012711471268842244
9675 0.011201282922838968
9802 0.030577992489217908
9804 0.018281599778296773
9821 0.026500906808919474
9826 0.042330361499849936
9894 0.04781771975181454
9898 0.008799332733125704
9923 0.014094073747008462
9947 0.03810943671031528
9979 0.03541920147190094
10063 0.02641399280445135
10086 0.032360964440349235
10105 0.01719707376204806
10168 0.030577992489217908
10213 0.06940064114613972
10214 0.044500215205365026
10266 0.02153678117307825
10273 0.03710227076278313
10285 0.02821221762342919
10298 0.032262421408869826
10318 0.04702659573938694
10325 0.01661409817215619
10383 0.042330361499849936
10508 0.022699468931061194
10509 0.025349901752151106
10559 0.02664608928864952
10561 0.025153980591877484
10579 0.0257577059626129
10619 0.031597003305864034
10655 0.07242777487349301
10723 0.019548684228219242
10749 0.00875522418297876
10760 0.01464960380628791
10808 0.0495535499305721
10816 0.01673981009186962
10844 0.041059230451092193
10845 0.014049574853455284
10867 0.03470032057306986
10871 0.07420454152556626
10872 0.03470032057306986
10909 0.03640847941916043
10951 0.00843496298631817
10963 0.015460320681694634
10980 0.017612364365759397
10981 0.014697799117743876
10988 0.0089332275021144
11003 0.061155984978435815
11018 0.03470032057306986
11036 0.006018950914064844
11049 0.022031551338144478
11080 0.020734325425426862
11103 0.024486574913855166
11217 0.018370100850751744
11276 0.02864118698230488
11304 0.055855119336256
11319 0.01891360823297272
11357 0.042330361499849936
11375 0.032881345973248474
11499 0.021301057595480212
11505 0.025349901752151106
11655 0.032360964440349235
11707 0.042330361499849936
11734 0.028815942994164616
11764 0.056289606290483234
11770 0.03102800894233176
11818 0.021780110035494772
11875 0.31035699213815393
11876 0.1704084607638417
11892 0.03965961047187756
11893 0.027685763379855295
11908 0.018127665035832834
11929 0.010099668701617789
11950 0.03621388743674651
11957 0.01238427362869259
11977 0.00966562954095069
11988 0.032360964440349235
12004 0.02749044713905193
12006 0.00798256025006851
12021 0.022402565845677937
12024 0.014554127334207686
12030 0.01661409817215619
12052 0.018599227365420867
12064 0.028277673460992706
12078 0.032262421408869826
12087 0.02407463667173072
12089 0.04804550798931898
12098 0.030708171919164653
12105 0.04453278245490255
12113 0.03837889547197325
12120 0.032360964440349235
12138 0.015460320681694634
12157 0.017612364365759397
12159 0.02477677496528605
12175 0.01868076913884047
12186 0.011323928561361166
12193 0.02298412688636239
12204 0.042132656398453906
12265 0.01927679600010166
12286 0.018763202096827743
