418
36 0.02411063507054533
76 0.015057658378149624
103 0.03293416664128842
117 0.02114879628790457
132 0.016784056203087747
149 0.03497401845487233
169 0.023291377158940366
210 0.012406374779507566
230 0.014418185931195053
262 0.017251780898380007
344 0.006189019756762785
373 0.01598641728658859
374 0.008431149794099316
390 0.0400949666971381
435 0.009350683863689148
456 0.010623123712197584
496 0.012813052095426016
505 0.04139455990567676
566 0.027305682194297253
619 0.022143303192981273
628 0.012813052095426016
642 0.033058815713198214
649 0.04696069129448447
658 0.041798312293168494
704 0.030596337031292147
769 0.01576445531808556
826 0.04054315805732037
827 0.04696069129448447
858 0.02845375616025635
862 0.023608350041383903
937 0.01753286099528531
938 0.008410081212625336
942 0.03356811240617549
943 0.025643767357317073
952 0.00766969670236978
1055 0.022987345615260193
1064 0.02069727995283838
1067 0.08359662458633699
1106 0.02188195221644578
1347 0.01610370693242091
1356 0.021754637345537474
1362 0.037054735800724034
1393 0.03763044019692922
1465 0.32219673998519505
1521 0.026311175289220546
1524 0.03224297568433548
1536 0.011429879342905515
1543 0.043682875365149997
1553 0.04532760008203262
1568 0.041798312293168494
1570 0.04394089316420429
1595 0.019035365115858207
1612 0.04183923403669314
1622 0.013324179270449
1638 0.0703445323408679
1726 0.04455500062329315
1729 0.019123505062701093
1745 0.026547631294662134
1797 0.026547631294662134
1862 0.031022037955470344
1868 0.03575871603260813
1906 0.03877851416288831
1958 0.09359958419288228
1971 0.06442360520322878
1974 0.026311175289220546
1985 0.03195422032459215
2041 0.023772043192995987
2070 0.03195422032459215
2091 0.019302977327385736
2100 0.03897376290184877
2102 0.024837820867637087
2154 0.017461590225720913
2157 0.031473554290536526
2172 0.02283986082387418
2192 0.02704433121776176
2194 0.01698092419166529
2195 0.024837820867637087
2203 0.03301999799923325
2227 0.0158138750852907
2234 0.03763044019692922
2261 0.023939415148626752
2308 0.03497401845487233
2356 0.00766969670236978
2362 0.05846064435277316
2373 0.00728006237934961
2419 0.019035365115858207
2480 0.03478199003727825
2532 0.04394089316420429
2538 0.04394089316420429
2573 0.07526088039385843
2627 0.021754637345537474
2629 0.02845375616025635
2630 0.01861394956190144
2644 0.014095323180050415
2679 0.017899818888066393
2694 0.022414159899695987
2701 0.03032220170938303
2730 0.02814972461657617
2739 0.025433958029976167
2757 0.06561709722162005
2774 0.03663593329185251
2885 0.025433958029976167
2929 0.03497401845487233
2938 0.017677481822558197
2951 0.02814972461657617
3049 0.025031279499970898
3059 0.052163992039325105
3168 0.03301999799923325
3201 0.02446535632870172
3273 0.02877072904269988
3283 0.02814972461657617
3285 0.01598641728658859
3301 0.040337699942416594
3323 0.02464926045224037
3342 0.03382944327002255
3361 0.056104103182134886
3362 0.05846064435277316
3390 0.022277500311646575
3407 0.03409544100229308
3472 0.062139603806089606
3561 0.02126608593373689
3591 0.009303094317842485
3654 0.11259889846630468
3661 0.013163140810928608
3670 0.016592258344221494
3673 0.025643767357317073
3709 0.02080761883887139
3715 0.027857618997917267
3737 0.016784056203087747
3741 0.023608350041383903
3765 0.01340602337521609
3791 0.03973780099730983
3797 0.023137810098057977
3798 0.03246806119561323
3814 0.030852345819575487
3819 0.016592258344221494
3826 0.02091961701834657
3854 0.09306611386641103
3878 0.018365454163065977
3889 0.02446535632870172
3903 0.015870946158305133
3918 0.020269759972761495
3934 0.031473554290536526
3937 0.031022037955470344
3993 0.1700011884481195
4025 0.012089401897064025
4079 0.024285884064017074
4081 0.020965721672478864
4105 0.02069038153753171
4205 0.04054315805732037
4260 0.04394089316420429
4280 0.04394089316420429
4297 0.017461590225720913
4339 0.033311287472081855
4356 0.010050986900034082
4410 0.01628295801054457
4431 0.01244244138066559
4434 0.029101794149942736
4438 0.04394089316420429
4440 0.3765531063302383
4442 0.03663593329185251
4453 0.059026325598963335
4509 0.030596337031292147
4568 0.02944826306533305
4623 0.026311175289220546
4624 0.011155056452852254
4655 0.03256635839421111
4751 0.04013639745618831
4782 0.022414159899695987
4820 0.014186150386018392
4861 0.040734808050578386
4873 0.02411063507054533
4883 0.021754637345537474
4903 0.03663593329185251
4905 0.018206985661674738
4926 0.015266000315359811
4941 0.018324246896584857
4995 0.020588551911103724
5005 0.029455888768922522
5052 0.03361613516157232
5066 0.0252298976327427
5128 0.026547631294662134
5181 0.030852345819575487
5224 0.00981862958964084
5229 0.03877851416288831
5241 0.02679184132327617
5351 0.020271579028660187
5362 0.031022037955470344
5401 0.01646708332064421
5437 0.04394089316420429
5527 0.024285884064017074
5536 0.04394089316420429
5556 0.022143303192981273
5590 0.03361613516157232
5609 0.017604820381981568
5622 0.03117973212279966
5641 0.02411063507054533
5745 0.04394089316420429
5752 0.0158138750852907
5761 0.029101794149942736
5802 0.0069442830160672715
5807 0.03356811240617549
5846 0.04013639745618831
5927 0.026081996019662552
5938 0.023608350041383903
6004 0.04394089316420429
6041 0.020271579028660187
6055 0.026977553755068443
6058 0.02585965895415436
6066 0.01233476135674514
6079 0.011030523471257556
6114 0.018206985661674738
6119 0.0334391464302596
6147 0.0827296167030359
6162 0.034149584334134564
6251 0.011429879342905515
6280 0.014805168483664033
6360 0.009742760628794759
6409 0.012737439886750412
6491 0.027857618997917267
6494 0.03301999799923325
6562 0.061192674062584294
6584 0.010482860836239432
6631 0.03301999799923325
6646 0.02080761883887139
6651 0.03763044019692922
6666 0.0120550011957909
6712 0.02585965895415436
6718 0.03575871603260813
6791 0.012966619156308408
6800 0.03877851416288831
6873 0.03877851416288831
6970 0.025031279499970898
7128 0.2353129461310063
7150 0.014231982768099826
7163 0.02704433121776176
7167 0.07526088039385843
7176 0.05332765560133054
7209 0.041798312293168494
7220 0.012299211224404935
7256 0.04301271280409032
7259 0.03032220170938303
7262 0.014963225000633278
7272 0.008452278144678813
7282 0.011367028855283127
7312 0.03821231966025124
7338 0.031022037955470344
7393 0.041798312293168494
7420 0.04394089316420429
7537 0.013218909054028524
7586 0.03426417315125871
7595 0.041798312293168494
7625 0.022553374019955108
7631 0.09443340016553561
7706 0.02704433121776176
7818 0.02162946232196019
7835 0.03889985746892522
7866 0.03301999799923325
7956 0.14441455063022363
7986 0.01698092419166529
8045 0.02150635640204516
8100 0.016163051776964033
8124 0.062091839858515144
8133 0.02981163945355635
8156 0.01308390880214073
8178 0.10574398143952284
8200 0.023291377158940366
8201 0.018285798445639986
8239 0.045974691230520386
8319 0.03497401845487233
8324 0.04081131925724627
8326 0.03575689697670944
8327 0.04921582802015093
8332 0.025643767357317073
8349 0.03246806119561323
8405 0.027857618997917267
8439 0.029101794149942736
8534 0.061192674062584294
8556 0.012158683685822265
8582 0.022553374019955108
8586 0.17677481822558197
8603 0.020271579028660187
8621 0.054611364388594506
8625 0.018527367900362017
8634 0.03497401845487233
8682 0.04253217186747378
8708 0.013961126061385111
8775 0.09442066287160958
8800 0.027576538901011968
8812 0.03575871603260813
8819 0.023291377158940366
8834 0.03763044019692922
8838 0.026547631294662134
8863 0.02150635640204516
8896 0.022414159899695987
8912 0.031022037955470344
8923 0.02464926045224037
8936 0.023939415148626752
8950 0.14820374988579788
9077 0.023137810098057977
9146 0.031022037955470344
9169 0.02344817744695597
9202 0.02188195221644578
9224 0.06493612239122647
9273 0.032559563952786134
9338 0.0393900975809053
9428 0.04013639745618831
9438 0.020481388356001093
9444 0.017750859150921644
9453 0.062422856516614174
9468 0.03301999799923325
9549 0.059314629157162437
9568 0.014005590304405733
9575 0.009069603766783844
9613 0.06526391203661243
9614 0.07993208643294293
9616 0.020481388356001093
9620 0.022143303192981273
9628 0.022143303192981273
9658 0.012551701118890526
9675 0.011060494290714198
9802 0.030193658501286875
9804 0.018051818828777953
9821 0.02616781760428146
9826 0.041798312293168494
9894 0.04721670008276781
9898 0.008688734150120402
9923 0.013916925702666052
9947 0.03763044019692922
9979 0.03497401845487233
10063 0.026081996019662552
10086 0.03195422032459215
10105 0.01698092419166529
10168 0.030193658501286875
10213 0.06852834630251742
10214 0.04394089316420429
10266 0.02126608593373689
10273 0.03663593329185251
10285 0.027857618997917267
10298 0.03185691587789834
10318 0.046435519687363175
10325 0.016405276006716978
10383 0.041798312293168494
10508 0.022414159899695987
10509 0.025031279499970898
10559 0.026311175289220546
10561 0.024837820867637087
10579 0.025433958029976167
10619 0.031199861397627423
10655 0.07151743206521625
10723 0.019302977327385736
10749 0.008645179999186741
10760 0.014465473319158465
10808 0.04893071265740344
10816 0.016529407856599107
10844 0.04054315805732037
10845 0.013872986114542225
10867 0.03426417315125871
10871 0.07327186658370502
10872 0.03426417315125871
10909 0.03595086219348399
10951 0.00832894415713161
10963 0.015266000315359811
10980 0.017390995018639124
10988 0.008820945999259252
11003 0.06038731700257375
11018 0.03426417315125871
11036 0.005943298877431656
11049 0.021754637345537474
11080 0.020473716231392162
11103 0.02417880379412805
11217 0.018139207533567688
11276 0.028281196652139514
11304 0.055153077802023935
11319 0.01867588358571516
11357 0.041798312293168494
11375 0.03246806119561323
11499 0.021033325159621113
11505 0.025031279499970898
11655 0.03195422032459215
11707 0.041798312293168494
11734 0.02845375616025635
11764 0.05558210370108606
11770 0.030638018709370225
11818 0.02150635640204516
11875 0.306456123220327
11876 0.1682666012769689
11892 0.03916112986502207
11893 0.027337781743963185
11908 0.017899818888066393
11929 0.009972726229830482
11950 0.03575871603260813
11957 0.012228616017323144
11977 0.009544142496022956
11988 0.03195422032459215
12004 0.02714492042788263
12006 0.00788222765904278
12021 0.022120988581428396
12024 0.014371196888358945
12030 0.016405276006716978
12052 0.018365454163065977
12064 0.027922252122770223
12078 0.03185691587789834
12087 0.023772043192995987
12089 0.0474416252558721
12098 0.03032220170938303
12105 0.04397305107683406
12113 0.0378965121384587
12120 0.03195422032459215
12138 0.015266000315359811
12157 0.017390995018639124
12159 0.02446535632870172
12175 0.018445971040067927
12186 0.011181598399413201
12193 0.022695239996601287
12204 0.04160309214202159
12265 0.01903450645529703
12286 0.018527367900362017
