211
106 0.032939408901381965
201 0.029480760850186274
210 0.021959485546692185
236 0.024173279866308732
343 0.07508726846036012
344 0.010954665832061799
390 0.047312496321661505
435 0.03310172565406249
464 0.06738581294966949
576 0.027497027856818568
642 0.029257321286305336
677 0.030056512557744164
711 0.019210319606788106
714 0.09762184654050944
742 0.054156015174567466
774 0.057468997448945826
826 0.035881025247099685
938 0.029771961611252225
942 0.029708053009599954
956 0.02568835779076513
975 0.15775240700277926
991 0.08312118891066074
1025 0.06484619898319295
1050 0.1296923979663859
1144 0.056559490733162486
1205 0.019005138520438638
1292 0.06329351013830135
1347 0.028503823712852563
1356 0.07701212527481326
1413 0.049110823022201704
1524 0.014267648106440165
1542 0.04095430095096482
1622 0.023584014453138586
1675 0.057468997448945826
1702 0.03369290647483474
1742 0.0267435302833658
1814 0.022612223760793262
1905 0.05638726027674173
2049 0.033538722042683614
2052 0.050924659282785445
2278 0.07096874448249227
2373 0.012885829054786196
2566 0.14360672099250446
2630 0.010982331358837558
2666 0.03400679317685714
2748 0.070685768919954
2755 0.0686386020426141
2756 0.03400679317685714
2763 0.09970697997153864
2768 0.032226661340811744
2781 0.02380191393764808
2970 0.08312118891066074
3039 0.055708704019459064
3076 0.0922586838743946
3148 0.09573781399500297
3239 0.05379121302153458
3315 0.11141740803891813
3316 0.11141740803891813
3335 0.07104207760120912
3347 0.03828450080569471
3361 0.016550862827031245
3362 0.03449209774627356
3390 0.03943153860852905
3429 0.08137595272857949
3591 0.016466628555314767
3597 0.03041443369312281
3721 0.02336965820710501
3887 0.022479064864250813
3915 0.04657120905572518
3917 0.06064814488171454
4048 0.014446519489404697
4099 0.04122611715141243
4105 0.01831115625651801
4134 0.036634522820552455
4143 0.029257321286305336
4213 0.059501107078880205
4289 0.032939408901381965
4451 0.029921340126090205
4554 0.038066601321185216
4570 0.03449209774627356
4624 0.019744631715749875
4712 0.03338632012945485
4756 0.06484619898319295
4782 0.07934685661304167
4789 0.06064814488171454
4841 0.06484619898319295
4861 0.019663983846979156
4972 0.02091901759401028
5181 0.027304577451004928
5224 0.052137403164262706
5354 0.035342884459977
5360 0.077776097006348
5627 0.029480760850186274
5648 0.13397198994646062
5777 0.03569919314123213
5802 0.024582988219145514
5882 0.031160818982253972
6001 0.03400679317685714
6008 0.01015059843011783
6122 0.03499595341999964
6162 0.030222660403974158
6279 0.03785224507515165
6398 0.057858212714902664
6402 0.0922586838743946
6409 0.02254547618188739
6437 0.033235659990512874
6484 0.03850606263740663
6554 0.03722932831309405
6628 0.18317261410276228
6794 0.36000028328279937
7026 0.044657329982153535
7181 0.041503656216577804
7272 0.014960670063045103
7273 0.13321298482535945
7277 0.0774628240675352
7382 0.03828450080569471
7440 0.08312118891066074
7443 0.04501852021083357
7484 0.03131928055184995
7537 0.015598456302988867
7542 0.015111330201987079
7561 0.1393719977346602
7562 0.0686386020426141
7589 0.029147005841960828
7643 0.07398369394692685
7658 0.05212390554463309
7809 0.0922586838743946
7833 0.020009510878226937
7933 0.07398369394692685
7952 0.010789880953023917
8064 0.055708704019459064
8167 0.057468997448945826
8169 0.09709848375853175
8177 0.21312623280362739
8201 0.03236616125284392
8252 0.015811456776748528
8324 0.009029587523537152
8326 0.021096763459905157
8374 0.21038451932557928
8376 0.037641318676586454
8390 0.045389886139494226
8402 0.040426925879973596
8447 0.08427550004808047
8603 0.07176205049419937
8633 0.028503823712852563
8734 0.0922586838743946
8735 0.0686386020426141
8828 0.029939332953562027
8890 0.015851464754862907
8936 0.04237315495424677
8942 0.07945545632138767
8949 0.037028063049934015
9126 0.04330407941425449
9267 0.045224447521586525
9268 0.043963347718232904
9273 0.07684127842715242
9338 0.005363162666114819
9582 0.027497027856818568
9631 0.041503656216577804
9637 0.16769361021341805
9638 0.035881025247099685
9660 0.0922586838743946
9675 0.05873176544305162
9849 0.025604123519048654
9865 0.027791076152282337
9888 0.041503656216577804
9890 0.07104207760120912
9987 0.028503823712852563
9995 0.04362959271000746
10105 0.030056512557744164
10116 0.03236616125284392
10237 0.07983967913631013
10276 0.14500956470304133
10312 0.025354602782539683
10318 0.0986299519287873
10333 0.08312118891066074
10392 0.014267648106440165
10415 0.054156015174567466
10420 0.02409816502677899
10476 0.10061616612805083
10592 0.0686386020426141
10619 0.018408087712876945
10694 0.052767087673741345
10709 0.04698974003888553
10749 0.015302109489249921
10752 0.056559490733162486
10781 0.04930843962254564
10822 0.11311898146632497
10845 0.19644329208880681
10934 0.03516827768652946
10987 0.04178716431905156
10997 0.03625239117576033
11001 0.050363612115146325
11003 0.05344326761399724
11011 0.021216606273185494
11104 0.05212390554463309
11310 0.11230114227597389
11378 0.0686386020426141
11525 0.0922586838743946
11607 0.04237315495424677
11643 0.08792669543646581
11770 0.027114896212026448
11861 0.03181680598723093
11893 0.010752959824721714
11920 0.06660649241267973
11930 0.022612223760793262
11974 0.03828450080569471
12072 0.036634522820552455
12265 0.016845693315823924
12303 0.070685768919954
12304 0.05638726027674173
