472
36 0.021402576677967924
48 0.03340386428578001
76 0.0133664122527696
117 0.01877340571387792
132 0.01489890452088303
149 0.03104580653006168
159 0.016975591155455647
169 0.020675336179289495
210 0.011012915534456406
230 0.01279876407430611
262 0.015314095312244683
344 0.01648164424346429
374 0.022452539647794867
390 0.03559158009008261
435 0.008300433721404998
436 0.041686160208547846
456 0.009429955666642904
484 0.026463255631127697
496 0.034121746998630645
505 0.036745205584165705
566 0.024238762487912034
619 0.01965621158897805
628 0.02274783133242043
637 0.027537704589950824
642 0.029345715536498007
646 0.022763510607293848
658 0.03710360930961386
704 0.05431963508727012
717 0.02715981754363506
769 0.013993823171580782
808 0.035628357428995665
826 0.03598943149153418
858 0.025257887078223483
862 0.020956707300435203
937 0.015563605053861389
938 0.007465477682130588
942 0.02979780904176606
943 0.022763510607293848
952 0.006808251681838184
958 0.01309835296243967
1055 0.020405452851575526
1067 0.07420721861922772
1097 0.04626871110748182
1106 0.01942421503232177
1347 0.028589941443866475
1356 0.01931119991352096
1362 0.03289282185792305
1393 0.03340386428578001
1465 0.42901236815711524
1521 0.0233559566128119
1524 0.028621509030796233
1536 0.010146098115652993
1543 0.06462750336668431
1553 0.026824329693666212
1568 0.03710360930961386
1595 0.016897350911464666
1612 0.0371399348046089
1622 0.023655268114870565
1629 0.041686160208547846
1638 0.04162904994403555
1666 0.026802367062144512
1698 0.0133664122527696
1726 0.03955067191041734
1729 0.03395118231091129
1745 0.023565854351823016
1797 0.07069756305546905
1862 0.027537704589950824
1868 0.031742368442569044
1894 0.022219816163210532
1905 0.014139405345511537
1906 0.03442298887609145
1929 0.011684683116163826
1958 0.05539111051624318
1968 0.04626871110748182
1971 0.05718767449297433
1974 0.0233559566128119
2041 0.021102014764082886
2070 0.028365186096539277
2091 0.017134905453699667
2100 0.03459630766651945
2102 0.02204808641820695
2129 0.015563605053861389
2154 0.015500339274837457
2157 0.027938507511745887
2172 0.02027453325749443
2181 0.01478491508575056
2192 0.024006765931255756
2194 0.015073660690044064
2195 0.02204808641820695
2203 0.02931125775066334
2234 0.03340386428578001
2261 0.02125058783582686
2266 0.010316353621949045
2302 0.026802367062144512
2362 0.05189446149977917
2373 0.006462380308047835
2382 0.011475890286231324
2419 0.016897350911464666
2480 0.030875346360933788
2532 0.03900553977502544
2538 0.03900553977502544
2573 0.10021159285734002
2627 0.01931119991352096
2629 0.050515774156446966
2630 0.0165232679111431
2644 0.012512164622752283
2679 0.015889346968782046
2694 0.01989664621117867
2701 0.026916472553752693
2730 0.02498800375050951
2739 0.022577266644701072
2757 0.058247115870749044
2774 0.03252105841067987
2822 0.014841664133387786
2885 0.022577266644701072
2929 0.03104580653006168
2938 0.015691982358560445
3014 0.023565854351823016
3049 0.022219816163210532
3059 0.046305036602476875
3133 0.020146155952795373
3201 0.021717456352633654
3235 0.04626871110748182
3239 0.008992288461441155
3270 0.011649423174149808
3273 0.025539258199369183
3283 0.02498800375050951
3285 0.014190854814943933
3301 0.03580705002188509
3308 0.020539017464078185
3323 0.021880704732193713
3342 0.03002978774475091
3361 0.05810303604983498
3362 0.0691926153330389
3390 0.01977533595520867
3407 0.03026590914281564
3442 0.00908707465073454
3472 0.055160207572595474
3544 0.016897350911464666
3561 0.018877521620867223
3591 0.01651637867666404
3654 0.07496401125152853
3661 0.035054049348491476
3670 0.014728649014586977
3673 0.022763510607293848
3709 0.018470548634735833
3715 0.024728706851729353
3725 0.015192785056274687
3737 0.01489890452088303
3741 0.020956707300435203
3759 0.01082401058432257
3765 0.011900285595762335
3774 0.031742368442569044
3790 0.023152518301238437
3791 0.03527453052855309
3797 0.020539017464078185
3798 0.028821313386846018
3814 0.027387071935957623
3819 0.014728649014586977
3854 0.05507540917990165
3878 0.01630268301936663
3887 0.033820470263364384
3889 0.021717456352633654
3903 0.0140883531732432
3918 0.017993101002595067
3934 0.027938507511745887
3937 0.027537704589950824
3993 0.23713956259828595
4025 0.010731544413310697
4081 0.027916340510603592
4105 0.018366479193010266
4178 0.017054768430623375
4205 0.03598943149153418
4260 0.03900553977502544
4280 0.03900553977502544
4297 0.015500339274837457
4339 0.02956983017150112
4356 0.008922080118910991
4410 0.021681133015273784
4431 0.01104493120698182
4434 0.025833138734760844
4438 0.03900553977502544
4440 0.37139934804608904
4442 0.03252105841067987
4448 0.017550842811993008
4453 0.06986214207709186
4509 0.05431963508727012
4556 0.03252105841067987
4623 0.0233559566128119
4624 0.0049510713919538275
4655 0.028908570040354523
4751 0.035628357428995665
4778 0.02498800375050951
4861 0.03944678808020933
4873 0.021402576677967924
4882 0.0233559566128119
4883 0.01931119991352096
4903 0.03252105841067987
4905 0.016162013383658358
4926 0.013551353639561389
4941 0.016266104070783518
4951 0.027938507511745887
4995 0.018276086866912795
5001 0.008852609530931834
5005 0.026147462153111155
5052 0.029840437977157463
5122 0.031742368442569044
5128 0.023565854351823016
5181 0.013693535967978811
5224 0.00871582071770372
5241 0.023782635197605293
5337 0.01440075255395505
5351 0.01799471574576709
5362 0.027537704589950824
5401 0.014617533399737323
5437 0.03900553977502544
5525 0.01965621158897805
5536 0.03900553977502544
5556 0.01965621158897805
5590 0.029840437977157463
5609 0.015627482105915805
5622 0.027677686863252993
5630 0.027938507511745887
5641 0.021402576677967924
5745 0.03900553977502544
5752 0.014037692209203416
5761 0.025833138734760844
5802 0.006164315012442705
5807 0.02979780904176606
5846 0.035628357428995665
5927 0.023152518301238437
5953 0.03442298887609145
6004 0.03900553977502544
6008 0.00509063306138847
6013 0.011475890286231324
6041 0.01799471574576709
6055 0.01197374438992317
6066 0.010949345588357518
6079 0.009791597098166984
6114 0.016162013383658358
6119 0.029683328266775572
6147 0.07343759133033796
6162 0.02273547840279419
6280 0.013142281519119137
6325 0.041686160208547846
6360 0.008648473207062255
6409 0.011306796069848062
6452 0.00763573318842664
6463 0.05228138590664723
6491 0.024728706851729353
6494 0.02931125775066334
6562 0.02715981754363506
6570 0.017550842811993008
6631 0.02931125775066334
6646 0.018470548634735833
6651 0.03340386428578001
6666 0.021402015060242394
6712 0.022955153691016836
6718 0.031742368442569044
6731 0.03041568963369483
6791 0.011510234381421526
6800 0.03442298887609145
6873 0.03442298887609145
6970 0.022219816163210532
6982 0.027291602590429304
7016 0.02204808641820695
7128 0.17904262786294478
7138 0.03900553977502544
7150 0.012633474878722278
7163 0.04801353186251151
7167 0.06680772857156002
7176 0.015779333265510814
7209 0.03710360930961386
7220 0.010917788375903473
7256 0.05727241616967501
7259 0.013458236276876347
7262 0.013282585443673138
7272 0.01500587027804981
7277 0.03884843006464354
7312 0.03392038820954419
7338 0.027537704589950824
7371 0.02931125775066334
7393 0.03710360930961386
7420 0.03900553977502544
7425 0.0133664122527696
7537 0.003911395860514635
7586 0.03041568963369483
7595 0.03710360930961386
7625 0.020020224079400878
7631 0.0628701219013056
7660 0.012123156928807692
7706 0.04801353186251151
7753 0.02204808641820695
7818 0.01920008429867131
7833 0.010034982500803338
7835 0.0460409375256861
7861 0.013598408809425876
7866 0.02931125775066334
7956 0.09614564747778753
7986 0.015073660690044064
8039 0.025257887078223483
8045 0.01909080538989167
8098 0.009738707028433304
8100 0.014347650072023353
8124 0.05511780837624856
8133 0.026463255631127697
8156 0.011614350288410834
8178 0.05632021714163376
8200 0.020675336179289495
8239 0.04081090570315105
8291 0.01977533595520867
8319 0.03104580653006168
8324 0.03622747336088673
8326 0.03174075369939702
8327 0.0436880044797235
8332 0.022763510607293848
8349 0.028821313386846018
8359 0.035628357428995665
8387 0.02715981754363506
8405 0.024728706851729353
8534 0.05431963508727012
8582 0.020020224079400878
8586 0.18830378830272532
8603 0.01799471574576709
8621 0.04847752497582407
8634 0.03104580653006168
8682 0.03775504324173445
8708 0.012393040256521659
8775 0.16763104507047533
8812 0.031742368442569044
8819 0.020675336179289495
8834 0.03340386428578001
8838 0.023565854351823016
8863 0.01909080538989167
8867 0.017724832418053123
8890 0.015899356300631915
8912 0.027537704589950824
8923 0.021880704732193713
8936 0.02125058783582686
8939 0.026463255631127697
8942 0.013282585443673138
8950 0.11694026719789859
9000 0.02664194822401712
9077 0.020539017464078185
9146 0.027537704589950824
9169 0.020814524972017776
9224 0.057642626773692036
9273 0.009634179579008275
9338 0.0295865142401783
9428 0.035628357428995665
9438 0.01818095970835986
9444 0.01575711809190501
9468 0.02931125775066334
9549 0.05265252843597903
9568 0.0372975310936264
9575 0.008050923979788292
9582 0.013790051893148868
9613 0.057933599740562884
9614 0.07095427407471966
9616 0.01818095970835986
9620 0.01965621158897805
9628 0.01965621158897805
9658 0.011141919109553935
9663 0.02204808641820695
9675 0.01963640331004213
9802 0.026802367062144512
9804 0.016024274579631254
9821 0.0348430508652325
9826 0.03710360930961386
9849 0.012840740237266004
9894 0.041913414600870405
9898 0.007712832878036023
9923 0.01235380439384486
9947 0.03340386428578001
9972 0.03252105841067987
10004 0.010981054154927403
10019 0.04626871110748182
10063 0.023152518301238437
10086 0.028365186096539277
10105 0.015073660690044064
10168 0.026802367062144512
10214 0.03900553977502544
10216 0.017637265264276544
10266 0.018877521620867223
10273 0.03252105841067987
10285 0.024728706851729353
10298 0.014139405345511537
10318 0.049463969793356474
10323 0.03900553977502544
10325 0.014562668159907833
10336 0.04626871110748182
10383 0.03710360930961386
10420 0.012085486037958889
10508 0.01989664621117867
10509 0.022219816163210532
10561 0.02204808641820695
10579 0.022577266644701072
10619 0.03692740701082879
10655 0.031742368442569044
10760 0.012840740237266004
10766 0.028365186096539277
10808 0.04343491270526731
10816 0.014672857768249004
10844 0.03598943149153418
10845 0.012314800012530682
10848 0.015314095312244683
10871 0.06504211682135974
10872 0.03041568963369483
10909 0.04786939969543259
10925 0.01478491508575056
10951 0.011090180668071284
10980 0.015437673180466894
10988 0.007830194956249675
11003 0.026802367062144512
11011 0.010640353678486156
11018 0.06083137926738966
11021 0.015691982358560445
11036 0.005275759413724754
11049 0.01931119991352096
11080 0.02726122395220362
11103 0.021463088826621395
11217 0.016101847959576584
11276 0.05020941821906274
11304 0.04895839422022531
11310 0.01877340571387792
11319 0.016578245629057617
11358 0.04626871110748182
11375 0.057642626773692036
11399 0.04626871110748182
11499 0.018670904072177186
11539 0.03710360930961386
11655 0.028365186096539277
11707 0.03710360930961386
11727 0.028365186096539277
11764 0.049339232786884575
11770 0.04079522642827763
11818 0.01909080538989167
11875 0.2602079492635762
11876 0.13069632850524032
11892 0.03476262994648019
11893 0.025615437606928925
11908 0.015889346968782046
11929 0.008852609530931834
11950 0.031742368442569044
11957 0.010855122281532908
11977 0.025416490399225725
11988 0.028365186096539277
12004 0.03614408574319372
12005 0.03900553977502544
12006 0.006996911585790391
12021 0.01963640331004213
12024 0.012757052746944489
12030 0.014562668159907833
12051 0.011207377302279442
12052 0.01630268301936663
12064 0.024786080513043318
12078 0.028278810691023074
12087 0.021102014764082886
12089 0.04211307662761025
12098 0.026916472553752693
12105 0.03903408577511412
12113 0.05046007733710183
12120 0.028365186096539277
12138 0.013551353639561389
12157 0.015437673180466894
12175 0.01637415640150122
12180 0.013551353639561389
12186 0.009925703592023705
12193 0.020146155952795373
12204 0.03165455648234852
12265 0.01267244152045751
12286 0.016446410928961524
