246
26 0.042221088056905685
68 0.03922594408325437
76 0.01820426181397266
110 0.1011647829127645
130 0.18904573228791527
195 0.039920196990733084
210 0.014998938678018854
232 0.048523712599455676
330 0.018982077067239134
335 0.020059547600149386
343 0.01709556344481436
344 0.007482341091457559
374 0.04077203888948012
395 0.05677408118984005
435 0.02260939821045464
485 0.02489094784512949
496 0.03098119895184787
593 0.020773903146311903
628 0.03098119895184787
644 0.030262073564999624
674 0.022959082781230853
679 0.025568266659181493
682 0.1058185216174281
767 0.3281745041591059
769 0.019058758324703676
870 0.06301524409597176
887 0.015865824383805127
979 0.01190121485136329
1057 0.02402091065886791
1270 0.06301524409597176
1347 0.019468903451726575
1374 0.020213467498225314
1444 0.031532358634322834
1468 0.022498531359102694
1471 0.027098053688508143
1472 0.048523712599455676
1481 0.02894204198917005
1536 0.013818384694017674
1632 0.06730059954197769
1710 0.053541191947368845
1742 0.018266574137223643
1759 0.01562948286857554
1905 0.0577710978688935
1920 0.030262073564999624
1929 0.015913846336430126
2080 0.025549655858325502
2167 0.018649784938997778
2172 0.0828381403915733
2227 0.03823701071128532
2287 0.059057640269901436
2333 0.03367903408460137
2356 0.018544871094473548
2382 0.10940638008002879
2386 0.04549408469207956
2641 0.03604138678719226
2650 0.04346352476411129
2675 0.02128370503388572
2705 0.052811299072123584
2768 0.04402340994923051
3048 0.03367903408460137
3085 0.02894204198917005
3168 0.039920196990733084
3170 0.031532358634322834
3239 0.012246964283547442
3318 0.034032181102939596
3326 0.2270963247593602
3347 0.026149377620081623
3379 0.04549408469207956
3389 0.031263559724836694
3442 0.0123760574593088
3490 0.02894204198917005
3551 0.031263559724836694
3599 0.022300631199976703
3600 0.06301524409597176
3609 0.11471103213385596
3661 0.015913846336430126
3670 0.020059547600149386
3721 0.03192425156129652
3725 0.020691673398785686
3765 0.04862245243141074
3814 0.018649784938997778
3878 0.02220328868677997
3918 0.016337025239196057
4025 0.014615727876244716
4081 0.02534693488587349
4188 0.10106583656741668
4289 0.022498531359102694
4297 0.021110544028452843
4356 0.02430268935873075
4382 0.04058285103144809
4410 0.009842806340991729
4446 0.018914630349068456
4494 0.035183204895301766
4624 0.05057299492995321
4699 0.03640852362794532
4772 0.015042542127754011
4787 0.02438354066362671
4791 0.04645516894384466
4795 0.0874471253702254
4861 0.008954031497664754
4872 0.02991109073241249
4941 0.011076735162665413
5013 0.03922594408325437
5128 0.0320952978538906
5181 0.037299569877995556
5252 0.02367232152206162
5271 0.03301175887981613
5297 0.03408165427561353
5323 0.03239054052621333
5354 0.02414017193582897
5368 0.020691673398785686
5389 0.014491531496516077
5648 0.030502196989185357
5667 0.07713019907357486
5695 0.039252921785947845
5777 0.04876708132725342
5781 0.048523712599455676
5807 0.020291425515724045
5842 0.013408189365892668
6041 0.07352321113006606
6122 0.07170962519262383
6150 0.018914630349068456
6162 0.030964374993344042
6196 0.03750472263096841
6398 0.05927814993789665
6563 0.029360912618837214
6616 0.043280698934424405
6630 0.022300631199976703
6669 0.252060976383887
6698 0.023447207427529215
6778 0.012214978122826204
6923 0.04138334679757137
6952 0.012573235297246004
6982 0.03716954628390463
6994 0.1420339291323697
7042 0.013227740545594864
7259 0.018329320696194806
7262 0.009045047332465212
7272 0.010218553270774918
7327 0.048523712599455676
7443 0.030748899949487065
7483 0.009916711774577466
7502 0.044291755377576625
7507 0.01308594084691807
7537 0.02130835798159477
7542 0.020642916662229362
7559 0.03239054052621333
7575 0.06301524409597176
7788 0.03805059247144491
7817 0.022399037586840892
7826 0.026454630404357023
7894 0.06301524409597176
7952 0.014739576882474579
7986 0.02052943306755271
8088 0.04688207202272941
8092 0.014574138449998405
8128 0.034032181102939596
8198 0.2812509332509964
8324 0.006167459126734355
8329 0.04852206816610729
8343 0.038631703432345045
8384 0.06879949242093199
8395 0.25225886907458267
8422 0.3150762204798588
8425 0.0406409091165977
8435 0.04549408469207956
8437 0.12612943453729134
8455 0.04346352476411129
8473 0.03408165427561353
8603 0.024507737043355352
8711 0.03750472263096841
8719 0.024261034083053645
8721 0.036990062855618774
8727 0.021549855290676177
8783 0.053123234928861125
8863 0.026000546218763923
9017 0.022106987289936837
9020 0.038631703432345045
9291 0.0192570326229645
9292 0.1232263645016217
9338 0.025642323653155618
9445 0.033134091459733984
9476 0.06301524409597176
9567 0.09205276453780932
9575 0.010964881615265792
9578 0.015770542068483547
9624 0.04142436780143347
9625 0.018456141028957915
9656 0.015865824383805127
9658 0.015174633906596537
9663 0.03002818782362245
9741 0.06301524409597176
9898 0.010504421559352323
9906 0.027437871178469665
10127 0.05453271885135766
10167 0.019050032822059415
10184 0.05386567260983479
10195 0.02402091065886791
10217 0.03478295701224012
10218 0.01605946829384499
10298 0.038514065245929
10299 0.03650323647113133
10392 0.01949040004357326
10521 0.031532358634322834
10536 0.034032181102939596
10576 0.022106987289936837
10620 0.03650323647113133
10653 0.018392507585497087
10723 0.023336726350946073
10749 0.03135529765288548
10760 0.03497665532738122
10821 0.034399746210465994
10848 0.04171378156475286
10903 0.14601294588452532
10925 0.020136178656511818
10944 0.03805059247144491
10951 0.06545139992600832
11036 0.0071852718454853874
11067 0.04475998283919278
11078 0.06301524409597176
11080 0.0123760574593088
11085 0.06301524409597176
11116 0.07670479997754448
11161 0.057479388530468814
11219 0.1633570844566225
11318 0.03560207552496892
11343 0.05677408118984005
11433 0.03560207552496892
11478 0.10106583656741668
11499 0.02542866549421701
11629 0.045800656880421516
11736 0.04976521923360528
11771 0.029800223881060545
11893 0.018361425712281297
11908 0.021640349467212203
11977 0.01153858484660449
12016 0.02797292528818736
12021 0.06685904567747737
12051 0.030527568176179062
12052 0.02220328868677997
12072 0.025022396818704985
12129 0.1681463746120754
12186 0.013518220406500506
12204 0.02874108738194155
12225 0.0578840839783401
12265 0.005753038259833348
