202
26 0.03405347875321783
132 0.03273215634523147
210 0.024194830739763057
262 0.06728861995773906
264 0.07827373912324107
344 0.048279142979708915
347 0.03746848272773524
373 0.03117660616081965
374 0.03288474608179101
456 0.020717146202025808
515 0.05489740835445206
562 0.07338663770913556
594 0.026224807397209237
769 0.015371868692684173
776 0.08151479454025568
836 0.055490328677239756
921 0.10548335479347944
960 0.07144715686436846
984 0.07827373912324107
1063 0.10165006989203007
1465 0.06981621883364869
1482 0.09158243221614289
1521 0.051311881512594054
1543 0.05679337139009757
1586 0.042674039720852514
1665 0.05966877584188545
1666 0.058883474813247585
1736 0.034908109416824346
1782 0.14421247828673836
1929 0.025670670891720895
1958 0.040563843402320374
2069 0.055490328677239756
2162 0.051773016463837786
2177 0.041941555226590994
2194 0.06623217401117347
2266 0.022664518669344262
2315 0.10165006989203007
2316 0.10165006989203007
2362 0.038003188419692246
2412 0.20330013978406014
2419 0.037122644223880195
2483 0.057429809522006846
2644 0.02748860683516405
2648 0.08569324170490138
2675 0.03433280526472065
2756 0.03746848272773524
2757 0.15355923925825707
2841 0.03419247054066178
2899 0.08569324170490138
2900 0.03377942286898812
2909 0.07144715686436846
3132 0.046040849438133274
3323 0.04807082609557945
3361 0.05470692706059919
3442 0.019963853568678615
3472 0.030296061965007587
3597 0.0670208847731134
3619 0.049203180917446666
3661 0.025670670891720895
3683 0.038748199461473176
3698 0.06555796635312695
3787 0.09158243221614289
3790 0.05086493760395305
3830 0.037822757143515226
3918 0.03952995297922594
3975 0.044829770678564855
3993 0.09472434369223928
4101 0.022290475742704405
4134 0.04036369964089479
4147 0.06331900003324835
4198 0.03746848272773524
4244 0.07866631791183544
4339 0.06496345438813193
4382 0.03273215634523147
4410 0.03175491793610252
4440 0.12239189978419755
4453 0.03837091770530748
4492 0.08569324170490138
4516 0.16302958908051135
4600 0.08965954135712971
4624 0.01631588845851237
4712 0.036784849209611004
4861 0.01444377373460407
4883 0.04242575109447881
4926 0.08931496112306564
5005 0.0957411351985687
5031 0.20330013978406014
5392 0.10165006989203007
5473 0.027845054931125955
5690 0.06973641351777266
5777 0.03933315895591772
5807 0.03273215634523147
5943 0.051311881512594054
6008 0.011183869057487993
6066 0.024055170712299276
6119 0.03260640204496531
6155 0.03629244507309644
6180 0.02811825165526264
6209 0.027755119467628025
6249 0.05086493760395305
6280 0.08661882747430844
6409 0.04968094348187428
6410 0.060207312760511264
6436 0.023985841077330632
6452 0.01677532815810276
6491 0.10865549178487235
6516 0.20330013978406014
6521 0.07827373912324107
6570 0.03855833360818725
6616 0.034908109416824346
6652 0.10165006989203007
6872 0.0405788818128853
6952 0.020281921701160187
7163 0.10548335479347944
7179 0.05813846377146666
7262 0.04377177491155273
7272 0.03296715482329149
7282 0.022167905133887476
7328 0.04572848189481725
7465 0.06973641351777266
7483 0.01599667603365446
7484 0.011502465760288974
7507 0.021108968484932444
7537 0.008593143251237388
7540 0.06331900003324835
7586 0.06682176579108176
7631 0.09208169887626655
7952 0.03566468023199173
8092 0.02350958428094327
8100 0.03152107758566305
8169 0.035660844218930045
8222 0.033116087005586735
8324 0.0198974917984603
8348 0.06439538356832339
8363 0.10165006989203007
8365 0.10165006989203007
8371 0.06973641351777266
8384 0.055490328677239756
8385 0.03476213300267765
8390 0.05001030694034655
8432 0.05377958533064395
8473 0.02748860683516405
8586 0.06894901825930656
8659 0.046040849438133274
8775 0.18413855756544378
8890 0.017465049711922732
8942 0.014590591637184241
8944 0.039942669264459336
8950 0.2247979853591552
8969 0.034908109416824346
8976 0.05001030694034655
8981 0.04292664662611888
9205 0.10165006989203007
9267 0.02491401382690645
9270 0.051773016463837786
9273 0.02116581603675148
9338 0.005909100769257804
9445 0.017816232463588818
9549 0.2699083352573107
9614 0.1870596369649179
9616 0.039942669264459336
9653 0.051773016463837786
9656 0.025593206543042844
9720 0.048438555381194674
9804 0.035204538704455154
9821 0.02551615314774942
9883 0.06820610144735385
9922 0.037644539803924834
9979 0.06820610144735385
9998 0.05432774589243618
10217 0.05610848711402047
10228 0.05086493760395305
10257 0.09158243221614289
10318 0.01811164919835319
10392 0.04716002980887039
10559 0.051311881512594054
10649 0.1000206138806931
10749 0.050579320030039544
10766 0.06231691093611236
11025 0.05675412811519457
11067 0.01805061397937544
11125 0.03894058016732335
11161 0.04636008274898364
11179 0.04636008274898364
11319 0.009105396425276956
11434 0.06973641351777266
11454 0.10165006989203007
11629 0.018470292545027793
11736 0.04013820850700751
11875 0.10393890815784913
11876 0.08203810559906877
11892 0.0763717786622997
11893 0.0029618868160347636
11957 0.04769633353482048
12024 0.02802661393205594
12064 0.05445379298869046
12087 0.04636008274898364
12105 0.02858531861841178
12177 0.017822594681859403
12186 0.08722511949926635
12265 0.037120969669684485
12286 0.07226390277085774
