252
105 0.028631402293542545
210 0.019509649423421788
344 0.01946509079002138
352 0.02888060199625545
435 0.029408843000801783
478 0.03441047236039321
500 0.05499840615083579
505 0.032547515537356686
547 0.020762500915441028
552 0.03738273565134074
619 0.5223218990834987
642 0.02599332667200002
644 0.03936294818940658
682 0.03441047236039321
692 0.0631165072316502
769 0.024790400263827443
826 0.03187807938557594
930 0.07384805312751425
938 0.02645055288057949
952 0.024121968988776235
1132 0.05623238262801918
1260 0.05917576318134316
1308 0.026808399420209256
1524 0.012675925948334657
1543 0.0686935224291952
1553 0.047519956609523066
1612 0.36186866952606156
1638 0.036873440448044734
1729 0.030072675229559594
1850 0.051925610532998864
1895 0.018903248645391498
1971 0.01688489418337849
2084 0.04426686025497176
2094 0.03936294818940658
2116 0.0631165072316502
2117 0.13819853683634786
2150 0.03638537215435766
2172 0.035916831908830785
2174 0.032547515537356686
2224 0.047481049270220996
2230 0.051057662100528735
2243 0.02745923041450997
2419 0.059868141444614144
2630 0.009757124510371189
2644 0.044331211758464946
2656 0.019285490539409565
2668 0.05761185096588542
2757 0.020637238286415904
2763 0.029527835403622412
2853 0.028387394630888404
2975 0.05917576318134316
3036 0.08196615420832866
3089 0.02888060199625545
3112 0.027021349726205915
3120 0.035032491669387204
3152 0.02649606239925185
3178 0.046880305070021375
3269 0.021081647206456947
3330 0.03124484710859217
3332 0.020825638233685544
3342 0.02659925200219819
3361 0.11763537200320713
3362 0.030644102908392545
3420 0.036873440448044734
3442 0.03219595032135051
3539 0.036873440448044734
3597 0.027021349726205915
3605 0.031091747619080155
3654 0.04426686025497176
3759 0.03834999936117526
3774 0.05623238262801918
3797 0.03638537215435766
3874 0.039675285210363995
3876 0.031091747619080155
3903 0.024957862475506007
3918 0.01062507294284132
4081 0.016484826833327953
4097 0.03461416348006627
4101 0.017974061149630065
4134 0.06509503107471337
4320 0.03655134589247678
4356 0.015805683309113538
4410 0.02560577187195301
4414 0.039675285210363995
4434 0.04576403756525124
4446 0.024602927914142366
4448 0.031091747619080155
4453 0.061881247324059446
4459 0.06909926841817393
4624 0.008770944154173968
4655 0.025606119698964425
4772 0.019566365970922005
4782 0.03524739575705004
4816 0.05623238262801918
4861 0.05241071294316098
4862 0.07384805312751425
4873 0.03791518843839639
4892 0.06098116733735951
4905 0.028631402293542545
4941 0.028815801493527443
4972 0.018585257777271085
5005 0.015440289731432076
5051 0.02589531819905223
5066 0.039675285210363995
5184 0.039675285210363995
5305 0.05917576318134316
5401 0.02589531819905223
5425 0.016013716206100714
5527 0.03819077631037401
5532 0.049493749885071
5556 0.03482145993889991
5609 0.027684467051736418
5622 0.024515849861186004
5757 0.05917576318134316
5777 0.031716532766833186
5802 0.010920234923442483
5845 0.022822522581215306
5950 0.04878371769898552
6010 0.04505200365515627
6066 0.019397033707957995
6083 0.05286306625654509
6084 0.032721028994956776
6119 0.0525847425591576
6258 0.018743174023655735
6277 0.030791424903335023
6280 0.02328187338400261
6289 0.13230385422528168
6295 0.03461416348006627
6360 0.01532098196792075
6401 0.04878371769898552
6436 0.019341129333695556
6452 0.013526888236898073
6646 0.06544205798991355
6791 0.020390661933287438
6827 0.06098116733735951
6872 0.1636051449747839
6905 0.08505714688241527
7035 0.06961215861192467
7150 0.022380509966895303
7205 0.021081647206456947
7208 0.026393774027052806
7225 0.05286306625654509
7259 0.04768318994147174
7262 0.011765212610227253
7272 0.026583266483987168
7282 0.017875225591185602
7312 0.020030265984941772
7452 0.03738273565134074
7463 0.047481049270220996
7483 0.01289901734438454
7507 0.017021345561813343
7537 0.013858267005882443
7558 0.06279994892963406
7631 0.03712531992291684
7651 0.049493749885071
7833 0.017777217118237813
7895 0.05917576318134316
7957 0.05286306625654509
7965 0.07384805312751425
7986 0.026703358858085495
8098 0.01725235786724172
8100 0.05083442655658661
8124 0.06509503107471337
8133 0.046880305070021375
8156 0.02057510581087895
8171 0.03665341092690881
8176 0.03819077631037401
8178 0.06651509544688435
8222 0.026703358858085495
8224 0.03594812229926013
8230 0.05917576318134316
8265 0.08587912203942866
8387 0.048114281547204776
8395 0.04101525285591092
8586 0.027798730828016364
8633 0.02532389052021927
8682 0.033441991601033685
8737 0.05917576318134316
8863 0.03381982901823299
8890 0.028166098842118462
8950 0.05179063639810446
8957 0.031091747619080155
9000 0.02359843168601877
9175 0.036626864094916264
9184 0.05623238262801918
9338 0.061942913076203227
9343 0.06572995204669983
9380 0.05623238262801918
9445 0.0071831138880330955
9496 0.05024962144149547
9549 0.06218349523816031
9580 0.02900721884210243
9602 0.03847300548911916
9614 0.10055778657051102
9624 0.053882138646065655
9656 0.020637238286415904
9658 0.01973818241422213
9817 0.049493749885071
9850 0.053882138646065655
9906 0.07137881674274008
9922 0.030354904408304746
10008 0.1476961062550285
10172 0.026808399420209256
10183 0.06725877341119153
10191 0.03461416348006627
10216 0.03124484710859217
10240 0.06909926841817393
10266 0.10032597480310107
10298 0.02504830264824166
10318 0.029208877726030286
10490 0.02850876301410185
10529 0.08196615420832866
10530 0.03905872474284413
10554 0.053882138646065655
10619 0.049063354021231825
10643 0.03381982901823299
10749 0.027189962254744304
10818 0.03187807938557594
10881 0.10129556208087707
10934 0.03124484710859217
10951 0.019646526498776067
10960 0.05528832742381759
10963 0.02400655465789
10979 0.024515849861186004
10988 0.04161414605483499
11036 0.028038410795593476
11103 0.019011193595421208
11160 0.05024962144149547
11276 0.044473606654980666
11310 0.03325754772344217
11319 0.0146843839520219
11332 0.022224027465753835
11499 0.03307596355632042
11624 0.02900721884210243
11629 0.014893633114337803
11736 0.03236568938541751
11875 0.06285882968423477
11876 0.23153174489424297
11893 0.007165006529811225
11929 0.01568261446213366
11950 0.11246476525603837
11977 0.045025934840890014
12004 0.04268675504220832
12006 0.012395200131913722
12051 0.019854143204802045
12072 0.032547515537356686
12078 0.02504830264824166
12087 0.07476547130268148
12089 0.04973623067544503
12103 0.04174748778641018
12204 0.028038410795593476
12265 0.007483180108827969
