71
8 0.3943556209297785
119 0.05929923633275375
374 0.0359246542576114
674 0.16183583327257334
922 0.13218315593167862
938 0.0358348822189648
1178 0.0709687595722692
1684 0.08186423481594132
2042 0.12648968375962655
2537 0.12547738979203998
2828 0.04993596189995554
2900 0.07380407223287024
3239 0.043163694490174404
3270 0.11183630174496723
3332 0.0564286347138572
3596 0.10129133671697703
3638 0.12702571610945848
3680 0.10100028754538666
3737 0.14303183571907074
4552 0.055250033679452984
4624 0.023765533532171375
4861 0.01577897473498021
4872 0.052709926817381424
4907 0.07069867798889014
5110 0.11311796124020415
5224 0.041836627495132964
5368 0.07292656762912932
5425 0.04339036970035348
5539 0.12400110526378763
5622 0.1328550818941034
5636 0.14599771133747222
6063 0.09269528406257474
6222 0.0979477845484848
6788 0.17810025374411678
6952 0.13294085160005145
7272 0.1080440429071475
7593 0.10059384942050904
7696 0.18722967012156067
7833 0.04816870819216391
7951 0.0688698529875111
8098 0.09349312507202205
8208 0.11748169096683173
8794 0.22209346589148599
8823 0.06964076687693749
8924 0.22209346589148599
8942 0.03187872934619251
9338 0.012910691271933979
9407 0.1083726622042661
9445 0.019463187881571187
9551 0.14599771133747222
9675 0.09425628603830065
10004 0.052709926817381424
10140 0.15650833094055766
10584 0.18722967012156067
10653 0.1296465899545605
10794 0.17732018312229997
10848 0.07350886643434076
10862 0.08383594926850993
10898 0.05301654170986764
11080 0.04361867568145747
11101 0.07470653289106603
11103 0.05151226036065615
11634 0.04025221886058233
11637 0.14938940949421886
11893 0.025885499508270782
11953 0.08424543100795155
12006 0.033585727966673334
12034 0.29804464436628614
12191 0.12400110526378763
12270 0.04816870819216391
12271 0.06787026186085975
