171
23 0.1465777191873142
188 0.0404055190726876
189 0.04444828481100447
344 0.02377850900181907
429 0.04535220325995311
493 0.024834860810375316
515 0.05407629208668882
921 0.051952805014641716
937 0.03368104396083717
938 0.016155966508421812
979 0.018910735357868972
1524 0.04645464372918085
1553 0.029025133460586203
1575 0.027607411836369677
1684 0.03690805589487812
1706 0.1743923883803857
1742 0.029025133460586203
1745 0.10199726524177138
1902 0.043598097095096426
2002 0.16704258018785278
2094 0.04808568467298241
2261 0.04598818722366241
2373 0.027970346779392908
2377 0.04598818722366241
2480 0.06681703207514111
2630 0.03575784087079657
2644 0.05415490373158687
2701 0.029124836187252347
2756 0.03690805589487812
2822 0.032118698746123185
2895 0.024909184527527814
2936 0.038358134751228685
2949 0.07037850126576575
3150 0.20025932133708707
3361 0.07185154650150807
3369 0.056570815404313864
3420 0.04504450788749226
3637 0.057268870109097654
3827 0.04771404602815481
3880 0.04735181697483839
3898 0.09021260753428428
4025 0.02322402925938532
4035 0.06718592324335691
4059 0.02498389635984512
4162 0.05877629286336399
4209 0.23201095122896667
4306 0.33659979271087687
4320 0.02232551896902575
4446 0.030054878715358783
4451 0.01623702782088461
4577 0.04808568467298241
4624 0.005357282346491664
4699 0.028926120723714355
4772 0.023902226523955718
4785 0.061384819042156036
4820 0.027251933093806937
4861 0.02845546814390378
4872 0.0237639908265779
4926 0.02932635055203212
5224 0.018861821520902797
5496 0.21937958576046718
5497 0.052975188662163115
5802 0.01334013322774596
6008 0.011016588723226228
6010 0.02751771070631986
6027 0.5006483033427177
6057 0.05542925054050498
6068 0.02468736173722745
6074 0.03116452635236717
6252 0.0404055190726876
6360 0.0187160754383777
6507 0.07313478039325245
6554 0.0404055190726876
6584 0.02013782558109952
6778 0.11645578450663713
6893 0.0844115033330834
6952 0.01997855918643462
6961 0.05800273780724167
7002 0.040627341862987956
7020 0.056570815404313864
7021 0.06457739706456486
7150 0.05467995638488741
7176 0.05122184887907879
7262 0.04311706793127627
7310 0.07228897273977401
7345 0.09021260753428428
7442 0.10012966066854354
7471 0.07633726307744627
7507 0.02079323559446943
7537 0.00846461314523943
7558 0.038358134751228685
7560 0.046653762270054605
7625 0.04332556917182982
7716 0.07710297637761618
7717 0.06869334599762325
7835 0.04981836905505563
7843 0.06718592324335691
7911 0.06524152040547389
7952 0.023420822259965397
8124 0.039759968219035054
8171 0.022387860171699647
8178 0.08125468372597591
8239 0.04415923895242956
8252 0.034320797463068334
8324 0.02939981896792332
8326 0.022896617182625003
8374 0.045666661706695894
8380 0.03438597882126065
8556 0.02335712122728943
8633 0.030935604934594452
8763 0.04504450788749226
8769 0.11600547561448334
8836 0.040627341862987956
8942 0.01437235597709209
8944 0.039345235314587376
8986 0.02623560415791929
9099 0.024253774514157903
9144 0.061384819042156036
9151 0.03559151543484543
9267 0.02454136778291716
9273 0.020849232861166085
9319 0.05590524035792167
9338 0.017462149967348052
9582 0.02984291508477579
9789 0.04631710477560452
9898 0.016691265444523092
9906 0.08719619419019285
9910 0.050544394997247215
10081 0.03467797433109372
10112 0.0844115033330834
10116 0.03512745475323299
10127 0.04332556917182982
10141 0.03116452635236717
10226 0.04179117697814121
10274 0.19029661009084484
10298 0.03059894744014438
10318 0.008920374035674876
10340 0.052975188662163115
10392 0.015484881243060284
10485 0.07228897273977401
10508 0.04305813552790385
10639 0.08029555440002502
10805 0.10012966066854354
10848 0.033141082393644584
10951 0.01600010029048557
10960 0.022513363462223074
10981 0.027879939759636284
11067 0.03556125154726413
11080 0.03933049698030777
11217 0.03484585011636888
11299 0.06046144813150649
11314 0.07228897273977401
11405 0.0844115033330834
11498 0.05526925639421237
11540 0.059594074487553585
11754 0.04699853276918877
11768 0.03368104396083717
11770 0.08828454654098435
11812 0.03340851603757056
11893 0.017505510157142346
11930 0.02454136778291716
12029 0.031049607795761464
12083 0.0387448416263875
12156 0.04131422336659707
12177 0.017556017026088545
12186 0.021480117098078552
12193 0.043598097095096426
12204 0.022834437667303517
12205 0.0342421858181703
12265 0.009141435172304369
12275 0.027077451865793436
