104
68 0.06303261695624117
76 0.058505271891269556
110 0.08128142177110523
214 0.07682067642525559
290 0.16240384553129472
328 0.20251982897212595
344 0.04809383697205934
347 0.07464934084084623
514 0.11887950781844196
769 0.03062573613506645
952 0.0297999648834415
975 0.27702966610396984
979 0.03824839577845407
1413 0.21560930768701358
1444 0.10133941349152085
1458 0.091105931774863
1553 0.05870553265719511
1632 0.05407305051538369
1742 0.05870553265719511
1814 0.04963677668489115
1844 0.11887950781844196
1929 0.05114428238084923
1933 0.17207190405595926
1958 0.04040815041748496
2278 0.05192854624043974
2480 0.06757125619888242
2701 0.058907188979783906
2748 0.07758223525018952
2756 0.07464934084084623
2763 0.07295660304690818
2900 0.06729953997543651
3332 0.051455441993798076
3361 0.07266259973174756
3606 0.23775901563688392
3876 0.07682067642525559
3903 0.061665233520688076
4048 0.06342398424456001
4145 0.09577263930822796
4148 0.20251982897212595
4230 0.08818045630292358
4410 0.03163303555164404
4624 0.01083550965141469
5337 0.12606523391248234
5400 0.12615193546881087
5627 0.06471411031048645
6008 0.022281885798749505
6057 0.03736995366662873
6410 0.039984149202852794
6452 0.033421881491462004
6584 0.040730278773790034
6778 0.039256775337813195
6794 0.18236481148261693
6952 0.04040815041748496
7461 0.09172826899033168
7466 0.12228786209046347
7561 0.05098994833403176
7826 0.2550614840205152
7952 0.09474077684485467
8166 0.09502652895693359
8324 0.03964224166573253
8447 0.1849957005620642
8556 0.047241548255020895
8668 0.1282964397437548
8942 0.05813835890330977
8972 0.07430277903176108
8985 0.08931540824640809
9000 0.05830638749886968
9099 0.04905509749798708
9109 0.10047554142440453
9140 0.12053353314482014
9273 0.04216915392553483
9338 0.011772840672320845
9445 0.03549569966145732
9638 0.07876352437761072
9922 0.07500010350138471
9987 0.0625696060355425
10204 0.1559466144694748
10217 0.11178626071074729
10298 0.061888690732894
10318 0.03608426538171242
10392 0.03131934613639858
10429 0.09172826899033168
10460 0.05273465867723147
10490 0.07043870565341367
10750 0.06211388692921662
10818 0.07876352437761072
10925 0.06471411031048645
10951 0.03236141571569288
10981 0.05638929158628939
11036 0.02309219056661487
11067 0.03596266347704301
11103 0.046972359660976536
11217 0.03523918666475797
11310 0.08217187864963224
11332 0.02745527275805118
11368 0.18246183725171033
11497 0.030931956613616144
11629 0.11039639691120699
11802 0.16240384553129472
11893 0.00590103688128586
11929 0.07749638687780173
11977 0.03708296719688633
12051 0.04905509749798708
12304 0.185666072198682
