246
73 0.047189266023068464
159 0.034599505613641834
211 0.07016064335844263
215 0.04186245082950611
262 0.03121305890744009
326 0.034282433585604614
330 0.028407335295917713
344 0.03359274721578814
373 0.057847359345036
374 0.03050838365393164
380 0.0413233813675585
435 0.01691787346369474
464 0.03444003701332104
625 0.04760391226064904
646 0.04639639384753541
736 0.03935992353346083
769 0.028522091451631953
791 0.05874335598617585
854 0.040553175201505615
952 0.013876520713043997
958 0.02669695168216539
1012 0.20372134746225887
1243 0.07562426114284561
1380 0.1053057676149429
1465 0.032385531944599956
1468 0.13467932338907257
1536 0.02067969094532979
1551 0.04528824045258746
1666 0.05462835674665298
1706 0.04106172383622877
1729 0.034599505613641834
1753 0.13616694456048278
1759 0.023390062045196617
1793 0.056127115446027005
1809 0.05093033686556472
1823 0.09606344809666581
1824 0.061993000101536966
1862 0.11225423089205401
1895 0.02174874874382331
1896 0.036490812511174475
1958 0.13171397245132924
1971 0.019426572016755957
2002 0.0314649342681342
2055 0.04639639384753541
2080 0.01911797212949376
2093 0.061993000101536966
2107 0.07610975598330769
2194 0.03072300710397929
2243 0.03159265976906691
2298 0.036676676691843074
2356 0.013876520713043997
2373 0.01317156861862393
2473 0.042423987890587656
2562 0.07261741529827068
2621 0.06808347228024139
2622 0.040305921668831
2630 0.03367758422148207
2757 0.023743755302456614
2768 0.03294127831394701
2822 0.030250153693993934
2933 0.03725016491952514
3133 0.04106172383622877
3158 0.05694402855471457
3218 0.07562426114284561
3239 0.01832800591460574
3295 0.049403239692110336
3361 0.03383574692738948
3397 0.048031724048332905
3400 0.03001980723939531
3409 0.06808347228024139
3591 0.03366354264232002
3597 0.03108886503788883
3626 0.0608205270643771
3683 0.03594812415852194
3770 0.05694402855471457
3897 0.03935992353346083
3918 0.04889784738137857
3975 0.0415902205714992
3993 0.04393962190770736
4048 0.01476686691604874
4081 0.03793256530759248
4105 0.018717200895156036
4198 0.03476088406294304
4320 0.021026704271222153
4339 0.030134488267422797
4410 0.044190301038853304
4416 0.18875706409227386
4440 0.07569829945800588
4451 0.015292418631209363
4552 0.04692012377623003
4624 0.010091231630799129
4694 0.1348146670376739
4766 0.12655459800841032
4820 0.025666518156984917
4861 0.02010002704946608
4883 0.03935992353346083
4886 0.055356909279974116
4915 0.050401840130294286
5005 0.07105804683632917
5111 0.05205389899799364
5247 0.03266054025425238
5380 0.0314649342681342
5389 0.021687078432705967
5431 0.050401840130294286
5465 0.05205389899799364
5473 0.05166575509451675
5527 0.13181886572312207
5541 0.0460167929859086
5592 0.06808347228024139
5609 0.03185180120675497
5627 0.030134488267422797
5681 0.03913344863167113
5688 0.07261741529827068
5752 0.028611504951261482
5805 0.05393718271013964
5845 0.02625798975776026
5869 0.06469702557403964
5963 0.08496437743691114
6034 0.028407335295917713
6057 0.052204585286804606
6068 0.04650228782637067
6084 0.03764651524192728
6119 0.030250153693993934
6155 0.03366983084726814
6452 0.015563086486819172
6507 0.03444003701332104
6638 0.050041777179431944
6657 0.022577256523633925
6714 0.1824615811931313
6747 0.02486420148170741
6813 0.05148041077031158
6952 0.01881628177876132
6979 0.07261741529827068
7102 0.029460600877871383
7117 0.056127115446027005
7176 0.032161302949624
7229 0.03847600412330437
7262 0.027072452759581707
7282 0.06169793310367864
7338 0.056127115446027005
7356 0.04300994714133367
7379 0.035598106051825784
7385 0.056127115446027005
7483 0.014840702385493497
7484 0.010671258872070823
7542 0.01544641961552543
7552 0.01861884323612504
7631 0.04271378270392812
7660 0.024709315414829448
7706 0.04893038628212498
7707 0.05093033686556472
7744 0.050401840130294286
7745 0.04678699915196148
7748 0.0608205270643771
7833 0.020453216043540088
8098 0.039698699787736144
8225 0.033227989969864404
8250 0.06469702557403964
8324 0.11998760848527143
8326 0.021564578139410165
8352 0.030134488267422797
8447 0.028714761697588322
8517 0.03686514045570847
8556 0.02199829179132099
8586 0.03198326507349297
8670 0.07562426114284561
8708 0.05051877863915262
8775 0.11388805710942913
8868 0.0634432150843265
8869 0.04426433495633989
8890 0.03240593287970477
8921 0.06628414484878009
8928 0.06808347228024139
8950 0.029793332337605612
8976 0.04639639384753541
8996 0.039824622668184484
9075 0.05462835674665298
9077 0.04186245082950611
9099 0.022842781163458777
9228 0.05694402855471457
9291 0.02881881580120163
9292 0.02634464561562694
9338 0.04385671408132489
9339 0.05265288380747145
9393 0.05148041077031158
9433 0.023601162019881498
9445 0.008264385771976076
9534 0.032250104277433675
9568 0.02533983695827822
9575 0.01640932482897158
9578 0.023601162019881498
9584 0.028407335295917713
9614 0.028923679672518
9625 0.0552405076242383
9663 0.0449382223458913
9675 0.020011375166136346
9850 0.061993000101536966
9898 0.031440460837786455
9921 0.03525695012200859
10081 0.03266054025425238
10141 0.0880544743806056
10318 0.016802840471216083
10334 0.02696736087936018
10420 0.024632534925274882
10501 0.036676676691843074
10585 0.07016064335844263
10591 0.09520782452129808
10597 0.022842781163458777
10641 0.04678699915196148
10655 0.06469702557403964
10679 0.053279738201772876
10749 0.01564142937877084
10914 0.03084385938902272
10951 0.0075346373265655145
10988 0.015959436809221315
11011 0.043374156865411934
11036 0.01075300799717533
11154 0.11003003007552922
11217 0.01640932482897158
11237 0.06952176812588608
11332 0.05113880672001265
11353 0.0608205270643771
11376 0.0608205270643771
11392 0.07562426114284561
11429 0.07016064335844263
11468 0.06469702557403964
11486 0.0608205270643771
11497 0.014403639008391091
11778 0.48367106002597204
11780 0.038910717288582766
11784 0.06327729900420516
11828 0.13172322807813472
11846 0.03542644845071115
11892 0.03542644845071115
11893 0.008243552718791968
11910 0.07261741529827068
11930 0.0693409300135812
11950 0.06469702557403964
11977 0.017267891570390895
12004 0.024556189454992328
12006 0.04278313717744792
12064 0.07577816795872894
12089 0.028611504951261482
12265 0.03443848346804734
12289 0.07261741529827068
12327 0.06808347228024139
