60
119 0.08714291564086474
289 0.133906961664721
344 0.03875347458813449
493 0.08095016783778243
522 0.13466527318794033
524 0.12758577987038158
547 0.08267303351342645
797 0.1605722918463629
1205 0.06723300956750168
2030 0.2773072219227843
2042 0.12392154911238938
2249 0.18667004750334076
2373 0.04558520145453989
2705 0.18235124644740744
2781 0.08420219120075167
3286 0.15434503784034673
3339 0.17443465562410837
3414 0.23562863995037422
3680 0.07421225028836714
4048 0.05110633537365179
4596 0.2289985339318151
4872 0.07745962663512633
5472 0.1262902762553058
5636 0.2145502544324224
5802 0.04348266865716707
5920 0.20008613867803424
6008 0.03590898748957019
6057 0.060224579320665016
6638 0.08659426071098894
6732 0.09831434203061214
6952 0.06512086907381832
7035 0.09239491178999519
7282 0.1423527088936679
7328 0.14682427662890157
7484 0.03693193267573893
7525 0.26172639560735206
7951 0.10120737062130622
8098 0.06869619252290368
8208 0.08632233497764286
8528 0.20008613867803424
8823 0.10234026352494634
8837 0.0914774697864625
9341 0.06963455679977898
9434 0.11652720086374568
9445 0.02860203679771901
9568 0.17539620466085182
9898 0.05440581082679734
10318 0.02907629645590774
10499 0.14885221052673972
10898 0.0779102111175339
11194 0.12758577987038158
11244 0.130290023235209
11276 0.0885434752880795
11497 0.049849247639919526
11629 0.17791235766052782
11637 0.07317816953629544
11828 0.18235124644740744
12006 0.049355749583578704
12098 0.09493350478618473
12271 0.09973842615233634
