252
73 0.046572909668871655
159 0.03414758874918772
211 0.06924424939869397
215 0.0413156699671294
262 0.030805373668553022
326 0.033834658115490544
330 0.028036296644736343
344 0.03315397999293588
373 0.05709179371516608
374 0.03010990243762744
380 0.040783641489630706
435 0.01669690289797862
464 0.033990203026889536
473 0.07846237099964495
625 0.046982140059485006
646 0.0457903934883485
736 0.038845829100233376
769 0.028149553928106964
791 0.05797608741473368
854 0.04002349526950401
952 0.013695274373856453
958 0.026348252980241443
1012 0.20106046803827043
1243 0.07463650486233797
1380 0.1039303302650313
1465 0.03196253260427667
1468 0.13292022722705127
1530 0.044696714092340634
1536 0.020409585898331403
1551 0.044696714092340634
1666 0.05391483569329161
1706 0.040525401563524584
1729 0.03414758874918772
1753 0.13438841803136933
1759 0.02308455584470672
1793 0.055394018554225696
1809 0.05026511700956761
1823 0.094808728080222
1824 0.06118328673346663
1862 0.11078803710845139
1895 0.021464680339844906
1896 0.03601419259193114
1958 0.11142309242418307
1971 0.019172834416833633
2002 0.03105395919255094
2055 0.0457903934883485
2080 0.018868265266165758
2093 0.06118328673346663
2107 0.07511565847618079
2194 0.030321722611880722
2243 0.06236003284750704
2298 0.03619762913219701
2356 0.013695274373856453
2373 0.012999529917940187
2460 0.04002349526950401
2473 0.041869872586188774
2562 0.07166893253690378
2621 0.06719420901568467
2622 0.03977947120613047
2630 0.033237708911305355
2757 0.023433629384286808
2768 0.032511020165955445
2822 0.02985504531414313
2889 0.048291288516045104
2933 0.03676362681927572
3133 0.040525401563524584
3158 0.056200261660436
3218 0.07463650486233797
3239 0.01808861709046718
3295 0.048757965813782694
3361 0.01669690289797862
3397 0.047404364040111
3400 0.02962770749928239
3409 0.06719420901568467
3591 0.033223850734371584
3597 0.03068280194079589
3626 0.06002612779774298
3683 0.03547859249138964
3770 0.056200261660436
3897 0.038845829100233376
3918 0.048259174617845325
3975 0.04104699540861662
3993 0.043365710350138705
4048 0.014573991437738992
4081 0.0374371141249678
4105 0.01847272865227631
4198 0.03430685937522656
4320 0.020752066755583543
4339 0.029740890636236597
4410 0.043613115268982414
4416 0.18629163867548662
4440 0.07470957613584132
4451 0.015092678728711707
4552 0.04630728278787809
4624 0.009959426344099515
4694 0.13305380310249473
4766 0.12490162187190557
4820 0.025331278326205776
4861 0.019837493205743868
4883 0.038845829100233376
4886 0.05463387233409899
4915 0.04974352316447557
5005 0.07012993155979624
5111 0.051374003883870686
5247 0.03223394892928096
5380 0.03105395919255094
5389 0.021403815527336164
5431 0.04974352316447557
5465 0.051374003883870686
5473 0.05099092967063085
5520 0.05026511700956761
5527 0.13009713105041612
5541 0.045415750733148005
5592 0.06719420901568467
5609 0.03143577311984216
5627 0.029740890636236597
5681 0.03862231227040682
5688 0.07166893253690378
5752 0.02823779956514205
5805 0.053232689335001804
5845 0.025915024498929604
5869 0.06385199393504998
5963 0.08385462646328896
6034 0.028036296644736343
6057 0.05152272200365878
6068 0.02294745217349541
6084 0.03715480026438587
6119 0.02985504531414313
6155 0.03323005680676282
6452 0.015359811291939552
6507 0.033990203026889536
6638 0.04938816312820331
6657 0.022282366674915562
6714 0.18007838339322896
6747 0.024539441004021906
6813 0.050808006196792
6952 0.018570515404030513
6979 0.07166893253690378
7117 0.055394018554225696
7176 0.03174123234664918
7229 0.0379734548864947
7262 0.026718849500020434
7282 0.060892073714158314
7338 0.055394018554225696
7356 0.04244817840771381
7379 0.035133146099880594
7385 0.055394018554225696
7484 0.010531877636307066
7542 0.015244668249548149
7552 0.01837565567879431
7631 0.04215588228291971
7660 0.024386577961012342
7706 0.048291288516045104
7707 0.05026511700956761
7744 0.04974352316447557
7745 0.04617589695327471
7748 0.06002612779774298
7833 0.02018606906850485
8098 0.03918018047328948
8228 0.09307274806423993
8250 0.06385199393504998
8324 0.1275296682299186
8326 0.04256583051082464
8352 0.029740890636236597
8447 0.02833970763713941
8517 0.036383631301547724
8556 0.021710964013846597
8586 0.03156551988867972
8670 0.07463650486233797
8708 0.04985893429647346
8775 0.112400523320872
8868 0.06261455992514721
8869 0.043686182202251726
8890 0.031982667075267014
8921 0.06541838326138698
8928 0.06719420901568467
8950 0.029404190669455835
8976 0.0457903934883485
8996 0.03930445862869664
9075 0.05391483569329161
9077 0.0413156699671294
9099 0.022544423199790886
9228 0.056200261660436
9291 0.028442402651846548
9292 0.026000548512774845
9338 0.04869437109003043
9339 0.05196516513251565
9393 0.050808006196792
9433 0.023292898565004466
9445 0.008156441590737888
9534 0.031828873807665636
9568 0.025008864030750363
9575 0.016194996603958036
9578 0.023292898565004466
9584 0.028036296644736343
9614 0.02854589685758304
9625 0.054518991043187595
9656 0.023433629384286808
9663 0.04435126770083157
9675 0.019749999237258054
9850 0.06118328673346663
9859 0.050808006196792
9898 0.031029805418675414
9921 0.034796446133099825
10081 0.03223394892928096
10141 0.08690436251462712
10218 0.02371963908101774
10318 0.01658337239371035
10334 0.026615130263486927
10420 0.024310800329662693
10501 0.03619762913219701
10585 0.06924424939869397
10591 0.09396428011897001
10597 0.022544423199790886
10641 0.04617589695327471
10655 0.06385199393504998
10679 0.052583831951089684
10749 0.015437130918574125
10914 0.030440996400793924
10951 0.014872449316177202
10988 0.015750984737049705
11011 0.04280763105467233
11036 0.010612559006030857
11154 0.10859288739659105
11217 0.03238999320791607
11237 0.06861371875045312
11276 0.025249939000349754
11332 0.05047086396259587
11353 0.06002612779774298
11376 0.06002612779774298
11392 0.07463650486233797
11429 0.06924424939869397
11468 0.06385199393504998
11486 0.06002612779774298
11497 0.014215507783335822
11778 0.47735365447356565
11780 0.038402490103284954
11784 0.06245081093595278
11828 0.13000274256387423
11846 0.03496373058180962
11892 0.03496373058180962
11893 0.008135880645721369
11910 0.07166893253690378
11930 0.06843524263122407
11950 0.06385199393504998
11977 0.017042349289487668
12006 0.04222433089216044
12064 0.07478840144471019
12089 0.02823779956514205
12265 0.033988669773041866
12289 0.07166893253690378
12327 0.06719420901568467
