155
29 0.02867583569804574
70 0.04108229139976858
110 0.03266390774536669
111 0.051618062877535995
129 0.03737902310577681
133 0.07816772205901122
173 0.06054880488529577
214 0.030871304081730933
327 0.21843384824737927
330 0.024515599056813973
343 0.022079142212878596
344 0.009663540694452417
362 0.03661200414198085
408 0.05720337729706012
435 0.014600165711053333
456 0.016586954369122796
457 0.03566217805104952
547 0.02061529274939997
628 0.04001262080606214
639 0.05460846206184482
646 0.04004020008915318
694 0.04072445069401246
983 0.04145149400710161
1184 0.020490918244689318
1384 0.12109760977059154
1391 0.07332446319435165
1664 0.04920672959344186
1814 0.11968278057279413
1894 0.03908386102950561
1905 0.024870707727942493
1929 0.020552939220176324
1958 0.016238496677808325
2059 0.046547919113199054
2096 0.02855146119333508
2100 0.060853666431815036
2279 0.04037729341145963
2356 0.011975470932447798
2578 0.04532141731939819
2630 0.009687945541476464
2768 0.02842840284564455
2769 0.06266900501049058
2778 0.07332446319435165
2798 0.036862097766694045
2841 0.02737582402010921
2851 0.03416649873942095
2900 0.027045121962233427
2957 0.031023318080859844
3055 0.03248903369299671
3085 0.03737902310577681
3132 0.036862097766694045
3133 0.07087273393750994
3239 0.015817113426262103
3245 0.06860934783394154
3378 0.04108229139976858
3609 0.024691797963111776
3619 0.03939398355037803
3670 0.025907166243418028
3680 0.018505517461603338
3688 0.04305803121582979
3765 0.020932176261938933
3884 0.05720337729706012
3918 0.010549740134508729
4059 0.02030681563430871
4156 0.03197965714050741
4169 0.018876402369892485
4317 0.030871304081730933
4320 0.07258438653674887
4382 0.026206639582832984
4451 0.013197394259839507
4585 0.08138500614299742
4624 0.0130631359509631
4907 0.025907166243418028
5040 0.06144250321668973
5137 0.05583368952488566
5219 0.03661200414198085
5340 0.028928647944709104
5341 0.103114905732093
5425 0.015900177388989863
5433 0.07251304106228555
5473 0.022293835794002403
5477 0.06266900501049058
5807 0.026206639582832984
5825 0.05583368952488566
5842 0.01731685070120047
5914 0.20870464722336907
5922 0.24415501842899223
6055 0.021061387650606077
6122 0.030871304081730933
6155 0.029057145443733067
6180 0.022512567734823765
6251 0.017846623294772265
6270 0.06054880488529577
6409 0.01988824943631082
6436 0.01920399883145154
6584 0.01636794779570518
6638 0.06477926208011889
6657 0.019484226977663305
6778 0.07887901442139604
6817 0.021593087360039627
6994 0.030573110683469535
7176 0.013877641110023712
7181 0.5125680579877319
7188 0.05387389063707651
7356 0.037117688392378834
7389 0.03737902310577681
7418 0.03543636696875497
7443 0.07942520725518826
7483 0.01280756204741757
7484 0.009209322212518549
7542 0.013330297481719313
7554 0.02193818405866948
8252 0.02789581322571974
8324 0.01593070712069327
8352 0.026006136247934755
8453 0.036862097766694045
8517 0.03181470536291934
8554 0.08138500614299742
8753 0.04956181756978783
8776 0.024780908784893915
8777 0.036367176039358476
8942 0.04672718439971517
8986 0.04264839791329272
9153 0.06526392024570589
9291 0.04974141545588499
9292 0.2046194358713531
9338 0.03784845030929729
9445 0.021396554720046458
9568 0.04373668114682043
9776 0.02018568010835026
9813 0.03661200414198085
9888 0.03661200414198085
9910 0.04108229139976858
10081 0.05637225044245865
10167 0.04920672959344186
10216 0.031023318080859844
10276 0.12791862856202965
10392 0.025172104782453523
10533 0.2988439614319343
10571 0.028306633090712706
10630 0.04263511532436848
10653 0.023754162414273573
10960 0.018298775921530442
11011 0.018716001132506824
11080 0.0479515168179594
11095 0.03661200414198085
11106 0.041482023738805024
11159 0.07273435207871695
11319 0.007290135115427929
11729 0.40692503071498703
11750 0.03457457237572271
11846 0.030573110683469535
11893 0.00948560790853926
12012 0.05069565827301424
12039 0.04305803121582979
12204 0.009279871905174708
