252
105 0.024091143839919185
116 0.053105932727525416
169 0.030818715837568653
203 0.05084377418398822
210 0.01641588371073447
214 0.026161336997966755
215 0.09184655630059574
230 0.038155749406699836
234 0.03393135467245289
374 0.011155940153954533
404 0.09936276649029069
435 0.012372650484145304
450 0.018710575961673585
452 0.04048450249219915
515 0.03724719057804054
625 0.13925782559915179
626 0.04228122833933229
678 0.02738625479826079
740 0.03648876192997986
769 0.0104296166230694
884 0.04448024305441844
887 0.017364663837260406
938 0.022256125199817654
965 0.038533577287985864
979 0.013025518885730338
1062 0.048475983616637734
1184 0.017364663837260406
1380 0.03850695122706545
1524 0.010665826011405956
1698 0.03984802543607862
1706 0.030029918263214384
1809 0.03724719057804054
1895 0.015905643652689483
1958 0.06880512446183125
1971 0.028414704269328038
1996 0.03724719057804054
2077 0.03850695122706545
2107 0.08349271064438471
2174 0.02738625479826079
2195 0.032864941309419984
2222 0.04048450249219915
2266 0.030755173023324027
2272 0.04979189660438883
2326 0.04228122833933229
2373 0.04816421378132817
2650 0.0475695103168807
2701 0.0200608858736421
2718 0.0689682744419124
2853 0.07165748994217344
2901 0.05060773043378971
2933 0.027242387881378657
2938 0.046781028472082986
2951 0.03724719057804054
3120 0.0294771729035544
3138 0.1379365488838248
3239 0.02680786231666739
3254 0.053107732509976475
3281 0.08896048610883688
3285 0.021152929182938162
3300 0.02542188709199411
3323 0.0326154416847018
3330 0.05258031711001067
3332 0.03504637608050334
3441 0.03451121066484615
3442 0.01354521972592105
3452 0.03578455464997524
3485 0.05530674722506263
3523 0.029842203848929542
3559 0.030221277844466387
3624 0.0326154416847018
3643 0.02696080561698402
3661 0.052251667226065515
3918 0.008940189444837444
3933 0.015506971855352734
3943 0.11628354054253646
4059 0.017208649357936135
4082 0.04731526610062404
4097 0.02912518160121094
4102 0.048475983616637734
4119 0.12427502166697506
4169 0.01599647110470517
4205 0.026822975275349357
4410 0.010772653168973571
4439 0.09958379320877767
4624 0.011070121979901761
4683 0.03312092216343023
4694 0.06572988261883997
4699 0.01992401271803931
4712 0.024958050479331053
4716 0.04533771483549034
4785 0.04228122833933229
4820 0.018770849597783332
4827 0.08638780772390012
4846 0.06213751083348753
4861 0.004899958022474337
4910 0.0689682744419124
4915 0.036860681871639274
5042 0.035127330575928865
5109 0.04448024305441844
5112 0.02398795222914376
5146 0.021465803359079084
5174 0.09255393780310316
5181 0.020411624272953763
5196 0.028785330378977902
5285 0.051311006662843335
5354 0.026420686407396355
5380 0.0460228804810093
5389 0.015860541931935937
5433 0.020483295198193308
5473 0.037785028428998516
5629 0.0689682744419124
5681 0.0286197011224825
5702 0.04448024305441844
5842 0.014674856810006881
6003 0.03421701840668569
6008 0.015176224695143486
6034 0.02077530793433154
6057 0.02545272957658222
6068 0.017004399377484044
6084 0.08259675946282152
6136 0.03578455464997524
6162 0.011296523262481272
6180 0.019077874703349918
6184 0.08329044001642569
6198 0.047771659961448956
6251 0.03024760632425624
6281 0.020849683447996366
6409 0.016853942885777073
6410 0.027233261943236935
6452 0.011381845949442722
6458 0.11061349445012526
6461 0.0689682744419124
6508 0.03451121066484615
6584 0.013870725937424054
6638 0.05489603229170025
6791 0.017157188620718865
6801 0.0689682744419124
6804 0.03312092216343023
6817 0.01829867743056675
6867 0.03866114677908372
7035 0.09762221382740195
7042 0.028954722092501335
7176 0.011760359875144327
7215 0.0354504647309074
7220 0.01627408689338381
7272 0.022367793586731747
7290 0.05530674722506263
7308 0.06213751083348753
7376 0.13621193940689327
7484 0.01560855228445859
7542 0.011296523262481272
7552 0.013616630971618467
7554 0.018591123483569224
7571 0.09255393780310316
7684 0.0689682744419124
7707 0.03724719057804054
7744 0.1474427274865571
7835 0.017157188620718865
7889 0.11174157173412162
7952 0.024198030131565216
7971 0.06380548525162938
7989 0.04627696890155158
8092 0.015950952738405282
8156 0.01731238409245627
8169 0.04839085489137059
8171 0.01542052648715324
8224 0.01512380316212812
8252 0.011819905124485322
8321 0.028456809665361106
8324 0.0877512617293517
8364 0.020130042008559126
8374 0.0314547241686881
8380 0.023684706494201964
8455 0.02378475515844035
8473 0.018650668732910217
8514 0.02753225315427384
8515 0.03504637608050334
8556 0.01608814347538073
8655 0.05814177027126823
8723 0.023104850501808705
8800 0.03648876192997986
8819 0.09245614751270596
8843 0.04448024305441844
8868 0.09279661861915797
8869 0.032372103178523376
8873 0.019394773673822203
8888 0.04369144548006417
8890 0.023699626433173214
8928 0.04979189660438883
8932 0.036130369387539045
8942 0.019799060234233903
8957 0.026161336997966755
8963 0.03896539243374464
8976 0.03393135467245289
9049 0.0354504647309074
9053 0.06624184432686046
9099 0.016705748983629653
9102 0.04979189660438883
9273 0.014360735912530453
9445 0.07857256049048016
9473 0.0257846780762769
9578 0.017260380231494295
9584 0.04155061586866308
9659 0.0752989588919871
9675 0.01463503975065419
9865 0.04155061586866308
9898 0.011496770969506796
10237 0.029842203848929542
10298 0.021076238455170506
10318 0.02457704542327332
10360 0.04228122833933229
10364 0.020555491189835896
10365 0.1379365488838248
10392 0.04266330404562382
10448 0.0689682744419124
10509 0.03312092216343023
10571 0.04797590445828752
10591 0.034814456399787946
10709 0.07025466115185773
10723 0.02554133957009848
10951 0.01102070356140739
10959 0.018531935865509983
10960 0.03101394371070547
11036 0.01572812444634682
11067 0.012247111094925026
11154 0.1341148763767468
11194 0.02696080561698402
11217 0.012000730542485877
11237 0.12710943545997055
11319 0.012355790413679719
11474 0.04104778201511058
11497 0.031601700686506536
11625 0.05530674722506263
11629 0.12531857642802896
11634 0.01249980978111697
11778 0.5600662851675337
11779 0.0629094483373762
11828 0.11560073186395758
11852 0.0579075820831007
11893 0.0020096023840529015
11929 0.013195725340999788
11930 0.15213456226836947
11957 0.064722706528319
12021 0.01463503975065419
12030 0.021707155229068267
12051 0.016705748983629653
12052 0.024300826405284685
12072 0.02738625479826079
12180 0.020199686883466007
12202 0.20690482332573723
12205 0.02358566336119075
12265 0.018889577939651552
