224
23 0.07950106440980652
111 0.025833681040022517
159 0.029887975083138982
189 0.03616190073011028
210 0.019389825195027938
273 0.04309915493264935
390 0.020888035634232024
493 0.020204958978497042
571 0.02453901333110396
576 0.024279374049672918
590 0.039121189109489946
674 0.01484013673642951
714 0.04309915493264935
854 0.035030913548281556
887 0.04102097728125755
956 0.022682351371628513
999 0.057258010902514464
1195 0.3030331681513027
1373 0.031521736387685975
1575 0.022460630156754768
1638 0.036646971409364355
1814 0.039932362264168166
1858 0.04309915493264935
1895 0.03757429761011095
1916 0.07006182709656311
2002 0.1902617416936353
2080 0.016514613851047785
2091 0.0301684708686878
2096 0.02857873002499656
2100 0.030455893171450185
2227 0.02471538052084905
2261 0.03741472293500236
2262 0.05466061732455356
2266 0.01816342754594266
2373 0.02275590403373112
2480 0.02718024881337647
2630 0.019394396542573872
2677 0.021411270320900046
2679 0.027975485621758944
2763 0.029346481550634566
2822 0.026130888977521752
2895 0.020265426708421592
2901 0.029887975083138982
2937 0.038524134555817977
2950 0.08894030172304994
2990 0.06272885870892135
3023 0.08146273505561782
3037 0.052538392245892754
3169 0.049940998667931856
3239 0.015832219980720756
3269 0.020952168093072553
3349 0.08146273505561782
3361 0.04384232996178217
3559 0.03569623816178679
3560 0.04781877358927105
3571 0.0404158568184085
3759 0.019057230801644048
3825 0.055887014973638835
3891 0.01894844485249755
3903 0.04960915290057864
3958 0.049940998667931856
3965 0.07950106440980652
4025 0.05668329233863791
4048 0.0637800660176021
4081 0.03276716087832949
4101 0.017863668186557508
4120 0.03975053220490326
4145 0.038524134555817977
4213 0.052538392245892754
4306 0.39121189109489946
4317 0.030900788540984166
4355 0.04602445785187456
4451 0.02641999756379797
4552 0.020265426708421592
4577 0.3520907019854095
4624 0.004358537415352424
4699 0.023533495399560855
4772 0.01944619340123335
4820 0.044342844878363846
4861 0.028938231773847436
4926 0.02385911136837486
4941 0.02863882080542922
4972 0.018471110971025106
5000 0.3030331681513027
5113 0.05466061732455356
5117 0.08146273505561782
5181 0.02410944385164964
5252 0.030602310345194377
5312 0.022460630156754768
5340 0.02895627701859982
5496 0.24987366713250753
5627 0.052061948198749194
5667 0.03323659781088507
5692 0.04496554527700693
5802 0.02170633020191419
5842 0.01733338961959349
5998 0.02623166893031045
6008 0.008962793266099852
6010 0.0223876517870824
6028 0.04226737174625733
6055 0.021081502888509757
6057 0.04509571210932077
6066 0.05783370342593351
6074 0.02535460058913665
6137 0.06867487501462834
6209 0.022243053507292058
6232 0.03616190073011028
6251 0.035727336373115016
6257 0.08707690559397159
6398 0.025543873244509917
6401 0.04848409820277629
6436 0.019222340120810293
6554 0.03287281783465711
6567 0.08146273505561782
6584 0.016383580439164745
6629 0.04848409820277629
6638 0.08645484164751496
6657 0.019502835906359116
6664 0.03419913036188954
6666 0.01884066619511845
6698 0.030311294891659846
6772 0.02410944385164964
6932 0.05816947558508381
6952 0.01625400568553806
6998 0.03715313862694236
7101 0.06800030191058618
7176 0.027781790639824975
7235 0.07824237821897989
7247 0.1467889873425001
7282 0.017765439655654726
7379 0.030750592755996304
7382 0.03380451589919627
7425 0.023533495399560855
7470 0.05307870471078578
7483 0.012819794249864236
7484 0.009218117820401068
7536 0.024194098856305402
7537 0.013773152398499378
7554 0.02195913670428028
7558 0.031207122321235382
7561 0.04102097728125755
7580 0.024626862894012863
7619 0.12561827185069221
7706 0.04226737174625733
7835 0.020265426708421592
7911 0.02653935235539289
7952 0.00952726807326366
7968 0.03460759373976068
8098 0.01714639745634192
8166 0.01911200742900868
8176 0.07591243293501355
8252 0.027922455863368348
8312 0.0249850453650433
8320 0.03975053220490326
8324 0.02391888324874218
8326 0.01862805732851205
8440 0.041872757283564065
8447 0.1240228822514466
8515 0.041395462948839584
8724 0.07339449367125005
8754 0.023695164829473696
8769 0.1415682914815732
8811 0.03400015095529309
8828 0.026435884902265037
8830 0.051606694181353586
8867 0.031207122321235382
8868 0.02740197002825022
8942 0.01169295310969427
9000 0.02345349500331818
9017 0.02857873002499656
9027 0.017913095062667878
9151 0.02895627701859982
9267 0.019966181132084083
9284 0.051606694181353586
9338 0.042620173287127694
9444 0.02774267762460697
9445 0.014277993378777082
9546 0.023695164829473696
9571 0.07339449367125005
9575 0.02834962424584853
9671 0.023776849458265754
9692 0.04848409820277629
9919 0.036646971409364355
10081 0.05642609025812641
10141 0.02535460058913665
10144 0.032520063207900324
10170 0.06867487501462834
10270 0.04602445785187456
10321 0.02740197002825022
10392 0.012598073034990488
10460 0.04242458182860719
10545 0.060606633630260545
10619 0.06501602274215224
10638 0.035470211412618004
10686 0.03881883414036409
10709 0.04149108335787222
10749 0.013511483567356508
10760 0.06782392213842733
10934 0.0621058954502443
10979 0.04873055717190573
10988 0.013786186861203845
11036 0.009288734893415793
11106 0.02076082112390356
11129 0.039431607821116266
11315 0.03795621646750678
11319 0.007297097752678118
11359 0.06272885870892135
11385 0.04309915493264935
11464 0.06532625228688226
11624 0.0576581250165427
11693 0.04447015086152497
11795 0.0404158568184085
11893 0.016615667933229796
11977 0.014916464956386568
12006 0.012319071378425675
12029 0.025261106015528393
12048 0.04496554527700693
12051 0.01973220316691083
12086 0.04781877358927105
12113 0.02961407981482624
12129 0.03105294772512215
12204 0.009288734893415793
12250 0.16292547011123565
12265 0.014874439931133921
