309
6 0.028807842962139164
79 0.09373259028258717
88 0.03051669508047669
132 0.03893356490031469
159 0.02218016361692104
169 0.027014219127450424
201 0.019317844819727547
210 0.028778764311258895
236 0.03168002831502538
237 0.0319843116001686
313 0.02218016361692104
330 0.018210645892459354
344 0.021534776765546493
347 0.044567231948014326
373 0.01854165070170599
374 0.0977876604203851
444 0.03974088244815135
463 0.1089335676760362
535 0.0544667838380181
576 0.018017964998972895
625 0.03051669508047669
678 0.024005487188358245
696 0.06103339016095338
711 0.025175874868843987
769 0.009142105412693405
922 0.035980531567128944
942 0.019466782450157344
956 0.016832798583368464
958 0.01711419703494245
965 0.033776699396191316
979 0.022835099507872506
1012 0.03264911404681277
1215 0.05231651041334413
1395 0.04847926164863275
1433 0.13965513011132433
1524 0.00934915531737198
1534 0.15289292365497548
1582 0.03107418970531114
1584 0.044976785695606473
1632 0.03228275236339624
1662 0.0544667838380181
1704 0.031670161759332655
1706 0.02632279672578008
1759 0.014994301044805855
1814 0.014817101629763407
1823 0.03079094568839099
1958 0.07237355582626559
1978 0.04364520613810336
1979 0.027765838069380645
1986 0.0639686232003372
2021 0.046551710037108104
2099 0.02168070841694761
2100 0.022601621279566702
2107 0.02439524511425545
2129 0.02033527453639473
2130 0.028375844518966704
2161 0.027196082025071094
2227 0.018341529738364643
2266 0.013479260260771992
2298 0.023511743174424157
2347 0.046551710037108104
2356 0.017791207960356364
2419 0.06623380673050083
2420 0.044976785695606473
2508 0.04249173945924739
2541 0.019466782450157344
2620 0.03051669508047669
2644 0.016348288315444395
2662 0.027196082025071094
2666 0.022283615974007163
2694 0.025996789410783244
2705 0.016888349698095658
2901 0.02218016361692104
2904 0.02683610624880327
2942 0.029742610147808022
2981 0.04847926164863275
3085 0.027765838069380645
3155 0.1089335676760362
3195 0.02632279672578008
3209 0.1089335676760362
3226 0.033753360258766
3239 0.0469969917486417
3276 0.03136703702346478
3308 0.02683610624880327
3332 0.04607997724750972
3342 0.01961833315436335
3400 0.019244328047730568
3442 0.023746189538464742
3601 0.0794817648963027
3609 0.018341529738364643
3626 0.11696779051866338
3670 0.019244328047730568
3715 0.06462063783033085
3716 0.05096430788499183
3813 0.03706171189469649
3877 0.07412342378939298
3882 0.024803423499005644
3887 0.014729846659891865
3891 0.014061829412849641
3918 0.007836544454890935
4033 0.02008962285731779
4048 0.018932728575065
4061 0.03415520799569174
4081 0.012158418017976213
4101 0.013256805858345218
4116 0.041474309742580207
4118 0.04364520613810336
4199 0.04847926164863275
4229 0.037657683948718004
4410 0.009442794918012847
4416 0.030250884305739727
4451 0.029409814503673783
4624 0.01940708383235894
4655 0.018885846376555084
4694 0.11523137184855665
4712 0.02187703888105316
4766 0.040564187847722755
4772 0.01443121356217173
4791 0.022283615974007163
4827 0.010817634230971634
4876 0.029262588406131912
4877 0.03974088244815135
4921 0.04847926164863275
4926 0.03541216776531896
4937 0.046551710037108104
4941 0.03187973070238802
5016 0.0794817648963027
5018 0.07613854450223828
5111 0.03336937844045267
5246 0.037657683948718004
5263 0.0544667838380181
5297 0.016348288315444395
5368 0.01985076426847066
5401 0.01909914532654044
5425 0.01181094940356776
5473 0.016560278551152594
5585 0.03501974578175943
5634 0.26360378764102604
5661 0.0544667838380181
5845 0.06733119433347386
5930 0.03336937844045267
5931 0.038989263506221124
5988 0.14543778494589824
6008 0.03325689019643253
6038 0.040564187847722755
6055 0.015644792999761535
6057 0.011155325513844893
6079 0.025587235663191096
6198 0.020937181436798683
6214 0.013942130011566141
6251 0.026513611716690436
6256 0.04847926164863275
6258 0.013824066644276286
6280 0.017171593715015806
6452 0.009976784307745729
6618 0.033753360258766
6633 0.046551710037108104
6699 0.06103339016095338
6714 0.1949463175311056
6732 0.018210645892459354
6764 0.07003949156351887
6772 0.017891858108655713
6791 0.030078349497359446
6867 0.03388852073893182
6998 0.02757171375228487
7015 0.03974088244815135
7028 0.040564187847722755
7043 0.033001741316835774
7117 0.035980531567128944
7121 0.022601621279566702
7176 0.010308571595236463
7208 0.03893356490031469
7220 0.014265089816011055
7230 0.022283615974007163
7254 0.022494313457756973
7379 0.022820320772753814
7405 0.02903222359237409
7425 0.017464441033169444
7464 0.037657683948718004
7483 0.019027393672959993
7484 0.020522570792548777
7507 0.01255412851232064
7537 0.025552983505048858
7552 0.011935690467560676
7554 0.03259218756924363
7660 0.01584001415751269
7706 0.03136703702346478
7748 0.07797852701244225
7760 0.05096430788499183
7901 0.02738185625106733
7951 0.09373259028258717
7988 0.025086667515925788
8052 0.02683610624880327
8139 0.03829784110455078
8143 0.0544667838380181
8212 0.03829784110455078
8222 0.019695117380561955
8224 0.03977041757503565
8250 0.33179447794064165
8321 0.024943884619329462
8324 0.029584068649425057
8364 0.035290073001750334
8385 0.06202220900412621
8418 0.03829784110455078
8455 0.020848584059417922
8512 0.08849779609142853
8515 0.015359992415836576
8520 0.04249173945924739
8543 0.06158189137678198
8708 0.016192641427535688
8717 0.04847926164863275
8754 0.052753252575896054
8776 0.05522316877461029
8777 0.05402843825490085
8862 0.04249173945924739
8888 0.03829784110455078
8890 0.11425680349348112
8904 0.0544667838380181
8928 0.04364520613810336
8942 0.026032370451651847
8976 0.029742610147808022
8988 0.042977482430501396
9027 0.013293486034775762
9034 0.029993009377743594
9075 0.07003949156351887
9151 0.021488741215250698
9246 0.03231031891516543
9267 0.014817101629763407
9270 0.06158189137678198
9273 0.012587937434421994
9338 0.021085903037602445
9393 0.033001741316835774
9433 0.015129627602078755
9445 0.005297920457670075
9546 0.08792208762649344
9575 0.010519269078986274
9578 0.03025925520415751
9580 0.02139433406168198
9584 0.018210645892459354
9600 0.03548678755319486
9614 0.01854165070170599
9618 0.01867768766389477
9625 0.03541216776531896
9659 0.09900522395050733
9664 0.013256805858345218
9669 0.030250884305739727
9820 0.038989263506221124
9858 0.03974088244815135
9861 0.03974088244815135
9863 0.06529822809362554
9888 0.027196082025071094
9898 0.020155044218277796
9921 0.0678048638387001
9944 0.03548678755319486
9983 0.0544667838380181
9995 0.028589143468952055
10106 0.026661591857427423
10141 0.018815901309620294
10142 0.029742610147808022
10181 0.027765838069380645
10191 0.025529747639347823
10318 0.010771533993643305
10327 0.03706171189469649
10392 0.00934915531737198
10417 0.05096430788499183
10420 0.03158158738121989
10646 0.04117623406561347
10657 0.029499265363809507
10750 0.01854165070170599
10760 0.050332807290792134
10816 0.05751429503348659
10914 0.019772590263720295
10925 0.019317844819727547
10951 0.009660224083172568
10963 0.01770608388265948
11045 0.03336937844045267
11067 0.021470469083804306
11071 0.020588117032806736
11080 0.011873094769232371
11125 0.06947734771320348
11244 0.024133462396746914
11300 0.015501219025865345
11332 0.03278275455406406
11353 0.11696779051866338
11497 0.027700546370745135
11539 0.04847926164863275
11624 0.02139433406168198
11630 0.044976785695606473
11634 0.010956738180080562
11736 0.011935690467560676
11778 0.3875742968678402
11779 0.22057371001827897
11828 0.0844417484904783
11930 0.11853681303810726
11954 0.0544667838380181
11955 0.041474309742580207
12006 0.01828421082538681
12021 0.012828379120234944
12024 0.01666825706426045
12072 0.024005487188358245
12088 0.04364520613810336
12129 0.023044701402988737
12131 0.03501974578175943
12135 0.04847926164863275
12162 0.03548678755319486
12177 0.02119924942981234
12232 0.07483165385798839
12235 0.046551710037108104
12265 0.022076939669876394
