71
68 0.18104190692444466
76 0.08401924669954383
464 0.10621419330418609
493 0.07213571142517929
636 0.16847562739653177
913 0.1097857158512658
952 0.04279564080708493
956 0.0809804936862101
958 0.08233426652547593
1070 0.18424613497287662
1106 0.12209767915900312
1308 0.09512346465033272
1413 0.0774089711391304
1524 0.044977619698835236
1575 0.08018890496831198
1895 0.06707384786802435
1916 0.12506731012760575
2480 0.09703887975981143
2701 0.16919287726642215
2748 0.11141561695674176
2763 0.10477276032749422
3152 0.09401520827492095
3197 0.1623832046576056
3295 0.15236119660618358
3361 0.05217527152115442
3362 0.2174671597551782
3540 0.17072250708416087
3903 0.08855725818330597
4048 0.09108299485925239
4230 0.12663569064276525
4519 0.1911884268226613
4861 0.02066304552872189
5001 0.055646165182431595
5035 0.1103219445966294
5051 0.09188360508608966
5312 0.08018890496831198
5882 0.09823198997005225
6001 0.10720369603138838
6114 0.10159197277201679
6650 0.20997164093629497
6794 0.2618935625792766
6899 0.15387253229266143
7561 0.07322651292409955
7826 0.12209767915900312
7952 0.06802847371624737
8166 0.06823365759475573
8447 0.08855725818330597
8633 0.17971204971625795
9267 0.07128322714931899
9575 0.05060689100599489
9584 0.08760914517049989
9631 0.13083695725421093
9898 0.048481701452668155
9987 0.08985602485812898
10023 0.1554409128078209
10135 0.12355597444112788
10237 0.12584410192486714
10312 0.07992835771253341
10429 0.131730693875655
10457 0.17829927158125672
10460 0.07573208625118322
10515 0.1375388020426448
10818 0.11311206275404949
10862 0.1097857158512658
10981 0.1619609873724202
11011 0.06688365462451498
11217 0.05060689100599489
11861 0.10029993654520739
11893 0.016948922976831742
12129 0.11086518306642039
12265 0.026552350530019597
