259
73 0.04756515417198212
105 0.0664073469953571
111 0.03014431228645212
117 0.07713717579188857
210 0.02262522886123433
262 0.03146168788439674
280 0.04276191800948234
344 0.011286777234454691
374 0.06150279901907567
452 0.05579785714614053
487 0.15245329896181292
587 0.0474357198158561
594 0.02452351395161943
625 0.14394930987655447
628 0.023366877208060483
646 0.04676596633868401
769 0.014374642705197465
938 0.015337277452839285
958 0.05381921482158213
996 0.05657419842287511
1029 0.03014431228645212
1243 0.07622664948090646
1380 0.05307229264124482
1465 0.03264350030647888
1468 0.13575211739143989
1524 0.014700198829038183
1553 0.027554310957418893
1575 0.02620843109995793
1595 0.03471437062459456
1632 0.025379986874788884
1793 0.05657419842287511
1809 0.05133602467682645
1823 0.09682864566650441
1824 0.06248680803748537
1895 0.021921989346940715
1896 0.03678148166378379
1920 0.04564898589971856
1958 0.22759396426620918
2080 0.019270257167180622
2093 0.06248680803748537
2099 0.06817957637120958
2177 0.039220662297843094
2185 0.08564116487714701
2199 0.08564116487714701
2298 0.03696882635365943
2358 0.08794005439233445
2362 0.03553779089014481
2373 0.03982946196230859
2460 0.040876203280637284
2481 0.1275626741577329
2539 0.06521237254238106
2562 0.073195852475107
2622 0.040626980239204816
2756 0.03503777339533136
2938 0.03223802916113132
3025 0.04756515417198212
3060 0.05080331817784766
3089 0.033492668967748974
3133 0.04138880278160712
3170 0.04756515417198212
3246 0.05029071867687784
3280 0.04715968302663456
3300 0.07007554679066272
3301 0.07356296332756758
3332 0.024151373558396128
3361 0.08526316759931671
3427 0.07071951101164377
3442 0.018668729729991358
3597 0.03133650474318126
3653 0.05370414027146132
3658 0.05579785714614053
3667 0.05370414027146132
3683 0.03623447050347801
3770 0.05739761868842537
3790 0.04756515417198212
3890 0.03878248640595808
3918 0.02464367265467046
3993 0.04428962487522078
4014 0.04335254474410052
4033 0.03158803553666661
4082 0.06521237254238106
4096 0.058274198609603756
4226 0.03424326184876373
4289 0.03393802934785997
4319 0.08564116487714701
4339 0.030374525843081736
4356 0.01832976054134369
4397 0.16519050388787732
4440 0.038150638775741576
4448 0.036056921901062376
4451 0.015414231056282642
4556 0.13362426816933184
4624 0.010171613774825394
4694 0.045296179708584974
4861 0.040520269376577926
4872 0.022559771989126037
4883 0.03967344671458307
4892 0.07071951101164377
4915 0.05080331817784766
4941 0.01670876009766373
4972 0.043106434311523674
4995 0.03754688272673757
5005 0.017906015698981557
5013 0.029585292040771122
5157 0.07071951101164377
5181 0.02813236733049702
5264 0.06521237254238106
5366 0.07071951101164377
5380 0.03171556956922063
5390 0.05579785714614053
5500 0.04756515417198212
5540 0.038568587895944285
5541 0.04638334174989998
5592 0.06862579413696457
5630 0.05739761868842537
5688 0.073195852475107
5805 0.05436682168262591
5842 0.04045130919331953
5868 0.12497361607497073
5869 0.06521237254238106
6008 0.010458333009285642
6034 0.02863361515953611
6057 0.12278098741820968
6058 0.04715968302663456
6063 0.03967344671458307
6068 0.046872703820608846
6125 0.03171556956922063
6159 0.08564116487714701
6258 0.043472703447151546
6360 0.017767655167955042
6361 0.04428962487522078
6410 0.037534304881848536
6415 0.07622664948090646
6452 0.031374109856914044
6508 0.04756515417198212
6620 0.03659668596043613
6638 0.07566058069485787
6813 0.05189048021916268
6817 0.02522019356495262
6827 0.14143902202328754
6867 0.02664240650482183
6973 0.073195852475107
6979 0.073195852475107
7042 0.03990691122695398
7176 0.032417485205700536
7262 0.027288099558355334
7282 0.041459593780423146
7379 0.03588166431234443
7382 0.03944516781712267
7394 0.037351450942443465
7496 0.04247596482292213
7537 0.024107029487554228
7542 0.01556945874213073
7552 0.07506860976369707
7567 0.0801340264078843
7631 0.04305402119600026
7739 0.036056921901062376
7744 0.10160663635569532
7753 0.045296179708584974
7952 0.03335098977094374
7956 0.06584139841354229
8092 0.02198443669682922
8156 0.023860832540454843
8222 0.03096773255200238
8291 0.08125396047840963
8303 0.08564116487714701
8312 0.029154072499703736
8324 0.12094337499420713
8327 0.02991793580158318
8352 0.030374525843081736
8369 0.03990562800387451
8383 0.048414322833252206
8384 0.05189048021916268
8433 0.06862579413696457
8512 0.04638334174989998
8515 0.024151373558396128
8517 0.03715879133382478
8556 0.022173520140426062
8682 0.03878248640595808
8830 0.06021783357408821
8858 0.0550635012959591
8869 0.04461692443975121
8890 0.016332031873059358
8893 0.045296179708584974
8988 0.03378794743766523
9076 0.04715968302663456
9102 0.06862579413696457
9169 0.04276191800948234
9230 0.0308470004266139
9267 0.023297756068172238
9291 0.029048373330663985
9292 0.026554495034971662
9330 0.040626980239204816
9338 0.0718348420447854
9339 0.05307229264124482
9534 0.03250699388434536
9563 0.024983974138371272
9568 0.025541682530603186
9575 0.016540034018893496
9578 0.02378915810143801
9614 0.05830814499940747
9653 0.048414322833252206
9664 0.02084441592210198
9850 0.12497361607497073
9898 0.015845450597350028
10016 0.04638334174989998
10065 0.04715968302663456
10141 0.1479264602038556
10193 0.17128232975429403
10218 0.024224990403519175
10270 0.05370414027146132
10312 0.026123275493904273
10318 0.06774673690833932
10464 0.04756515417198212
10490 0.033061449426681586
10561 0.045296179708584974
10585 0.07071951101164377
10591 0.09596620658436965
10619 0.018966163688850766
10641 0.04715968302663456
10760 0.10552144369284638
10951 0.022783964422726743
10959 0.025541682530603186
10960 0.021372519040364087
11011 0.043719655596561095
11036 0.010838661549602616
11154 0.11090647906097831
11237 0.10511332018599406
11301 0.08564116487714701
11319 0.008514698044801185
11332 0.025773077553479077
11424 0.040626980239204816
11486 0.12260999123080643
11497 0.08711023092456426
11558 0.08564116487714701
11634 0.01722789110858129
11736 0.037534304881848536
11764 0.03378794743766523
11778 0.2843888616744337
11779 0.04335254474410052
11828 0.07966348510491499
11846 0.035708639365149474
11875 0.02429900843233986
11892 0.035708639365149474
11893 0.013848695160269483
11929 0.01818703830332822
11977 0.03481087942199384
12004 0.04950358569815966
12006 0.014374642705197465
12064 0.025460594082739686
12078 0.029048373330663985
12089 0.028839411137140836
12137 0.03223802916113132
12186 0.10195815752681006
12193 0.04138880278160712
12204 0.043354646198410465
12265 0.0433910058806106
12289 0.073195852475107
12327 0.06862579413696457
