42
210 0.07518648491291963
216 0.19365250099549372
279 0.1267793773191496
487 0.2533107561611608
654 0.16389704786630302
1329 0.21195341569439544
1376 0.18542330644352498
1536 0.06926861924172562
1759 0.07834726863821728
1814 0.07742137751922612
2460 0.2716735428495819
2768 0.11033998868246239
3269 0.08124466592028426
3616 0.14210323895446544
3975 0.1393104549077979
4195 0.12222949580533163
4196 0.38880381517294554
4451 0.0512234310585544
4941 0.1110506281904678
5433 0.09381566003533386
6415 0.2533107561611608
6817 0.08380987943159192
6952 0.06302695052473144
7272 0.1024468621171088
7415 0.2167089267633573
7889 0.17059607522763018
7993 0.2592025434486303
7996 0.1393104549077979
8171 0.21188293042989959
8324 0.030916158972156715
9270 0.16088689204414747
9338 0.01836278668842114
9453 0.12610063356192455
9625 0.09251670393573141
10132 0.1393104549077979
10195 0.12041170882939536
10591 0.1594538952016638
10749 0.052392476217305466
11067 0.05609306509422344
11154 0.12285206580386035
11319 0.028295413938570192
11957 0.07410921159749519
