435
75 0.04637931169745703
88 0.03489144953245103
90 0.029542362486233334
103 0.021837124351655846
111 0.021919773392491158
132 0.02225746450025671
157 0.04457861234144818
200 0.03220569544522659
210 0.032904375782651346
215 0.03068322583288684
236 0.03622155368480554
259 0.05827035240336752
308 0.0532251817284167
335 0.022003119901830282
344 0.008207306139870587
352 0.02435456835459905
362 0.03109480633324676
367 0.0622749296562897
373 0.0423994189410634
374 0.022361223647950998
450 0.01875195491760721
490 0.040574035088526
552 0.06304857432130599
561 0.04858318959437037
594 0.03566509419746732
616 0.06912079968724937
625 0.03489144953245103
626 0.042374734444534844
628 0.01699148577096751
642 0.021919773392491158
674 0.012591795720949048
683 0.042374734444534844
763 0.037732742310488517
769 0.01045268200852491
862 0.031307212428129706
913 0.02609175300461291
914 0.055429059625330034
928 0.1144592473772681
937 0.02325046022657543
952 0.020341686183024853
956 0.01924588297365324
958 0.01956762161034739
979 0.026108650361590373
1020 0.036569457835603815
1024 0.0532251817284167
1065 0.0622749296562897
1184 0.017403066271327428
1205 0.04271631625988071
1356 0.028848989932789948
1380 0.07718422082821268
1445 0.055429059625330034
1487 0.03068322583288684
1564 0.028359145607521237
1575 0.01905775342375244
1587 0.0237370858773023
1595 0.05048588472167951
1632 0.01845534095165949
1684 0.025478108298005297
1704 0.03621027269814877
1725 0.04113856031967242
1729 0.02535982541426692
1809 0.07465912753916806
1823 0.0704100312769618
1838 0.032443694979526545
1862 0.08227712063934484
1887 0.03489144953245103
1895 0.04782245826986505
1929 0.017455741077489054
1958 0.2758291555859099
2080 0.014012582748801624
2086 0.02127717263424905
2094 0.033194169998317244
2107 0.08367735708186529
2110 0.026348299967357575
2129 0.02325046022657543
2141 0.0532251817284167
2194 0.022518532636229435
2222 0.040574035088526
2228 0.03621027269814877
2253 0.031307212428129706
2266 0.03082318893859408
2295 0.04858318959437037
2337 0.02609175300461291
2343 0.032443694979526545
2356 0.010170843091512427
2372 0.06912079968724937
2373 0.04827073027145213
2419 0.025242942360839755
2420 0.05142448237240785
2428 0.030483693738624366
2480 0.04612466135334925
2523 0.04741990511948566
2630 0.03291213332228729
2650 0.023837355801927175
2658 0.027892452360621763
2675 0.02334588611620976
2677 0.018167375866892384
2681 0.030886872279528847
2695 0.0532251817284167
2698 0.03815308245908937
2756 0.025478108298005297
2760 0.0532251817284167
2804 0.040574035088526
2900 0.02296959288034178
2902 0.039051565476186254
2933 0.027302635175207524
2976 0.03345755901380817
3014 0.0352050156384809
3019 0.0358636931817339
3060 0.03694220028849476
3102 0.03220569544522659
3131 0.05827035240336752
3152 0.022343722714435393
3175 0.061773744559057694
3181 0.03815308245908937
3197 0.03859211041410634
3217 0.04990201276006811
3239 0.01343357432259941
3269 0.017777829492050336
3270 0.017403066271327428
3295 0.03621027269814877
3300 0.1273905414900265
3301 0.026746065242714518
3332 0.0175619410549755
3342 0.022430740922669636
3361 0.012400012942693576
3367 0.045437980445066
3397 0.0352050156384809
3428 0.040040040029276906
3442 0.013575175353759456
3449 0.06261442485625941
3472 0.020600950226793417
3591 0.012336904084235953
3643 0.027020430183851727
3658 0.040574035088526
3668 0.031307212428129706
3715 0.03694220028849476
3725 0.022696492455273668
3749 0.027446820257753083
3765 0.03555565898410067
3780 0.0532251817284167
3812 0.05827035240336752
3867 0.03068322583288684
3868 0.0417373195634107
3918 0.017919921841835627
3933 0.01554126595225178
3971 0.03458753316118415
3999 0.04637931169745703
4013 0.06349248076629334
4033 0.02296959288034178
4048 0.021646850743385123
4059 0.03449341352333921
4081 0.06950700715623392
4101 0.015157249870870618
4143 0.021919773392491158
4145 0.0326875716355377
4169 0.03206369548544962
4187 0.0326875716355377
4226 0.024900370352187
4320 0.03082318893859408
4356 0.013328690121932394
4363 0.045437980445066
4381 0.018513955383307253
4451 0.02241726058053534
4459 0.05827035240336752
4462 0.04741990511948566
4498 0.06912079968724937
4514 0.03489144953245103
4522 0.040040040029276906
4551 0.05827035240336752
4552 0.017195132217609516
4568 0.039051565476186254
4624 0.018491006434431065
4644 0.06912079968724937
4694 0.19762573821343543
4708 0.0237370858773023
4712 0.07503973769355614
4719 0.042374734444534844
4772 0.016500016085250094
4782 0.029723587804644146
4795 0.031973296422981565
4861 0.04419714973576319
4883 0.028848989932789948
4887 0.0622749296562897
4915 0.11082660086548426
4995 0.027302635175207524
5001 0.01322490805234528
5005 0.026041118653117583
5030 0.06912079968724937
5035 0.02621919351788474
5051 0.021837124351655846
5119 0.03859211041410634
5183 0.03293762303557257
5196 0.028848989932789948
5224 0.013020559326558791
5247 0.023938654153974673
5297 0.03738383040470297
5351 0.026882295026606662
5384 0.03732956376958403
5400 0.04305614272910843
5421 0.04990201276006811
5423 0.03429269028871275
5425 0.013504121070717199
5469 0.03429269028871275
5484 0.055429059625330034
5622 0.04134767975354229
5626 0.08611228545821686
5761 0.03859211041410634
5782 0.04990201276006811
5869 0.04741990511948566
6045 0.037732742310488517
6051 0.06912079968724937
6054 0.04858318959437037
6057 0.012754509495800306
6062 0.0532251817284167
6063 0.028848989932789948
6068 0.017042005076739905
6074 0.02151327557656157
6079 0.02925532202824689
6143 0.040040040029276906
6155 0.024678417129693327
6171 0.04637931169745703
6180 0.038240131901207126
6209 0.05661942156228688
6214 0.01594081942328835
6251 0.015157249870870618
6258 0.01580583095187748
6295 0.02918959274539506
6327 0.05142448237240785
6330 0.06912079968724937
6341 0.09716637918874074
6360 0.06459974460464585
6398 0.021673872655574414
6410 0.01364674452740067
6436 0.016310077486393917
6452 0.011407017216374857
6579 0.05827035240336752
6594 0.0532251817284167
6616 0.0237370858773023
6621 0.027302635175207524
6735 0.040040040029276906
6738 0.04990201276006811
6772 0.020456765144247855
6778 0.040195467055215726
6791 0.017195132217609516
6804 0.033194169998317244
6813 0.07546548462097703
6828 0.022343722714435393
6952 0.013791457779295496
6982 0.02038545434532365
7010 0.045437980445066
7026 0.03345755901380817
7035 0.01956762161034739
7121 0.025841701604578028
7176 0.0353591047082579
7179 0.03953344166649737
7206 0.02774166313022448
7217 0.05827035240336752
7229 0.0282011181923044
7259 0.020105251077271066
7262 0.019842846403223983
7282 0.015073903361531488
7312 0.033782431692685265
7320 0.05142448237240785
7338 0.08227712063934484
7356 0.031524287160652996
7379 0.05218350600922582
7394 0.02716052477027577
7482 0.0211997094705317
7483 0.010877543330353833
7484 0.007821535514642236
7507 0.02870767887914407
7532 0.0622749296562897
7536 0.061585783715159034
7537 0.0467458553827665
7542 0.022643011671865436
7552 0.040940233582202015
7560 0.03220569544522659
7566 0.06587524607114514
7589 0.021837124351655846
7660 0.05433233052720831
7710 0.0622749296562897
7723 0.0622749296562897
7730 0.08915722468289636
7748 0.04457861234144818
7833 0.01499125432069618
7835 0.017195132217609516
7855 0.04990201276006811
7861 0.020314654739316103
7952 0.01616769649605252
7986 0.022518532636229435
8005 0.033194169998317244
8010 0.09275862339491406
8024 0.04990201276006811
8068 0.03621027269814877
8092 0.01598622871129964
8098 0.014548648570768064
8100 0.021433945810751365
8108 0.045437980445066
8171 0.04636388822319302
8239 0.030483693738624366
8247 0.03293762303557257
8250 0.04741990511948566
8252 0.011846045171391817
8279 0.04637931169745703
8320 0.03372816505756633
8322 0.04305614272910843
8324 0.05412020065862818
8364 0.02017456015289206
8403 0.034006394801235434
8412 0.04669177223241952
8433 0.04990201276006811
8437 0.03458753316118415
8439 0.03859211041410634
8440 0.03552886441357518
8483 0.042710496322689466
8543 0.0352050156384809
8560 0.026348299967357575
8582 0.029908200707634294
8697 0.0532251817284167
8764 0.0532251817284167
8786 0.025478108298005297
8819 0.030886872279528847
8869 0.06488738995905309
8870 0.04457861234144818
8890 0.023752038812130994
8896 0.029723587804644146
8898 0.036569457835603815
8964 0.05142448237240785
8969 0.0237370858773023
8975 0.042374734444534844
9000 0.01990019521175485
9040 0.037732742310488517
9075 0.040040040029276906
9077 0.06136645166577368
9099 0.016742694209284266
9129 0.04378807031945443
9162 0.04990201276006811
9169 0.03109480633324676
9267 0.01694122356201136
9338 0.02009057991979127
9339 0.11577633124231902
9433 0.017298552039484577
9438 0.02716052477027577
9473 0.025841701604578028
9568 0.018572919753933003
9578 0.034597104078969154
9580 0.024461342397170044
9602 0.032443694979526545
9613 0.028848989932789948
9614 0.0211997094705317
9656 0.017403066271327428
9664 0.015157249870870618
9671 0.02017456015289206
9675 0.014667405545601904
9715 0.036569457835603815
9798 0.029908200707634294
9892 0.040040040029276906
9898 0.03456658918889262
9921 0.051683403209156056
9923 0.01845534095165949
9944 0.040574035088526
10063 0.03458753316118415
10064 0.03345755901380817
10065 0.03429269028871275
10128 0.06912079968724937
10142 0.034006394801235434
10182 0.055429059625330034
10183 0.028359145607521237
10191 0.02918959274539506
10285 0.03694220028849476
10318 0.012315699119290585
10364 0.041201900453586834
10392 0.021378827560906057
10460 0.0359970852978162
10576 0.02424893630228709
10591 0.03489144953245103
10597 0.016742694209284266
10619 0.013791457779295496
10749 0.011464438905705579
10794 0.027593141493166117
10899 0.03220569544522659
10951 0.016567614227948627
10959 0.018572919753933003
10960 0.01554126595225178
10979 0.020673839876771145
10980 0.023062330676674625
10981 0.01924588297365324
10985 0.023155947517353583
10988 0.0233950470686669
11011 0.047686853876498
11021 0.04688448600966179
11036 0.02364436144247086
11103 0.01603184774272481
11106 0.017615472366210375
11154 0.053764590053213324
11171 0.04990201276006811
11235 0.08915722468289636
11237 0.07643432489401589
11244 0.027593141493166117
11319 0.006191557792858056
11332 0.056223543688531746
11353 0.04457861234144818
11434 0.04741990511948566
11493 0.06912079968724937
11497 0.01055719624036776
11499 0.027892452360621763
11547 0.0622749296562897
11778 0.3545083498348
11779 0.18914572296391796
11783 0.03815308245908937
11784 0.04637931169745703
11795 0.03429269028871275
11828 0.11585638607788941
11893 0.012084280051645815
11929 0.01322490805234528
11930 0.10164734137206817
11945 0.04557337890849604
11950 0.04741990511948566
11957 0.016216460645714956
11977 0.037969679716314715
12024 0.01905775342375244
12029 0.04286789162150273
12051 0.016742694209284266
12064 0.018513955383307253
12078 0.021122849139099717
12089 0.020970899945961748
12105 0.019437665751908716
12118 0.0417373195634107
12137 0.023442243004830894
12177 0.012119145596459923
12186 0.014828002624614747
12201 0.03694220028849476
12265 0.04417315644795063
12291 0.025127426392021902
