325
6 0.03734783384205404
68 0.04878762749600906
76 0.02264171749021256
90 0.0334979620188732
117 0.031800766014432234
182 0.07061328386741252
193 0.06360153202886447
201 0.02504455677094522
234 0.038559709704375555
236 0.02053573457714511
280 0.035258271643667856
330 0.04721826468173389
332 0.060351812310778116
343 0.021262763731314523
432 0.08293191244936417
453 0.051521937146103654
456 0.03194730015978926
464 0.057245734821787325
493 0.038878625153235875
627 0.040286031669073234
636 0.045401234947269505
674 0.02855556965062079
677 0.025533670549221774
711 0.01631959033978483
744 0.02105975650345331
805 0.06607251036689975
883 0.04600672972519485
913 0.02958533027145799
932 0.039918820889196634
938 0.01264596912109032
952 0.011532676702419066
956 0.04364565340172387
958 0.022187644803578228
975 0.1340141502117778
1070 0.04965111091316287
1106 0.03290318904684695
1122 0.02583773245047542
1143 0.08666856326846223
1144 0.04804853523966929
1308 0.025634110015351375
1335 0.031977130689388344
1336 0.04278499965511157
1352 0.0379373870864602
1362 0.027859008306760316
1413 0.08344145536119041
1464 0.045401234947269505
1494 0.0550882767262204
1524 0.02424136370193797
1553 0.022719219013406688
1571 0.045401234947269505
1575 0.04321901477252544
1587 0.08074614901165798
1663 0.035499118031707466
1746 0.0382442261545988
1759 0.019439312576617938
1895 0.036150457759758725
1905 0.04790222166705034
1916 0.03370345265408603
1971 0.01614528448005764
1999 0.03956326958502829
2086 0.02412609760316965
2092 0.060351812310778116
2107 0.03162713578593243
2139 0.040286031669073234
2141 0.060351812310778116
2166 0.04278499965511157
2186 0.03734783384205404
2243 0.052512865266533454
2292 0.09764236252201988
2307 0.10517861748036411
2356 0.011532676702419066
2373 0.01094679607976431
2382 0.07775725030647175
2480 0.15690168532065296
2492 0.04428040776049717
2630 0.00932973279052943
2677 0.04119982395147624
2701 0.04559452124251593
2709 0.05658368483160601
2748 0.030024560112438845
2763 0.056468852868630966
2809 0.038559709704375555
2853 0.027143940434908226
3008 0.03956326958502829
3014 0.039918820889196634
3053 0.060351812310778116
3100 0.07061328386741252
3120 0.0669959240377464
3148 0.04066569261744301
3152 0.025335454305564626
3170 0.039218660074994825
3197 0.0437594335755076
3233 0.05054750322570763
3269 0.02015820696060504
3270 0.01973326450247575
3295 0.041058677690413894
3339 0.041888607342566817
3361 0.07030161565132939
3362 0.08790539408518167
3429 0.03456533361295162
3442 0.015392834903155964
3448 0.04600672972519485
3490 0.03599693000491154
3540 0.04600672972519485
3580 0.03456533361295162
3596 0.03574525816856046
3604 0.03309795787616068
3670 0.024949246192199147
3672 0.053769233295790905
3686 0.03763873137667345
3721 0.019853040247491755
3806 0.06285078029681646
3826 0.031456156504398765
3903 0.07159389664600911
3933 0.05286653057990904
3939 0.03651790418990112
4025 0.018178445512893913
4048 0.03681791111161329
4143 0.024854739931721544
4178 0.057779042178974824
4230 0.10237831131591228
4381 0.020992897048709006
4410 0.012242080605133524
4451 0.03812825787937012
4519 0.051521937146103654
4552 0.019497488943323402
4861 0.016704988120939474
4905 0.02737725982003906
4972 0.017771166978625724
5001 0.014995668266104071
5013 0.02439381374800453
5035 0.02972983453970109
5051 0.024761024527881124
5312 0.04321901477252544
5337 0.02439381374800453
5399 0.04664684253812411
5473 0.021469518995900962
5627 0.05008911354189044
5647 0.07061328386741252
5681 0.03252352809847718
5700 0.05316212379283843
5769 0.031977130689388344
5845 0.021822826700861934
5857 0.04664684253812411
5882 0.07941540966286927
5998 0.025237646475073077
6001 0.057779042178974824
6010 0.02153929445779784
6014 0.03252352809847718
6057 0.043386855894694314
6066 0.018547384655364596
6084 0.03128774843752597
6114 0.02737725982003906
6146 0.03574525816856046
6180 0.021680163301433072
6223 0.060351812310778116
6230 0.02680283004235556
6300 0.04664684253812411
6360 0.014649876374672036
6361 0.03651790418990112
6409 0.03830575886657988
6452 0.0258687388079285
6457 0.041465956224682084
6484 0.0327117497627952
6548 0.07357554174501327
6619 0.04882118126100994
6650 0.11316736966321202
6772 0.04639168192119728
6794 0.3528786730039487
6798 0.06285078029681646
6807 0.035258271643667856
6899 0.041465956224682084
6923 0.025735458448277147
7025 0.055163331948538306
7099 0.04965111091316287
7205 0.02015820696060504
7212 0.04804853523966929
7229 0.031977130689388344
7256 0.03233841767890931
7262 0.011249860526071295
7272 0.012709419293123374
7293 0.052589308740182056
7363 0.07061328386741252
7369 0.05658368483160601
7399 0.044826805169586
7423 0.053769233295790905
7483 0.0246680023311364
7484 0.008868806606812416
7537 0.019876849162977654
7561 0.19733264502475747
7651 0.04732577315562434
7660 0.02053573457714511
7725 0.04732577315562434
7770 0.06607251036689975
7798 0.04278499965511157
7826 0.23032232332792865
7833 0.016998520957285063
7835 0.019497488943323402
7854 0.029025267301910577
7861 0.02303470256318344
7933 0.06285078029681646
7952 0.09166241924792133
7990 0.041465956224682084
8064 0.04732577315562434
8098 0.016496652137303724
8166 0.22065332779415323
8167 0.04882118126100994
8168 0.04882118126100994
8252 0.02686436275433664
8374 0.07149051633712092
8402 0.03434356546701527
8409 0.0550882767262204
8447 0.21478168993802732
8514 0.12515099375010388
8586 0.026581061896419216
8603 0.030481722584002738
8633 0.12107313559396143
8708 0.020992897048709006
8727 0.02680283004235556
8754 0.022797260621257965
8836 0.031800766014432234
8890 0.026932338074530594
8942 0.02249972105214259
8943 0.041058677690413894
8957 0.02972983453970109
8985 0.03456533361295162
9000 0.022564748627743218
9109 0.0777686779350561
9115 0.031800766014432234
9140 0.09329368507624822
9148 0.0334979620188732
9160 0.030024560112438845
9267 0.07683833189684112
9273 0.03263918067956966
9338 0.03189287507948916
9390 0.052589308740182056
9444 0.026691397029364097
9445 0.006868471659663203
9470 0.054991536146143605
9568 0.02105975650345331
9575 0.013637672012381138
9578 0.019614756249443005
9584 0.023609132340866944
9631 0.07051654328733571
9638 0.030481722584002738
9650 0.03763873137667345
9664 0.05156022786480927
9675 0.016631310177408473
9798 0.03391278445737155
9804 0.027143940434908226
9818 0.04066569261744301
9819 0.060351812310778116
9842 0.041465956224682084
9865 0.04721826468173389
9898 0.013064970597291729
9987 0.024214627118792287
9989 0.05054750322570763
10005 0.04232783718354767
10014 0.07061328386741252
10023 0.041888607342566817
10135 0.033296174119817834
10141 0.02439381374800453
10237 0.03391278445737155
10263 0.1257015605936329
10276 0.030797206133779495
10312 0.02153929445779784
10318 0.034911800090980695
10321 0.02636360020137471
10334 0.02241237994526809
10364 0.023359331826335938
10410 0.04232783718354767
10415 0.04600672972519485
10418 0.031456156504398765
10429 0.035499118031707466
10457 0.09609707047933858
10460 0.061225418075059136
10476 0.028491884334037945
10477 0.060351812310778116
10493 0.041465956224682084
10515 0.03706430159898995
10597 0.018984471366417142
10749 0.012999479618800875
10780 0.04965111091316287
10818 0.09144516775200823
10822 0.04804853523966929
10845 0.041720727680595204
10862 0.02958533027145799
10875 0.04232783718354767
10879 0.053769233295790905
10881 0.024214627118792287
10897 0.02636360020137471
10951 0.006261982967789462
10963 0.022954994572559034
10981 0.06546848010258581
10997 0.030797206133779495
11001 0.04278499965511157
11011 0.03604795025446089
11013 0.060351812310778116
11080 0.03078566980631193
11142 0.026915383003885997
11145 0.050475292950146154
11157 0.04232783718354767
11194 0.03063835346459066
11217 0.05455068804952455
11257 0.06291231300879753
11319 0.0070205816437147696
11395 0.07061328386741252
11497 0.011970760931879692
11524 0.041465956224682084
11634 0.028409654797017958
11861 0.02702907865460738
11875 0.020035140607800487
11893 0.022837191529288037
11974 0.03252352809847718
11977 0.043053661994655844
12004 0.020408472691686375
12030 0.02466808685419874
12129 0.029876227806077398
12138 0.022954994572559034
12176 0.0437594335755076
12204 0.017873495435117095
12265 0.014310788135287184
12275 0.02119468494776438
12303 0.030024560112438845
12304 0.04790222166705034
