55
210 0.07126648705411552
247 0.13291154532406305
347 0.11036436534623366
942 0.09641339596548748
956 0.08336802854713583
1064 0.11889230013031317
1706 0.1303692703270108
1793 0.17820126391777116
1958 0.23896365730268757
2508 0.21044941105373247
2622 0.12796962978906815
2630 0.03564164442488498
3254 0.23055728208654147
3269 0.07700881267065265
3342 0.09716398318198684
3918 0.07762431880718307
4059 0.07470813075291322
4169 0.06944568571410757
4178 0.11036436534623366
4289 0.10690031663306257
4514 0.15114044726627446
4624 0.01601962096933923
4694 0.14267699233459383
4861 0.021272250774171268
4995 0.11826772883399048
5224 0.05640158797194331
5522 0.18967823411446877
6817 0.07944028364188349
6982 0.08830434759131651
7035 0.2542851433593652
7290 0.24010389294746146
7308 0.2697583748411905
7376 0.11826772883399048
7425 0.08649637262645134
7467 0.11952612467074424
7483 0.0471186146215826
7484 0.06776160875131373
8100 0.09284613278978558
8324 0.08791284945841046
8385 0.10239274365070554
8868 0.10071478843328181
9139 0.1235399137416983
10004 0.07106030653955281
10254 0.16526897061386542
10334 0.08562025244019217
10364 0.08923781823658418
10881 0.09250523557601233
10981 0.16673605709427167
10988 0.05067055002236629
11629 0.054404714738617785
11778 0.2559392595781363
11779 0.2731095970535831
11828 0.08364315730219489
12016 0.13291154532406305
12265 0.05467037841378782
