43
41 0.15299865723588327
279 0.14102839688742097
374 0.05683811220524504
380 0.15397361023855732
625 0.17737527737761502
654 0.18231780597075312
678 0.13952952432728882
1380 0.19618807418485584
2194 0.11447592536312401
2278 0.1801986104427845
2492 0.1985237744830959
3342 0.11402962462890996
3401 0.24106533080450374
3918 0.0455491409768537
4025 0.08150000869401385
4196 0.28833490071244355
4624 0.01880029313341098
4861 0.02496466994614195
5540 0.14257339577326336
6017 0.20626344920015208
6057 0.06483922823352192
6079 0.07436164058912943
6280 0.09980819319341122
6584 0.07066960438292114
7484 0.039761805543166724
7744 0.18780053884023493
7782 0.19181936328888355
7993 0.28833490071244355
7996 0.15496787049084607
8171 0.07856564329363837
8324 0.06878179132847573
9027 0.07726707517034868
9270 0.17896933196057344
9445 0.030793639620070277
9580 0.12435245456602441
10181 0.16138619258050416
10591 0.35475055475523004
10951 0.028074549386228706
11011 0.08080746665208785
11036 0.040066408107371845
12007 0.1417949537924988
12086 0.20626344920015208
12265 0.03208000806825925
