193
36 0.04249346112061159
84 0.027870949236170825
162 0.058195646737535515
215 0.04077891896837885
250 0.09186359689908431
343 0.024921905351431295
374 0.029718730753408442
433 0.07366686746906848
435 0.032959971402679276
478 0.03856554931182858
485 0.036286013520770856
626 0.05631728135860346
744 0.02468396229838582
769 0.01389192501953322
937 0.03090055259251174
942 0.02958083176263419
996 0.05467436921034618
1293 0.0683446652929043
1468 0.032798349752423434
1524 0.02841309715912319
1536 0.020144435517768042
1542 0.04077891896837885
1595 0.03354862056103742
1658 0.09186359689908431
1809 0.0496120996004668
1958 0.0733170289591804
2105 0.05962224255481318
2107 0.18534949044113383
2237 0.0539240984017322
2359 0.09186359689908431
2371 0.04519550928442282
2373 0.025661294011325508
2381 0.037690147282429975
2539 0.06302246311674013
2609 0.047663914026836514
2650 0.031680554253370914
2658 0.07413979617645353
2677 0.024144982420656488
2694 0.03950353151056011
2776 0.058195646737535515
2924 0.06456850275406054
2933 0.036286013520770856
3059 0.09193571886983974
3113 0.09186359689908431
3125 0.09186359689908431
3300 0.0677223261602665
3301 0.035546315540480856
3323 0.04344275410475177
3361 0.016479985701339638
3397 0.0467885119974379
3442 0.018041811468830382
3523 0.03974888754491434
3709 0.03667210505053231
3759 0.021490387809589177
3791 0.035017673668841974
3797 0.04077891896837885
3819 0.02924280023277597
3820 0.037690147282429975
3918 0.023816108667578904
3962 0.03572736897171634
4072 0.059246300577896364
4178 0.03386116308013325
4226 0.033093332181068184
4272 0.058195646737535515
4410 0.02869767806302653
4431 0.04385802344134137
4451 0.029793205502104653
4624 0.019660077649990476
4758 0.06456850275406054
4827 0.08218990967700934
4861 0.0195797751462434
4872 0.021802187877503806
4905 0.03208865444954907
4915 0.04909728202252759
4941 0.01614765995972799
4972 0.041658868717383876
5041 0.038120551928587605
5052 0.059246300577896364
5196 0.0766823298955678
5622 0.027476147576259276
5681 0.038120551928587605
5958 0.14733373493813695
6001 0.03386116308013325
6008 0.01010712968481463
6055 0.023773111497603576
6057 0.03390224431051773
6075 0.23278258695014206
6155 0.032798349752423434
6184 0.055470138039052604
6209 0.15049778771632805
6258 0.02100641904879738
6360 0.0171709960677428
6410 0.018136929027474453
6427 0.2122135447493267
6638 0.024373269316513645
6813 0.05014793586288844
6934 0.02958083176263419
7025 0.021552158114898474
7099 0.058195646737535515
7176 0.015664433650117392
7272 0.014896602751052326
7282 0.02003366552998551
7284 0.24829569655222922
7288 0.0827652321840764
7376 0.07257202704154171
7379 0.0346767151313555
7482 0.02817504389402882
7483 0.014456578342166926
7507 0.05723003753706267
7542 0.015046617705648562
7559 0.04721891664359554
7571 0.06163948353476763
7660 0.024069760635114065
7733 0.1050822376395194
7753 0.043775079846363425
7858 0.06163948353476763
7952 0.07520572188792679
8092 0.021246173032085165
8171 0.020539661759706593
8193 0.048601896225568035
8229 0.06163948353476763
8324 0.026972758127241196
8346 0.04637177332404468
8447 0.027971533373218834
8473 0.02484211078561112
8515 0.023340341563457826
8556 0.04285781365522672
8558 0.044825733686724274
8603 0.03572736897171634
8615 0.059246300577896364
8662 0.04311863478144715
8719 0.035367725497758656
8868 0.1545027629625587
8942 0.013185866277328886
8985 0.040513734885458876
8991 0.1937055082621816
8996 0.03879383620768574
9000 0.026447950825472924
9099 0.022251538159360217
9117 0.03879383620768574
9273 0.038256107339730644
9318 0.06163948353476763
9338 0.037381368864362205
9339 0.25645030805542024
9445 0.016100954962784794
9865 0.027672064133505092
9898 0.015313341424445556
10081 0.03181518277360127
10105 0.029927799073699864
10141 0.02859178256742205
10197 0.07366686746906848
10298 0.028072894229439503
10308 0.07073784824977555
10318 0.024551895186629754
10325 0.02891325575309962
10426 0.07334421010106462
10460 0.023920598056611807
10657 0.08965146737344855
10679 0.05190069104255948
10752 0.05631728135860346
10760 0.10197790747201611
10934 0.035017673668841974
10951 0.014679234440787883
10960 0.061964412906053944
10980 0.030650522829906407
11011 0.02112574864930876
11036 0.010474686338098371
11099 0.045576004495338246
11106 0.023411486266919163
11154 0.07145473794343268
11171 0.13264251586746317
11237 0.10158348924039974
11300 0.023554943057174853
11319 0.03291505722353028
11332 0.012453793399890549
11497 0.04209248261874093
11776 0.07744303000791222
11778 0.43188945444461535
11779 0.16758685786972546
11780 0.037903585573022085
11828 0.07698829004438744
11893 0.008030183653132827
11929 0.017576295816094413
11930 0.022515389568980443
11977 0.016820944238826116
12031 0.09186359689908431
12051 0.022251538159360217
12078 0.028072894229439503
12109 0.04249346112061159
12186 0.019706856143006234
12265 0.04193388403300053
12275 0.02484211078561112
12293 0.0525411188197597
