168
73 0.12915543354959286
79 0.04001890726009925
117 0.052363361139177
202 0.08038929453621613
215 0.05728805978556945
343 0.07002282747368564
344 0.01532370316537674
373 0.03958156910225555
464 0.0471306113316643
594 0.03329480511225375
651 0.11627232132378426
769 0.03903200237714912
835 0.12905411336070569
942 0.041556483138719874
979 0.024373479030229364
1327 0.07911705025663343
1340 0.08483637784533321
1347 0.039871972395142556
1356 0.0538633932763212
1380 0.07205458580841176
1413 0.03434881929474285
1468 0.1843063885967008
1575 0.03558236423591352
1663 0.0584530931353339
1664 0.039014132700953524
1787 0.06402722132827833
1793 0.07680901336519978
1809 0.06969730929363473
1895 0.029762796816933945
1958 0.15449859061629867
2139 0.06633525821971199
2181 0.041238540297188465
2227 0.03915436324735415
2373 0.018025070093641255
2381 0.052948814374335657
2392 0.05124542929135688
2437 0.12905411336070569
2480 0.04305923326952885
2523 0.08853679121963214
2622 0.055157975811797724
2630 0.046087207511366274
2822 0.04139682648782545
3148 0.1339208211233367
3239 0.02508156779598161
3270 0.03249292973411691
3279 0.06827813014909535
3361 0.04630365051392179
3420 0.05805651380795981
3499 0.11627232132378426
3591 0.023033995923239264
3597 0.0850891777077108
3725 0.04237618377487627
3865 0.12905411336070569
3891 0.030018323695291414
3918 0.08364485202917332
4082 0.08853679121963214
4086 0.12905411336070569
4096 0.07911705025663343
4143 0.04092598657763166
4169 0.029932754038330997
4198 0.04756968512205532
4395 0.09601366025324747
4410 0.020157894546647015
4431 0.030806862130562704
4514 0.06514515317609844
4624 0.01380968074061684
4694 0.3074860068386262
4772 0.030806862130562704
4785 0.07911705025663343
4861 0.018337699274401847
4872 0.030628694290576228
4883 0.1077267865526424
4904 0.19900577465913596
4905 0.09015917052483491
4915 0.06897407040134057
4941 0.022684959105641514
4995 0.05097622410171857
4996 0.12905411336070569
5188 0.07575499918271068
5598 0.11310070458932599
5627 0.041238540297188465
5681 0.053553466182790534
5777 0.04993706310407226
5943 0.06514515317609844
5971 0.05584102530645031
6008 0.028397900890563158
6010 0.03546675114256296
6055 0.03339753645308231
6057 0.023813698941258774
6214 0.029762796816933945
6295 0.054499326225416166
6348 0.08483637784533321
6410 0.050959147556524496
6436 0.030452231432143862
6452 0.02129782206818309
6698 0.048019469078558565
6813 0.07045007617940457
6867 0.03617155902084363
6981 0.12905411336070569
6982 0.038061289046055324
7042 0.054180360716442215
7185 0.05728805978556945
7220 0.030452231432143862
7262 0.0185240981058349
7312 0.06307452733467639
7338 0.07680901336519978
7356 0.05885838918609665
7507 0.05359955413066819
7537 0.010909785742871615
7707 0.06969730929363473
7708 0.08659391929024876
7758 0.0657306064112571
7844 0.060574997810685725
8324 0.10104678392763373
8326 0.029510762442756116
8425 0.08323186821632601
8447 0.0392956683678051
8869 0.060574997810685725
8988 0.045872835650693916
9232 0.052363361139177
9339 0.07205458580841176
9445 0.01130967291246767
9470 0.045274721771038355
9503 0.06246796381519594
9578 0.03229779322549601
9584 0.038874960508384813
9614 0.03958156910225555
9659 0.07045007617940457
9798 0.05584102530645031
9849 0.035815787960160717
9865 0.038874960508384813
9898 0.04302574179176923
10141 0.040167022337414204
10183 0.052948814374335657
10392 0.05987399555664655
10437 0.06969730929363473
10508 0.0554963381121739
10560 0.05071089250268064
10925 0.041238540297188465
10951 0.04124409776052865
10988 0.021840220817321773
10996 0.09601366025324747
11071 0.043950238850329844
11101 0.04341048632749768
11125 0.04943864822309796
11154 0.05019141510886778
11194 0.05044932459954013
11217 0.022455885004715664
11237 0.09513937024411064
11310 0.052363361139177
11319 0.01156013826365298
11332 0.06998259678274382
11499 0.05207746040472655
11614 0.12905411336070569
11629 0.07034920577359012
11700 0.12905411336070569
11736 0.025479573778262248
11778 0.1654739274353932
11779 0.29429194593048325
11828 0.1442088175108865
11893 0.018801938716035256
11930 0.18978379265865322
11977 0.023630819148267136
12024 0.03558236423591352
12089 0.03915436324735415
12204 0.014715310566162437
12205 0.04413372521979183
12291 0.04691493369190545
