361
25 0.03522472186135368
57 0.03620625208111727
88 0.03522472186135368
90 0.029824541990925917
117 0.02831346219828771
210 0.016609334098994302
215 0.061952605022461346
234 0.03433121336122246
236 0.01828376537848781
344 0.016571399576795584
373 0.06420660760566521
374 0.0677244334099123
456 0.014221963631332574
461 0.05191567311491128
464 0.025484055134934396
542 0.05037866134395712
576 0.02079772412847112
594 0.01800287807040435
642 0.022129144284942604
736 0.029124546557413637
763 0.03809315378877933
764 0.06286976051361759
769 0.02110504558505232
836 0.03809315378877933
838 0.09174397994732114
854 0.030007498317498677
928 0.0385175088964069
937 0.02347254142788988
956 0.01942971369224955
965 0.019493835071061814
979 0.03953704816592702
992 0.03554128305379646
1023 0.047528783455556764
1205 0.02874955286292494
1242 0.03139181430116795
1356 0.029124546557413637
1413 0.07429118188747368
1415 0.06286976051361759
1416 0.03620625208111727
1474 0.10075732268791424
1566 0.06286976051361759
1575 0.03847957437420819
1582 0.03586822513217663
1586 0.029294992418051287
1619 0.0537335721939489
1632 0.01863162065749205
1666 0.040422490101392754
1706 0.0607676021819117
1753 0.10075732268791424
1793 0.041531503117669046
1809 0.03768612421121425
1814 0.017103040887076083
1816 0.03139181430116795
1876 0.07618630757755866
1895 0.01609308119759139
1896 0.027001535381440952
1958 0.30631016935831856
2021 0.0537335721939489
2077 0.0389607303105946
2080 0.014146426603075744
2086 0.02148040560310822
2107 0.11263548973741261
2192 0.03620625208111727
2278 0.05367810576388615
2282 0.049047241187485636
2326 0.0427794847952426
2343 0.03275358711438834
2373 0.029239078409882564
2388 0.05191567311491128
2392 0.027708983791537092
2419 0.025484055134934396
2480 0.023282614922744423
2523 0.04787284537927095
2622 0.029824541990925917
2644 0.03774090918443924
2651 0.05191567311491128
2666 0.025721467304360503
2694 0.030007498317498677
2768 0.024375042118658104
2806 0.026088533541685
2821 0.05882693277797726
2900 0.04637798264735676
2927 0.06286976051361759
2933 0.027563421497700604
2945 0.05595850085055161
2986 0.04787284537927095
3158 0.08427196304883931
3217 0.05037866134395712
3239 0.027123775335116968
3361 0.012518454029183576
3397 0.03554128305379646
3400 0.022213286894347664
3409 0.05037866134395712
3442 0.013704841227950251
3449 0.06321249846668185
3591 0.01245474237443877
3597 0.023004340860657366
3601 0.04587198997366057
3643 0.02727852097159468
3670 0.022213286894347664
3715 0.03729506075402182
3726 0.11191700170110322
3765 0.01794763781807415
3891 0.01623124747365971
3918 0.02713663108502195
3985 0.03351123043832679
4037 0.05191567311491128
4048 0.03278042214472083
4078 0.024375042118658104
4081 0.014034183315980274
4097 0.05893680540537292
4105 0.027699748371310118
4156 0.027419953698156484
4169 0.016184978991366724
4171 0.040422490101392754
4178 0.025721467304360503
4226 0.15082926590677587
4229 0.04346740168089114
4244 0.027001535381440952
4320 0.015558801250606278
4331 0.0537335721939489
4384 0.04587198997366057
4395 0.05191567311491128
4410 0.01089960179841371
4431 0.01665761913302683
4448 0.02646963114093413
4554 0.028792154443345885
4570 0.026088533541685
4581 0.04346740168089114
4624 0.0037335253611837007
4694 0.19951339811028898
4699 0.020158804098382613
4700 0.034050326053139
4760 0.049047241187485636
4861 0.01983080321484134
4883 0.029124546557413637
4915 0.11188518226206547
4941 0.024532028431106113
4947 0.06286976051361759
4965 0.08788497725415387
4972 0.06328945211450897
4995 0.027563421497700604
5005 0.013144927680081665
5017 0.045004413451845304
5018 0.029294992418051287
5035 0.02646963114093413
5047 0.046822312530882926
5380 0.023282614922744423
5389 0.01604744798273465
5401 0.022045705806044678
5473 0.05734545019104139
5520 0.03768612421121425
5522 0.044206320417087795
5585 0.040422490101392754
5626 0.04346740168089114
5627 0.0222981456196752
5681 0.02895696546911065
5842 0.014847790341797003
5845 0.0388594273844991
5930 0.1155525266892207
5967 0.06286976051361759
5999 0.034917902574954265
6008 0.007677533258785746
6010 0.03835454775723806
6013 0.017307578111451272
6034 0.021020131268666316
6038 0.046822312530882926
6055 0.036116852138920734
6057 0.012876336623667922
6074 0.021718763727664517
6079 0.014767379905654203
6086 0.06286976051361759
6150 0.02094544297904625
6155 0.024914137733470322
6171 0.046822312530882926
6198 0.024167308770724552
6214 0.03218616239518278
6251 0.04590608169384507
6258 0.047870410074219875
6279 0.02863002339073049
6281 0.02109538324882232
6327 0.2595783655745564
6341 0.049047241187485636
6360 0.013043356274990989
6410 0.013777094008191267
6436 0.03293173259890037
6437 0.025138210984462644
6484 0.029124546557413637
6502 0.0332522330183815
6508 0.034917902574954265
6579 0.05882693277797726
6638 0.018514315303980153
6664 0.029294992418051287
6735 0.040422490101392754
6778 0.05410586895758269
6791 0.03471874959916281
6813 0.03809315378877933
6867 0.039116742955736306
6982 0.041160339794051926
7010 0.04587198997366057
7025 0.049114065779035335
7035 0.01975452547684056
7176 0.04759579191291423
7205 0.01794763781807415
7254 0.025964670581858345
7262 0.030048568697657103
7282 0.015217884621876626
7338 0.041531503117669046
7379 0.026340973355315524
7405 0.03351123043832679
7473 0.05595850085055161
7484 0.007896244401532568
7528 0.05882693277797726
7536 0.08289870941828124
7537 0.00589904466600611
7542 0.011429645356279014
7544 0.04787284537927095
7552 0.027554188016382535
7560 0.03251331428218484
7589 0.022045705806044678
7660 0.01828376537848781
7747 0.05037866134395712
7748 0.045004413451845304
7758 0.03554128305379646
7768 0.114279461366338
7951 0.0432773524569592
7952 0.032644250659896644
8051 0.03433121336122246
8098 0.014687612759890003
8110 0.040422490101392754
8112 0.021171207492877358
8220 0.03768612421121425
8250 0.04787284537927095
8312 0.021402202535221734
8324 0.05463714006802143
8326 0.015956803358073292
8327 0.021962959770637582
8339 0.029294992418051287
8412 0.023568878796092804
8447 0.04249522554257435
8473 0.01887045459221962
8512 0.068100652106278
8670 0.05595850085055161
8708 0.018690794956052886
8776 0.021247612771287176
8786 0.025721467304360503
8868 0.07041762428366964
8890 0.023978910936883015
8963 0.03942457394525081
8974 0.03522472186135368
8988 0.024803961584361364
8996 0.02946840270268646
9038 0.0537335721939489
9075 0.040422490101392754
9077 0.030976302511230673
9099 0.03380523048681184
9166 0.05595850085055161
9202 0.029294992418051287
9270 0.07108256610759292
9273 0.01452996773622809
9318 0.046822312530882926
9332 0.03251331428218484
9338 0.03650846206001168
9339 0.0389607303105946
9433 0.017463782455592134
9497 0.05191567311491128
9546 0.020297290214064817
9614 0.021402202535221734
9625 0.02043772690246165
9658 0.016803893248390822
9659 0.03809315378877933
9849 0.019366002037504743
9859 0.03809315378877933
9865 0.06306039380599894
9920 0.0332522330183815
9921 0.026088533541685
9936 0.044206320417087795
10167 0.02109538324882232
10218 0.017783729907208983
10254 0.0770350177928138
10281 0.04787284537927095
10318 0.03108333716557511
10392 0.03237454725925187
10396 0.04346740168089114
10415 0.04096158571620498
10418 0.08401992873566487
10420 0.01822695132139667
10460 0.054511377476122023
10508 0.030007498317498677
10571 0.02427063446264738
10580 0.0537335721939489
10594 0.03809315378877933
10679 0.03942457394525081
10825 0.032278695456394356
10845 0.01857279547186842
10925 0.0222981456196752
10951 0.033451725904532846
10959 0.03750064507220109
10960 0.015689711315439836
10963 0.02043772690246165
10981 0.0777188547689982
10988 0.023618509318755136
11011 0.01604744798273465
11036 0.015913470044205503
11052 0.03620625208111727
11080 0.027409682455900503
11112 0.03275358711438834
11142 0.04792763035249593
11154 0.08141719917021908
11163 0.02946840270268646
11171 0.10075732268791424
11217 0.024284302511452794
11237 0.07716440191308152
11244 0.02785670264211222
11299 0.042135981524419656
11300 0.017892701921295384
11315 0.03251331428218484
11332 0.08514086036951225
11353 0.045004413451845304
11382 0.04787284537927095
11485 0.06286976051361759
11497 0.042632141247880104
11499 0.028158872434353152
11523 0.05037866134395712
11524 0.036918757980564654
11578 0.06286976051361759
11698 0.0385175088964069
11736 0.08266256404914761
11770 0.02050869403509051
11778 0.2982454199092592
11779 0.1591269869826815
11827 0.04587198997366057
11828 0.07797534028424725
11832 0.05595850085055161
11850 0.05595850085055161
11893 0.00813313690350861
11910 0.0537335721939489
11930 0.11972128620953258
11939 0.04346740168089114
11948 0.1074671443878978
11957 0.016371355259678446
11974 0.02895696546911065
11977 0.025554902898257716
11995 0.031181894125713355
12016 0.061952605022461346
12024 0.03847957437420819
12064 0.018690794956052886
12089 0.021171207492877358
12124 0.03351123043832679
12129 0.026599970775260807
12131 0.040422490101392754
12137 0.023666156055896764
12177 0.02446980784994414
12180 0.02043772690246165
12186 0.01496963511721394
12200 0.02895696546911065
12205 0.023863604885082303
12232 0.028792154443345885
12235 0.0537335721939489
12265 0.025482905582354234
12291 0.05073487158665677
