396
25 0.03254479033327396
57 0.033451644767319176
68 0.02006637879489544
88 0.03254479033327396
90 0.027555461465418304
117 0.026159346111496597
203 0.023764552741663704
210 0.015345679604077197
215 0.05723918982219768
234 0.03171926083974878
236 0.016892718502867745
337 0.02052327815205707
344 0.015310631177684804
373 0.05932170566915769
374 0.06257189182190656
456 0.013139942632647913
461 0.04796587757841972
464 0.02354520312388808
542 0.046545803176629826
576 0.03843082559087403
594 0.0166332013777976
642 0.020445537195238138
736 0.026908722373834435
763 0.03519498913486498
764 0.05808656722038344
769 0.01949935293295517
836 0.03519498913486498
838 0.08476400760459868
854 0.027724498294492295
928 0.03558705888800462
937 0.02168672736058919
952 0.00948679290661294
956 0.03590296388080569
965 0.018010724901569134
979 0.03652903060587005
992 0.03283726723845017
1023 0.043912746804503265
1205 0.026562258568911565
1242 0.029003494154866846
1356 0.026908722373834435
1413 0.06863903560844285
1415 0.05808656722038344
1416 0.06690328953463835
1474 0.09309160635325965
1543 0.018010724901569134
1566 0.05808656722038344
1575 0.03555201046161223
1582 0.033139335241538684
1586 0.027066200545541808
1619 0.049645469105279755
1632 0.017214108609681786
1666 0.037347107246913355
1706 0.05614434316473311
1753 0.09309160635325965
1793 0.03837174546076912
1809 0.03481892676839872
1814 0.01580182469352541
1816 0.029003494154866846
1818 0.02546636924604091
1876 0.07038997826972997
1895 0.014868703731812453
1896 0.024947231978844752
1958 0.3087335891161015
2021 0.049645469105279755
2077 0.035996559580521975
2080 0.013070152535888788
2086 0.0198461551911875
2107 0.10406607075616102
2139 0.033139335241538684
2192 0.033451644767319176
2278 0.04959422261583884
2282 0.0453156787768287
2326 0.03952477946331605
2343 0.030261661951400506
2373 0.02701454053017798
2388 0.04796587757841972
2392 0.02560085701721438
2409 0.037347107246913355
2419 0.02354520312388808
2480 0.04302250130198492
2523 0.04423063215823337
2622 0.027555461465418304
2644 0.03486954364690919
2651 0.04796587757841972
2666 0.023764552741663704
2694 0.05544899658898459
2768 0.022520564910032317
2806 0.024103692218170287
2821 0.05435132180019709
2853 0.022328636119782762
2900 0.04284950005508543
2927 0.05808656722038344
2933 0.02546636924604091
2945 0.05170112299860607
2986 0.04423063215823337
3158 0.07786046911010266
3217 0.046545803176629826
3239 0.02506017179646471
3316 0.03893023455505133
3361 0.011566037718625476
3397 0.03283726723845017
3400 0.02052327815205707
3405 0.036874580661725026
3409 0.046545803176629826
3442 0.012662163410970628
3449 0.0584032293324545
3591 0.011507173309316101
3597 0.021254147953589823
3601 0.04238200380229934
3643 0.02520314423252762
3670 0.02052327815205707
3715 0.03445761580414392
3726 0.10340224599721214
3765 0.016582163858264592
3891 0.014996358181533066
3918 0.025072049468256735
3985 0.03096166302513599
4037 0.04796587757841972
4048 0.030286455346198494
4078 0.022520564910032317
4081 0.012966448828611334
4097 0.08167925281484893
4105 0.0255923242368532
4156 0.025333816617971412
4169 0.029907219701875112
4171 0.037347107246913355
4178 0.023764552741663704
4226 0.1625796979587707
4229 0.04016035895485245
4244 0.024947231978844752
4320 0.014375072329346214
4331 0.049645469105279755
4356 0.012432255788972883
4384 0.04238200380229934
4395 0.04796587757841972
4410 0.010070349359798123
4431 0.015390291065170028
4448 0.024455795536768365
4451 0.010454782693412507
4554 0.026601618979140575
4570 0.024103692218170287
4581 0.04016035895485245
4624 0.00344947507497551
4676 0.017434771823454594
4694 0.18433422230374547
4699 0.01862510243043814
4700 0.03145974371467864
4760 0.0453156787768287
4861 0.02290257022140985
4873 0.029822900518414103
4883 0.026908722373834435
4915 0.10337284741243176
4941 0.022665607549231113
4947 0.05808656722038344
4965 0.08119860163662543
4972 0.05847432827097193
4995 0.02546636924604091
5005 0.01214484863721978
5017 0.04158043335664235
5018 0.027066200545541808
5035 0.024455795536768365
5047 0.04326002488350239
5354 0.024698237126435013
5380 0.02151125065099246
5389 0.014826542336881039
5401 0.020368446797983945
5473 0.05298255186742093
5520 0.03481892676839872
5522 0.040843060025921286
5585 0.037347107246913355
5626 0.04016035895485245
5627 0.020601680741993866
5681 0.026753891019761313
5842 0.013718155830673848
5845 0.03590296388080569
5930 0.10676117666401384
5967 0.05808656722038344
5999 0.03226131416033563
6008 0.007093418967718073
6010 0.035436495992785845
6013 0.015990800524444425
6034 0.019420898981382377
6038 0.04326002488350239
6055 0.03336904646076491
6057 0.011896692252883126
6063 0.026908722373834435
6068 0.015895828047076538
6074 0.02006637879489544
6079 0.01364386309969999
6086 0.05808656722038344
6150 0.019351893050388702
6155 0.023018645599574963
6171 0.08652004976700478
6180 0.01783412686658454
6198 0.022328636119782762
6205 0.05808656722038344
6214 0.029737407463624906
6251 0.04241350179083911
6258 0.07371397022264806
6279 0.026451823016672805
6281 0.019490425716780897
6327 0.2877952654705183
6341 0.0453156787768287
6360 0.012051004884654661
6410 0.012728919128537268
6436 0.0304262539520154
6437 0.02322567113696724
6484 0.026908722373834435
6502 0.030722370383957576
6508 0.03226131416033563
6539 0.05808656722038344
6579 0.05435132180019709
6638 0.03421145592597186
6664 0.054132401091083616
6735 0.037347107246913355
6778 0.049989441164503066
6791 0.032077312939065766
6813 0.03519498913486498
6867 0.036140702629981994
6982 0.038028820608329815
7010 0.04238200380229934
7025 0.04537741928764527
7035 0.018251581724551564
7176 0.04397465719243588
7205 0.016582163858264592
7254 0.023989252874305946
7262 0.027762443999682668
7277 0.027066200545541808
7282 0.01406009297346077
7338 0.03837174546076912
7379 0.024336926162180212
7405 0.03096166302513599
7473 0.05170112299860607
7484 0.007295490351340704
7507 0.013388457667941861
7528 0.05435132180019709
7536 0.09573961746015067
7537 0.005450239538510555
7542 0.010560066681800732
7544 0.04423063215823337
7552 0.025457838257074535
7560 0.03003966931288874
7589 0.020368446797983945
7660 0.016892718502867745
7747 0.046545803176629826
7748 0.04158043335664235
7753 0.030722370383957576
7758 0.06567453447690035
7768 0.10558496740459496
7951 0.03998476886303536
7952 0.0527811268635695
8051 0.03171926083974878
8098 0.013570164716939222
8110 0.037347107246913355
8112 0.019560481177677457
8220 0.03481892676839872
8250 0.04423063215823337
8312 0.01977390188971923
8324 0.050480292645670444
8326 0.014742794044529613
8327 0.02029199616243789
8339 0.027066200545541808
8412 0.021775735286947394
8447 0.039262146934525774
8473 0.017434771823454594
8512 0.06291948742935728
8670 0.05170112299860607
8708 0.017268780869334005
8776 0.019631073467262887
8786 0.023764552741663704
8868 0.08674690944235676
8890 0.022154571778671736
8931 0.03410994251626966
8963 0.036425113534666105
8974 0.03254479033327396
8988 0.022916851760390315
8996 0.027226417604949645
9038 0.049645469105279755
9075 0.037347107246913355
9077 0.02861959491109884
9099 0.03123329526040471
9166 0.05170112299860607
9202 0.027066200545541808
9270 0.06567453447690035
9273 0.02684902696384873
9318 0.04326002488350239
9332 0.03003966931288874
9338 0.037478735903785206
9339 0.035996559580521975
9433 0.016135120688254952
9497 0.04796587757841972
9546 0.018753052386059836
9567 0.02354520312388808
9582 0.019215412795437016
9614 0.01977390188971923
9625 0.018882804512903136
9658 0.031050873003576396
9659 0.03519498913486498
9702 0.033451644767319176
9798 0.02789669487276983
9849 0.035785235062186935
9859 0.03519498913486498
9865 0.058262696944147124
9920 0.030722370383957576
9921 0.024103692218170287
9936 0.040843060025921286
10167 0.019490425716780897
10218 0.01643072622267252
10254 0.07117411777600924
10281 0.04423063215823337
10318 0.034462183516241224
10392 0.029911459821716543
10396 0.04016035895485245
10415 0.037845187936456005
10418 0.07762760981567479
10420 0.016840226915189875
10426 0.025737337272166066
10460 0.0671521309274829
10508 0.027724498294492295
10521 0.03226131416033563
10571 0.022424100691310248
10580 0.049645469105279755
10594 0.03519498913486498
10679 0.036425113534666105
10825 0.029822900518414103
10845 0.017159758902110713
10857 0.0453156787768287
10925 0.020601680741993866
10951 0.03090668565487242
10959 0.03464755906493923
10960 0.014496022627528632
10963 0.018882804512903136
10981 0.07180592776161138
10988 0.02182158987057006
11011 0.014826542336881039
11036 0.014702757571854996
11052 0.033451644767319176
11080 0.025324326821941256
11112 0.030261661951400506
11136 0.02920161466622725
11142 0.04428124903674383
11154 0.07522289847870381
11163 0.027226417604949645
11171 0.09309160635325965
11217 0.02243672886150242
11237 0.0712936582249911
11244 0.025737337272166066
11299 0.03893023455505133
11300 0.016531407538612944
11315 0.03003966931288874
11332 0.08740362207437727
11353 0.04158043335664235
11382 0.04423063215823337
11485 0.05808656722038344
11497 0.03938864595813898
11499 0.026016517689040255
11523 0.046545803176629826
11524 0.03410994251626966
11578 0.05808656722038344
11698 0.03558705888800462
11736 0.07637351477122362
11770 0.018948372396194044
11778 0.275554614654183
11779 0.20582862874946634
11827 0.04238200380229934
11828 0.07204289960627654
11832 0.05170112299860607
11850 0.05170112299860607
11893 0.009392949798097025
11910 0.049645469105279755
11917 0.02546636924604091
11921 0.024947231978844752
11930 0.12641459754820328
11939 0.04016035895485245
11948 0.09929093821055951
11957 0.015125806429215091
11974 0.026753891019761313
11977 0.02361066071960777
11995 0.028809544913087615
12016 0.05723918982219768
12024 0.03555201046161223
12064 0.017268780869334005
12089 0.019560481177677457
12124 0.03096166302513599
12129 0.02457621880335862
12131 0.037347107246913355
12137 0.021865611597028035
12177 0.022608120771157997
12180 0.018882804512903136
12186 0.013830730535585846
12200 0.026753891019761313
12205 0.022048038324843987
12232 0.026601618979140575
12235 0.049645469105279755
12265 0.029430176288000355
12291 0.04687491259327348
