94
111 0.04377880148847443
201 0.044113142292134866
215 0.12256284120383616
237 0.29215028941393395
242 0.30811936306792326
246 0.09966573428385504
344 0.032783735471974884
587 0.0344456184892728
733 0.11637922276168916
887 0.03475790419640925
1074 0.10630286286967466
1189 0.24875455912015454
1282 0.414150143897376
1481 0.06340450381732791
1623 0.1579146521164904
1655 0.12437727956007727
1706 0.06010925588891107
1901 0.05696044987416945
1929 0.03486310783337677
1958 0.055089391805782324
1996 0.07455567777355733
2094 0.06629635046449946
2099 0.049508844507043966
2202 0.05481757835898191
2269 0.0737820242946258
2314 0.12437727956007727
2325 0.16671794868586612
2373 0.019281538001496915
2650 0.04760865219620335
2740 0.12437727956007727
2853 0.09562193635332983
2936 0.05288485256945451
2937 0.06528455765253047
3442 0.027112730425719232
3522 0.12437727956007727
3661 0.03486310783337677
3975 0.12176581873568522
4169 0.06403853427267855
4485 0.06168814913883022
4552 0.03434261232740076
4624 0.007386153912452108
4694 0.06578396749623769
4827 0.024702540192672012
4926 0.04043261580373588
5209 0.12437727956007727
5252 0.051859913715563324
5297 0.037332030328537213
5373 0.1347257214923137
5389 0.03174718509611733
6122 0.10473145389364084
6162 0.022611636884516808
6360 0.025804093360032015
6584 0.02776427852482384
6663 0.13805004796579198
6791 0.03434261232740076
7025 0.032387981332763646
7176 0.04708014686451336
7229 0.05632408387564936
7368 0.11070451115436253
7537 0.011670270756038647
7569 0.13805004796579198
7819 0.09470839755758631
8324 0.027022605100950996
8450 0.10630286286967466
8498 0.07707727222304264
8700 0.09075004062875737
8719 0.05314963017146147
8868 0.04643648748319634
9338 0.03210038696469986
9357 0.0859929658781403
9551 0.09075004062875737
9628 0.05864742906671084
9658 0.033243685218112155
9675 0.029294163960281634
9825 0.0789573260582452
9865 0.16633922075310895
10318 0.012298634143724745
10530 0.06578396749623769
10749 0.02289710691998113
10825 0.06385798666665773
10988 0.04672526048027195
11021 0.046819521560593796
11149 0.13805004796579198
11154 0.053690092340442114
11319 0.012365957196017534
11332 0.03743042585409784
11424 0.05900285553264005
11497 0.042170271581389036
11634 0.05004038027078193
11655 0.08463203766557183
11764 0.04907047901840359
11778 0.2360114221305602
11828 0.077130568162617
12201 0.0737820242946258
