140
14 0.08997746913557599
119 0.0795721856714641
178 0.13498441056777657
262 0.14795960783346707
344 0.03538668235579824
429 0.06749220528388829
524 0.058250744138079694
525 0.06843866338626303
587 0.03718051474246721
674 0.10858176065876578
711 0.031027394550420036
769 0.02253393084759907
928 0.082250557421979
979 0.028142562898804072
1073 0.10784729754076415
1089 0.10222800826531549
1178 0.09523123167842415
1205 0.09208799386408979
1242 0.06703429943256732
1622 0.038091532910351486
1898 0.09998469308617432
1929 0.03763115169991115
2042 0.05657779775985847
2237 0.08746965612722477
2373 0.062437332180174714
2605 0.11474304522426505
2832 0.05343972336133037
2976 0.07212793047102496
2984 0.05708377804927955
3019 0.07731508348169377
3189 0.06013065279816164
3272 0.10473582127366671
3286 0.07046798880999289
3400 0.0474344079246743
3541 0.11474304522426505
3548 0.05736957833293423
3559 0.06529522701409385
3652 0.06892815164353483
3680 0.03388244997091835
3702 0.08868666172540556
3753 0.15318651674972528
3791 0.05680176331127289
3918 0.019315917161211414
4014 0.06796017580164167
4025 0.03456151713973163
4048 0.02333318077226076
4078 0.052050635123780505
4169 0.03456151713973163
4330 0.11474304522426505
4579 0.08746965612722477
4624 0.007972596123294495
4633 0.26850505109969636
4861 0.010586708910310851
5005 0.02806977034434269
5105 0.10757894517161053
5110 0.15179020795603912
5111 0.082250557421979
5112 0.05182768228617357
5224 0.02806977034434269
5337 0.04637839970183812
5401 0.047076554098681195
5425 0.1455611727769809
5433 0.044255620720141844
5455 0.2938661029873334
5727 0.09610273870044574
5802 0.019852508711886128
5942 0.10640364732710188
6008 0.016394658124420352
6055 0.03856208911047386
6063 0.12438552012553003
6143 0.08631846758745433
6186 0.05467080618411738
6281 0.04504722867495134
6436 0.10548397757560286
6666 0.06892634292338241
6778 0.028884512583164913
6792 0.09135161051295336
6817 0.11860679449449285
6952 0.029731676103106085
7101 0.062192760062765015
7141 0.11086109083853646
7150 0.04068678670460138
7180 0.08746965612722477
7277 0.1251134626872061
7460 0.09610273870044574
7470 0.048545536619247626
7484 0.03372339085131336
7537 0.025193722332412634
7580 0.04504722867495134
7605 0.05467080618411738
7660 0.07808656048852576
7944 0.06892815164353483
8039 0.08134438656235503
8051 0.0733111127079367
8098 0.031364030834606184
8107 0.07731508348169377
8208 0.0394114473673534
8225 0.10500733853341576
8320 0.07271130398913404
8352 0.1428468475176362
8457 0.07659325837486264
8556 0.03475958183722677
8577 0.06796017580164167
8823 0.04672461548357246
8837 0.041765083008025394
8867 0.05708377804927955
8918 0.09610273870044574
8942 0.02138864113081727
9338 0.043311347100343595
9341 0.03179245175624893
9347 0.11949417341175744
9434 0.10640364732710188
9443 0.11949417341175744
9445 0.02611717276054594
9563 0.03916529663229136
9582 0.04441160531113338
9776 0.0739174462772231
10004 0.03536507670947257
10086 0.09135161051295336
10116 0.0522759472944766
10150 0.07521911699748526
10351 0.10473582127366671
10578 0.04553671693222315
10788 0.07212793047102496
10825 0.06892815164353483
10980 0.049717858462431784
11080 0.05853082728741998
11319 0.013347783375538252
11332 0.1010057709312517
11505 0.07156011544936361
11637 0.033410328599961195
11736 0.058839405470193666
11754 0.1398844772113027
11893 0.026051335992496705
11930 0.036521952921626584
11957 0.034959506324341055
12085 0.10222800826531549
12204 0.016990867519160454
12270 0.09695460588177142
12271 0.22768358466111574
