326
6 0.03672381023355195
68 0.047972462914066566
76 0.022263409974154744
90 0.03293826371816625
117 0.03126942519168519
182 0.06943344686820459
193 0.03126942519168519
201 0.02462610158675344
234 0.037915437554770365
236 0.02019261472585023
280 0.034669161335592794
330 0.04642932168604335
332 0.05934342837458832
432 0.08154625052622583
453 0.050661086547086384
456 0.03141351098176301
464 0.05628924855899846
493 0.03822902442768043
627 0.03961291539248593
636 0.044642651662839636
674 0.028078450959036903
677 0.02510704304247498
711 0.01604691563270071
744 0.02070788106931066
805 0.06496854255670995
883 0.04523802957460755
932 0.03925184012764103
938 0.012434674851191778
956 0.04291640312588839
975 0.1581299812503626
1070 0.04882151888035047
1106 0.032353428467771
1122 0.025406024547215387
1143 0.08522046778257143
1144 0.047245719727789806
1308 0.025205804322973917
1335 0.031442843090093466
1336 0.04207012955079831
1352 0.03730351296977243
1362 0.05478705612106503
1413 0.0820472797767814
1458 0.06933832267118559
1464 0.044642651662839636
1494 0.054167838197596824
1524 0.023836328611649502
1553 0.022339616568695913
1571 0.044642651662839636
1575 0.042496892957688395
1587 0.07939700776046806
1663 0.03490598355899692
1746 0.037605225239303666
1759 0.019114512213840217
1895 0.03554644042382301
1905 0.04710185082502627
1916 0.03314032092780903
1971 0.015875522149954472
1999 0.03890222952698907
2080 0.015623332296722579
2086 0.023722988428242043
2092 0.05934342837458832
2107 0.031098696051430338
2139 0.03961291539248593
2141 0.05934342837458832
2166 0.04207012955079831
2186 0.03672381023355195
2243 0.05163545781594369
2266 0.01718316073007679
2292 0.09601091209677323
2307 0.15513187211785334
2356 0.011339983799211703
2373 0.010763892321004966
2382 0.07645804885536087
2480 0.15428010474203302
2492 0.04354055173689198
2630 0.009173847617993645
2677 0.040511439641944966
2701 0.04483270844785679
2709 0.0556382603836905
2748 0.02952289689886968
2763 0.08328802062352425
2809 0.037915437554770365
2853 0.026690407849034814
3008 0.03890222952698907
3014 0.03925184012764103
3053 0.05934342837458832
3120 0.0658765274363325
3148 0.03998623280307488
3152 0.024912138680737245
3170 0.03856337790028787
3233 0.04970293388610218
3269 0.019821395002468812
3295 0.04037265171308274
3339 0.041188714545046586
3361 0.0691269861382016
3362 0.08643663310011841
3429 0.033987801210364314
3442 0.015135644822950337
3448 0.04523802957460755
3490 0.03539547787647863
3540 0.04523802957460755
3580 0.033987801210364314
3596 0.03514801108099129
3604 0.03254494301604113
3670 0.024532383497990293
3672 0.05287083390991142
3686 0.03700984732753576
3721 0.01952132714553864
3806 0.061800642532900706
3826 0.030930573564983986
3903 0.07039767514837937
3918 0.009989910449957496
3933 0.05198321393774507
3939 0.03590774740158811
4025 0.01787471225720127
4048 0.024135161119414973
4099 0.03443732521549443
4143 0.0244394562886014
4178 0.05681364518838096
4230 0.06711182041948542
4356 0.014860826058122828
4381 0.020642138730980347
4410 0.012037534677594696
4451 0.03749119461170098
4519 0.050661086547086384
4861 0.01642587402261457
4905 0.0269198288339195
4972 0.01747423870717111
5001 0.014745114216225607
5013 0.023986231457033283
5035 0.029233095727268423
5051 0.024347306721878174
5312 0.042496892957688395
5337 0.047972462914066566
5399 0.04586744710841936
5473 0.02111079707448284
5627 0.04925220317350688
5647 0.06943344686820459
5681 0.03198011105718205
5700 0.05227386825263392
5769 0.031442843090093466
5845 0.021458201562944194
5857 0.04586744710841936
5882 0.07808850297483816
5998 0.02481596506538067
6001 0.05681364518838096
6010 0.021179406698068934
6014 0.03198011105718205
6057 0.04266192971848108
6066 0.01823748700641756
6084 0.03076497933224238
6146 0.03514801108099129
6180 0.021317921844713265
6223 0.05934342837458832
6230 0.026354996875060436
6300 0.04586744710841936
6360 0.014405099963860798
6361 0.03590774740158811
6409 0.03766572983637095
6437 0.02776267354117475
6452 0.025436512837164305
6457 0.040773125263112914
6484 0.03216518783329417
6548 0.07234621007208714
6619 0.048005456048386616
6650 0.111276520767381
6772 0.045616549824396814
6794 0.34698262495407756
6798 0.061800642532900706
6807 0.034669161335592794
6899 0.040773125263112914
6923 0.025305459382862373
7025 0.054241639365104864
7099 0.04882151888035047
7205 0.019821395002468812
7212 0.047245719727789806
7229 0.031442843090093466
7256 0.031798093541809874
7262 0.011061893036703291
7272 0.012497064870566994
7293 0.05171062403928444
7363 0.06943344686820459
7369 0.0556382603836905
7399 0.044077819703980566
7423 0.05287083390991142
7483 0.024255838779849506
7484 0.008720622786425528
7537 0.019544738251464317
7561 0.19403552664985044
7651 0.04653503386229295
7660 0.02019261472585023
7725 0.04653503386229295
7770 0.06496854255670995
7798 0.04207012955079831
7826 0.291180856209939
7833 0.016714502386574296
7835 0.019171716544886672
7854 0.028540300700739686
7861 0.022649828884162605
7933 0.061800642532900706
7952 0.09013088427684324
7990 0.040773125263112914
8064 0.04653503386229295
8098 0.016221019005849324
8166 0.21696655746041946
8167 0.048005456048386616
8168 0.048005456048386616
8252 0.026415501472127713
8324 0.00754266624159065
8374 0.07029602216198258
8402 0.03376973846162084
8409 0.054167838197596824
8447 0.18772713372901167
8514 0.09229493799672715
8586 0.02613693412631696
8603 0.029972420903999788
8633 0.09524015501915833
8708 0.020642138730980347
8727 0.026354996875060436
8754 0.022416354223928396
8836 0.03126942519168519
8890 0.026482341031549676
8942 0.022123786073406582
8943 0.04037265171308274
8957 0.029233095727268423
8985 0.033987801210364314
9000 0.022187727140414767
9109 0.07646928554623096
9115 0.03126942519168519
9140 0.09173489421683872
9148 0.03293826371816625
9160 0.02952289689886968
9267 0.07555448412820408
9273 0.03209383126540142
9338 0.031359995259021514
9390 0.05171062403928444
9444 0.026245425732590495
9445 0.006753710292562677
9470 0.05407271400057783
9568 0.02070788106931066
9578 0.019287024498615628
9584 0.023214660843021675
9631 0.06933832267118559
9638 0.029972420903999788
9650 0.03700984732753576
9664 0.050698737488059246
9675 0.016353427121729408
9798 0.033346155125642714
9804 0.026690407849034814
9818 0.03998623280307488
9819 0.05934342837458832
9842 0.040773125263112914
9863 0.04162060554566819
9865 0.04642932168604335
9898 0.012846675471218967
9987 0.023810038754789584
9989 0.04970293388610218
10004 0.018290301539134957
10005 0.04162060554566819
10014 0.06943344686820459
10023 0.08237742909009317
10135 0.03273984737777886
10141 0.023986231457033283
10237 0.033346155125642714
10263 0.12360128506580141
10276 0.030282633219466483
10312 0.021179406698068934
10318 0.03432847877804429
10321 0.025923105874438836
10334 0.022037904299164673
10364 0.022969034102507724
10410 0.04162060554566819
10415 0.04523802957460755
10418 0.030930573564983986
10429 0.03490598355899692
10457 0.09449143945557961
10460 0.060202437559486975
10476 0.028015829724007773
10477 0.05934342837458832
10493 0.040773125263112914
10515 0.03644501536867669
10597 0.018667270685443865
10749 0.012782278744054576
10780 0.04882151888035047
10818 0.059944841807999576
10822 0.047245719727789806
10845 0.0410236398883907
10862 0.029091005898248076
10875 0.04162060554566819
10879 0.05287083390991142
10881 0.023810038754789584
10897 0.025923105874438836
10951 0.006157355073586435
10963 0.022571452688794284
10981 0.06437460468883259
10997 0.030282633219466483
11001 0.04207012955079831
11011 0.035445645657840266
11013 0.05934342837458832
11080 0.030271289645900673
11142 0.02646566925348935
11145 0.04963193013076134
11157 0.04162060554566819
11194 0.030126434728730587
11217 0.04022942383711991
11257 0.06186114712996797
11319 0.006903278757833303
11395 0.06943344686820459
11497 0.011770748329681164
11524 0.040773125263112914
11634 0.02793497411332134
11861 0.026577465228568655
11875 0.019700384895011365
11893 0.022455617949239785
11974 0.03198011105718205
11977 0.028222868643248245
12004 0.02006747918649566
12030 0.02425592189066431
12129 0.02937704299223188
12137 0.02613693412631696
12138 0.022571452688794284
12176 0.04302828221178251
12204 0.017574857415971562
12265 0.014071677356052772
12275 0.020840555071367735
12303 0.05904579379773936
12304 0.04710185082502627
