265
6 0.031936348700075244
62 0.05374406569654366
114 0.039340620643961086
215 0.029750483159757143
295 0.06701958908376564
296 0.20105876725129695
306 0.056498985710668866
335 0.02133424469991363
344 0.007957811360221586
380 0.02936738143895899
435 0.012023063619242252
503 0.039340620643961086
510 0.06038182739015466
642 0.021253431850051522
677 0.021833989347317402
711 0.02790995215079299
769 0.020269859614018223
942 0.021580857449611877
987 0.06701958908376564
1029 0.021253431850051522
1064 0.15967476854900267
1235 0.0483850361217614
1335 0.027343829375567827
1524 0.0103644651444109
1527 0.05160718372020315
1918 0.030149551980341124
2080 0.013586612742852656
2091 0.024819673922371922
2102 0.06387269740015049
2105 0.021748866423474515
2107 0.054089093419219074
2126 0.03169389863937016
2130 0.03145743561598292
2154 0.022452027385102116
2278 0.017184637417556776
2284 0.07868124128792217
2331 0.05160718372020315
2356 0.0098616585414645
2430 0.06038182739015466
2456 0.022452027385102116
2473 0.030149551980341124
2494 0.05374406569654366
2525 0.02918142868595003
2566 0.03477346892601761
2663 0.04174727442815039
2700 0.11299797142133773
2719 0.20105876725129695
2802 0.11299797142133773
2893 0.06701958908376564
2901 0.024588909361442618
3001 0.06701958908376564
3085 0.030781183016686312
3130 0.06701958908376564
3158 0.040468542309321655
3179 0.03658570062983587
3232 0.06701958908376564
3267 0.0483850361217614
3332 0.017028073725178422
3413 0.06038182739015466
3460 0.07868124128792217
3523 0.028999018106415152
3591 0.011961873213741842
3603 0.04496942202659215
3604 0.02830225518469682
3605 0.025422153441904054
3616 0.030149551980341124
3629 0.05160718372020315
3631 0.05160718372020315
3759 0.01567842985542611
3797 0.029750483159757143
3878 0.04722842243790785
3897 0.027972006393524627
3918 0.00868758610785116
3934 0.040468542309321655
4048 0.010494402902914464
4059 0.05016726681889884
4073 0.0483850361217614
4078 0.0234104531942311
4081 0.013478811238095304
4143 0.021253431850051522
4161 0.0351095127345394
4264 0.06038182739015466
4451 0.021735795871706636
4472 0.06701958908376564
4552 0.016672415549002877
4554 0.027652767969622242
4624 0.01792889634651379
4712 0.024252865552920826
4877 0.08811341280781661
5005 0.012624745947025496
5048 0.06038182739015466
5159 0.03786443274866461
5163 0.06701958908376564
5173 0.06701958908376564
5181 0.03966979549293318
5235 0.031226671055053615
5351 0.07819529177021727
5354 0.025674174983543876
5750 0.13403917816753128
5802 0.008928925168395132
5803 0.07572886549732923
5807 0.021580857449611877
5842 0.014260221547199982
5845 0.055982475938559755
5865 0.06701958908376564
5894 0.05374406569654366
5914 0.02864430104034581
5984 0.32575300520976586
5998 0.021580857449611877
6017 0.039340620643961086
6034 0.020188305595789345
6036 0.1572871780799146
6066 0.015859975877936257
6084 0.0267543346253173
6088 0.09810857685105026
6162 0.010977342165698838
6185 0.06701958908376564
6199 0.0351095127345394
6204 0.06701958908376564
6208 0.056498985710668866
6224 0.03741894471029731
6230 0.02291925496941866
6251 0.014696483006302634
6410 0.013231895676783317
6443 0.04597838233757208
6448 0.04322346232344687
6452 0.02212050815303019
6584 0.02695762247619061
6628 0.05322492284966755
6788 0.05374406569654366
6818 0.032972630758198895
6863 0.06701958908376564
6877 0.03383078061571066
6908 0.049861224017057865
7083 0.02918142868595003
7176 0.022856146327778794
7178 0.04108658034710637
7180 0.039340620643961086
7261 0.06701958908376564
7262 0.009619820793549543
7273 0.0483850361217614
7375 0.056498985710668866
7401 0.049861224017057865
7450 0.06038182739015466
7462 0.06701958908376564
7464 0.04174727442815039
7481 0.040468542309321655
7488 0.027193018922099663
7536 0.059713630870405154
7537 0.005665602888887123
7616 0.03741894471029731
7641 0.047106304002932656
7660 0.017560225394636406
7709 0.06701958908376564
7826 0.05627141446481323
7835 0.016672415549002877
7861 0.019697107370976904
7953 0.056498985710668866
7958 0.11299797142133773
8176 0.12490668422021446
8201 0.023511790286730127
8322 0.04174727442815039
8324 0.013118748718489193
8327 0.04218764744810193
8369 0.028135707232406614
8374 0.030565976974009583
8402 0.02936738143895899
8411 0.03833166033298115
8414 0.030355501119563373
8417 0.04322346232344687
8421 0.0388228585577936
8432 0.21274667378685178
8455 0.023112721466146145
8473 0.09061848833624515
8475 0.0354577789644753
8476 0.03325022311844478
8495 0.029947938936224872
8507 0.06701958908376564
8514 0.0267543346253173
8515 0.017028073725178422
8517 0.026199033228522895
8520 0.047106304002932656
8603 0.026065097256739084
8659 0.030355501119563373
8682 0.027343829375567827
8708 0.017951147667831617
8753 0.020406785015998536
8754 0.01949406939331469
8811 0.027972006393524627
8843 0.04322346232344687
8936 0.030781183016686312
8949 0.026898341337200524
8978 0.07317140125967174
9227 0.047106304002932656
9273 0.013954976075396495
9291 0.06144220014754741
9292 0.3182809568842996
9338 0.011687906535554838
9341 0.01429907054927514
9445 0.01761980950921393
9496 0.04108658034710637
9658 0.016138915964013362
9664 0.029392966012605267
9675 0.014221529511217716
9808 0.06701958908376564
9821 0.016823226002471044
9894 0.030355501119563373
9910 0.03383078061571066
9921 0.050112273891518316
10075 0.06701958908376564
10105 0.021833989347317402
10150 0.06766156123142132
10167 0.02026057964358953
10168 0.0388228585577936
10175 0.04245695207317202
10183 0.08249115869531913
10188 0.04597838233757208
10318 0.01791196929120039
10325 0.021093823724050966
10392 0.0103644651444109
10521 0.033536103030811525
10533 0.027343829375567827
10623 0.04245695207317202
10645 0.03581919037956103
10673 0.08811341280781661
10749 0.02223186039550578
10760 0.07439853962941136
10794 0.0267543346253173
10844 0.026065097256739084
10848 0.022182255577253302
10881 0.02070606768195683
10910 0.049861224017057865
10934 0.025547335170571603
10959 0.018008319574230287
10985 0.022452027385102116
11011 0.015412405363562495
11036 0.015283729308615483
11067 0.011901071321371203
11086 0.06701958908376564
11098 0.04597838233757208
11104 0.03786443274866461
11129 0.03244047908874092
11331 0.06701958908376564
11385 0.0354577789644753
11474 0.03988798481205578
11498 0.07398652562634873
11528 0.20105876725129695
11634 0.048586520218728245
11811 0.0341348145920507
11846 0.025176594708593198
11893 0.00390564290873816
11929 0.025645765307957338
11977 0.012271811783349608
11997 0.039340620643961086
12051 0.016233731252220513
12083 0.05186601747331856
12105 0.018846778065862206
12157 0.022361256412804155
12175 0.2608951336854762
12177 0.011750734389592156
12186 0.0287544891648005
12204 0.038209323271538705
12265 0.006118618846734904
12269 0.05374406569654366
12275 0.036247395334498056
