209
15 0.05364912415884523
79 0.03517888795277725
119 0.030290193751589582
178 0.05138358227865476
193 0.04603036265766717
236 0.029724671084922653
262 0.0375485072735422
374 0.09175200265782112
435 0.02035176676173156
455 0.0462856436136211
456 0.04624246509096876
496 0.0557752249040627
524 0.1330434481265826
642 0.035976262090665574
674 0.02066653404383122
711 0.02362196751562336
744 0.030483172288874438
860 0.11344588107451536
928 0.06261950201479613
979 0.02142566967786012
1073 0.08210697018132997
1122 0.18699552620955837
1133 0.10571647064075311
1148 0.0844014498954772
1149 0.05628355692962485
1205 0.07010899984210901
1208 0.047907997045619856
1223 0.19127473926323713
1352 0.05491288118913699
1353 0.1927796291639625
1363 0.05035945192431408
1413 0.03019455922237881
1468 0.04050394074533433
1536 0.024877136463233092
1575 0.031278915149144076
1587 0.07791792437808692
1702 0.04143047895852018
1814 0.05561023721278651
1902 0.04939619794076974
1929 0.028649580666087932
1971 0.07010899984210901
2042 0.04307415818034879
2080 0.02299842888479485
2094 0.10896117750475061
2110 0.04324466901623393
2130 0.0532488567684233
2167 0.033575070835757954
2181 0.036251014527258846
2183 0.05138358227865476
2246 0.058312452188231154
2247 0.07612096363112796
2294 0.0648850438949866
2373 0.015845058363135055
2378 0.10729824831769046
2541 0.036530504307550095
2630 0.013504422618382837
2645 0.04908742659204089
2681 0.05069369068705309
2855 0.06954837192437252
2864 0.07316553015933583
2895 0.05644370242954071
3049 0.10896117750475061
3189 0.09155807941161288
3272 0.07973812186609128
3342 0.03681489766669841
3400 0.14445222479749784
3652 0.05247680582362977
3677 0.10495361164725954
3680 0.1031823837173504
3745 0.11344588107451536
3933 0.025507410460296018
4025 0.026312587537400824
4048 0.01776416119448385
4105 0.02251631139505502
4169 0.05262517507480165
4178 0.04181644970916502
4381 0.06077279169618762
4407 0.11344588107451536
4410 0.01771993195644883
4581 0.07066674676327336
4596 0.03979904683365842
4645 0.06571650848851666
4655 0.035440345325526486
4699 0.06554599765263153
4782 0.048784427009683565
4861 0.03223975426880796
4869 0.04848698736759105
4931 0.033811717457342114
4933 0.06334006533869573
4988 0.040868225866412984
5001 0.021705642193322657
5005 0.021370250801032685
5069 0.08735392290599123
5094 0.09097404160223264
5252 0.042617106553764265
5297 0.030678475924694238
5310 0.07994483506204786
5312 0.1251156605965763
5313 0.0462856436136211
5425 0.022163906088127107
5433 0.033692962305814575
5461 0.04504763719348348
5687 0.0532488567684233
5766 0.05405952597015566
5789 0.07973812186609128
5802 0.07557117229642722
5810 0.06751947666576621
5942 0.08100788149066866
6082 0.05405952597015566
6214 0.026163185505770303
6398 0.03557267263738067
6436 0.10707695045252202
6452 0.018721992864653283
6731 0.07457598507483709
6778 0.02199053539076161
6792 0.06954837192437252
6952 0.022635503150331374
7101 0.047348975935515826
7150 0.06195183113357349
7205 0.029178214653818525
7208 0.036530504307550095
7356 0.0517398604814757
7405 0.054480588752375304
7467 0.045287789818257075
7470 0.036958987554849256
7484 0.025674500058710536
7537 0.009590320089023226
7580 0.03429563415965754
7605 0.04162231558423518
7660 0.029724671084922653
7739 0.043032770499736445
7767 0.07973812186609128
7952 0.02653555199359735
7984 0.045287789818257075
7988 0.04707653245208979
8020 0.10220996133837401
8092 0.02623771439882009
8166 0.05323117423951631
8224 0.024877136463233092
8252 0.019442556188552867
8273 0.0648850438949866
8327 0.035706089075158806
8341 0.05778092897392073
8369 0.04762607679742044
8455 0.039123532188172716
8621 0.059430827027132
8823 0.03557267263738067
8828 0.03681489766669841
8873 0.031902453779972584
8905 0.042413204422703854
9083 0.06571650848851666
9107 0.10220996133837401
9135 0.2457079994982442
9151 0.040324822837951836
9268 0.05405952597015566
9338 0.06594812417134484
9341 0.02420442558938512
9434 0.32403152596267465
9444 0.11590425380418422
9445 0.009941843578696291
9575 0.019739995830645375
9675 0.04814633953099327
9699 0.09563736963161856
9776 0.028137643203669533
9849 0.03148410783437762
9978 0.06002034674582494
10140 0.03997241753102393
10216 0.04324466901623393
10218 0.028911742806372032
10321 0.11448083461388514
10426 0.045287789818257075
10428 0.038475045486728025
10460 0.05908092898523803
10578 0.03466829438073296
10612 0.0844014498954772
10653 0.06622379261210565
10759 0.06954837192437252
10788 0.05491288118913699
10977 0.09563736963161856
10988 0.019198792111011036
11001 0.06192961042319446
11036 0.012935592124812647
11080 0.02228052533704089
11103 0.026312587537400824
11144 0.06409415505651792
11189 0.08779501830028572
11202 0.05405952597015566
11257 0.0455315538957989
11319 0.04064806728005122
11332 0.07689833691808395
11637 0.02543615757333712
11710 0.20413986627919917
11736 0.02239798966034501
11768 0.038160278204628376
11893 0.019833563902806526
12030 0.035706089075158806
12043 0.07782885818872175
12078 0.03466829438073296
12089 0.06883780951782015
12103 0.05778092897392073
12109 0.05247680582362977
12129 0.04324466901623393
12137 0.038475045486728025
12156 0.04680859237352203
12177 0.01989078766856844
12180 0.03322645512690298
12204 0.012935592124812647
12265 0.020714305041751382
12270 0.024604692979807045
