150
90 0.05963833178370923
215 0.06194143759724397
373 0.04279668925296614
374 0.02257074185633722
464 0.05095892288283796
490 0.08190840416168406
576 0.04158795036306637
938 0.022514339879698014
1057 0.053190351859037
1100 0.07980771719787715
1356 0.058238593275617874
1524 0.0431582820032815
1699 0.12571685552838438
1753 0.10073916041909904
1793 0.08304803350077548
1958 0.13920679756162446
2107 0.056307593169613035
2183 0.12640220787230086
2266 0.0622239866364258
2343 0.06549536606559879
2373 0.019489205230030643
2622 0.05963833178370923
2630 0.016610255253781014
2698 0.07702113164872013
2828 0.03137376625282313
2895 0.03471249128218569
2904 0.06194143759724397
3148 0.07239945126115407
3168 0.08839670378755055
3217 0.10073916041909904
3239 0.02711888606964447
3301 0.05399333630128769
3361 0.02503239496649128
3405 0.07980771719787715
3449 0.12640220787230086
3456 0.0600041784783339
3462 0.10073916041909904
3472 0.04158795036306637
3591 0.024904994626016114
3626 0.08999260213246452
3686 0.0670103795716067
3737 0.044932021030782615
3887 0.03399851935454874
3918 0.018087826334802253
3993 0.06501490702317916
4081 0.028063307096768724
4143 0.04425031067892043
4170 0.05216766177273772
4356 0.02690715219896424
4451 0.02262730383879823
4514 0.07043674467810555
4570 0.05216766177273772
4624 0.007465704730047851
4694 0.33246239052100196
4785 0.08554354693966638
4827 0.02496859303862014
4861 0.02974084284405734
4883 0.058238593275617874
4904 0.07172351922709669
4905 0.09748259333247775
4965 0.05857942354858437
5005 0.026285116415068064
5181 0.04129687825280027
5196 0.058238593275617874
5397 0.11763265755760392
5598 0.12228761563485063
5930 0.07702113164872013
6057 0.05149606226675156
6119 0.04475939583601467
6214 0.03218036059618737
6327 0.10381262984503423
6348 0.18345488480329353
6360 0.026082010222913354
6436 0.03292579640524163
6508 0.0698232167182966
6638 0.03702195591747609
6673 0.06754209336062247
6791 0.06942498256437138
6867 0.039109691867222
7176 0.02379360620587555
7201 0.11200637801145377
7208 0.044932021030782615
7262 0.02002876814405266
7272 0.02262730383879823
7507 0.05795332308079287
7536 0.041441883149730734
7540 0.08691913270652932
7555 0.12571685552838438
7660 0.03656093918322397
7708 0.18725548982089368
7952 0.032638366287029846
8171 0.031198869644972902
8222 0.0454590495688202
8252 0.023914078387789365
8324 0.05462729131064344
8711 0.08304803350077548
8755 0.10381262984503423
8769 0.16166081456835282
8868 0.09387324129968289
8882 0.07382420619090362
8890 0.02397458855698334
8896 0.0600041784783339
8898 0.07382420619090362
8942 0.02002876814405266
9318 0.09362774491044684
9496 0.08554354693966638
9582 0.04158795036306637
9614 0.04279668925296614
9659 0.0761725744198948
9798 0.06037686382349581
9849 0.03872502233858582
9921 0.05216766177273772
10132 0.061538634292509324
10183 0.11449945045065435
10281 0.09572843187425376
10318 0.02486218732732891
10392 0.02157914100164075
10428 0.047323780104855606
10508 0.0600041784783339
10545 0.10381262984503423
10709 0.07106975293789687
10845 0.0742777903405365
11036 0.015910601520975478
11063 0.11763265755760392
11067 0.09911361272817486
11082 0.08999260213246452
11094 0.13099073213119758
11106 0.03556104851101102
11171 0.10073916041909904
11237 0.10286732326202992
11319 0.03749742540873812
11332 0.018916780685786685
11499 0.056307593169613035
11624 0.04938107622358073
11629 0.05070900702811777
11736 0.027549221165771704
11778 0.17891499535112768
11779 0.19091796376894868
11828 0.0779612846399187
11871 0.07309910499395962
11877 0.06363932125631623
11893 0.008131670844121445
11930 0.2051994952165477
11939 0.17383826541305863
12016 0.12388287519448794
12024 0.03847263814014564
12049 0.10744777262301655
12089 0.04233478244548131
12205 0.047718606579939614
12291 0.050725726242661126
