86
26 0.06931190179803232
69 0.0971125970423368
105 0.07227066870240226
236 0.10842073165401282
335 0.06586118252095119
374 0.06693308215563576
493 0.05131602389216732
641 0.15773492132109498
642 0.06561170427929457
769 0.0312876537813011
952 0.030444035038246286
1483 0.15392713554648493
1575 0.05704491827891341
1809 0.1117373001567632
1895 0.14314532060747245
1958 0.12384448961121408
2107 0.0834895189444037
2183 0.09371080288390032
2266 0.04613099600465393
2356 0.030444035038246286
2596 0.06988043847750565
2739 0.10095735717771386
2756 0.07626274584650632
3085 0.09502493017158406
3112 0.06820661432970808
3195 0.09008631090254893
3270 0.052092000099711405
3589 0.08441343776905823
3597 0.06820661432970808
3880 0.09784258465435784
3891 0.09624952466421773
4048 0.032397387147249115
4381 0.05541718629562695
4451 0.0671008155798646
4624 0.011069698799149331
4827 0.03702193086523128
4861 0.014699312131088453
4915 0.1105778183630995
5297 0.05594986730521835
5845 0.05760803999432844
5973 0.15392713554648493
6437 0.07453342271103347
6813 0.11294412062538377
6867 0.11597900660475567
7176 0.035279730925405144
7482 0.0634563616914019
7537 0.017490345273752945
7753 0.0985910549154296
7780 0.17441864300703552
8068 0.10838696466439803
8092 0.047851028930174344
8100 0.06415749327751681
8324 0.04049903410915734
8327 0.06511897627011447
8374 0.09436056521956863
8890 0.03554808069105577
8907 0.16591389899415485
8969 0.07105140327624426
9339 0.11551643763213465
9445 0.01813143620180795
9546 0.12036071400215867
9824 0.14936997958549922
10004 0.049103295981447755
10106 0.09124579269621262
10141 0.12878989667765997
10183 0.08488645579938058
10508 0.08897059373004396
10752 0.12683883612778912
10816 0.06561170427929457
10925 0.06611278400720913
10959 0.055593682319524565
11025 0.11551643763213465
11036 0.02359128480418176
11067 0.036739928763208564
11071 0.140920247285048
11237 0.07626274584650632
11300 0.0530508840333427
11319 0.018532977127962726
11439 0.15392713554648493
11629 0.07518827150315284
11778 0.35371255285375536
11779 0.47180282609784313
11828 0.11559631276136952
11893 0.006028576687205243
11930 0.05070958219216249
12177 0.036275821960140925
