65
236 0.06766097898270959
240 0.2582319364654369
344 0.030662095451051516
374 0.041770220472523704
493 0.06404849628065849
642 0.08189120432110272
769 0.03905071018466155
1483 0.1921193580636372
1575 0.07119883730460128
1809 0.1394614296021798
1895 0.17866237169479476
1958 0.15457264087552605
2107 0.10420484164597972
2266 0.05757696528156249
2739 0.1260067796618375
2756 0.09518496998065971
2900 0.08581327872581809
3195 0.11243842198110839
3589 0.10535800213886715
4169 0.0598942012600378
4382 0.08315280182981243
4624 0.013816299638786791
4694 0.12305335322405848
4861 0.018346488425030904
4915 0.1380142585293583
5041 0.10715826808375871
5391 0.1815044268206871
5842 0.05494579532496133
5973 0.1921193580636372
6057 0.047650225412176284
6162 0.04229659362949991
6437 0.09302656919257186
6698 0.09608496905123784
6813 0.14096768496713732
7035 0.07310367998238099
7537 0.02183002947709645
7780 0.21769519461188716
8068 0.1352798127494668
8100 0.08007617617055124
8324 0.0252738037631414
8327 0.08127622120920645
8374 0.11777319932670882
8869 0.121208062096576
8907 0.20708026336893703
8969 0.08868059513022215
9099 0.06254988898963337
9338 0.03002297068827664
9339 0.14417824228907175
9433 0.06462654673291149
9445 0.022630187143391444
9720 0.12305335322405848
9824 0.1864314858459667
10004 0.06128674888460851
10141 0.1607450966130788
10571 0.08981601187063745
10752 0.1583099411802586
11036 0.02944472705468558
11237 0.09518496998065971
11439 0.1921193580636372
11629 0.046921949154110854
11778 0.22073765081138624
11779 0.35331959798012647
11828 0.14427793594282143
11893 0.007524380149551407
11930 0.06329158496872958
