57
73 0.21461708441729369
169 0.09582716472594578
330 0.12919674305368445
362 0.09647228445957987
625 0.10825144908211508
711 0.044653015820935255
956 0.059710752883026366
1823 0.10922429445872231
1958 0.08557657016656889
2373 0.059904378524334036
2392 0.0851543316603908
2481 0.14389278078032686
2627 0.08950459228916086
2630 0.02552764482604665
3239 0.04167794420295397
3484 0.08560829634162924
3725 0.07041634068769724
4120 0.10464233476360914
4143 0.068006553613712
4205 0.08340288036977647
4251 0.18078498230127646
4356 0.04135253878528957
4624 0.011473746538688238
4861 0.015235841981367624
5013 0.06674538567105698
5500 0.10730854220864684
5648 0.10380277387520424
5971 0.09279081578508208
6162 0.035125207721493204
6238 0.21444872105127843
6258 0.0490379198174714
6828 0.06932186521735174
7537 0.01812874877504405
7739 0.08134559412430467
7807 0.15954552790744378
7979 0.1211582954669323
8100 0.0664992634199217
8324 0.06296589376928705
8327 0.06749584086601922
8447 0.06529746014974211
8603 0.08340288036977647
8942 0.0923442665400754
9060 0.6433461631538353
9338 0.012466288551266573
9658 0.051641168424816364
9922 0.07941778519277318
10428 0.07273004730422149
10951 0.01713378943400712
10988 0.03629181046451033
11011 0.049316485877118905
11319 0.03841887408714165
11629 0.07793266877103705
11778 0.27496738524458975
11779 0.19560951534831114
11828 0.11981561716320681
11852 0.1800568017306557
12204 0.024452374655938223
