476
26 0.027997353790984655
73 0.0209095179963026
84 0.01267773008775443
110 0.03354184305458192
117 0.016954650872912737
132 0.013455508733489873
160 0.028038109803171174
210 0.009945991730288761
236 0.021897347379386003
313 0.015331007372268812
344 0.009923275801893791
347 0.015402514006600218
362 0.03759605575723617
373 0.012816054403901093
374 0.06083205840331661
387 0.0233304417362914
390 0.010714497298991732
435 0.007496293319658063
456 0.008516387943226829
457 0.018310350195967197
490 0.024528592799970068
495 0.014596248464427792
515 0.0451343657147661
516 0.026949516539958862
628 0.010272018413579196
738 0.028038109803171174
740 0.022107669059981273
769 0.012638111052809023
785 0.019912082726692988
921 0.04336201338804391
937 0.014055813528658503
938 0.026968909025702856
952 0.01229734573254938
1012 0.02256718285738305
1016 0.04178622968698258
1023 0.014230579154533239
1029 0.026502722474555172
1057 0.03185715788240855
1062 0.02937044027994766
1064 0.03318535493388871
1095 0.05677930703783399
1100 0.023899513334159534
1118 0.03522670947798215
1143 0.015402514006600218
1242 0.018798027878618086
1293 0.031088113008970505
1347 0.05164033452912005
1356 0.03488068786887558
1374 0.01340381375599867
1413 0.02224350104231246
1450 0.015260346990167874
1468 0.014919069385170299
1492 0.021093247341924377
1524 0.025848676605030877
1536 0.00916315099641451
1595 0.045781040970503624
1596 0.03685717277674282
1598 0.04178622968698258
1664 0.012632325058279317
1688 0.023065032148289633
1698 0.012071483279222188
1699 0.03764763321797095
1709 0.04077999266191685
1710 0.017751931112257608
1736 0.014349997787302162
1850 0.026471602935693426
1851 0.026029124050280888
1958 0.15841204784578294
2080 0.016942309808296013
2095 0.04178622968698258
2110 0.015928578941204277
2129 0.014055813528658503
2133 0.042565620660049916
2144 0.02523184381093602
2163 0.04013435082043184
2177 0.01724130108310932
2183 0.03785287135855599
2194 0.02722666928649193
2217 0.0335090367489593
2252 0.02006717541021592
2266 0.01863382452895646
2298 0.06500559944778712
2333 0.022333006466681782
2356 0.02459469146509876
2373 0.03501785566268612
2375 0.02937044027994766
2381 0.017144213861013318
2392 0.016592677466944355
2428 0.01842858638837141
2464 0.039455540170870475
2483 0.023608200310292093
2525 0.018194409997670143
2536 0.0752952664359419
2558 0.027469038205303036
2622 0.053578544371509815
2630 0.019896673197017208
2650 0.014410614882590838
2656 0.009831715847710379
2675 0.028227004430275274
2684 0.03764763321797095
2698 0.023065032148289633
2768 0.014596248464427792
2781 0.010780472916158659
2853 0.0289437074050447
2877 0.02937044027994766
2882 0.08357245937396517
2895 0.07276591464738608
2900 0.08331610932662549
2901 0.015331007372268812
2929 0.028038109803171174
2936 0.016007662648382617
2984 0.016007662648382617
3034 0.09653011881654847
3089 0.014723290121024524
3097 0.018798027878618086
3152 0.01350765520121548
3239 0.081211216406809
3270 0.010520834940594803
3301 0.03233808724760041
3332 0.010616880967710036
3342 0.013560261115103608
3420 0.07519211151447235
3422 0.04178622968698258
3426 0.03217670627218282
3442 0.008206725008100546
3449 0.018926435679277993
3495 0.03522670947798215
3498 0.0752952664359419
3505 0.02937044027994766
3523 0.03616135663789555
3548 0.016087807913498158
3591 0.03729070771914499
3624 0.019760916865147894
3634 0.028667189268981708
3668 0.09463217839638997
3688 0.022107669059981273
3719 0.03217670627218282
3725 0.01372091832149163
3729 0.023065032148289633
3741 0.018926435679277993
3759 0.009775387763885555
3760 0.024869870404967638
3765 0.01074739398056855
3791 0.015928578941204277
3830 0.01554814885098083
3831 0.026471602935693426
3862 0.03217670627218282
3903 0.01272348305188202
3918 0.016249941554000516
3988 0.02006717541021592
4025 0.01938375930589269
4040 0.08357245937396517
4048 0.013086368810194478
4145 0.019760916865147894
4150 0.0752952664359419
4156 0.016419600635481122
4178 0.015402514006600218
4198 0.030805028013200435
4226 0.04515974639480434
4320 0.046584561322391145
4355 0.023608200310292093
4356 0.00805771503486271
4384 0.05493807641060607
4397 0.024205771879227556
4410 0.013053786347404181
4451 0.033880279301224156
4480 0.08357245937396517
4481 0.03217670627218282
4502 0.01447185370252235
4568 0.023608200310292093
4581 0.026029124050280888
4624 0.015649952311202787
4655 0.013053963669123503
4676 0.045199978326011345
4694 0.21903290999362288
4699 0.024142966558444376
4700 0.020389996330958424
4716 0.027469038205303036
4721 0.031088113008970505
4804 0.03764763321797095
4850 0.02561718606318238
4861 0.011875069981989133
4869 0.017859514790503274
4887 0.18823816608985472
4904 0.04295717918834148
4905 0.043788745393283375
4926 0.012238507669617649
4965 0.01754241022501031
4972 0.009474738174234325
4990 0.0233304417362914
4995 0.0330110238785784
5005 0.007871437904861722
5013 0.013005617392001676
5020 0.08357245937396517
5041 0.03467998625031819
5055 0.0335090367489593
5079 0.12535868906094774
5110 0.021282810330024958
5183 0.019912082726692988
5196 0.01744034393443779
5224 0.023614313714585167
5235 0.019469603841280454
5257 0.0335090367489593
5261 0.020558197104492765
5282 0.03764763321797095
5351 0.01625139986194678
5354 0.016007662648382617
5380 0.01394208184993613
5389 0.009609523414799766
5390 0.024528592799970068
5391 0.02937044027994766
5397 0.03522670947798215
5423 0.04146254787191199
5444 0.021093247341924377
5445 0.04178622968698258
5473 0.011446522980599585
5609 0.1129080177211011
5622 0.024996291290363012
5627 0.01335256251769255
5648 0.1618112350600784
5802 0.005567120345636634
5832 0.03764763321797095
5842 0.1689317574308296
5844 0.02523184381093602
5971 0.018080678318947774
6034 0.012587262711537506
6055 0.01081373613646312
6079 0.00884299379759978
6082 0.019912082726692988
6132 0.10568012843394645
6138 0.02937044027994766
6150 0.05017015165453088
6162 0.047910054828987636
6180 0.011558828472141621
6209 0.03422865714590757
6214 0.009636849469829213
6221 0.07569553143280805
6249 0.0209095179963026
6251 0.01832630199282902
6277 0.015697424941153264
6280 0.011869066179370974
6281 0.012632325058279317
6409 0.01021140131829052
6410 0.008249991375703508
6452 0.027583954097957736
6508 0.0209095179963026
6549 0.03217670627218282
6584 0.008403941444621078
6585 0.05973624818007896
6594 0.03217670627218282
6616 0.043049993361906486
6620 0.016087807913498158
6621 0.0165055119392892
6628 0.016592677466944355
6638 0.011086731461226683
6657 0.020007920926648354
6664 0.07016964090004124
6673 0.0404528087650196
6747 0.011017303555670958
6769 0.030167720519292535
6791 0.04158052265564919
6867 0.03513579770580404
6877 0.021093247341924377
6892 0.022333006466681782
6921 0.03217670627218282
6982 0.01232380530030713
6998 0.019057665854181942
7002 0.08477325436456368
7035 0.04731757356613873
7042 0.03508594865307349
7097 0.030167720519292535
7102 0.013053963669123503
7176 0.02850128427430774
7225 0.026949516539958862
7259 0.01215441145401388
7262 0.041985221441319
7277 0.01754241022501031
7301 0.03217670627218282
7312 0.030634203954871563
7376 0.0165055119392892
7379 0.031546972515362696
7382 0.017339993125159096
7394 0.016419600635481122
7461 0.018926435679277993
7478 0.08357245937396517
7492 0.07808737215084266
7507 0.034709831739557814
7537 0.02119477485912697
7540 0.026029124050280888
7542 0.027377174187992934
7552 0.024749974127110528
7559 0.04295717918834148
7624 0.026949516539958862
7660 0.021897347379386003
7739 0.015850529037612988
7744 0.022333006466681782
7758 0.021282810330024958
7818 0.017339993125159096
7833 0.009062800187135813
7839 0.019613483878123943
7843 0.028038109803171174
7861 0.012281004166469482
7952 0.0635310360307889
7974 0.028667189268981708
7986 0.013613334643245965
8010 0.05607621960634235
8156 0.010489159892291218
8171 0.037371714278807554
8200 0.018672323601935582
8222 0.013613334643245965
8225 0.014723290121024524
8250 0.028667189268981708
8265 0.021890527581269248
8324 0.06543556051606839
8327 0.013151846723623493
8329 0.016087807913498158
8359 0.03217670627218282
8364 0.060981557519371773
8390 0.020558197104492765
8403 0.020558197104492765
8412 0.04234050664541291
8421 0.024205771879227556
8455 0.014410614882590838
8556 0.009747421752092604
8672 0.01796907259096963
8682 0.017048680101291656
8719 0.016087807913498158
8723 0.027997353790984655
8741 0.0233304417362914
8746 0.024869870404967638
8768 0.04178622968698258
8769 0.024205771879227556
8776 0.01272348305188202
8868 0.028111627057317005
8869 0.07845393551249577
8882 0.04421533811996255
8883 0.02937044027994766
8890 0.0215385561327841
8896 0.07187629036387852
8931 0.022107669059981273
8942 0.035987332663987716
8944 0.016419600635481122
8946 0.028667189268981708
8999 0.026029124050280888
9000 0.02406089430957712
9076 0.020731273935955995
9099 0.040486456694575686
9139 0.01724130108310932
9202 0.01754241022501031
9267 0.010241632940356668
9338 0.009716433731919818
9393 0.022810920070947222
9401 0.03764763321797095
9444 0.014230579154533239
9445 0.007323882636489644
9461 0.031088113008970505
9575 0.007270955912957547
9578 0.05228825997708077
9582 0.012454080997932713
9584 0.012587262711537506
9614 0.03844816321170329
9656 0.010520834940594803
9658 0.030187492578995702
9675 0.008867020922990037
9758 0.0466608834725828
9783 0.04178622968698258
9804 0.01447185370252235
9814 0.015850529037612988
9821 0.010489159892291218
9849 0.01159673801284064
9865 0.012587262711537506
9898 0.020896856545036244
9920 0.05973624818007896
9921 0.01562232039613625
9922 0.0154748874091123
10065 0.06219382180786799
10081 0.0289437074050447
10102 0.02523184381093602
10105 0.013613334643245965
10127 0.018080678318947774
10135 0.017751931112257608
10140 0.029446580242049047
10153 0.023899513334159534
10167 0.012632325058279317
10183 0.06857685544405327
10211 0.023065032148289633
10216 0.015928578941204277
10250 0.023065032148289633
10269 0.01932910953325016
10285 0.022333006466681782
10298 0.025539178648499444
10318 0.02233596693685438
10327 0.02561718606318238
10392 0.03877301490754632
10420 0.010914652329256471
10428 0.02834350745391111
10462 0.022107669059981273
10476 0.01519051306423852
10490 0.014533727132923937
10491 0.024869870404967638
10508 0.03593814518193926
10571 0.014533727132923937
10590 0.023065032148289633
10647 0.014787839210266355
10760 0.04638695205136256
10789 0.028667189268981708
10825 0.01932910953325016
10845 0.02224350104231246
10848 0.027660952243915973
10925 0.01335256251769255
10951 0.02337013343010954
10959 0.02245611434784674
10960 0.084557733776388
10979 0.024996291290363012
10980 0.02788416369987226
10981 0.011634889788669705
10987 0.018926435679277993
11036 0.009529294824014014
11045 0.023065032148289633
11067 0.059361856025039836
11080 0.016413450016201092
11125 0.016007662648382617
11142 0.014349997787302162
11154 0.03250279972389356
11180 0.023608200310292093
11194 0.016334907972885993
11217 0.007270955912957547
11260 0.020389996330958424
11300 0.010714497298991732
11319 0.007486078205785568
11353 0.026949516539958862
11424 0.017859514790503274
11434 0.028667189268981708
11497 0.031911192357915806
11499 0.06744831808357465
11629 0.06833477819964848
11634 0.015146672199179407
11677 0.023608200310292093
11727 0.02561718606318238
11736 0.07424992238133157
11754 0.019613483878123943
11778 0.44648786976258187
11779 0.24774965610436522
11827 0.027469038205303036
11828 0.10505958223702674
11838 0.03217670627218282
11839 0.03764763321797095
11893 0.019481121133808975
11908 0.014349997787302162
11921 0.016169043623800203
11929 0.023984924131301665
11930 0.22531592468784667
11957 0.009803485380924487
11977 0.03825693001590496
11996 0.04178622968698258
12006 0.006319055526404512
12021 0.008867020922990037
12029 0.012957659442583288
12039 0.022107669059981273
12052 0.058893160484098095
12064 0.011192410903257169
12072 0.016592677466944355
12078 0.012769589324249722
12124 0.02006717541021592
12159 0.05884045163437182
12177 0.03663249006051903
12186 0.03585643258034415
12193 0.018194409997670143
12198 0.02561718606318238
12204 0.03335253188404905
12229 0.019613483878123943
12263 0.022333006466681782
12265 0.015259658615764199
12275 0.022599989163005672
12291 0.03038102612847704
12293 0.023899513334159534
