365
68 0.02345252716117355
76 0.02176803922093837
90 0.032205372731266696
103 0.04761113668223525
193 0.06114733320537921
195 0.04773521841654001
201 0.024078159896510357
210 0.017935222463399268
236 0.03948664017200211
248 0.06352296364947836
330 0.045396248671548234
332 0.05802301075453424
343 0.02044229529181601
368 0.09906770977245127
456 0.015357273209993902
457 0.03301834679264143
464 0.027518393897697318
493 0.05606761750015024
496 0.018523133780076827
587 0.018801360923834692
593 0.07452218767483362
627 0.038731510443385485
674 0.013726846481492673
677 0.024548400191383213
711 0.015689864637682488
769 0.03418472577636471
814 0.04953385488622564
883 0.0442314633383296
913 0.028443718105391258
938 0.012157997816802782
952 0.022175328253184
958 0.021331487883519483
965 0.021049987108482465
975 0.18038010548115208
1055 0.03323155754844137
1070 0.04773521841654001
1106 0.06326710064952676
1111 0.04619448149451941
1143 0.05554951636702755
1265 0.04953385488622564
1294 0.056059992598344426
1308 0.024644963989557286
1336 0.04113405049607657
1353 0.03201137124251714
1356 0.03144949812795154
1362 0.05356801980593154
1363 0.033449075882344685
1413 0.1604433827725071
1423 0.0406945285995753
1457 0.06042555080722533
1464 0.04364933284934836
1524 0.01165297986031588
1553 0.021842550184927808
1571 0.04364933284934836
1575 0.0415513182277506
1587 0.025876796366195984
1622 0.01926204258736742
1698 0.04353607844187674
1702 0.027518393897697318
1744 0.0442314633383296
1745 0.038378469263441406
1746 0.07353698457439133
1759 0.018689205833383415
1838 0.03536823739408387
1895 0.01737775817381061
1905 0.023026906869348242
1916 0.06480586815662955
1952 0.042070883835091714
1955 0.052962579756091394
1958 0.015034648582919398
1971 0.015522284735997862
2080 0.015275706218931187
2086 0.023195141406609512
2092 0.05802301075453424
2107 0.030406736261581076
2130 0.07073647478816775
2146 0.042070883835091714
2243 0.025243272980945163
2278 0.03864207770366367
2292 0.09387462668957
2356 0.033262992379776
2363 0.042070883835091714
2373 0.03157317281839561
2382 0.03737841166676683
2400 0.06352296364947836
2450 0.022698124335774117
2480 0.1508473039365372
2630 0.00896972543681415
2677 0.019805021064748553
2679 0.025876796366195984
2701 0.021917580393272473
2709 0.05440028439591894
2748 0.057731998679120954
2763 0.19001459212976696
2829 0.0398659051294487
2958 0.052962579756091394
2963 0.06788852185835925
3000 0.050560039703400304
3085 0.03460791278395778
3152 0.024357832538199613
3190 0.04484687605265626
3206 0.06352296364947836
3207 0.07535149290949318
3239 0.029289009528205033
3270 0.01897181500620386
3290 0.06352296364947836
3295 0.03947434229365108
3301 0.029157011414973767
3361 0.054071104012493584
3362 0.028171126549998517
3405 0.04309706865226638
3407 0.024644963989557286
3442 0.014798870007903385
3448 0.0442314633383296
3462 0.05440028439591894
3481 0.037383905001522326
3540 0.0442314633383296
3580 0.03323155754844137
3591 0.02689795676076027
3596 0.03436595223450458
3604 0.03182080358933354
3605 0.028582646372651392
3672 0.05169443438946352
3727 0.04773521841654001
3775 0.052962579756091394
3805 0.02474240168013277
3814 0.022300780672280165
3826 0.06048470915015376
3876 0.08574793911795418
3903 0.022943765210447144
3933 0.01694218811854504
3939 0.10532635225431054
3945 0.10338886877892704
3962 0.05861104247212347
4016 0.045499608704957464
4025 0.017476991976046907
4048 0.03539721460870046
4143 0.02389566753908201
4178 0.08332427455054132
4187 0.03563409760113245
4212 0.05802301075453424
4216 0.056059992598344426
4230 0.06561855262854431
4263 0.04484687605265626
4289 0.02690298118337065
4356 0.014530166082567611
4381 0.020182841982502316
4410 0.011769694188333138
4451 0.024437999261111985
4519 0.04953385488622564
4624 0.004031564873490462
4658 0.042070883835091714
4676 0.020376843471251873
4679 0.048597021547210496
4712 0.02726799211588248
4782 0.03240293407831477
4826 0.04953385488622564
4861 0.04282770942726821
4905 0.05264170138877885
4907 0.02398652707681761
4988 0.02714494173282385
5005 0.014194259733858605
5051 0.04761113668223525
5112 0.026208108393808705
5146 0.02345252716117355
5278 0.04619448149451941
5312 0.06232697734162591
5337 0.07035758148352064
5354 0.028865999339560477
5399 0.04484687605265626
5406 0.056059992598344426
5473 0.020641072469854676
5627 0.048156319793020715
5681 0.031268539392251556
5700 0.05111075148301499
5777 0.029157011414973767
5845 0.020980747054257325
5882 0.12725166520866532
5998 0.024263798828469983
6001 0.027774758183513774
6008 0.008290414663572018
6010 0.02070815549886459
6013 0.018689205833383415
6057 0.013904227615788826
6068 0.037156414003132486
6125 0.0251412173227562
6180 0.02084358862201815
6209 0.06172321445489982
6223 0.05802301075453424
6251 0.03304711205136736
6266 0.04953385488622564
6409 0.018413825315062055
6410 0.01487689057630776
6452 0.03730580870536546
6584 0.015154502785242515
6586 0.06352296364947836
6650 0.05440028439591894
6772 0.04460156134456033
6778 0.014606256797322961
6794 0.3166446337092702
6798 0.06042555080722533
6817 0.019992274329318712
6899 0.0398659051294487
6923 0.02474240168013277
7025 0.017678246271622268
7181 0.03389775710847172
7206 0.03024235457507688
7220 0.017780301929811237
7272 0.012218999630555992
7423 0.05169443438946352
7482 0.023110695551555677
7483 0.023716135601395814
7537 0.01273990610048053
7542 0.012342050013614627
7547 0.03323155754844137
7561 0.0948590750310193
7602 0.04484687605265626
7628 0.056059992598344426
7651 0.045499608704957464
7655 0.0425717551359041
7660 0.03948664017200211
7798 0.04113405049607657
7826 0.22143485227334367
7833 0.016342597289983694
7835 0.018745137342674776
7854 0.02790526634294994
7861 0.02214586013869213
7911 0.049096800382766426
7952 0.07050034567871878
8166 0.1591042164446004
8168 0.09387462668957
8215 0.05802301075453424
8247 0.03590668915652518
8252 0.03874161726035382
8280 0.05802301075453424
8324 0.022124515710036916
8349 0.046937313344785
8352 0.024078159896510357
8374 0.03436595223450458
8387 0.0442314633383296
8403 0.03707180224095999
8412 0.025450333041733064
8440 0.038731510443385485
8447 0.18355012168357715
8514 0.060160889775020744
8558 0.07353698457439133
8586 0.025555375741507496
8603 0.029305521236061734
8633 0.06984076447426604
8711 0.04484687605265626
8853 0.04953385488622564
8890 0.01294654859489747
8942 0.01081576100697595
8953 0.06352296364947836
8974 0.038036637653823535
9109 0.07476781000304465
9140 0.04484687605265626
9143 0.09719404309442099
9144 0.04619448149451941
9148 0.032205372731266696
9149 0.05440028439591894
9267 0.05540502249194265
9273 0.015689864637682488
9278 0.038036637653823535
9338 0.02628190409642527
9390 0.050560039703400304
9422 0.06352296364947836
9445 0.006603437241016853
9522 0.04773521841654001
9575 0.026222867534332017
9578 0.0188578796432555
9580 0.026666338881161065
9595 0.03770532562621081
9631 0.06779551421694344
9637 0.027392465078229143
9638 0.029305521236061734
9664 0.03304711205136736
9709 0.06352296364947836
9771 0.052962579756091394
9798 0.03260418837389013
9804 0.026096534428243594
9819 0.05802301075453424
9821 0.01891469661587445
9842 0.0398659051294487
9865 0.022698124335774117
9921 0.028171126549998517
9987 0.023280254824755344
9989 0.048597021547210496
10005 0.0406945285995753
10012 0.0406945285995753
10023 0.04027224736540608
10064 0.036473493249572116
10135 0.03201137124251714
10141 0.02345252716117355
10183 0.030915498212307477
10216 0.028723390747080507
10237 0.03260418837389013
10263 0.06042555080722533
10318 0.060416378800264216
10321 0.025346305263138226
10325 0.0237162168629581
10410 0.0406945285995753
10418 0.03024235457507688
10420 0.019681970681689923
10429 0.034129309932294995
10457 0.04619448149451941
10460 0.03924193773587342
10515 0.03563409760113245
10560 0.02960883118982606
10576 0.026434786057337786
10597 0.018251915627495546
10619 0.030069297165838796
10631 0.046937313344785
10641 0.037383905001522326
10670 0.045499608704957464
10683 0.046937313344785
10702 0.039096521375897315
10749 0.012497867368770437
10780 0.04773521841654001
10818 0.05861104247212347
10845 0.08022169138625355
10881 0.04656050964951069
10897 0.025346305263138226
10951 0.006020351190346444
10981 0.06294224116277199
10997 0.02960883118982606
11011 0.05198544646487682
11036 0.017183809038120775
11067 0.013380617570884221
11080 0.014798870007903385
11099 0.037383905001522326
11110 0.04027224736540608
11123 0.046937313344785
11145 0.024263798828469983
11179 0.03436595223450458
11217 0.03933430130149803
11257 0.03024235457507688
11300 0.019321038851831836
11310 0.06114733320537921
11319 0.006749677741551416
11487 0.04113405049607657
11524 0.0398659051294487
11607 0.03460791278395778
11634 0.02731340854076707
11678 0.052962579756091394
11812 0.0502824346455124
11861 0.025986104831210756
11893 0.015369179338288332
11974 0.12507415756900622
11977 0.013797448644812648
12004 0.01962096886793671
12024 0.0415513182277506
12048 0.04159228098342892
12064 0.020182841982502316
12101 0.052962579756091394
12109 0.06971087225872614
12129 0.028723390747080507
12138 0.044138455696913784
12176 0.042070883835091714
12204 0.008591904519060388
12265 0.02063786443405622
12291 0.027392465078229143
12296 0.04619448149451941
12303 0.11546399735824191
12304 0.023026906869348242
