292
15 0.07929959129075788
76 0.04844227101647558
84 0.050875109759030215
119 0.0895447976935109
201 0.02679158962013546
234 0.04124951891620939
262 0.027750511560579002
289 0.034399445163839755
326 0.06095878474219862
343 0.022745990088359588
344 0.009955404912708183
347 0.030904767068975512
374 0.040686011700756655
390 0.02149837637833751
435 0.015041128923854567
455 0.03420775901506194
456 0.017087923798781976
464 0.030619512432891426
493 0.041590680946247766
522 0.034594248296819535
524 0.16387796361648058
547 0.021237928540220566
594 0.043261509676214525
674 0.04582128027533185
678 0.03329280089904896
938 0.027056227677721444
952 0.012337161494163964
1059 0.039953106243754644
1064 0.03329280089904896
1070 0.05311462286737383
1106 0.03519841641436202
1122 0.11056037938448508
1133 0.03906528319871444
1205 0.1036291853865508
1352 0.0405837849468281
1353 0.21371288965440138
1374 0.026894423974395325
1413 0.022315519992924727
1462 0.05625778052531232
1468 0.029934747278073954
1530 0.0402642959142412
1575 0.11558460768163685
1587 0.1439645952819286
1645 0.046811959863657396
1664 0.05069290160014303
1698 0.04844227101647558
1759 0.020795340473123883
1814 0.020549585625569817
1862 0.04990078577898235
1895 0.019336102406154573
1963 0.08384304631136995
1971 0.03454306179551694
2006 0.05752001306413157
2030 0.07123762988480047
2042 0.015917143068271092
2094 0.0402642959142412
2130 0.039353974968292973
2167 0.024813912962965683
2247 0.05625778052531232
2250 0.06456177296527901
2266 0.018694156240493944
2373 0.035131234811621406
2378 0.07929959129075788
2392 0.03329280089904896
2456 0.028088002292590206
2482 0.05893106899146987
2578 0.02334512136382126
2630 0.019961093699958656
2645 0.03627843815994656
2704 0.02638885829587823
2705 0.02342216425771552
2828 0.018851446841873426
2855 0.05140025634165983
2864 0.05407354480781737
2895 0.020857575047950598
2900 0.027861955422009775
3152 0.02710277929062202
3179 0.045769552367850685
3189 0.06766669904256582
3191 0.045769552367850685
3239 0.016294831644789287
3285 0.025715099231603093
3286 0.03964979564537894
3342 0.027208331768254337
3400 0.05337926092495981
3452 0.08700481770865742
3456 0.0721090080010914
3581 0.03650663798744044
3661 0.02117369177123649
3677 0.038783384811065996
3680 0.0762577300699792
3681 0.046811959863657396
3688 0.044358496440512395
3709 0.03347028753364492
3764 0.07553905387140326
3933 0.018851446841873426
4025 0.019446519120612307
4048 0.013128739233233662
4059 0.020920134608975408
4079 0.03906528319871444
4096 0.05140025634165983
4105 0.01664085219468502
4169 0.019446519120612307
4320 0.018694156240493944
4502 0.029037419965408946
4547 0.028202645547473756
4554 0.034594248296819535
4596 0.11765516015979548
4624 0.02242946140439161
4708 0.028792919056385716
4775 0.08384304631136995
4782 0.0360545040005457
4795 0.038783384811065996
4803 0.03383334952128291
4815 0.04350240885432871
4861 0.01787027777886911
4872 0.01989865310750706
4879 0.04856828835420789
4988 0.09061192495117203
4992 0.05140025634165983
4995 0.03311790540293238
5001 0.03208344183844669
5005 0.015793847344882355
5040 0.03164911380378795
5069 0.0322797925068614
5094 0.06723506143143657
5112 0.058323134975834585
5146 0.02609545272387306
5219 0.07543556495983113
5252 0.0314964986352997
5271 0.04392280738236693
5312 0.04623384307265473
5313 0.06841551803012388
5337 0.05219090544774612
5359 0.08384304631136995
5389 0.019281273346090925
5425 0.03276080871313615
5440 0.044810630427407135
5461 0.03329280089904896
5471 0.037717782479915564
5472 0.06488557993942022
5530 0.05752001306413157
5769 0.03420775901506194
5802 0.04468116242663458
5811 0.07068152968775077
6008 0.036898731199034154
6013 0.020795340473123883
6068 0.020671832897663722
6116 0.06723506143143657
6162 0.013732907350776142
6180 0.023192506195333
6214 0.019336102406154573
6251 0.055156914067539635
6336 0.06456177296527901
6398 0.026290255856852848
6427 0.06456177296527901
6452 0.02767326411368291
6570 0.03180369825455446
6584 0.01686230265371154
6638 0.022245255106969525
6666 0.019391183554736815
6731 0.05511595230362409
6772 0.024813912962965683
6775 0.0402642959142412
6778 0.048756820248989065
6817 0.022245255106969525
6952 0.033457883546566675
7016 0.039953106243754644
7035 0.023735388078595408
7042 0.017599774135128556
7101 0.0349936229024466
7102 0.026192458344673788
7206 0.03365044324003821
7230 0.030904767068975512
7235 0.0402642959142412
7282 0.01828453928994602
7353 0.09843204124832976
7444 0.05752001306413157
7464 0.052226799822333615
7467 0.06694057506728984
7481 0.05062707655150317
7483 0.013194383938370817
7484 0.03794987137575869
7496 0.14986223971153595
7542 0.013732907350776142
7552 0.03310681122288448
7560 0.03906528319871444
7660 0.0659047367103554
7739 0.03180369825455446
7773 0.07255687631989312
7833 0.01818428658179306
7951 0.02599922627309717
7979 0.04736927563868113
7984 0.10041086260093478
8092 0.019391183554736815
8166 0.03934090656002633
8208 0.022175399931132614
8224 0.018385638022513213
8273 0.04795378808534563
8320 0.08182405636839638
8327 0.02638885829587823
8338 0.04736927563868113
8354 0.05893106899146987
8374 0.03823873971804065
8390 0.04124951891620939
8447 0.025529357081316217
8473 0.06801948700174194
8624 0.07553905387140326
8823 0.026290255856852848
8837 0.02349970581458776
8873 0.023577752531743976
8957 0.03180369825455446
8986 0.04393649114023694
9078 0.08384304631136995
9112 0.07543556495983113
9115 0.03401909167156979
9135 0.3026539613115016
9149 0.06053079226230032
9173 0.14136305937550153
9273 0.017457995809272236
9338 0.019495786278619323
9341 0.017888465904707097
9386 0.05625778052531232
9434 0.38915171461496134
9470 0.02941379003994887
9567 0.030619512432891426
9568 0.04505764337543158
9575 0.014588994936959813
9618 0.025903766575095247
9627 0.046811959863657396
9659 0.045769552367850685
9671 0.024471600283329425
9672 0.05062707655150317
9699 0.07068152968775077
9716 0.08384304631136995
9731 0.0419544356800049
9798 0.07255687631989312
9849 0.023268570760149695
9898 0.027952687192121177
9923 0.022386199423377724
10106 0.03697650717922141
10167 0.025346450800071516
10200 0.06723506143143657
10280 0.037218538213230686
10298 0.025621868187446814
10318 0.029877713692194406
10321 0.028202645547473756
10392 0.012966184110876923
10460 0.021832106278827416
10483 0.045769552367850685
10653 0.024471600283329425
10749 0.013906284164161054
10777 0.08384304631136995
10874 0.04921602062416488
10898 0.06004321213152149
10934 0.03196030347427451
11001 0.045769552367850685
11036 0.009560148321941112
11136 0.03797542958658487
11202 0.07990621248750929
11204 0.04159679333901565
11244 0.03347028753364492
11257 0.03365044324003821
11319 0.015020632548089075
11332 0.10229814756041826
11497 0.038417415480046464
11634 0.015195713374621072
11693 0.045769552367850685
11710 0.037717782479915564
11711 0.11504002612826314
11812 0.02797444571997986
11826 0.0405837849468281
11828 0.02342216425771552
11893 0.014658147136521119
11953 0.03180369825455446
11993 0.15859918258151576
12006 0.025358060256367176
12007 0.03383334952128291
12029 0.02599922627309717
12030 0.02638885829587823
12043 0.05752001306413157
12064 0.022457298318781047
12089 0.050875109759030215
12098 0.02438752885962798
12103 0.04270343760380644
12157 0.05594889143995972
12177 0.014700438798390586
12186 0.017986263416886156
12204 0.009560148321941112
12265 0.015309065613256108
12270 0.01818428658179306
12271 0.05124373637489363
