245
14 0.0486409202409008
26 0.08095823651896532
88 0.0406627026256182
111 0.025545434168644396
119 0.08603185605960771
137 0.03809429022813348
178 0.07297122281022465
203 0.178154032876428
215 0.07151682743802126
262 0.10664731297207336
344 0.0286945300405974
347 0.029692338812737997
429 0.03648561140511233
435 0.014451048769802879
450 0.021853639693429405
493 0.019979516224022668
496 0.01980197848844543
524 0.031489769903665525
525 0.03699725719278832
587 0.020099414547646213
629 0.052953692423353516
641 0.030706465355266777
674 0.08804732135544185
711 0.03354619857857775
769 0.012181617727216862
928 0.044463829020394925
938 0.012997390943094331
979 0.015213588140300608
1073 0.058301170818360844
1089 0.05526343921639942
1178 0.07722157761850436
1205 0.04978184880860041
1242 0.03623807207992433
1347 0.04977506621921308
1444 0.08061703336107526
1536 0.017664349070627618
1622 0.04118380372211374
1759 0.039959032448045335
1814 0.019743402611447556
1898 0.05405072545869867
1929 0.020343024381477
2042 0.04587808772599138
2086 0.0495930868527395
2091 0.029831857308712004
2129 0.027096224512618765
2237 0.047285221601116825
2266 0.017960763777062412
2298 0.03132878637055162
2356 0.023706321957036824
2370 0.05405072545869867
2373 0.045003996723585855
2382 0.059938548672068
2510 0.05526343921639942
2537 0.04551092646770502
2572 0.0725755730867486
2605 0.06202894307398127
2620 0.0406627026256182
2681 0.03599574449808492
2704 0.02535359414467584
2832 0.05777796034244132
2937 0.03809429022813348
2938 0.027319729302056187
2976 0.03899163809437709
2984 0.030858919703115474
3019 0.04179576115199631
3025 0.08061703336107526
3060 0.0861053194863679
3189 0.03250602973041664
3195 0.03507444212790136
3272 0.0566191378561834
3286 0.03809429022813348
3332 0.02046679046632717
3400 0.025642566685910216
3428 0.04666290058583197
3435 0.05405072545869867
3541 0.06202894307398127
3548 0.03101342047909449
3559 0.035297946917338785
3609 0.0733188342462939
3652 0.037261869650879804
3680 0.018316513705430762
3702 0.04794312266015468
3753 0.08281109943176558
3791 0.030706465355266777
3803 0.3659728627059477
3854 0.04794312266015468
3918 0.010441991701307447
4014 0.0367385915883495
4025 0.01868361062773574
4048 0.012613684245774274
4078 0.028138052957782052
4079 0.03753270885242243
4169 0.03736722125547148
4289 0.0287603739730669
4330 0.06202894307398127
4411 0.04666290058583197
4579 0.047285221601116825
4624 0.017239623024371254
4633 0.1451511461734972
4772 0.019229216796179064
4861 0.0057230689934627205
4941 0.028319274764571373
5005 0.030348474426243603
5013 0.025071699198369376
5105 0.058156102210520914
5110 0.08205626885786914
5111 0.044463829020394925
5112 0.028017526882802315
5224 0.015174237213121802
5337 0.025071699198369376
5401 0.07634734345595279
5425 0.1731156123763308
5433 0.04784829220782898
5455 0.21181476969341406
5622 0.02409341584553362
5727 0.05195217972865011
5766 0.03838570161565067
5802 0.01073206772888478
5942 0.0575207479461338
6008 0.008862788272086041
6010 0.022137854997568283
6055 0.020846279838331674
6063 0.06724156860238563
6119 0.025839325921431115
6143 0.04666290058583197
6186 0.02955449123713983
6281 0.024352081449972435
6360 0.015056985248529295
6436 0.05702358367311753
6452 0.02658761129905825
6666 0.03726089187484857
6778 0.015614678721825844
6792 0.04938376733116539
6817 0.08549019640080081
6952 0.01607264685096237
7042 0.01690931549432394
7101 0.033620784301192815
7141 0.05993039734393271
7150 0.021994870115485052
7176 0.013735903582172805
7180 0.047285221601116825
7205 0.020718388133799222
7234 0.20372584487764592
7262 0.01156248555666461
7452 0.073477183176699
7459 0.033237077603872754
7460 0.05195217972865011
7470 0.026243231749390514
7471 0.030706465355266777
7483 0.012676753636391081
7484 0.06380684777462925
7536 0.02392414610391449
7537 0.013619474411930954
7545 0.08055379070203118
7580 0.024352081449972435
7605 0.02955449123713983
7660 0.042212813908842156
7743 0.05405072545869867
7837 0.03342733210060019
7944 0.037261869650879804
8039 0.043973962113367515
8043 0.04140554971588279
8051 0.03963125458247099
8098 0.0169550814989087
8107 0.04179576115199631
8208 0.021305434420314615
8225 0.08514887605835607
8291 0.034428844795303594
8312 0.024706267395053008
8320 0.11792101195750268
8322 0.05017788459523831
8341 0.04102813442893457
8352 0.10296210349133915
8378 0.0406627026256182
8383 0.04102813442893457
8403 0.15852501832988397
8457 0.04140554971588279
8556 0.07516272969198749
8751 0.064597355471466
8800 0.04261826347358354
8823 0.02525885998859016
8837 0.022577786316560634
8867 0.030858919703115474
8873 0.022652771174522905
8890 0.013840383588414046
8893 0.03838570161565067
8918 0.05195217972865011
8975 0.09876753466233078
9000 0.023191805755583203
9025 0.043504095445931354
9027 0.017713224451874413
9338 0.05151009869649467
9341 0.017186681565896117
9347 0.064597355471466
9429 0.0725755730867486
9434 0.0575207479461338
9443 0.064597355471466
9445 0.007059341240468698
9470 0.028259854464641725
9563 0.021172367793897827
9575 0.014016652500202452
9582 0.024008469814306883
9618 0.04977506621921308
9675 0.017093481583086777
9776 0.059938548672068
9865 0.04853042418864338
10004 0.019118006897336167
10086 0.04938376733116539
10116 0.05651970892928345
10149 0.0566191378561834
10150 0.0406627026256182
10321 0.05419244902523753
10351 0.0566191378561834
10536 0.043504095445931354
10578 0.024616693908063925
10653 0.023511552288382927
10658 0.05103087735846656
10788 0.03899163809437709
10821 0.043973962113367515
10822 0.04938376733116539
10901 0.043504095445931354
10980 0.026876977217214975
10997 0.031653036967188394
11080 0.047461770080989125
11121 0.05017788459523831
11319 0.00721567824478487
11332 0.1419670458264471
11505 0.038684682970549375
11637 0.018061289612450893
11736 0.031807994334507365
11754 0.0756201498479892
11893 0.018777455709800883
11930 0.019743402611447556
11957 0.018898759601932373
11973 0.2177267192602458
12051 0.01951203532402975
12085 0.05526343921639942
12129 0.06141293071053355
12131 0.04666290058583197
12204 0.055110558660718775
12225 0.03699725719278832
12270 0.05241269061010499
12271 0.3446337147128949
12275 0.021783669052487714
12286 0.02863318886695628
