180
15 0.05903990513234055
76 0.036066101207525084
119 0.03333381846531447
123 0.10011531166470825
178 0.0565467166641792
262 0.04132146315617778
289 0.1536658597619998
374 0.0403885775773799
435 0.022396756661498055
524 0.14641194388590703
547 0.03162400375115645
642 0.03959123534915941
674 0.06822945733929078
744 0.033546187906801375
846 0.04931369661167063
859 0.12484517056537804
928 0.0689116461145141
952 0.0183704564515882
1073 0.09035725757342873
1122 0.08231409776529752
1133 0.05816954605890694
1149 0.06193905145211723
1205 0.025717901671273625
1223 0.10524722106253456
1308 0.04083269772172286
1352 0.06043064722456635
1353 0.1060752733221612
1468 0.0445738650273234
1536 0.027376845377846067
1575 0.03442188874473036
1587 0.08574728731396601
1702 0.045593503820419365
1814 0.03059903755100314
1862 0.07430398090245213
1971 0.025717901671273625
2042 0.04740234351438036
2094 0.05995491710117662
2174 0.049574122001782316
2307 0.08376976403301035
2373 0.01743720437646058
2378 0.1180798102646811
2630 0.02972275289697919
2645 0.054019838247573844
2806 0.04667497568200564
2855 0.07653674398050178
2895 0.031057644360525126
2984 0.04782626689846903
3049 0.05995491710117662
3189 0.10075803486662697
3270 0.031433212388097466
3272 0.08775038221437333
3342 0.040514138856455925
3400 0.07948354965636194
3452 0.06477657828955785
3472 0.03720919255144741
3481 0.06193905145211723
3581 0.05435963561467644
3609 0.03787739135700469
3652 0.05774978969464775
3680 0.17032556192243306
3744 0.07538545276403842
3933 0.028070450680400504
4025 0.028956533705842873
4048 0.01954914284476749
4059 0.031150797691782105
4105 0.02477879945921005
4169 0.028956533705842873
4581 0.07776749556175042
4596 0.043798141838432364
4861 0.026609456305633432
4869 0.0533590655806372
4874 0.05859941800177509
4933 0.06970461321233506
4988 0.13492426293499576
5001 0.0716600173454471
5224 0.023517580197798555
5252 0.04689936634378878
5297 0.033761116077793724
5312 0.03442188874473036
5389 0.057420954164065535
5425 0.024390983698647874
5461 0.049574122001782316
5473 0.034198900561221386
5530 0.08564927155969107
5766 0.05949154501250277
5802 0.03326589138648754
5942 0.0891477300546468
6082 0.05949154501250277
6125 0.08330981759447788
6156 0.0565467166641792
6214 0.02879211943231385
6436 0.029459068976874163
6508 0.06247159315982649
6584 0.05021709357051739
6618 0.06970461321233506
6621 0.04931369661167063
6638 0.03312394754582456
6792 0.07653674398050178
7101 0.052106704278515874
7206 0.05010666370949158
7208 0.040201169032481346
7376 0.04931369661167063
7467 0.09967681137185701
7470 0.040672707210745694
7483 0.01964689006138372
7484 0.02825432980599043
7496 0.11157500652238987
7537 0.021107952725127898
7542 0.02044876988604456
7580 0.03774173425915668
7589 0.03944195562949707
7605 0.045804616608572025
7660 0.032711470848019786
7739 0.04735679710937725
7833 0.027077026179162165
8020 0.11248024111504315
8166 0.058579958693808054
8208 0.03301993079397795
8252 0.021396186627458815
8278 0.09288229161219966
8327 0.039293914759961905
8390 0.06142194793005255
8562 0.07776749556175042
8621 0.06540256611141551
8623 0.08775038221437333
8837 0.034991867659042344
8873 0.03510808189676516
8890 0.021450325735474556
8898 0.0660513220568476
8905 0.09334995136401128
8961 0.04035696759833314
8969 0.042873643656983006
9001 0.06477657828955785
9135 0.270397275036256
9173 0.3157416631876037
9268 0.05949154501250277
9287 0.0530376366610806
9338 0.03628736774158572
9341 0.0266365390485967
9434 0.26744319016394036
9445 0.010940821698950776
9675 0.026492094353330123
9699 0.10524722106253456
9798 0.10803967649514769
9898 0.02081125480162677
9978 0.0660513220568476
10116 0.043798141838432364
10140 0.04398893320149136
10174 0.0533590655806372
10269 0.05774978969464775
10306 0.05949154501250277
10312 0.03431004623167074
10321 0.04199470616434154
10460 0.09752626432701719
10612 0.09288229161219966
10759 0.07653674398050178
10788 0.06043064722456635
10977 0.10524722106253456
10988 0.021127928603895736
11001 0.06815243271152985
11112 0.05859941800177509
11157 0.134848432802625
11189 0.04830842658487625
11332 0.0677001995862765
11494 0.05180688507983198
11637 0.027992038147998232
11710 0.2246522851550691
11768 0.08398941232868308
11893 0.021826483649404576
11955 0.08564927155969107
11977 0.0228601287501719
12043 0.08564927155969107
12089 0.07575478271400939
12109 0.05774978969464775
12129 0.047589987650841714
12137 0.042341101949273735
12180 0.0731302435718476
12186 0.05356432579455214
12265 0.011397861789191313
12270 0.027077026179162165
