125
90 0.0684150297459518
105 0.05591432827750359
215 0.07105707300954447
373 0.049094880435098416
374 0.051784747470462175
490 0.09396248586376084
576 0.047708257023036924
1057 0.06101813038351437
1064 0.06356211441251552
1095 0.07250211862817126
1356 0.06680929818365845
1792 0.16007188216144858
1958 0.19163186315587896
2079 0.16007188216144858
2266 0.0713812034864066
2343 0.07513401672351831
2373 0.022357341589855202
2622 0.0684150297459518
2630 0.019054709836563474
2698 0.08835597601764984
2828 0.035990898592098995
2895 0.039820968370472436
2904 0.07105707300954447
3059 0.08009877717681518
3239 0.03110984733544488
3266 0.16007188216144858
3361 0.028716296969136978
3442 0.031437770965905595
3449 0.1450042372563425
3456 0.06883471640965627
3472 0.047708257023036924
3591 0.028570147708710587
3626 0.1032363979283868
3686 0.07687198777299296
3876 0.060719142054967715
4081 0.03219325444511621
4097 0.067598075708367
4170 0.05984493571856622
4429 0.06162809403614932
4514 0.0808025952140556
4570 0.05984493571856622
4624 0.017128796057982208
4694 0.22883360741271827
4785 0.09813259582237603
4827 0.02864310560608907
4861 0.03411766538382054
4882 0.0808025952140556
4905 0.16774298483251077
4965 0.06720028687442015
5005 0.030153375649986058
5181 0.04737434917406669
5196 0.06680929818365845
5397 0.134944112707344
5598 0.07014205973736813
5802 0.021326150710911387
5930 0.08835597601764984
6034 0.04821844058651951
6057 0.029537250006895423
6119 0.05134642948494155
6214 0.03691619570125212
6348 0.10522654663091977
6360 0.029920379257192136
6410 0.03160351286098384
6666 0.03702135580114197
6690 0.16007188216144858
6698 0.05956080434503028
6791 0.07964193674094487
6867 0.04486528466548912
7176 0.054590402771229056
7507 0.06648204609123964
7536 0.04754069377224869
7555 0.14421802477197
7660 0.0419414438155606
7708 0.21481301577400402
7952 0.03744160397518648
8222 0.05214904802758214
8252 0.027433402902368637
8324 0.07833317197554752
8700 0.10522654663091977
8711 0.09526982919147271
8755 0.1190902553178654
8767 0.16007188216144858
8868 0.053844066423241556
8896 0.06883471640965627
8927 0.07300482636827146
9318 0.10740650788700201
9445 0.014027918851909056
9496 0.09813259582237603
9614 0.049094880435098416
9658 0.03854673968794669
9798 0.06926224813652622
9849 0.04442400509818918
9877 0.16007188216144858
9921 0.05984493571856622
10183 0.06567490298761543
10281 0.10981634325323943
10318 0.0142605203287499
10364 0.09541651404607385
10392 0.024754843560574162
10561 0.07627786913757276
10709 0.08152876037709401
10750 0.049094880435098416
10951 0.012789248216610476
11064 0.16007188216144858
11101 0.053844066423241556
11106 0.04079440384921408
11237 0.05900291616457171
11319 0.028677165597000447
11332 0.021700675968090433
11624 0.056648261238692675
11629 0.029085808744603554
11778 0.2052450892378554
11779 0.14600965273654293
11828 0.13415173047637818
11874 0.16007188216144858
11877 0.07300482636827146
11929 0.030626612147566266
11930 0.23539775760342807
11939 0.09971062019601792
11993 0.07569879310804482
12016 0.07105707300954447
12089 0.04856499693519535
12158 0.16007188216144858
12265 0.014613918832018256
12291 0.05819079719336888
