383
111 0.01515344403839862
116 0.018397030505206056
195 0.030271301680637748
337 0.015211062638849068
343 0.02592697418595353
374 0.061834498945215866
435 0.008572301311604514
456 0.009738818963288149
457 0.0418771871130537
479 0.016763626734082736
493 0.011851764938355365
554 0.028049394449334006
576 0.014241723251869395
628 0.04698580120318302
640 0.02608516925695833
641 0.036429892035203824
642 0.01515344403839862
677 0.031134749253096627
690 0.038318879401428
744 0.012839717595680228
769 0.00722608436826349
887 0.012030981621800956
937 0.016073366343792406
952 0.014062490414555406
958 0.013527368815707446
1020 0.0252809745294279
1029 0.04546033211519586
1106 0.02006042450156149
1162 0.021643111132272744
1347 0.014763179899017879
1356 0.01994370775113085
1363 0.021211740525359322
1373 0.07395970672610526
1374 0.01532777938927971
1443 0.03449795507567545
1450 0.06980318775750527
1479 0.038318879401428
1524 0.01477948066569615
1527 0.07359061595330628
1536 0.010478417526567287
1587 0.016409777420398928
1693 0.06717246857829244
1725 0.028439658588714743
1772 0.03679530797665314
1809 0.05161289265462943
1958 0.01906845293739055
1964 0.030817814369240113
2025 0.025538656568355966
2041 0.02179317791227736
2051 0.04305152451370979
2068 0.02885358917686444
2080 0.009687093233825774
2102 0.02277023664844986
2107 0.01928244003129933
2249 0.027330017752089576
2273 0.03679530797665314
2299 0.0252809745294279
2331 0.03679530797665314
2356 0.007031245207277703
2373 0.006674045363184784
2376 0.02929424294446525
2473 0.021496271846364517
2480 0.015943309770882416
2541 0.015386894595216104
2644 0.012921980803248394
2666 0.01761337042062391
2678 0.021946617260211142
2726 0.02433771667235468
2748 0.01830538129512683
2788 0.026679262372492928
2816 0.0711009189630438
2819 0.02277023664844986
2895 0.04754893568045194
2901 0.01753159981892399
2904 0.021211740525359322
2936 0.09152690647563413
2942 0.023509093426337016
2977 0.030817814369240113
3040 0.03449795507567545
3085 0.043893234520422285
3089 0.016836651640166796
3112 0.015752755162313874
3152 0.015446526097695807
3175 0.02135252414467655
3181 0.026375756244554526
3217 0.03449795507567545
3226 0.026679262372492928
3270 0.012030981621800956
3342 0.015506682994630292
3363 0.022264244931205775
3442 0.009384707421524276
3460 0.05609878889866801
3521 0.030817814369240113
3561 0.019495825011299664
3591 0.008528673280518553
3626 0.030817814369240113
3661 0.012067396447497884
3664 0.076637758802856
3709 0.019075522268106236
3737 0.015386894595216104
3759 0.06707120368146524
3765 0.01229006064562061
3775 0.03358623428914622
3791 0.036429892035203824
3819 0.015211062638849068
3830 0.017779909497240006
3876 0.018125692934458586
3882 0.0196050715600729
3891 0.04445889042946142
3918 0.006194145531079145
4025 0.011083039192582548
4059 0.01192288811932511
4078 0.01669137459282705
4097 0.02017917120997759
4112 0.03449795507567545
4143 0.01515344403839862
4161 0.02503266485111188
4170 0.01786472752752601
4178 0.01761337042062391
4181 0.047784169625991565
4226 0.01721397214792936
4297 0.016008028394149127
4320 0.01065424948293432
4326 0.047784169625991565
4356 0.0092143087545352
4379 0.04028310459380368
4381 0.012798954706642206
4391 0.027330017752089576
4410 0.044782528533326746
4446 0.014342877155824456
4451 0.03874340961682898
4494 0.08003778711747879
4509 0.05609878889866801
4553 0.047784169625991565
4580 0.05609878889866801
4624 0.010226471823428836
4640 0.25830914708225877
4676 0.012921980803248394
4694 0.06831070994534957
4712 0.017292004581655383
4766 0.03206266286437136
4795 0.02210358425670378
4827 0.025651357347996166
4850 0.02929424294446525
4861 0.06450310837577525
4881 0.04305152451370979
4882 0.048241888129165314
4915 0.05107731313671193
4926 0.01399520681417663
4941 0.008399437302962448
4965 0.02006042450156149
4972 0.010834729514266533
4982 0.0355504594815219
5051 0.015096307607619906
5052 0.09245344310772034
5188 0.028049394449334006
5224 0.009001293652572483
5297 0.012921980803248394
5351 0.01858410422477044
5354 0.01830538129512683
5394 0.030271301680637748
5627 0.015269171616261972
5649 0.027680236242165476
5689 0.047784169625991565
5788 0.047784169625991565
5791 0.047784169625991565
5804 0.04028310459380368
5842 0.020334736593623323
5968 0.047784169625991565
5973 0.0355504594815219
5984 0.05161289265462943
5988 0.11495663820428402
6008 0.010514737406192094
6013 0.011851764938355365
6068 0.011781374999111435
6082 0.02277023664844986
6114 0.01669137459282705
6148 0.5256258658859072
6155 0.017060532799995577
6162 0.031306857428367287
6180 0.013217967366953423
6209 0.02609452876991645
6214 0.01102011005003209
6230 0.01634115610275115
6232 0.021211740525359322
6244 0.030817814369240113
6251 0.010478417526567287
6252 0.01928244003129933
6258 0.021853581286721855
6280 0.04071820854853513
6281 0.014445552228023253
6409 0.011677132308117146
6437 0.01721397214792936
6452 0.007885829563028213
6471 0.23510364002402356
6520 0.03449795507567545
6556 0.16031331432185678
6563 0.022264244931205775
6624 0.03206266286437136
6666 0.011051502122038558
6699 0.024120944064582657
6704 0.04305152451370979
6705 0.02929424294446525
6778 0.03705024680757939
6791 0.011887233920112985
6813 0.05217033851391666
6867 0.09375133475523761
6869 0.020423045835436283
6923 0.031380801446309003
6934 0.015386894595216104
6982 0.028185495907089266
7002 0.019388298952300875
7015 0.03141190748477471
7017 0.06938902685246351
7028 0.03206266286437136
7042 0.010030534786736097
7162 0.047784169625991565
7205 0.01229006064562061
7220 0.011275383281867345
7259 0.027798079078841787
7288 0.04305152451370979
7290 0.11495663820428402
7344 0.02277023664844986
7382 0.019828952719901687
7425 0.01380420796450485
7482 0.014655653840019092
7483 0.03759898452879032
7492 0.02976530996339366
7507 0.00992300872773731
7537 0.0040395074511381775
7542 0.015653428714183643
7554 0.02576145061668426
7589 0.015096307607619906
7660 0.012520231776998594
7756 0.02456159783218347
7758 0.04867543334470936
7818 0.019828952719901687
7833 0.010363662495338122
7861 0.014043803201773453
7874 0.03679530797665314
7893 0.06717246857829244
7952 0.01676542998615154
7971 0.02210358425670378
7977 0.02929424294446525
7988 0.019828952719901687
8036 0.058815214680218705
8040 0.025806446327314714
8092 0.011051502122038558
8119 0.0252809745294279
8156 0.011994759979111773
8192 0.03278203956161579
8193 0.0252809745294279
8215 0.03679530797665314
8222 0.015567374626548313
8272 0.026375756244554526
8324 0.004676755875521291
8402 0.0418771871130537
8412 0.016139335587748348
8455 0.016479095413077537
8457 0.02456159783218347
8468 0.2867050177559494
8560 0.036429892035203824
8682 0.019495825011299664
8744 0.04028310459380368
8776 0.014549794919017544
8786 0.01761337042062391
8845 0.038318879401428
8867 0.01830538129512683
8890 0.008210057296048396
8896 0.020548329417146117
8939 0.027330017752089576
8978 0.02608516925695833
8980 0.030817814369240113
8988 0.01698508713032163
9027 0.02101482039405219
9099 0.034723371707755045
9129 0.030271301680637748
9139 0.039432189106295
9160 0.01830538129512683
9202 0.02006042450156149
9273 0.019899463814376853
9338 0.04722225035869183
9433 0.023917458961090543
9512 0.047784169625991565
9522 0.060542603361275496
9543 0.047784169625991565
9546 0.12509135585478803
9563 0.025118718938747203
9578 0.047834917922181086
9580 0.016910466019990966
9582 0.014241723251869395
9616 0.018776448314055234
9659 0.05217033851391666
9664 0.010478417526567287
9720 0.02277023664844986
9861 0.03141190748477471
9865 0.014394021691849354
9875 0.027680236242165476
9920 0.04554047329689972
9921 0.053594182582578025
9932 0.03141190748477471
9951 0.04028310459380368
10004 0.022681442463021246
10016 0.02331674933705222
10081 0.06619649748771557
10103 0.021211740525359322
10106 0.04214760243006587
10110 0.01532777938927971
10145 0.027680236242165476
10161 0.03278203956161579
10167 0.028891104456046507
10168 0.05536047248433095
10202 0.05609878889866801
10216 0.018214946017601912
10298 0.01460251922451589
10307 0.03449795507567545
10318 0.00851401399349573
10325 0.01503964534355785
10392 0.022169220998544226
10428 0.016205948444245066
10457 0.02929424294446525
10592 0.0355504594815219
10696 0.047784169625991565
10749 0.02377657792512959
10760 0.013261318392800335
10790 0.05466003550417915
10813 0.03278203956161579
10816 0.01515344403839862
10844 0.05575231267431132
10845 0.012718151827094534
10848 0.01581568430486433
10862 0.01803759153616808
10951 0.01145342201115082
10959 0.012839717595680228
10981 0.02660989284777259
11017 0.04028310459380368
11036 0.01634567572969935
11045 0.05275151248910905
11052 0.024793069613843276
11080 0.009384707421524276
11132 0.023910842452586817
11136 0.021643111132272744
11161 0.02179317791227736
11209 0.04305152451370979
11213 0.04305152451370979
11217 0.008314619272676441
11300 0.012252442018039846
11319 0.004280309966923545
11353 0.030817814369240113
11382 0.1966922373696947
11492 0.047784169625991565
11497 0.02189500952855752
11629 0.008682606838841882
11634 0.008660402709895022
11679 0.026996890043487553
11736 0.009434184186097858
11754 0.06728633195262099
11778 0.10211522917718141
11779 0.15255224538594153
11795 0.04741402695286592
11828 0.013348855023016257
11857 0.023509093426337016
11893 0.01253104616284588
11921 0.018489926681526315
11930 0.05855851668541441
11974 0.019828952719901687
11977 0.008749655793038349
12021 0.020279562671018676
12024 0.03952466955292893
12037 0.04305152451370979
12052 0.016836651640166796
12072 0.018974368364151176
12078 0.01460251922451589
12138 0.02799041362835326
12177 0.008378133811003292
12198 0.02929424294446525
12204 0.0217942343062658
12241 0.047784169625991565
12263 0.025538656568355966
12265 0.008725004878312272
12268 0.03449795507567545
12291 0.017370939144421997
12293 0.027330017752089576
