383
68 0.02197565191112003
76 0.020397241176588532
90 0.03017730481437717
103 0.04461292208004438
193 0.057296704128300194
195 0.044729190019225096
201 0.02256188669603161
210 0.016805788267316116
236 0.03700004923120386
248 0.059522734071692014
330 0.042537512141897
332 0.05436912953618826
343 0.019154983277921388
456 0.014390180130587996
457 0.030939083485936186
464 0.02578547895043245
493 0.05253687319927482
496 0.017356677063270837
587 0.017617383417917784
593 0.06982930431090287
627 0.036292472263068414
667 0.04737612392466515
674 0.012862426212816334
677 0.023002514563710462
711 0.0147018272888357
769 0.03203201212286293
814 0.04641456101147766
883 0.04144607679857215
913 0.026652532746105247
938 0.011392372605394125
952 0.02077888200950758
958 0.019988180772713002
965 0.019724406937065758
975 0.19316689692833244
1055 0.03113886772756467
1057 0.02691459357138813
1070 0.08945838003845019
1106 0.05928298352433182
1111 0.04328547787459152
1122 0.023276434770300957
1143 0.05205139843239722
1265 0.04641456101147766
1294 0.0525297284601689
1308 0.023092997452880813
1336 0.03854371723712268
1353 0.029995520175233575
1356 0.029469029878513978
1362 0.050194682591478516
1363 0.03134268828631706
1413 0.16913226005018403
1423 0.038131873339087775
1457 0.05662037451024254
1464 0.040900604794434345
1524 0.01091915712868445
1553 0.020467059964002825
1571 0.040900604794434345
1575 0.038934708381147105
1587 0.024247257688284167
1622 0.018049054589645116
1698 0.040794482353177064
1702 0.02578547895043245
1744 0.04144607679857215
1745 0.07192332626833249
1746 0.06890614237409809
1759 0.01751229106642494
1838 0.03314099450096761
1895 0.016283429158777847
1905 0.04315366838490033
1916 0.06072485027395082
1952 0.03942155539995455
1955 0.04962736889871943
1958 0.014087872133935005
1971 0.014544800390991708
2080 0.014313749655069812
2086 0.02173447450152537
2092 0.05436912953618826
2107 0.05698386764424923
2130 0.06628198900193522
2146 0.03942155539995455
2243 0.023653629151105672
2278 0.03620867136843228
2292 0.08796306279655959
2356 0.031168323014261368
2363 0.03942155539995455
2373 0.02958491640659416
2382 0.03502458213284988
2400 0.059522734071692014
2480 0.11779000120323595
2630 0.008404875201000868
2677 0.018557840100569163
2679 0.024247257688284167
2701 0.02053736529741401
2709 0.05097453700980291
2748 0.027048221677491033
2760 0.05436912953618826
2763 0.1780488092383583
2829 0.03735543074849852
2958 0.04962736889871943
2963 0.06361338012176565
3000 0.04737612392466515
3085 0.03242854978843144
3148 0.03663449737368902
3152 0.022823947521314496
3190 0.042022735147532936
3197 0.03942155539995455
3206 0.059522734071692014
3239 0.027444593658925074
3270 0.01777710350075711
3290 0.059522734071692014
3295 0.03698852578675669
3301 0.027320907858697237
3361 0.0506660860922361
3362 0.026397107090095823
3405 0.04038311831314204
3407 0.023092997452880813
3442 0.013866941235655107
3448 0.04144607679857215
3462 0.05097453700980291
3481 0.03502972953600983
3540 0.04144607679857215
3580 0.03113886772756467
3591 0.025204112581667173
3596 0.03220182621299477
3604 0.029816953132837606
3605 0.02678271228799181
3672 0.04843908241009526
3727 0.044729190019225096
3775 0.04962736889871943
3805 0.02318429920285406
3814 0.020896434317389752
3826 0.08501371121507341
3876 0.08034813686397543
3903 0.021498928210601502
3933 0.01587528824280568
3939 0.09869363921004916
3945 0.14531724723028577
3962 0.05492013115105186
4016 0.04263436328719632
4023 0.05097453700980291
4025 0.016376413913929185
4048 0.03316814693436602
4143 0.022390886424047088
4178 0.07807709764859584
4187 0.033390112701618936
4212 0.05436912953618826
4216 0.0525297284601689
4230 0.06148635759235776
4263 0.042022735147532936
4289 0.02520882060147166
4356 0.013615158394098211
4381 0.01891186851363683
4410 0.011028521609020445
4451 0.02289906590772422
4466 0.06361338012176565
4519 0.04641456101147766
4624 0.0037776852664133847
4658 0.03942155539995455
4679 0.04553672284864579
4712 0.02555084571209227
4782 0.06072485027395082
4826 0.04641456101147766
4861 0.040130721438087644
4905 0.049326697194667715
4907 0.022476024266990868
5005 0.013300405065246504
5051 0.04461292208004438
5112 0.024557706014076457
5146 0.02197565191112003
5278 0.04328547787459152
5312 0.019467354190573553
5337 0.08790260764448012
5354 0.027048221677491033
5399 0.042022735147532936
5406 0.0525297284601689
5473 0.01934124286702376
5627 0.04512377339206322
5681 0.0292994666515453
5700 0.04789215574882615
5777 0.027320907858697237
5802 0.01881357803717391
5845 0.019659527134582133
5882 0.11923825012622138
5998 0.02273583539340912
6001 0.02602569921619861
6008 0.0077683426435647025
6010 0.019404101478572713
6013 0.01751229106642494
6057 0.02605727426112213
6068 0.034816564321055725
6079 0.014942047554601866
6125 0.02355800024064719
6180 0.019531005975951813
6209 0.05783632042613598
6223 0.05436912953618826
6251 0.03096603731093552
6266 0.04641456101147766
6287 0.04843908241009526
6409 0.017254252076761057
6410 0.013940048617276683
6452 0.03495655119543712
6584 0.014200178761371654
6586 0.059522734071692014
6650 0.05097453700980291
6772 0.041792868634779504
6778 0.013686457450683472
6794 0.3390909499663162
6798 0.05662037451024254
6817 0.01873330147124086
6899 0.03735543074849852
6923 0.02318429920285406
7025 0.01656499462912408
7099 0.044729190019225096
7181 0.031763114723803325
7206 0.0283379037383578
7220 0.016660623539582562
7244 0.05097453700980291
7272 0.01144953295386211
7312 0.017254252076761057
7423 0.04843908241009526
7482 0.021655346452626983
7483 0.011111330072693033
7537 0.017906454595733978
7542 0.011564834489046055
7547 0.03113886772756467
7561 0.10666262100454266
7571 0.04737612392466515
7602 0.042022735147532936
7628 0.0525297284601689
7651 0.04263436328719632
7655 0.03989088534820616
7660 0.03700004923120386
7798 0.03854371723712268
7826 0.23713193409732727
7833 0.015313455428499078
7835 0.035129400805106695
7854 0.026147988889444498
7861 0.020751269589656195
7911 0.046005029127420924
7952 0.07431832084884313
8166 0.14908495166211672
8168 0.043981531398279795
8215 0.05436912953618826
8247 0.03364553835762835
8252 0.03630194262377194
8280 0.05436912953618826
8324 0.020731269283030592
8349 0.043981531398279795
8352 0.02256188669603161
8374 0.03220182621299477
8387 0.04144607679857215
8403 0.034737280812702415
8412 0.023847650025244273
8440 0.036292472263068414
8447 0.17199142568481202
8514 0.05637237996883574
8558 0.06890614237409809
8586 0.023946077874413076
8603 0.02746006557552593
8633 0.06544268422525891
8711 0.042022735147532936
8853 0.04641456101147766
8867 0.027048221677491033
8870 0.04553672284864579
8890 0.01213126600031748
8942 0.010134660431676693
8953 0.059522734071692014
8974 0.0356413576756732
9049 0.036292472263068414
9109 0.07005945907201966
9140 0.042022735147532936
9143 0.09107344569729157
9144 0.04328547787459152
9148 0.03017730481437717
9149 0.05097453700980291
9160 0.027048221677491033
9267 0.05191600376553116
9273 0.0294036545776714
9278 0.0356413576756732
9338 0.024626854582249655
9390 0.04737612392466515
9422 0.059522734071692014
9445 0.006187599196804501
9522 0.044729190019225096
9572 0.040900604794434345
9575 0.024571535727711095
9578 0.01767034298581075
9580 0.02498708036746339
9595 0.03533090934988091
9631 0.06352622944760665
9637 0.025667480242523803
9638 0.02746006557552593
9664 0.03096603731093552
9675 0.01498264629959692
9709 0.059522734071692014
9731 0.03533090934988091
9771 0.04962736889871943
9798 0.061102011704340604
9804 0.024453158192310736
9819 0.05436912953618826
9821 0.017723582025012667
9842 0.03735543074849852
9865 0.0212687560709485
9921 0.026397107090095823
9987 0.021814228075086303
9989 0.04553672284864579
10005 0.038131873339087775
10012 0.038131873339087775
10023 0.03773618440770199
10064 0.034176649114477556
10135 0.029995520175233575
10141 0.02197565191112003
10183 0.05793731504528628
10236 0.0525297284601689
10237 0.030551005852170302
10263 0.05662037451024254
10318 0.05661178009178526
10321 0.023750173184655773
10325 0.022222736289666565
10392 0.01091915712868445
10410 0.038131873339087775
10418 0.0283379037383578
10429 0.031980085978986494
10457 0.04328547787459152
10460 0.03677075643383447
10515 0.033390112701618936
10560 0.027744275201179305
10576 0.024770109112280215
10597 0.017102538322821124
10619 0.02817574426787001
10631 0.043981531398279795
10641 0.03502972953600983
10670 0.04263436328719632
10683 0.043981531398279795
10702 0.03663449737368902
10780 0.044729190019225096
10818 0.05492013115105186
10845 0.07516989335563735
10881 0.043628456150172606
10897 0.023750173184655773
10951 0.005641231805533502
10981 0.07863810853832853
10997 0.027744275201179305
11011 0.04871176859130147
11036 0.016101693575866403
11067 0.012538000364428705
11080 0.013866941235655107
11099 0.03502972953600983
11110 0.03773618440770199
11123 0.043981531398279795
11145 0.02273583539340912
11179 0.03220182621299477
11217 0.024571535727711095
11257 0.0566758074767156
11300 0.01810433568421614
11310 0.057296704128300194
11319 0.006324630498931119
11487 0.03854371723712268
11524 0.03735543074849852
11607 0.03242854978843144
11634 0.025593402129891186
11678 0.04962736889871943
11770 0.020751269589656195
11812 0.04711600048129438
11861 0.024349682674793947
11893 0.016458670279591397
11921 0.027320907858697237
11974 0.1171978666061812
11977 0.012928582348341908
12004 0.018385378216917235
12024 0.038934708381147105
12048 0.0389730915905096
12064 0.01891186851363683
12089 0.021421619215321645
12101 0.04962736889871943
12109 0.09798145756214073
12129 0.02691459357138813
12138 0.04135892612441317
12176 0.03942155539995455
12204 0.008050846787933202
12265 0.019338236850762025
12291 0.025667480242523803
12303 0.13524110838745518
12304 0.021576834192450167
