240
76 0.020986824226819998
188 0.029315494278384847
210 0.03458312046279454
337 0.023125694623373116
373 0.022281295084837765
390 0.01862764221193254
456 0.014806128847442424
457 0.03183337889849134
517 0.02900091290314722
571 0.04376706058625541
587 0.03625322914284158
600 0.04775617570433674
606 0.058256988639574514
684 0.0468529635952358
769 0.010985966226737963
818 0.039234076622348624
836 0.07931564976857691
952 0.010689748201435527
1089 0.04983921597279179
1151 0.05106184992862716
1184 0.018290951369472157
1205 0.0598608736499686
1232 0.0314340838656144
1250 0.042644077261844444
1274 0.10722408980053101
1335 0.02963990789772655
1373 0.028110619763898996
1458 0.032681228791366854
1481 0.03336589828244205
1524 0.011234775790549151
1543 0.04058908337482356
1702 0.026530809223269763
1818 0.08608675582720794
1823 0.03700113640697207
1929 0.05503894075709276
1958 0.08697049575826774
2053 0.03667157250673246
2107 0.029315494278384847
2194 0.023667403142614563
2373 0.010146689855668675
2376 0.08907329259514042
2378 0.03435525520906687
2527 0.058256988639574514
2644 0.019645555940437747
2656 0.01709288639773797
2700 0.0612432410171305
2754 0.0726472660614692
2796 0.0726472660614692
2832 0.026053465770546985
2842 0.06545212735052186
2855 0.04453664629757021
2895 0.018072408751446407
3154 0.0726472660614692
3226 0.04056103699338939
3239 0.02823788070699725
3332 0.036915863535994214
3342 0.047150264786813924
3442 0.014267765711882898
3520 0.026053465770546985
3548 0.027969387776610045
3561 0.0592798157954531
3595 0.026530809223269763
3599 0.05141866579635997
3649 0.122486482034261
3680 0.03303741842265464
3686 0.0348876996572456
3687 0.036042265231882704
3696 0.05404810230618315
3709 0.02900091290314722
3721 0.018401972651686013
3765 0.018684834593177574
3774 0.04983921597279179
3791 0.0553851218925965
3868 0.04386671121767981
3876 0.0275568676292715
3918 0.009417088168358633
3933 0.032668328134911856
4101 0.047791667737277305
4105 0.014418755878541188
4116 0.04983921597279179
4519 0.04775617570433674
4552 0.03614481750289281
4624 0.011660638218289481
4667 0.0468529635952358
4676 0.05893666782131324
4827 0.025998861082842436
4861 0.03612936381552845
4877 0.04775617570433674
4883 0.030320833334320466
4916 0.06545212735052186
4988 0.026170759571494694
5016 0.09551235140867348
5018 0.09149484070629882
5098 0.0726472660614692
5181 0.021500446564788625
5224 0.041054561374243674
5286 0.05244795798640396
5312 0.04006011764255138
5323 0.037341507586622864
5389 0.01670659471956029
5681 0.03014636887567551
5802 0.019357385242711887
5868 0.04775617570433674
5897 0.0726472660614692
5943 0.03667157250673246
5971 0.18860450319368638
5974 0.0726472660614692
5998 0.023393015600514395
6056 0.0726472660614692
6074 0.022610858985077375
6079 0.061495792083321864
6081 0.058256988639574514
6168 0.0468529635952358
6198 0.025159977681770064
6214 0.016754102312492348
6251 0.01593055591242577
6280 0.020634912867062573
6397 0.0612432410171305
6657 0.017392341517567772
6698 0.027031165884114382
6699 0.03667157250673246
6791 0.10843445250867843
6807 0.3268122879136685
6867 0.020361728918324145
6952 0.014495082626377958
6991 0.058256988639574514
7002 0.029476433795785115
7176 0.02477539128654895
7215 0.037341507586622864
7235 0.0348876996572456
7254 0.027031165884114382
7379 0.10969170097063632
7394 0.02854622455589632
7467 0.02900091290314722
7507 0.015086156373890415
7537 0.006141347120961567
7584 0.20979183194561585
7588 0.1380662669938354
7633 0.058256988639574514
7641 0.05106184992862716
7861 0.02135108584494897
7911 0.023667403142614563
7914 0.1452945321229384
7915 0.0726472660614692
7952 0.008496277200670732
8052 0.03224864991133872
8128 0.039234076622348624
8200 0.0324626861733411
8224 0.01593055591242577
8324 0.021330507428681787
8390 0.07148272653368734
8444 0.025822780922879894
8455 0.025053511200391367
8457 0.037341507586622864
8515 0.018457931767997107
8536 0.13090425470104372
8543 0.03700113640697207
8625 0.025822780922879894
8708 0.019458516809223208
8773 0.05244795798640396
8890 0.01248192071630161
8905 0.08148034949435853
8942 0.010427603185975558
8981 0.030678813323854245
8985 0.03203893791140128
9000 0.020915481052951646
9099 0.017596887858808516
9169 0.032681228791366854
9293 0.06545212735052186
9338 0.016892463181747874
9433 0.01818110493768531
9444 0.02474051087624762
9445 0.006366451992458502
9468 0.04602208899794513
9515 0.04983921597279179
9563 0.01909425519109423
9653 0.03700113640697207
9675 0.015415720274130027
9702 0.037693418946380286
9804 0.025159977681770064
9817 0.04386671121767981
9821 0.01823588285338784
9833 0.0726472660614692
9865 0.021883530293127704
9898 0.024220092099679215
9921 0.08148034949435853
9923 0.019396911934421068
9978 0.03843519092845309
10004 0.01724153415415574
10081 0.025159977681770064
10141 0.04522171797015475
10192 0.027969387776610045
10228 0.036352150659998035
10259 0.05244795798640396
10318 0.01941604859970572
10392 0.033704327371647455
10401 0.0726472660614692
10402 0.055940671341908915
10436 0.0726472660614692
10571 0.025267547462393753
10619 0.014495082626377958
10633 0.04602208899794513
10645 0.038826950286997786
10704 0.3272606367526093
10951 0.005804291830473869
10960 0.016334164067455928
10988 0.01229431818358693
11080 0.014267765711882898
11095 0.032681228791366854
11156 0.0331326212532315
11159 0.0324626861733411
11203 0.10489591597280792
11204 0.036042265231882704
11217 0.02528177692443936
11255 0.0726472660614692
11317 0.04525281927545661
11332 0.00984866773277235
11350 0.05244795798640396
11382 0.04983921597279179
11445 0.0726472660614692
11462 0.3495419318374471
11497 0.03328743797557442
11634 0.0131665902073768
11692 0.04983921597279179
11778 0.21734706689343516
11779 0.0331326212532315
11780 0.029974788259509666
11893 0.008467204392362393
11930 0.14244436766761567
11957 0.034087612887439396
12024 0.02003005882127569
12044 0.0726472660614692
12186 0.031169021675229943
12205 0.024843799200453928
12232 0.08992436477852898
12265 0.03316201556621773
12275 0.019645555940437747
12291 0.02640939975811557
12296 0.04453664629757021
12340 0.07611536112901852
