43
50 0.12607163803715588
279 0.21877236969463731
450 0.07393950381551512
2194 0.0887912293460626
2252 0.13088557806519177
2337 0.10288054121901792
2757 0.06862079663823509
3089 0.09603077160180598
3159 0.16708481077891388
3361 0.09778722360598771
3674 0.17265763525376895
3816 0.1791632788820697
4196 0.33546280866159894
4381 0.07300106472733561
4861 0.03872681050981381
5540 0.11058453594146435
5842 0.05799135383743624
6014 0.11309788136288983
6409 0.06660255552057964
6817 0.07231178411972576
6932 0.1297429110414553
7272 0.044195955342009555
7282 0.059436839519497076
7455 0.1697716234700987
7952 0.03187484883604086
7993 0.11182093622053296
7996 0.12019809131375726
8321 0.11245417517554351
8324 0.0800240721702917
8352 0.08709037660029093
8385 0.09320462660574522
8603 0.10599767141202239
8605 0.19676508817811075
8972 0.299983588306043
9338 0.04753064468730718
9346 0.5374898366462091
9453 0.10880055971126137
10325 0.08578123357460289
10597 0.06601693038452236
11185 0.17265763525376895
11276 0.14787900763103023
11929 0.05214619722011338
12204 0.031076801694765625
