161
50 0.05033093206244773
279 0.0873393686928722
326 0.03955446988981677
374 0.017600018674478454
380 0.047678191805346444
411 0.05876252836593005
450 0.08855546420773086
493 0.02698704287073029
496 0.026747236339507353
517 0.043435888233401755
587 0.0271489937990449
625 0.054924558067020714
644 0.10450555319368292
654 0.05645502050082313
678 0.04320555589414463
1055 0.047986066193299086
1328 0.0514553121301599
1536 0.023859864288375242
1551 0.05225277659684146
1814 0.026668115819970865
2126 0.0514553121301599
2194 0.14179066446779418
2196 0.050696764200781334
2243 0.0729021121825791
2252 0.05225277659684146
2278 0.055798807980385536
2298 0.0423169055441624
2337 0.08214493935767156
2464 0.03424600097607884
2666 0.04010649764923458
2677 0.02859826989413203
2757 0.027395127940291867
2845 0.08725394458491363
3089 0.038337871361443364
3159 0.06670441021399268
3279 0.057566003627995195
3300 0.04010649764923458
3361 0.0975977266678692
3442 0.021369433399265614
3616 0.04894805228555381
3674 0.06892922028552687
3737 0.03503670434305185
3816 0.0715264349531272
3890 0.04439293793935218
3918 0.028208738844253834
3927 0.0614732263734123
4048 0.017037751749427912
4096 0.06670441021399268
4124 0.052667391795390095
4195 0.04210245871618288
4196 0.5357003714744701
4381 0.029143839855519393
4451 0.017644124089972353
4547 0.03659983376763397
4554 0.044894502356119005
4820 0.0592271559183123
4861 0.03865176377319436
4941 0.01912592561226699
4944 0.05876252836593005
5001 0.020818058291802426
5096 0.08378469864805281
5211 0.06670441021399268
5368 0.03572780249837348
5444 0.054924558067020714
5540 0.13244428768316924
5681 0.045151485868730745
5842 0.02315159012482374
6008 0.011971283206818064
6014 0.045151485868730745
6036 0.10214282482901113
6057 0.020077577939744604
6060 0.06670441021399268
6068 0.026826761569343993
6180 0.030097951980254688
6224 0.060749972780496236
6360 0.020338005277497184
6409 0.026589395912375982
6518 0.06670441021399268
6621 0.042978586191114485
6817 0.02886866190135218
6905 0.05645502050082313
6932 0.051796595514108715
6949 0.20428564965802226
6970 0.05225277659684146
7229 0.04439293793935218
7262 0.031235720616170366
7272 0.017644124089972353
7282 0.07118599183221741
7376 0.042978586191114485
7405 0.05225277659684146
7455 0.06777705263484145
7470 0.035447666116948544
7552 0.042964188777763396
7561 0.054790255880583734
7744 0.0581527581128959
7782 0.11879438795644506
7789 0.160594033576049
7952 0.012725232068411347
7979 0.0614732263734123
7993 0.17856679049149005
7996 0.047986066193299086
8098 0.06870549409063448
8171 0.024327985844203443
8219 0.08378469864805281
8224 0.023859864288375242
8225 0.038337871361443364
8321 0.08978900471223801
8324 0.1171411964054373
8352 0.034768643417406625
8380 0.03736585808500695
8385 0.03720960402066811
8409 0.07647748241228265
8414 0.04928241245254364
8571 0.04439293793935218
8603 0.0423169055441624
8605 0.07855351480747244
8727 0.03720960402066811
8890 0.018694698162850673
8905 0.08135769991505785
8972 0.1996015101407518
9027 0.023925882003431057
9051 0.08378469864805281
9074 0.06475848023940657
9267 0.026668115819970865
9338 0.025300553303259234
9346 0.2145793048593816
9433 0.027230606314718707
9453 0.08687177646680351
9563 0.05719653978826406
9632 0.0436696843464361
9898 0.018137725818455123
10160 0.06223177430279087
10167 0.06578644434761027
10181 0.049973510607865264
10325 0.03424600097607884
10334 0.0622289349002563
10364 0.03242909372151366
10591 0.10984911613404143
10597 0.02635559979934163
10951 0.00869333224317742
11011 0.025022170282122752
11036 0.012406631810054136
11079 0.05876252836593005
11103 0.05047323422020455
11185 0.06892922028552687
11237 0.04010649764923458
11274 0.2190247094262655
11276 0.05903697613848724
11356 0.08725394458491363
11669 0.052667391795390095
11764 0.11602759848847125
11771 0.0514553121301599
11847 0.050696764200781334
11893 0.012681688499402696
11929 0.020818058291802426
11977 0.039846780157897096
12004 0.02833250019957706
12006 0.016454144142087738
12007 0.04390705000340413
12083 0.04210245871618288
12204 0.049626527240216545
