377
26 0.021306761956155933
46 0.04731783071309421
50 0.029419975810859745
68 0.019795270362547752
75 0.04267555682130914
79 0.019722275705996172
104 0.01902287024290118
111 0.020169306112681414
132 0.020480029914524505
230 0.01759317745431094
279 0.05105254381325475
285 0.03961776917968384
330 0.0191585113562188
343 0.017254462998873083
344 0.007551887828924612
362 0.028611640103206493
373 0.03901348998047016
374 0.01028775153679628
435 0.011409773831333146
450 0.034508925997746166
456 0.01296241437582153
480 0.05100261079817195
493 0.031549511043364835
494 0.04591694234127122
517 0.05077922179403963
587 0.01586942081394544
593 0.02096699207003552
594 0.016408477166391544
626 0.0389907767362314
628 0.015634581238021004
654 0.06599938723467515
678 0.025254974569582134
712 0.03364909738135135
769 0.019235905349338712
846 0.025122303806309563
913 0.024008120154507893
952 0.03743448329753948
956 0.01770894699292052
965 0.017767389547272326
1023 0.021659730045023716
1328 0.0300772104981344
1359 0.05361700387468158
1380 0.035510225153292496
1493 0.048974729982896516
1571 0.03684252613629427
1643 0.04363305062801646
1703 0.09463566142618841
1742 0.01843635798166697
1744 0.03733387746642909
1759 0.015774755521682417
1814 0.03117666572799776
1929 0.01606176208629006
1958 0.012690100792101268
1971 0.026203387027920653
2010 0.05730178395975932
2011 0.044703437636584575
2055 0.03129071520282105
2064 0.05361700387468158
2080 0.01289356718380467
2081 0.037853320892756885
2086 0.019578022107634804
2091 0.023553636160460453
2174 0.025254974569582134
2194 0.1657619975593738
2196 0.05926763186603747
2227 0.038592415431941356
2243 0.021306761956155933
2258 0.03434850284444634
2278 0.03261611724219507
2356 0.028075862473154606
2373 0.008883186132399594
2382 0.04732426656504725
2464 0.020017839508413036
2502 0.04363305062801646
2511 0.05730178395975932
2525 0.027692900239585632
2650 0.021933754399608374
2656 0.014964416333888352
2666 0.023443479831344913
2675 0.02148153245557434
2701 0.055499063268880655
2708 0.04731783071309421
2713 0.04180939831487986
2755 0.04731783071309421
2757 0.016013293780031745
2890 0.05361700387468158
2901 0.02333464277143136
2907 0.05100261079817195
2936 0.024364549597781237
2986 0.04363305062801646
3089 0.022409663439057387
3168 0.040291246562760376
3195 0.027692900239585632
3201 0.02985280932204783
3233 0.04101865755150683
3304 0.04267555682130914
3330 0.024244179813119524
3361 0.07986841681933202
3362 0.02377803733654702
3407 0.04160351009474137
3436 0.05100261079817195
3442 0.012491090228929844
3447 0.04101865755150683
3533 0.04363305062801646
3591 0.03405511414314839
3673 0.03129071520282105
3721 0.03222098055494002
3749 0.05050994913916427
3816 0.04180939831487986
3862 0.048974729982896516
3879 0.0636009571213467
3890 0.05189807169588198
3918 0.0164888743451664
3933 0.014300172942341507
3971 0.03182544506821475
4059 0.01586942081394544
4081 0.01279126457384507
4101 0.013946823582433331
4124 0.030785708294035798
4143 0.020169306112681414
4161 0.033318596018096475
4178 0.023443479831344913
4196 0.5740777575309728
4226 0.022911878830117742
4356 0.012264288792438797
4381 0.017035469609843985
4451 0.030940597520828995
4462 0.04363305062801646
4534 0.07466775493285818
4552 0.03164392981031468
4554 0.0787266469684392
4579 0.03733387746642909
4600 0.028049329682858976
4624 0.02382009464247034
4666 0.048974729982896516
4676 0.051597653789293735
4827 0.01138069289169524
4861 0.05422354366941837
4869 0.02718317117642969
4872 0.015094553916410888
4894 0.04267555682130914
5051 0.020093257251469286
5087 0.04591694234127122
5146 0.039590540725095505
5149 0.032999693617337574
5153 0.05730178395975932
5208 0.033992073401173
5247 0.022026963277025698
5291 0.03684252613629427
5323 0.03269160357464403
5329 0.03269160357464403
5368 0.04176799602968464
5425 0.01242571019239227
5429 0.05730178395975932
5433 0.018889223924275625
5540 0.15483550891093473
5541 0.062069408609683435
5622 0.01902287024290118
5681 0.05278486082611332
5769 0.02594903584794099
5842 0.027065631155415923
5845 0.01770894699292052
5971 0.027519794322254845
5977 0.029633815933018736
5998 0.020480029914524505
6008 0.034987913787544775
6010 0.01747886417495965
6014 0.02639243041305666
6017 0.11200163239928727
6024 0.033318596018096475
6057 0.02347192206156855
6058 0.03155414773116951
6060 0.0389907767362314
6066 0.015050967329827445
6068 0.01568106617764509
6074 0.019795270362547752
6089 0.03684252613629427
6122 0.024125383534804392
6162 0.01041739404749771
6167 0.0636508901364295
6209 0.01736597097309886
6219 0.05361700387468158
6253 0.04731783071309421
6258 0.014543610334170573
6280 0.01806537643619386
6410 0.050227776151918084
6436 0.01500758879456856
6446 0.03364909738135135
6451 0.03364909738135135
6452 0.010496076667859391
6457 0.03364909738135135
6503 0.04363305062801646
6518 0.1169723302086942
6584 0.01279126457384507
6628 0.05050994913916427
6638 0.016874619642964044
6729 0.03129071520282105
6778 0.012328513694954005
6791 0.01582196490515734
6817 0.016874619642964044
6828 0.020559399728041786
6932 0.015138350559644449
6934 0.020480029914524505
6949 0.23882247457638264
6952 0.025380201584202535
6982 0.01875751457712475
7025 0.014921447999080094
7042 0.026701379049532487
7176 0.010845133508170167
7205 0.01635812919339072
7208 0.020480029914524505
7256 0.026242215656146404
7262 0.02738735725643784
7272 0.010313532506942998
7282 0.04161039885328212
7328 0.028611640103206493
7451 0.048974729982896516
7455 0.03961776917968384
7482 0.01950674499023508
7483 0.010008885459510163
7484 0.014393848078746014
7488 0.025805918151822455
7536 0.03777844784855125
7537 0.005376603636771231
7552 0.012556944037979521
7561 0.06405317512012698
7580 0.019227098745040003
7589 0.020093257251469286
7744 0.033992073401173
7782 0.06943896877983892
7789 0.0625814304056421
7835 0.03164392981031468
7911 0.020720249694921724
7952 0.014876578052468182
7955 0.04267555682130914
7990 0.03364909738135135
7993 0.07828333057240539
7996 0.08414798904857693
8098 0.026773647819750324
8171 0.028440910022304706
8201 0.022312466941619116
8252 0.06540026860906323
8321 0.026242215656146404
8324 0.06847262753702187
8352 0.02032334006943015
8364 0.01856346195402617
8385 0.0217501565212716
8395 0.03182544506821475
8402 0.027869367646091766
8412 0.02148153245557434
8437 0.03182544506821475
8438 0.05248443131229281
8582 0.027519794322254845
8603 0.02473553114325434
8651 0.030307293316095264
8716 0.026700520455750196
8754 0.018499687756293553
8757 0.0636009571213467
8800 0.0672981947627027
8828 0.020639468844078124
8877 0.04267555682130914
8890 0.03278287596939306
8905 0.02377803733654702
8932 0.033318596018096475
8936 0.02921105199170512
8942 0.02738735725643784
8972 0.18667714217145087
9027 0.05594165185902528
9074 0.037853320892756885
9099 0.015405657650354702
9102 0.04591694234127122
9140 0.037853320892756885
9230 0.04127893768815625
9267 0.01558833286399888
9268 0.030307293316095264
9273 0.026486281015283195
9277 0.03961776917968384
9338 0.025880663489492032
9346 0.2090469915743993
9433 0.015917125836256728
9438 0.02499154204123367
9444 0.021659730045023716
9445 0.016721032826404886
9453 0.025389610897019816
9473 0.04755607467309404
9563 0.06686626883634032
9567 0.023227093754306715
9575 0.011066797811511486
9580 0.0675237321893998
9582 0.018955801407994764
9616 0.02499154204123367
9618 0.019649862686353617
9632 0.025526271906627374
9650 0.0305433529747069
9675 0.02699219440192076
9804 0.022026963277025698
9821 0.01596508260127588
9866 0.03155414773116951
9871 0.04363305062801646
9898 0.021204115758511347
9906 0.027692900239585632
10110 0.020401347294162823
10116 0.022312466941619116
10132 0.028049329682858976
10181 0.02921105199170512
10250 0.035106257052974675
10318 0.011332193133608962
10329 0.05100261079817195
10420 0.016612705668530372
10490 0.022121138066744712
10521 0.03182544506821475
10562 0.05730178395975932
10568 0.037853320892756885
10591 0.03210509131340983
10596 0.0636009571213467
10597 0.046216972951064104
10624 0.028611640103206493
10646 0.021659730045023716
10654 0.03434850284444634
10694 0.036376383659721775
10745 0.04267555682130914
10749 0.05274456390560138
10790 0.036376383659721775
10844 0.02473553114325434
10845 0.033855841185438676
10881 0.05894958805906086
10898 0.045547077881960905
10951 0.015244559190323602
10963 0.03725537371308276
10981 0.01770894699292052
10985 0.021306761956155933
11036 0.007252057388747762
11079 0.03434850284444634
11081 0.0389907767362314
11103 0.029503155793178457
11106 0.016208737568212558
11158 0.07102045030658499
11185 0.040291246562760376
11204 0.03155414773116951
11217 0.011066797811511486
11249 0.025805918151822455
11274 0.04267555682130914
11276 0.034508925997746166
11283 0.048974729982896516
11319 0.017091338792939937
11332 0.008622274837492722
11351 0.03471948438991946
11408 0.04363305062801646
11463 0.040291246562760376
11497 0.009714120618444372
11505 0.0305433529747069
11562 0.04731783071309421
11634 0.011527037211629648
11669 0.030785708294035798
11689 0.05361700387468158
11693 0.03471948438991946
11764 0.045214463565369824
11770 0.0186923688796463
11773 0.03269160357464403
11821 0.03434850284444634
11828 0.017767389547272326
11847 0.029633815933018736
11875 0.01625826240948129
11893 0.020385300299694816
11929 0.012168794541972358
11930 0.01558833286399888
11977 0.011645833489944779
12006 0.028853858024008066
12024 0.017535841075589725
12051 0.015405657650354702
12052 0.022409663439057387
12083 0.024610180385115286
12105 0.05365624319827996
12175 0.02250791072979993
12204 0.043512344332486574
12224 0.04180939831487986
12265 0.01741953450773911
