118
150 0.06482215354896817
210 0.03844276547883227
374 0.05225002791094625
438 0.10617199594483172
594 0.041668161738433115
769 0.024424107342610357
938 0.02605973021618824
1169 0.16151011097358434
1336 0.08816766335862945
1770 0.09017569333528605
1809 0.08722558208673607
1895 0.07449576757544675
1958 0.09667682751791494
2072 0.11660281210795341
2107 0.1303489860207868
2161 0.07265722683054003
2373 0.02255821992278353
2480 0.053888259449439306
2522 0.14551380836403868
2525 0.07032415223472617
2630 0.019225914374948246
2675 0.054550825141874884
3089 0.056907747819223344
3301 0.06249580422974201
3399 0.10837154392061453
3405 0.09237524131106886
3460 0.09480672879140294
3487 0.11352120314494732
3582 0.08816766335862945
3725 0.05303342889186191
3805 0.05303342889186191
3887 0.039352352627861215
3918 0.020936162330358058
4081 0.03248250740743651
4082 0.1108030314009486
4122 0.2403205371554416
4139 0.29102761672807737
4143 0.051218519594039606
4226 0.05818308811619469
4451 0.052380965794206674
4861 0.057373681622430235
4904 0.16603600826859333
4915 0.08632045484427184
5217 0.18475048262213772
5380 0.053888259449439306
5563 0.09901430674384233
5845 0.0449706124484083
5984 0.08722558208673607
6057 0.029802639052226496
6162 0.026454231898692636
6209 0.13229894765630154
6294 0.1424585589543808
6409 0.039468613762650304
6508 0.08081845615851385
6548 0.07580908786133543
6570 0.06126469707920077
6735 0.09355897700512583
6813 0.08816766335862945
7035 0.09144479670594159
7201 0.12964430709793634
7272 0.026190482897103337
7277 0.06780407429455618
7425 0.04665811246067773
7484 0.0182760771673585
7492 0.10060650949840771
7507 0.03353969009721893
7537 0.08192101716762766
7542 0.026454231898692636
7693 0.16151011097358434
7844 0.15161817572267086
7861 0.0474679424454379
7952 0.03777801279903836
8161 0.14551380836403868
8259 0.16151011097358434
8324 0.0632295897460524
8440 0.08301800413429666
8473 0.04367619171508972
9053 0.07756267439558016
9338 0.009388872255677111
9339 0.1803513866705721
9444 0.055003345257134816
9445 0.04246187462608451
9470 0.05666092422099435
9582 0.04813691063103352
9620 0.06861390427931637
9720 0.07696321766749965
9876 0.09355897700512583
10105 0.052617601669770676
10141 0.05026868238644986
10162 0.09480672879140294
10172 0.052824578720349596
10183 0.06626498499599554
10285 0.08632045484427184
10392 0.02497726319335403
10420 0.04218678550664901
10460 0.04205603282573392
10521 0.08081845615851385
10951 0.038712474749002745
10981 0.0449706124484083
11067 0.0573606426448476
11103 0.0374605837859937
11194 0.0631368950778056
11332 0.043791308460695906
11698 0.089149845051468
11736 0.031887467057983454
11778 0.20708919450422275
11779 0.2209823008725734
11828 0.18047609264846828
11893 0.009412185724163052
11929 0.03090178899570447
11977 0.05914753313388626
12021 0.03427237977690418
12089 0.04900134826005224
12098 0.0469786424250649
12124 0.07756267439558016
12131 0.09355897700512583
12177 0.02831802524053177
12265 0.029490446672422174
