153
8 0.12578679476020962
210 0.06744623244354232
344 0.01682304752721919
362 0.06373704061709765
373 0.04345441901496038
374 0.16042337476492152
435 0.025417110501053688
438 0.0931371745541168
490 0.08316723039602551
508 0.08555169000739443
600 0.0931371745541168
678 0.05625952703581047
711 0.0590024606341171
942 0.04562256808043433
1242 0.06373704061709765
1536 0.06213759560420492
1704 0.07422254369374962
1706 0.06169039946709985
1809 0.22955048152108068
1895 0.0980247933526069
1958 0.08480773559680449
2012 0.2272330746713676
2107 0.11434593610049884
2133 0.07216200312128208
2253 0.06417242316142945
2278 0.03632882948931036
2298 0.05510238306773614
2373 0.039577458215444214
2393 0.0820726661007561
2419 0.05174209561896004
2630 0.016865533393876298
2853 0.04906861151597412
2858 0.08685824061693187
2895 0.03524597737720358
3080 0.06601410205599283
3301 0.054823144047041285
3420 0.1274740812341953
3442 0.027825917088335997
3490 0.06507232722582744
3591 0.025287752182120808
3605 0.053743180912182636
3683 0.05400781877246674
3785 0.0931371745541168
3876 0.053743180912182636
3887 0.034521032624466555
3891 0.0329554599670374
3988 0.06804024243661143
4025 0.03286151776583465
4076 0.10909910591883334
4143 0.08986076144433133
4200 0.06858012797886333
4226 0.05103990356168275
4382 0.04562256808043433
4446 0.04252702749483657
4554 0.05845876570252928
4624 0.007580442955852861
4694 0.06751438149348774
4772 0.033821152771866786
4861 0.030197921132747024
4872 0.03362555213881049
4904 0.0728258169527872
4915 0.22716846939373356
4926 0.041496175315196164
4941 0.04980912786793052
5041 0.058793393288642505
5111 0.07820484682557412
5423 0.07029195069995516
5622 0.08475302002625781
5833 0.060926365094124024
5842 0.030146528232172173
6008 0.015588243624903795
6034 0.04267867245882194
6066 0.03352845599089976
6079 0.029983265185783627
6209 0.038685499792222536
6294 0.062484403509548876
6360 0.026482856986429278
6410 0.027972617063837205
6563 0.06601410205599283
6584 0.02849460383069189
6628 0.05625952703581047
6791 0.03524597737720358
6813 0.23202974510891292
6867 0.03971075724803795
7025 0.03323993080273279
7035 0.0802180454184218
7037 0.14168138466397315
7042 0.0594816261798933
7097 0.10228739102203899
7102 0.0442610798305831
7235 0.06804024243661143
7259 0.08242207337106573
7272 0.04595011246678679
7484 0.016032308464703368
7507 0.029421995350815702
7536 0.0420787912941797
7552 0.027972617063837205
7761 0.0931371745541168
7861 0.04164026494860981
7952 0.033139975763476937
8068 0.14844508738749923
8156 0.03556479511633453
8324 0.06933355265619297
8412 0.04785357643601147
8543 0.07216200312128208
8753 0.043140544386104734
8776 0.08628108877220947
8828 0.04597774399807655
8869 0.06650194513248459
8890 0.07302914092549041
8981 0.05983180079885463
9099 0.03431858585707977
9129 0.08975524679538921
9267 0.034725524343296475
9338 0.00823619285256425
9339 0.07910475088997213
9444 0.04825054029252702
9445 0.012416265368128421
9625 0.041496175315196164
9776 0.035140810865210724
9849 0.07864035169253097
10004 0.03362555213881049
10065 0.07029195069995516
10110 0.045447289859690515
10318 0.012622143495309166
10392 0.06573235346726396
10420 0.037007479897538074
10628 0.047464246974997695
10741 0.14168138466397315
10951 0.011319904355925791
10959 0.0380701178212136
10988 0.023977172413841452
11080 0.027825917088335997
11101 0.04765797580295517
11142 0.09731088790062767
11154 0.05510238306773614
11194 0.055385527655730064
11217 0.04930615225615571
11237 0.10444826097537022
11244 0.056559451158981255
11260 0.06913480673188083
11512 0.0931371745541168
11778 0.121109791617954
11779 0.3230868765751519
11828 0.15831889750456918
11893 0.012384966161641794
11929 0.08132385447165122
11930 0.17362762171648236
11942 0.12764896099982848
12078 0.043296873410275716
12177 0.02484139849104608
12265 0.012934940400081835
12291 0.10301063009606504
