91
8 0.158070667485839
68 0.05541493336970198
210 0.042378339483407704
279 0.14291662917208
450 0.04830219036672344
493 0.04415989325466636
517 0.07107574538627968
590 0.08550314489176952
626 0.10915088580750759
628 0.043767488986021494
654 0.09237943152750054
714 0.09419737418015274
965 0.04973807833301626
1064 0.14139768817451895
1112 0.35608938262312123
1328 0.08419822438262986
1759 0.04415989325466636
1814 0.04363802116275085
1929 0.044963340207555186
1971 0.03667691624358922
2080 0.036094286832279075
2194 0.11600864602688805
2278 0.04565282339296131
2279 0.08833276646570848
2492 0.10059090681677077
2630 0.021194165302938925
2748 0.06820618601392386
2756 0.06562774081963724
3361 0.06388110341982911
3442 0.03496759175670051
3915 0.08987507941931558
4169 0.0412956070448057
4194 0.5341340739346818
4196 0.14609771149630196
4244 0.06889380550405302
4624 0.02857801600289361
4861 0.0632473061426109
4931 0.05306492170881047
4995 0.070327445193877
5041 0.07388304105060957
5368 0.05846272050292557
5540 0.21672347112259974
5769 0.07264180110630147
6074 0.05541493336970198
6214 0.04106113190695998
6360 0.03327982789256276
6952 0.07104940493054077
6982 0.052509837018401784
7205 0.04579299108840534
7272 0.02887173078271327
7396 0.06593611274517244
7488 0.07224115704086657
7561 0.04482765789998094
7993 0.2921954229926039
8098 0.03747511104476717
8176 0.08295698443832177
8324 0.05227703417558992
8447 0.05421280238369814
8754 0.05178807591912857
8853 0.1170413426749583
8873 0.0500684774232189
8972 0.06532306205987275
9027 0.039150802863295225
9099 0.04312663967581038
9267 0.04363802116275085
9270 0.09068277812659999
9338 0.010350057048744834
9575 0.03098042371278541
9580 0.06300870614744829
9821 0.04469269539583217
9919 0.08009550265687895
10110 0.057111586770602525
10360 0.10915088580750759
10410 0.09615529172439315
10567 0.10183214676107886
10749 0.029530654958598954
10862 0.06720839646681256
10951 0.014225220070422474
11021 0.060383660755239175
11025 0.0994074202965093
11067 0.031616466150546356
11079 0.09615529172439315
11101 0.05988965742038386
11136 0.08064262852589728
11237 0.06562774081963724
11494 0.07388304105060957
11600 0.1370999915179769
11764 0.06328674577141033
11773 0.09151696342905859
11893 0.005187878615536865
12265 0.03250952799661073
