372
41 0.023864195042251315
50 0.025352492328885014
68 0.017058458621486913
79 0.03399111180505158
131 0.037600526541707986
230 0.030321635838088504
279 0.0439942314608512
285 0.03414038120468869
319 0.04263139899175369
326 0.0199242166469413
362 0.024655913753865305
374 0.017730819603313654
380 0.02401626479915756
392 0.028171798446522657
411 0.02959962171522475
450 0.05947573086127247
485 0.021648998579335315
493 0.013593803439017945
517 0.04375869780711825
560 0.04395120197673526
587 0.013675380701736977
625 0.027666374930904115
628 0.026946018137509384
642 0.017380781744624627
644 0.05264111207758705
654 0.08531187972428089
678 0.021763326834727478
711 0.02282439797291719
712 0.02899691314225064
769 0.00828821454415085
938 0.017686512097631054
956 0.015260581642793966
1055 0.02417134603328104
1242 0.024655913753865305
1275 0.05858494144839005
1292 0.037600526541707986
1328 0.025918860482092576
1335 0.04472286017543541
1373 0.02120767921215631
1380 0.030600729129882952
1536 0.03605578129898748
1543 0.015310944172675372
1551 0.026320556038793526
1553 0.015887423813933134
1742 0.015887423813933134
1814 0.0134331548025528
1887 0.05533274986180823
1926 0.029919312895334196
1929 0.013841129669818888
1971 0.01129030786576894
2041 0.02499646072900902
2126 0.025918860482092576
2127 0.03096504348717505
2129 0.0184359193603076
2181 0.07005407842889619
2194 0.10713332495314526
2196 0.025536767805231342
2243 0.01836097767447609
2266 0.012220270484149984
2278 0.042160122810614244
2298 0.021315699495876844
2333 0.029292470724195024
2337 0.041377714649475365
2353 0.0395686568866324
2373 0.01531006753544554
2374 0.0395686568866324
2381 0.022486734303430622
2403 0.04937947765867897
2433 0.03309465061284783
2456 0.01836097767447609
2464 0.017250256283030643
2480 0.018286746347065574
2492 0.03096504348717505
2609 0.02843729324142696
2656 0.012895498376688136
2666 0.02020228182400989
2677 0.014405404160025899
2701 0.015941997877342722
2704 0.017250256283030643
2757 0.02759872477995576
2768 0.019144765908038274
2822 0.017580741877539535
2845 0.04395120197673526
2853 0.01898160695643028
2936 0.02099600831576741
2943 0.036029004811826665
2976 0.026529404319759222
3089 0.03862279317183398
3148 0.02843729324142696
3239 0.010651844760004543
3269 0.014096522293443341
3270 0.01379936238997788
3279 0.02899691314225064
3300 0.02020228182400989
3330 0.020892280356849813
3361 0.06882614172595178
3381 0.042203687527923715
3400 0.017446869448272874
3442 0.021528248102193122
3472 0.016335051152783765
3481 0.027191602516671194
3616 0.024655913753865305
3643 0.021425230601712017
3673 0.026964591073933435
3721 0.013883120903973275
3737 0.0176485461660937
3749 0.021763326834727478
3816 0.036029004811826665
3839 0.042203687527923715
3890 0.022361430087717706
3918 0.03552297791093627
3927 0.03096504348717505
3933 0.012323090513508052
3962 0.021315699495876844
4016 0.03309465061284783
4048 0.008582186993733401
4059 0.013675380701736977
4079 0.025536767805231342
4081 0.022045595079343405
4096 0.03360007412846637
4120 0.02674397517782056
4124 0.026529404319759222
4134 0.043526653669454955
4169 0.025424172192838997
4182 0.0395686568866324
4195 0.02120767921215631
4196 0.5846550918891963
4289 0.01956818504706531
4381 0.029360432882687824
4410 0.025682457150923422
4451 0.026662879206324284
4534 0.03217225085976427
4554 0.02261407607513446
4568 0.03096504348717505
4624 0.014662019598495975
4676 0.029642651199340706
4820 0.029833662015590026
4827 0.009807245630963286
4861 0.07009023310021464
4876 0.026529404319759222
4899 0.042203687527923715
4944 0.02959962171522475
4995 0.021648998579335315
5001 0.04194555050086105
5005 0.010324353988320833
5041 0.022743522764578944
5096 0.042203687527923715
5129 0.025172453447939235
5130 0.0395686568866324
5146 0.017058458621486913
5149 0.02843729324142696
5181 0.016220722897391602
5199 0.04395120197673526
5340 0.019481649952148464
5346 0.029292470724195024
5361 0.036029004811826665
5368 0.017996663317183983
5370 0.02432956043264212
5389 0.012604065812698965
5401 0.01731524708263523
5404 0.0395686568866324
5425 0.010707783186459643
5444 0.027666374930904115
5447 0.03261987819861491
5473 0.03002703104960476
5540 0.0889523969958416
5541 0.05348795035564112
5638 0.04620413994116534
5681 0.04548704552915789
5842 0.0116618247862533
6008 0.018090378216592366
6013 0.013593803439017945
6024 0.028712105522744974
6034 0.01650973526674696
6036 0.05145096815841109
6048 0.04620413994116534
6057 0.030340187624684205
6060 0.03360007412846637
6068 0.01351306719398243
6074 0.017058458621486913
6080 0.03134713616403629
6088 0.02674397517782056
6162 0.008977128478082188
6167 0.027425391412369316
6180 0.015160817919044252
6186 0.020108492123287625
6214 0.012639907277579746
6224 0.030600729129882952
6252 0.02211668059343978
6257 0.029292470724195024
6360 0.020489154547856162
6370 0.04620413994116534
6403 0.024491037213390483
6451 0.02899691314225064
6473 0.03134713616403629
6493 0.02899691314225064
6518 0.13440029651386548
6558 0.027425391412369316
6584 0.033068392619015105
6621 0.021648998579335315
6628 0.021763326834727478
6638 0.029083209843645094
6791 0.027268971699006106
6817 0.029083209843645094
6818 0.026964591073933435
6878 0.04620413994116534
6905 0.02843729324142696
6932 0.02609077035975594
6934 0.0176485461660937
6949 0.282980324871261
6952 0.010935620241596763
7150 0.01496502406084958
7161 0.06944149281227747
7229 0.022361430087717706
7262 0.015733930107356374
7269 0.027191602516671194
7282 0.02390501212536182
7376 0.021648998579335315
7396 0.02029720839726183
7435 0.04937947765867897
7452 0.02499646072900902
7455 0.03414038120468869
7459 0.02261407607513446
7470 0.017855554158857544
7483 0.008625098588261033
7484 0.012403814515198966
7507 0.011381547885072976
7515 0.042203687527923715
7527 0.04395120197673526
7542 0.008977128478082188
7552 0.010820873186428735
7561 0.05519744955991152
7589 0.01731524708263523
7744 0.029292470724195024
7782 0.0897579386860026
7789 0.05392918214786687
7818 0.022743522764578944
7911 0.017855554158857544
7952 0.006409902125345034
7993 0.2698408116411675
7996 0.07251403809984312
8045 0.02261407607513446
8098 0.034608051957469625
8100 0.01699555590252579
8112 0.01662839430055338
8171 0.012254394051895002
8219 0.042203687527923715
8222 0.017855554158857544
8225 0.03862279317183398
8252 0.02817914975317991
8321 0.04522815215026892
8324 0.09655508760307514
8326 0.012532871264130968
8352 0.035027039214448094
8380 0.018821778012911967
8382 0.042203687527923715
8385 0.03748614070267465
8398 0.03414038120468869
8414 0.024824336296848947
8453 0.024824336296848947
8571 0.022361430087717706
8603 0.06394709848763054
8605 0.0395686568866324
8659 0.024824336296848947
8727 0.018743070351337324
8733 0.03414038120468869
8754 0.015941997877342722
8828 0.03557188346488042
8869 0.025725484079205545
8890 0.009416817299875025
8905 0.02049058480014886
8942 0.007866965053678187
8954 0.02843729324142696
8972 0.20108492123287627
8986 0.014360525261234474
9027 0.024103695882332687
9074 0.03261987819861491
9099 0.026551471008203563
9182 0.022875145130216587
9267 0.0402994644076584
9270 0.027915009985374335
9278 0.027666374930904115
9338 0.050977167102057554
9346 0.07205800962365333
9413 0.09875895531735794
9433 0.013716490226094563
9453 0.06563804671067738
9563 0.057621616640103596
9580 0.019396060614905238
9584 0.01650973526674696
9632 0.0219971157304256
9798 0.023715022029009287
9865 0.01650973526674696
9898 0.027408784369734956
9919 0.024655913753865305
9937 0.038522926294791544
9954 0.04077586425922162
10029 0.037600526541707986
10030 0.04937947765867897
10110 0.017580741877539535
10160 0.06269427232807258
10167 0.03313768009696378
10172 0.017925790920301873
10217 0.03025261197879266
10220 0.028712105522744974
10221 0.030600729129882952
10248 0.03174883172073724
10250 0.03025261197879266
10318 0.014648176871539829
10321 0.0737436774412304
10325 0.034500512566061285
10334 0.015672852955871792
10364 0.06534020461113506
10490 0.019062761531446766
10501 0.021315699495876844
10560 0.021536315391989722
10591 0.05533274986180823
10597 0.013275735504101781
10619 0.010935620241596763
10628 0.01836097767447609
10683 0.03414038120468869
10693 0.03261987819861491
10743 0.036029004811826665
10749 0.018180927957303673
10881 0.01693315440577399
10951 0.008757939898039146
10960 0.012323090513508052
10963 0.01605230035440796
11011 0.012604065812698965
11021 0.018587989117213842
11036 0.006249418099419185
11079 0.08879886514567427
11080 0.03229237215328968
11081 0.03360007412846637
11103 0.012712086096419498
11106 0.027935569865923045
11121 0.03414038120468869
11154 0.021315699495876844
11158 0.030600729129882952
11179 0.07498938218702707
11185 0.03472074640613874
11228 0.03472074640613874
11237 0.04040456364801978
11274 0.1838770592299
11276 0.014868932715318117
11356 0.04395120197673526
11408 0.037600526541707986
11497 0.008371086708034166
11569 0.03360007412846637
11669 0.026529404319759222
11764 0.1168898997128908
11769 0.03414038120468869
11770 0.01610803971004601
11773 0.028171798446522657
11847 0.025536767805231342
11893 0.015969921339798656
11929 0.020972775250430526
11957 0.012858470665121859
11974 0.022743522764578944
12004 0.028543063461518484
12006 0.0165764290883017
12007 0.02211668059343978
12052 0.01931139658591699
12064 0.014680216441343912
12078 0.01674887892942767
12118 0.03309465061284783
12137 0.018587989117213842
12177 0.01921919727651523
12204 0.06249418099419186
12225 0.025172453447939235
12265 0.030022364247980517
12275 0.014821325599670353
