380
41 0.022913962413429162
50 0.024342998172881956
68 0.016379219118505536
79 0.03263764216277301
131 0.036103335996727694
230 0.02911427863699279
279 0.042242454200397205
285 0.032780967902723765
319 0.04093388745773471
326 0.019130867416928512
362 0.023674156200305795
374 0.017024807802245228
380 0.023059977005071567
392 0.02705004420134106
411 0.028421013917861317
450 0.0713843824950705
485 0.020786971396143633
493 0.013052520753610804
517 0.042016299105738494
560 0.042201138078904056
587 0.013130849745157545
625 0.026564745811043712
628 0.025873072429273194
642 0.016688707869979464
644 0.05054503038595468
654 0.0819149023028076
678 0.0208967472902063
711 0.021915568337193513
712 0.027842304199686075
769 0.007958191600549084
938 0.016982264547882514
956 0.01465293061638754
1055 0.023208883161907872
1242 0.023674156200305795
1275 0.05625218633876521
1292 0.036103335996727694
1328 0.02488681448647579
1335 0.04294207012918794
1373 0.020363224633516433
1380 0.029382258897240228
1536 0.0346200999450883
1543 0.014701287793937614
1551 0.02527251519297734
1553 0.015254812972913914
1742 0.015254812972913914
1814 0.012898268879151444
1887 0.053129491622087424
1926 0.028727975525908982
1929 0.026579997728991847
1971 0.010840746549977376
2041 0.024001143160252883
2126 0.02488681448647579
2127 0.02973206686163559
2129 0.01770183165747572
2181 0.06726464132501124
2194 0.10286745380918058
2196 0.02451993610568215
2243 0.01762987402516078
2262 0.03531107599838268
2266 0.023467359201513997
2278 0.040481376711746654
2298 0.020466943728867357
2333 0.028126093169382606
2337 0.039730122744681975
2353 0.03799309865867722
2373 0.022050669094420407
2374 0.03799309865867722
2381 0.02159134987445898
2403 0.047413268834857504
2433 0.03177687656699716
2456 0.01762987402516078
2460 0.022630173443732627
2464 0.016563379715576407
2480 0.017558598465973806
2492 0.02973206686163559
2609 0.027304967434269196
2656 0.012382021039583028
2666 0.01939786050027167
2675 0.01777448454338036
2677 0.013831804881274128
2701 0.015307213987718789
2704 0.016563379715576407
2757 0.02649978937679781
2768 0.01838245311245597
2822 0.016880705922362304
2845 0.042201138078904056
2853 0.018225790879435294
2936 0.020159982120819698
2943 0.034594389653193676
2976 0.025473047482111103
3089 0.03708489766674161
3148 0.027304967434269196
3239 0.010227705985150241
3269 0.013535222177833615
3270 0.013249894688398905
3279 0.027842304199686075
3300 0.01939786050027167
3330 0.020060384437023893
3361 0.06608559902303866
3381 0.04052320675433613
3400 0.01675216407098288
3442 0.020671029002539275
3472 0.015684616534252852
3481 0.026108878046159745
3616 0.023674156200305795
3643 0.02057211348790448
3673 0.025890905822202402
3683 0.020060384437023893
3721 0.013330318077417356
3737 0.016945810356710445
3749 0.0208967472902063
3816 0.034594389653193676
3839 0.04052320675433613
3890 0.02147103506459397
3918 0.0341085119034243
3927 0.02973206686163559
3933 0.01183240550724105
3962 0.020466943728867357
4016 0.03177687656699716
4048 0.008240458555222901
4059 0.013130849745157545
4079 0.02451993610568215
4081 0.021167776081924713
4096 0.032262174957294505
4120 0.025679074484820805
4124 0.025473047482111103
4134 0.0417934945804126
4169 0.02441182386365147
4182 0.03799309865867722
4195 0.020363224633516433
4196 0.6045577964848514
4289 0.018789012404299435
4381 0.02819134918755051
4410 0.024659824343492596
4451 0.03413494349370578
4494 0.029382258897240228
4534 0.03089120524077425
4554 0.021713621108217968
4568 0.02973206686163559
4624 0.014078202319000326
4676 0.02846233003935448
4820 0.028645735122004294
4827 0.009416737391279722
4861 0.07103820950941381
4876 0.025473047482111103
4899 0.04052320675433613
4944 0.028421013917861317
4995 0.020786971396143633
5001 0.04027534831514906
5005 0.00991325535231643
5041 0.021837913445387616
5096 0.04052320675433613
5129 0.024170128141286783
5130 0.03799309865867722
5146 0.016379219118505536
5149 0.027304967434269196
5181 0.015574840640190187
5199 0.042201138078904056
5255 0.03799309865867722
5340 0.018705922993202333
5346 0.028126093169382606
5361 0.034594389653193676
5368 0.017280066060765417
5370 0.023360797726543488
5389 0.01210219283647481
5401 0.01662578268943417
5404 0.03799309865867722
5425 0.01028141703632918
5444 0.026564745811043712
5447 0.03132100880211319
5473 0.02883140452210306
5540 0.08541046022036108
5541 0.05135814896964161
5638 0.04436436779376932
5681 0.04367582689077523
5842 0.0111974702834559
6008 0.01737004938845864
6013 0.013052520753610804
6024 0.027568837146770324
6034 0.01585234501679706
6036 0.04940227602184198
6048 0.04436436779376932
6057 0.0291320917222447
6060 0.032262174957294505
6068 0.01297499929181962
6074 0.016379219118505536
6080 0.03009894524242924
6088 0.025679074484820805
6162 0.008619674125320683
6167 0.02633335785615205
6180 0.014557139318496394
6186 0.0193078053497287
6214 0.012136607153725673
6224 0.029382258897240228
6252 0.021236031088861247
6257 0.028126093169382606
6360 0.029509965642752295
6370 0.04436436779376932
6403 0.023515844769955538
6451 0.027842304199686075
6473 0.03009894524242924
6493 0.027842304199686075
6518 0.12904869982917802
6558 0.02633335785615205
6584 0.03175166412288707
6621 0.020786971396143633
6628 0.0208967472902063
6638 0.02792516470969508
6791 0.02618316651609729
6817 0.05585032941939016
6818 0.025890905822202402
6878 0.04436436779376932
6905 0.027304967434269196
6932 0.025051879198204022
6934 0.016945810356710445
6949 0.2717125181201309
6952 0.01050018199817077
7150 0.014369141646691003
7161 0.0666764478506721
7229 0.02147103506459397
7262 0.015107431130912929
7269 0.026108878046159745
7282 0.02295315422805204
7376 0.020786971396143633
7396 0.019489007254967546
7435 0.047413268834857504
7452 0.024001143160252883
7455 0.032780967902723765
7459 0.021713621108217968
7470 0.01714457563486343
7483 0.008281661481295438
7484 0.011909915213197288
7507 0.010928353543183377
7515 0.04052320675433613
7527 0.042201138078904056
7542 0.008619674125320683
7552 0.010390003980244051
7561 0.05299957875359562
7589 0.01662578268943417
7660 0.013788712985727593
7744 0.028126093169382606
7782 0.08618392657772696
7789 0.051781811644404804
7818 0.021837913445387616
7911 0.01714457563486343
7952 0.006154670464009907
7993 0.2590961984935078
7996 0.06962664948572361
8045 0.021713621108217968
8098 0.03323001678252507
8100 0.016318821081386506
8112 0.015966279244867196
8171 0.011766444424684103
8219 0.04052320675433613
8222 0.01714457563486343
8225 0.03708489766674161
8252 0.027057102791171378
8321 0.043427242216435936
8324 0.09271042430909933
8326 0.012033833136638307
8352 0.03363232066250562
8380 0.018072326059110428
8382 0.04052320675433613
8385 0.035993504811908855
8398 0.032780967902723765
8414 0.02383587243723181
8453 0.02383587243723181
8571 0.02147103506459397
8603 0.06140083118660208
8605 0.03799309865867722
8659 0.02383587243723181
8727 0.017996752405954428
8733 0.032780967902723765
8754 0.015307213987718789
8828 0.034155470119400164
8869 0.02470113801092099
8890 0.00904185526817207
8905 0.019674683730522346
8942 0.0075537155654564645
8954 0.027304967434269196
8972 0.21238585884701572
8986 0.013788712985727593
9027 0.03471589009149296
9074 0.03132100880211319
9099 0.025494235511655246
9182 0.021964294826936324
9267 0.03869480663745434
9270 0.026803480630412425
9278 0.026564745811043712
9338 0.052006549745540434
9346 0.06918877930638735
9413 0.09482653766971501
9433 0.01317032235650253
9453 0.06302444865860775
9563 0.05532721952509651
9580 0.018623741681278366
9584 0.01585234501679706
9632 0.021121227100198602
9798 0.02277072922192725
9865 0.01585234501679706
9898 0.026317412078385477
9919 0.023674156200305795
9937 0.03698900732295061
9954 0.039152237037815875
10029 0.036103335996727694
10030 0.047413268834857504
10110 0.016880705922362304
10160 0.06019789048485848
10167 0.03181819268849032
10172 0.01721201568506948
10217 0.029048003193185252
10220 0.027568837146770324
10221 0.029382258897240228
10248 0.030484645948930786
10250 0.029048003193185252
10318 0.014064910786450792
10321 0.0885091582873786
10325 0.033126759431152814
10334 0.015048785970204209
10364 0.06273846613701141
10490 0.01830371401400209
10501 0.020466943728867357
10560 0.020678775066248958
10591 0.053129491622087424
10597 0.012747117755827623
10619 0.01050018199817077
10628 0.01762987402516078
10683 0.032780967902723765
10693 0.03132100880211319
10743 0.034594389653193676
10749 0.026185490383229287
10881 0.01625890430864052
10951 0.008409213270652553
10960 0.01183240550724105
10963 0.015413124403264174
11011 0.01210219283647481
11021 0.01784784624911812
11036 0.006000576645571447
11079 0.08526304175358396
11080 0.031006543503808912
11081 0.032262174957294505
11103 0.012205911931825734
11106 0.02682322185064984
11121 0.032780967902723765
11154 0.020466943728867357
11158 0.029382258897240228
11179 0.07200342948075865
11185 0.03333822392533605
11228 0.03333822392533605
11237 0.03879572100054334
11274 0.1765553799919134
11276 0.0142768764990141
11356 0.042201138078904056
11376 0.03394010628186243
11408 0.036103335996727694
11497 0.00803776393244546
11569 0.032262174957294505
11669 0.025473047482111103
11764 0.112235537959214
11769 0.032780967902723765
11770 0.015466644310295511
11773 0.02705004420134106
11847 0.02451993610568215
11893 0.019934233259533335
11929 0.02013767415757453
11957 0.012346467710020358
11974 0.021837913445387616
12004 0.027406526059789407
12006 0.01591638320109817
12007 0.021236031088861247
12052 0.018542448833370806
12064 0.014095674593775255
12078 0.016081966375840334
12118 0.03177687656699716
12137 0.01784784624911812
12177 0.01845392074740622
12204 0.06600634310128592
12225 0.04834025628257357
12265 0.02882692354477198
12275 0.01423116501967724
