260
48 0.05508611868870341
193 0.03095911438564011
276 0.044789097452090615
279 0.03062362544695657
373 0.046804112598609546
374 0.012342117599726943
425 0.046776863735681296
435 0.013688197067058433
450 0.02070001503152027
456 0.015550885150226042
477 0.05234615553842595
493 0.01892482405501175
496 0.018756658301084
513 0.03387077447375468
554 0.044789097452090615
627 0.03921980564934596
628 0.018756658301084
712 0.040368501855812866
826 0.05934996255883987
913 0.028802313239729108
918 0.07630146290365213
942 0.024569696959234843
952 0.011227448327526498
956 0.021245255153393768
1227 0.04752906060236806
1254 0.03997200251603273
1335 0.031130811323477222
1350 0.06432380922103904
1465 0.026203029850678818
1487 0.03387077447375468
1553 0.0221179231930846
1698 0.02204247285580218
1742 0.0221179231930846
1759 0.01892482405501175
1809 0.041207571932936636
1895 0.017596842735953248
1929 0.019269143098838912
1947 0.0687444048173168
1950 0.06118734673098146
1958 0.030448386271442925
2030 0.03241494442969739
2074 0.037539173203345655
2131 0.058754517418294384
2144 0.046073230558310786
2156 0.05363028864464612
2172 0.03343461510397295
2258 0.041207571932936636
2278 0.01956462270739347
2371 0.07507834640669131
2382 0.056774472165035235
2464 0.02401521152815787
2627 0.03184598767844786
2630 0.009082808398966639
2647 0.04833702500867753
2666 0.028124919618285223
2715 0.07386664244307808
2755 0.056766751134703704
2757 0.038421992266285704
2782 0.04364040124562371
2789 0.1286476184420781
2790 0.07630146290365213
2987 0.06432380922103904
3201 0.03581413120419095
3261 0.046073230558310786
3315 0.046073230558310786
3332 0.019386375736181294
3361 0.013688197067058433
3362 0.02852628507295303
3387 0.3052058516146085
3420 0.034325112305813525
3442 0.029970884114540235
3564 0.19297142766311712
3591 0.027237064200311585
3597 0.025153900822288588
3630 0.040368501855812866
3741 0.03455958435825725
3790 0.03818068353329191
3793 0.05508611868870341
3805 0.025054333644211918
3880 0.28866674527430697
3887 0.018591047062665223
3912 0.07630146290365213
3937 0.13623680635975813
3993 0.1777570345987749
4016 0.046073230558310786
4021 0.06432380922103904
4048 0.011947824579943185
4065 0.05234615553842595
4081 0.01534555836180117
4088 0.04833702500867753
4169 0.017697327596806846
4196 0.06261051105722994
4281 0.07630146290365213
4329 0.056766751134703704
4339 0.024381717643451355
4349 0.04211664244459258
4350 0.062261622646954444
4397 0.08839925587603384
4448 0.028942993000956273
4510 0.15260292580730425
4624 0.024494349276486166
4638 0.03818068353329191
4676 0.020633738047934166
4677 0.07630146290365213
4739 0.06432380922103904
4772 0.01821413193908136
4790 0.027865323301228297
4800 0.03958941834115993
4908 0.0687444048173168
4915 0.04077996692234219
4967 0.07630146290365213
5051 0.024105689476675282
5087 0.05508611868870341
5108 0.03581413120419095
5337 0.023748197442279628
5340 0.02712168079372881
5398 0.07630146290365213
5627 0.024381717643451355
5641 0.0352948649605342
5659 0.04077996692234219
5672 0.04165263496203303
5875 0.034325112305813525
5893 0.07630146290365213
6008 0.008394933431089848
6010 0.020969226986617698
6017 0.044789097452090615
6020 0.0687444048173168
6034 0.04596856744613639
6041 0.029674981279419935
6055 0.039491664734866615
6084 0.03045967453447184
6119 0.024475302168489248
6147 0.040368501855812866
6162 0.01249764848587616
6167 0.03818068353329191
6170 0.036642569851681586
6175 0.05508611868870341
6339 0.07630146290365213
6342 0.0687444048173168
6396 0.042601279129569666
6467 0.1374888096346336
6471 0.05363028864464612
6509 0.0687444048173168
6666 0.017646969400001575
6747 0.04023509107418613
6778 0.0295808010737302
6813 0.04165263496203303
6932 0.018161335079366406
7016 0.03635937132606444
7025 0.1432089531355124
7078 0.07630146290365213
7114 0.07630146290365213
7183 0.07630146290365213
7229 0.031130811323477222
7255 0.046776863735681296
7262 0.02190423455152465
7272 0.11135742105805484
7370 0.07630146290365213
7405 0.036642569851681586
7434 0.07630146290365213
7484 0.025902243808826865
7537 0.00645026020844346
7707 0.08241514386587327
7739 0.2026009510066939
7743 0.051197459331959044
7753 0.07271874265212888
7937 0.0687444048173168
7963 0.04752906060236806
7993 0.06261051105722994
8036 0.03130525552861497
8039 0.04165263496203303
8098 0.048180135686082357
8252 0.013076679961598826
8324 0.022403443508920453
8326 0.017447830891611445
8327 0.02401521152815787
8380 0.026203029850678818
8384 0.04165263496203303
8385 0.026093455760265966
8405 0.04077996692234219
8413 0.03958941834115993
8439 0.042601279129569666
8499 0.07630146290365213
8659 0.03455958435825725
8706 0.07630146290365213
8708 0.0204372907470843
8771 0.0687444048173168
8775 0.13821969167493234
8800 0.040368501855812866
8863 0.06296507269778322
8890 0.013109768090864801
8950 0.048211378953350564
8972 0.02799434883341964
8975 0.046776863735681296
9001 0.03958941834115993
9046 0.07630146290365213
9077 0.03387077447375468
9175 0.03409557687569769
9268 0.03635937132606444
9338 0.008871081615947171
9444 0.025984971977391885
9445 0.006686687976935418
9453 0.03045967453447184
9473 0.05705257014590606
9613 0.03184598767844786
9650 0.036642569851681586
9658 0.03674814825242239
9664 0.050195614517331566
9666 0.07630146290365213
9772 0.043108465006090314
9866 0.037855210700250705
9898 0.012719187927203172
10000 0.06118734673098146
10105 0.024857886343362053
10144 0.03045967453447184
10286 0.056766751134703704
10312 0.020969226986617698
10318 0.027190248484825857
10428 0.2587755701763761
10516 0.06432380922103904
10536 0.041207571932936636
10562 0.0687444048173168
10597 0.07392808340743501
10616 0.056766751134703704
10624 0.10297533691744058
10760 0.02117559018649113
10764 0.15260292580730425
10766 0.046776863735681296
10794 0.03045967453447184
10881 0.023573753237141882
10898 0.01821413193908136
10988 0.012912729049114098
11036 0.017400448448187666
11067 0.013549309453484659
11068 0.043108465006090314
11106 0.05833640455675974
11142 0.026203029850678818
11154 0.029674981279419935
11158 0.042601279129569666
11189 0.029524599167970837
11203 0.05508611868870341
11276 0.04140003006304054
11283 0.058754517418294384
11319 0.013669544316187214
11497 0.011653938046807515
11634 0.0276577536565712
11679 0.043108465006090314
11764 0.02712168079372881
11778 0.09783417519164175
11828 0.021315368129592557
11875 0.05851464799883557
11892 0.028663425626155335
11893 0.0022232773401783187
11939 0.04752906060236806
11957 0.01790111914193905
12157 0.02545817722827439
12180 0.02234745862320044
12204 0.017400448448187666
12265 0.0069660165831846145
12286 0.05424336158745762
