42
279 0.12816752800926548
380 0.13993222243525505
450 0.17326947529057227
1492 0.1611998103445395
1814 0.0782690906166212
2044 0.2305491775356656
2080 0.06473865980956599
2181 0.10204358345466952
2337 0.12054488111731683
2627 0.13328341952294315
3239 0.062063619083474075
3490 0.1466688256719128
3616 0.1436591758378417
4025 0.07406774009764766
4195 0.12356782828923048
4196 0.3930609608993624
4624 0.01708582916589741
4861 0.04537611013359835
5368 0.1048586495632294
5370 0.14175765843204224
5433 0.09484287972970014
5540 0.12957163308558964
6360 0.059690650392093814
6945 0.24590234327165558
7035 0.18080629694378483
7272 0.05178429389506318
7993 0.26204064059957494
7996 0.14083581264507244
8324 0.03125467055282883
8972 0.3514900442885059
9027 0.07022082247020846
9453 0.1274813524548907
10364 0.09517716558000262
10579 0.15582539227819472
10869 0.25608434212138914
11276 0.08663473764528613
11385 0.16895227187449732
11828 0.08921014419110405
11847 0.1487915253551185
11852 0.13406343534583443
11893 0.009304971459477831
12021 0.06776396578188772
