53
683 0.18506285937276087
942 0.0972048574887639
952 0.04441904661870365
1493 0.2324499362748454
1809 0.16302912338906747
1895 0.06961822090189079
1958 0.12046265988502519
2373 0.04216247953005562
2630 0.03593422814632856
3057 0.3018707491606233
3301 0.11680788978786243
4059 0.0753214128635029
4145 0.14275618601793372
4197 0.2324499362748454
4624 0.016151126695153954
4861 0.02144687555356676
4904 0.155164942620457
4915 0.16133739376841819
4941 0.05306243576102208
5423 0.14976620865248128
5450 0.24207491565601555
6008 0.03321279497873634
6068 0.07442742073285964
6281 0.09125804020962523
6360 0.05642519585312801
6664 0.12672932103172088
6813 0.16478992200162715
7035 0.0854575268448002
7256 0.12455405796238773
7272 0.04895136685479808
7507 0.06268741514219223
7542 0.04944432737733249
7552 0.11919864968952337
7952 0.035304529718608486
7956 0.10454710443245124
8239 0.1331312066367636
8324 0.029544843215545638
8403 0.14851587252099657
8988 0.10730124676687329
9338 0.017548287748116217
9926 0.3018707491606233
10065 0.14976620865248128
10951 0.024118539047697746
11080 0.05928676133042686
11142 0.10366679681214848
11215 0.17966412540478516
11778 0.38706041319161877
11821 0.16302912338906747
11828 0.08432978741232752
11930 0.0739872783807702
11977 0.05527489898465019
12186 0.06475822445777998
12265 0.055119169793286196
