304
26 0.023292465381220304
160 0.04665274488587657
210 0.049647549505393476
247 0.030864121408164278
279 0.02790521647166344
344 0.016511386026656576
347 0.025628316658842267
380 0.030466679189868305
435 0.01247311827675894
450 0.05658752600228139
485 0.027463600189887156
493 0.03448979696136729
517 0.027755819212624416
554 0.040813242773488474
571 0.02094400657588013
634 0.03928179731167754
654 0.0360751306441773
711 0.01447734725941107
769 0.06308584012172505
887 0.03501133506613718
895 0.03216179771947015
979 0.013131288068475256
1267 0.12528415363266762
1272 0.04138109621129098
1328 0.03288028400247192
1353 0.029537523007993234
1492 0.2807772403961961
1524 0.010752434131237693
1536 0.03049322146089478
1575 0.019170110034750953
1746 0.033927012331786154
1747 0.10039242866620042
1755 0.044046226623288574
1759 0.03448979696136729
1814 0.01704110199066305
1885 0.04886961593292916
1929 0.03511730577608655
1973 0.0360751306441773
2080 0.0845711707542983
2091 0.02574873910912945
2106 0.0535389753275789
2129 0.02338753529818161
2154 0.023292465381220304
2194 0.11325646283145455
2196 0.03239556686997522
2243 0.06987739614366091
2278 0.017827903256650325
2298 0.027040781890083826
2337 0.02624557916016359
2356 0.02046161232912933
2373 0.019422125791767542
2378 0.03288028400247192
2392 0.027608635327886325
2456 0.04658493076244061
2472 0.1070779506551578
2541 0.022388685280852586
2630 0.03310616961180159
2675 0.023483523779288418
2677 0.03654896636210461
2757 0.03501133506613718
2782 0.03976651444417425
2976 0.03365481090701344
3089 0.024498152789858035
3195 0.03027376573988393
3201 0.032634969550831776
3269 0.0178826402023278
3300 0.025628316658842267
3301 0.026903748951879903
3361 0.03741935483027682
3369 0.03928179731167754
3400 0.02213284117214971
3401 0.047699473215190795
3469 0.06952830725803613
3481 0.03449486576958865
3595 0.02539176428083374
3721 0.017611922348155708
3725 0.022830301562628875
3741 0.0314917867696075
3749 0.027608635327886325
3765 0.0178826402023278
3784 0.0379551989115065
3819 0.04426568234429942
3891 0.016172465789012918
3918 0.009012785134841095
4025 0.01612636486866116
4048 0.010887235799245006
4059 0.017348386192583602
4072 0.04484142935320882
4081 0.027966716658439538
4105 0.013799716676929986
4196 0.37084241180451893
4289 0.024823910843031236
4356 0.026814541103054333
4410 0.06516077244885891
4431 0.016597293337586097
4446 0.02086958877092209
4451 0.056373558631384074
4624 0.018600021740208663
4772 0.033194586675172194
4820 0.01892327173457516
4861 0.05433721064712356
5130 0.05019621433310021
5176 0.043309983891397875
5219 0.03127812841647323
5243 0.1103551685813044
5253 0.03127812841647323
5255 0.15058864299930064
5297 0.03760422996581707
5368 0.022830301562628875
5384 0.037549643397121656
5425 0.02716747153687073
5433 0.061948867956520805
5449 0.05861389023661347
5540 0.028210924607822194
5648 0.06730962181402687
5769 0.028367380290254873
5807 0.022388685280852586
5842 0.13314616979461652
5900 0.06264207681633381
5998 0.022388685280852586
6008 0.02294918690135507
6014 0.028852097422751584
6018 0.06264207681633381
6024 0.03642375344969556
6036 0.032634969550831776
6055 0.03598605446509375
6066 0.03290731235513671
6119 0.0446053395215453
6167 0.06958289382673154
6252 0.028056894692831343
6295 0.029361682479393393
6299 0.041983385491226835
6360 0.05198447832762585
6409 0.016990799450240776
6459 0.042624558306156225
6518 0.08524911661231245
6584 0.055933433316879076
6616 0.0238770298919431
6732 0.02094400657588013
6747 0.01833174403414473
6817 0.0737890618318829
6923 0.11415150781314437
6932 0.03309836633692898
6934 0.022388685280852586
6936 0.06264207681633381
6945 0.2676948766378945
6952 0.01387276649508985
7025 0.016312066172768973
7035 0.039365968385466805
7150 0.018984408730643144
7262 0.03991966319370795
7272 0.03382413517883045
7282 0.015162772844652722
7394 0.027320651960940644
7396 0.02574873910912945
7425 0.020085798713720064
7461 0.0314917867696075
7482 0.02132469416611987
7483 0.010941672814948004
7484 0.007867648044471404
7492 0.043309983891397875
7537 0.01175536239018754
7542 0.011388252739349985
7561 0.08752833766534293
7581 0.051727659794911146
7593 0.0314917867696075
7636 0.047699473215190795
7743 0.04665274488587657
7782 0.0379551989115065
7787 0.06264207681633381
7835 0.017296507586399525
7861 0.02043442151923832
7911 0.022651292566290906
7952 0.016263014529902458
7971 0.03216179771947015
7986 0.022651292566290906
7993 0.1141053574783135
7996 0.06132682591083868
8092 0.016080476886344768
8098 0.014634421369464398
8139 0.044046226623288574
8169 0.024391897974770906
8171 0.031091486987469573
8191 0.12528415363266762
8224 0.01524661073044739
8252 0.023831769082412413
8295 0.08276219242258195
8324 0.11568345070126314
8326 0.01589901557654342
8337 0.03239556686997522
8376 0.05673476058050975
8397 0.03541256981128069
8473 0.018802114982908534
8515 0.0176654789765562
8556 0.01621878163284701
8577 0.03171014128473356
8682 0.028367380290254873
8700 0.045705863934788434
8710 0.047699473215190795
8716 0.029188900202474975
8723 0.023292465381220304
8727 0.023777182513717014
8819 0.031068968469804174
8868 0.02338753529818161
8890 0.011946035491537306
8932 0.03642375344969556
8942 0.009979915798426987
8972 0.20407469142618315
8981 0.029361682479393393
8986 0.036435100944371475
9027 0.030577592972031997
9041 0.06952830725803613
9074 0.04138109621129098
9099 0.01684140219120175
9232 0.028210924607822194
9270 0.07082513962256139
9273 0.01447734725941107
9338 0.028292635906500933
9366 0.25056830726533524
9445 0.04874497326857715
9453 0.027755819212624416
9563 0.054823449543156925
9575 0.012098178288940819
9582 0.082889619544736
9618 0.021481149848552546
9620 0.029537523007993234
9632 0.02790521647166344
9675 0.04426163545852119
9804 0.024079786531585032
9894 0.0314917867696075
9898 0.011590126488033
9923 0.018564145988541024
10127 0.09025358116852086
10218 0.01771932588620285
10280 0.030864121408164278
10318 0.006194153687008916
10321 0.02338753529818161
10364 0.020722404886184
10392 0.010752434131237693
10445 0.047699473215190795
10501 0.027040781890083826
10560 0.027320651960940644
10568 0.04138109621129098
10581 0.0535389753275789
10619 0.0277455329901797
10638 0.06054753147976786
10749 0.023064056966456702
10760 0.01929586779634521
10790 0.03976651444417425
10798 0.06264207681633381
10881 0.021481149848552546
10937 0.05861389023661347
10944 0.041983385491226835
10951 0.055550966703004176
10959 0.037364835973346396
10960 0.1250631264911533
10980 0.023198296614471297
11036 0.031711678389728555
11067 0.01234655948871727
11079 0.037549643397121656
11080 0.013655208958064463
11087 0.06479113373995044
11094 0.032634969550831776
11103 0.01612636486866116
11121 0.043309983891397875
11153 0.03127812841647323
11158 0.03881963349308611
11179 0.12684056513893424
11217 0.012098178288940819
11268 0.03928179731167754
11276 0.01886250866742713
11300 0.017827903256650325
11434 0.047699473215190795
11458 0.047699473215190795
11497 0.010619437091366262
11531 0.06952830725803613
11624 0.02460555632790518
11629 0.012633618221616152
11669 0.03365481090701344
11736 0.08236320044324379
11764 0.14828480219011594
11771 0.03288028400247192
11828 0.019423237880823462
11846 0.026119020372121916
11847 0.03239556686997522
11852 0.05837780040494995
11893 0.01620736527402528
11957 0.016312066172768973
11977 0.025462355468013523
12004 0.01810465459242937
12006 0.031542920060862525
12021 0.04426163545852119
12039 0.03678505619376814
12051 0.01684140219120175
12052 0.04899630557971607
12072 0.05521727065577265
12137 0.047160897496331955
12175 0.02460555632790518
12193 0.03027376573988393
12204 0.047567517584592836
12225 0.031933403051383785
12263 0.03715999618158625
12265 0.025390618891373964
12275 0.018802114982908534
