81
68 0.055910551514203044
279 0.07209742096279999
284 0.17963708119963268
380 0.07871535406725963
450 0.14620258142676476
590 0.08626786493099696
644 0.17253572986199392
1329 0.12053454559374917
1492 0.27203670304135696
1814 0.04402830937141999
1906 0.26729273843414125
2080 0.03641710565347221
2174 0.07133115793831349
2187 0.10029649690819266
2194 0.05852310005055008
2278 0.04606113151940625
2464 0.05653918469109144
2666 0.06621469991450478
2677 0.14164481842882445
3089 0.0632947476431492
3490 0.08250486087102325
4025 0.08332989050389297
4081 0.03612815807966159
4141 0.17963708119963268
4196 0.22110656265411735
4624 0.019222407375808
4753 0.1440538091252939
4861 0.025525190075600987
4876 0.08695238296575522
5001 0.034370028882855425
5013 0.055910551514203044
5255 0.1296896441992277
5433 0.053351477799447565
5540 0.07288726497661625
6057 0.03314751664224767
6068 0.04429022904287387
6091 0.11808813294536205
6167 0.1797781139999388
6518 0.22025421137105183
6526 0.17963708119963268
6527 0.17963708119963268
6657 0.08601313262909262
6817 0.04766134907738105
7016 0.08560112861158796
7025 0.0421447331478475
7035 0.15256205576351642
7272 0.05825990551903008
7282 0.039175356975077916
7483 0.02826949548223685
7561 0.09045717188025319
7835 0.044688189031223596
7993 0.1474043751027449
7996 0.15844729205007016
8252 0.0307865213940859
8324 0.08790764614489668
8352 0.05740205266619531
8700 0.11808813294536205
8716 0.07541401542166748
8856 0.12626217308812449
8972 0.19772188853848874
9074 0.1069144300126523
9182 0.07497523712880243
9267 0.04402830937141999
9338 0.03132787658183016
9346 0.2361762658907241
9453 0.0717114301540004
9563 0.047214939476274816
9575 0.03125750534372323
10364 0.10707904380228817
10749 0.05958954039683552
10845 0.0478118944067688
10925 0.05740205266619531
10951 0.04305734128969005
11081 0.11012710568552592
11237 0.06621469991450478
11385 0.0950398533634547
11764 0.06385276755657567
11852 0.07541401542166748
12051 0.04351235420860774
12054 0.15143800525424003
12137 0.060923718030090224
