297
8 0.18214206388909174
68 0.025541463181682964
227 0.08206311279830364
335 0.02612302691213776
343 0.022263107466277965
344 0.019488116242111504
347 0.06049735780277133
360 0.05506346431981738
374 0.013274091350453545
404 0.039409511017571036
429 0.07433847167610225
435 0.014721815508804081
450 0.022263107466277965
576 0.0733749367714034
587 0.02047601371491715
589 0.07393540873389591
650 0.059245762788061
674 0.01494950806785956
744 0.022050549409977447
769 0.04963945015633912
878 0.04037381837398247
898 0.06918100663925845
932 0.04179687131049843
938 0.013240920753092572
952 0.012075251554512884
975 0.16838289504798673
979 0.015498642444308243
1029 0.026024074440115022
1106 0.03445117685498201
1143 0.030248678901385665
1181 0.08959578889207051
1205 0.016904867494896024
1336 0.044797894446035255
1356 0.13700292390618196
1362 0.029169683850829832
1413 0.04368355194374283
1458 0.07383411682481883
1524 0.01269092042890348
1537 0.06918100663925845
1564 0.033669167246090696
1632 0.02191095492384131
1684 0.030248678901385665
1746 0.0400434923513978
1759 0.020353868877658755
1782 0.03880805619100191
1888 0.07393540873389591
1930 0.06319116838422512
1971 0.016904867494896024
2052 0.04529693990245885
2074 0.04037381837398247
2080 0.016636326025067604
2086 0.02526115186476141
2091 0.0303908115306857
2156 0.05768000060508044
2266 0.018297291423972597
2278 0.02104197978642209
2362 0.030680352126594174
2373 0.09169445726429333
2376 0.05030906222517993
2410 0.07393540873389591
2428 0.036191519905738864
2456 0.02749171221493728
2480 0.027380566374738395
2541 0.052849990976760665
2630 0.04884333155649776
2650 0.05660141742682122
2756 0.06049735780277133
2763 0.05912552835548289
2806 0.030680352126594174
2889 0.042578880919389744
3089 0.08674429545435974
3133 0.035731625732257
3239 0.015948902933818766
3300 0.06049735780277133
3361 0.014721815508804081
3472 0.024458312257134466
3490 0.07538093648429836
3530 0.08206311279830364
3580 0.036191519905738864
3591 0.029293780049632876
3597 0.027053313553153498
3604 0.03465510892293359
3609 0.024897532082008855
3652 0.07592007739391791
3672 0.056298900480213264
3701 0.04636365662901581
3709 0.03275973502996018
3805 0.053892455784956786
3813 0.05030906222517993
3814 0.024287129679005932
3848 0.06319116838422512
3876 0.06225705272144401
3887 0.05998466349466455
3918 0.021275282897437537
3933 0.018451242847865066
3975 0.036191519905738864
4048 0.025700049222812278
4143 0.026024074440115022
4187 0.03880805619100191
4213 0.052925598510442984
4230 0.035731625732257
4356 0.03164876002242042
4382 0.052849990976760665
4394 0.07393540873389591
4410 0.06409015299397187
4431 0.0391790224448888
4451 0.013307356048925977
4502 0.028420974366122523
4554 0.03385983483485906
4624 0.05707857605072331
4676 0.022191825797840944
4699 0.023706936505311218
4826 0.05394587637096465
4861 0.017490903367921688
5001 0.01570116558485079
5041 0.03405365409636446
5119 0.04581817230655692
5224 0.015458554205782793
5252 0.030827848390209373
5253 0.036917058412409415
5368 0.10778491156991357
5431 0.04385932979666474
5503 0.06105330257485072
5622 0.049089699814179114
5654 0.052925598510442984
5752 0.024897532082008855
5842 0.08730568072373801
5882 0.05543443057370427
6008 0.00902884876479612
6013 0.020353868877658755
6057 0.030285377373432627
6063 0.03425073097654549
6068 0.04046596657589752
6079 0.034733145484680955
6162 0.013441366631529086
6209 0.022406984097715153
6251 0.03599064569546005
6252 0.033115089446993956
6258 0.05629603653937952
6281 0.024808362083103996
6299 0.049552296540672704
6436 0.0774560326021182
6570 0.031128526360722004
6628 0.0325860163215422
6666 0.01897952130025578
6747 0.02163665473518016
6778 0.06362899275582597
6794 0.34484843351773425
6853 0.07393540873389591
6948 0.04529693990245885
6961 0.047537215081978765
6982 0.024202466507249634
7025 0.019252862310330656
7035 0.02323150117866299
7042 0.017226142341155146
7150 0.022406984097715153
7181 0.036917058412409415
7230 0.030248678901385665
7259 0.023869797433733485
7262 0.02355825959761814
7272 0.05322942419570391
7282 0.017896370375707286
7312 0.02005395998846654
7318 0.06105330257485072
7414 0.05768000060508044
7441 0.056298900480213264
7466 0.049552296540672704
7536 0.02437240858832887
7537 0.020811990134408126
7542 0.013441366631529086
7558 0.03143711781110141
7561 0.06198495085078184
7580 0.04961672416620799
7629 0.06918100663925845
7826 0.17225588427491004
7861 0.024118410245166998
7952 0.0959748373317102
7968 0.034862650594837785
8006 0.08771865959332947
8092 0.01897952130025578
8098 0.03454553171050935
8150 0.08206311279830364
8166 0.07701144924132262
8171 0.0183483843080676
8195 0.06580770466948818
8252 0.014064121733433205
8283 0.047537215081978765
8324 0.03212688620076185
8376 0.03348155046997062
8397 0.04179687131049843
8571 0.03348155046997062
8761 0.06319116838422512
8828 0.026630716525493592
8837 0.02300082229631427
8888 0.05198703386107247
8893 0.07820985540405456
8896 0.035289090256760344
8978 0.044797894446035255
8981 0.03465510892293359
8986 0.02150187395990395
8988 0.14584841925414915
8997 0.06580770466948818
9000 0.023626346508715975
9022 0.049552296540672704
9049 0.12654407448231658
9109 0.040713720385949934
9116 0.118491525576122
9139 0.03385983483485906
9189 0.06918100663925845
9209 0.08206311279830364
9211 0.08212754042383892
9291 0.025077932537913773
9292 0.02292492689641991
9338 0.009540951688065022
9388 0.035731625732257
9445 0.007191610865852053
9470 0.05757870869600336
9575 0.014279280033307418
9582 0.04891662451426893
9584 0.04943973014347224
9595 0.04106377021191946
9602 0.038518515595093436
9636 0.07238303981147773
9637 0.05966466926510245
9638 0.03191578828699006
9710 0.06105330257485072
9923 0.02191095492384131
9987 0.1521230784333773
10023 0.04385932979666474
10052 0.08206311279830364
10102 0.049552296540672704
10105 0.02673494653043005
10108 0.051118058723653256
10250 0.04529693990245885
10298 0.025077932537913773
10312 0.022552648062186445
10318 0.007310857300474406
10325 0.07748591983087699
10334 0.0704004281289696
10364 0.024458312257134466
10378 0.05506346431981738
10392 0.02538184085780696
10429 0.03716923583805112
10454 0.08206311279830364
10460 0.04273724963500061
10476 0.029832334632551225
10571 0.02854248631721978
10643 0.03385983483485906
10709 0.04179687131049843
10749 0.027222125535151392
10750 0.050338368694899
10760 0.09109837635689669
10763 0.05768000060508044
10818 0.03191578828699006
10845 0.021841775971871414
10925 0.026222821542982097
10951 0.08523565514964423
10959 0.08820219763990979
10960 0.03690248569573013
10987 0.03716923583805112
10997 0.06449222861914947
11001 0.044797894446035255
11020 0.059245762788061
11036 0.01871438514288754
11080 0.016117017617749235
11094 0.07703703119018687
11101 0.22083137334279418
11106 0.020913827709235652
11187 0.07014786391377226
11217 0.028558560066614835
11244 0.03275973502996018
11319 0.007350877128903573
11332 0.044500632983691696
11351 0.044797894446035255
11634 0.014873118231906537
11736 0.04860596262842282
11812 0.027380566374738395
11861 0.05660141742682122
11893 0.004782321392169089
11926 0.05030906222517993
11930 0.02011333124618168
11945 0.027053313553153498
11960 0.05636332810574855
11977 0.06010559529739131
11991 0.03143711781110141
12021 0.01741375911727523
12034 0.05506346431981738
12072 0.0325860163215422
12078 0.025077932537913773
12170 0.11536000121016088
12177 0.014388358013815286
12186 0.017604426706043595
12204 0.00935719257144377
12227 0.036191519905738864
12286 0.029169683850829832
12303 0.12574847124440564
12304 0.12538966268956886
