75
335 0.07165616288654762
344 0.0267282125554117
374 0.07282237660881954
587 0.056166254353225586
683 0.13799910590766776
979 0.0425131915702195
1274 0.11074646577092348
1575 0.0620641749750439
1958 0.17965505791638897
1995 0.09992411248839198
2091 0.08336281046685852
2122 0.12568047451028996
2298 0.17509172515398802
2419 0.16441417377302064
2630 0.026795713480721146
2806 0.08415702808078464
3270 0.05667546043594886
3523 0.09740013739467611
3791 0.08580683478834931
3891 0.10471830831306432
4059 0.056166254353225586
4145 0.10645153814241347
4197 0.17333506832729995
4226 0.0810914543870323
4451 0.036502434263774655
4491 0.13397333616035526
4861 0.015992672224650905
4941 0.039568007957527
5184 0.10895910712554413
5261 0.11074646577092348
5325 0.1674708451198839
5401 0.07111557572278128
5423 0.11167882609872644
5842 0.04789636438305945
5973 0.1674708451198839
6146 0.10266314348803554
6360 0.04207557694065765
6867 0.06309187195391348
7035 0.19117389093036047
7043 0.12288182499662623
7262 0.032310468705028704
7537 0.01902928222522141
7542 0.036870028883181784
7552 0.044442486024228886
7952 0.052652310162843594
8068 0.1179236949215108
8239 0.09927430899182618
8324 0.022031227452911778
8753 0.06854106773712361
9040 0.12288182499662623
9338 0.026171086166703387
9445 0.03945356266357645
9921 0.08415702808078464
10065 0.11167882609872644
10081 0.07795949433513069
10110 0.07220599130281398
10183 0.09235542805031148
10414 0.2251013176011449
10490 0.07829280487336857
10760 0.062471321919214125
10988 0.03809458183590128
11142 0.07730305973265438
11150 0.1426018270725974
11215 0.2679466723207105
11217 0.03916844779935844
11310 0.09133425723137195
11736 0.044442486024228886
11778 0.48104367649036917
11779 0.10266314348803554
11795 0.11167882609872644
11828 0.1257673776761907
11893 0.006559017869668577
11930 0.05517140662201842
11977 0.04121781466509166
12291 0.08183089336874828
