397
23 0.02032645851588534
25 0.02102751810749253
84 0.012638224672609298
103 0.013160259429547214
110 0.016718661208391914
132 0.01341357966142208
152 0.023534634163384742
188 0.03361907028424601
202 0.025948013997901424
234 0.020494135154472792
273 0.13223267255276902
330 0.012548039204212607
337 0.013260297532974526
344 0.004946176807855313
352 0.014677410481332942
390 0.02136221913251163
435 0.007472933918756413
505 0.016540972579147915
637 0.024792372734000274
644 0.0400092870921645
675 0.04165601849462343
681 0.027950739496342435
743 0.0285778586707377
854 0.03582615736273732
913 0.01572433407360877
937 0.028024027661398557
942 0.01341357966142208
945 0.29552092270611025
958 0.011792531501147929
959 0.021216490393275805
960 0.029278918262344893
979 0.015734517355890636
1113 0.017696613843049068
1153 0.037530318417197256
1195 0.030991238505254384
1232 0.018024336631741043
1242 0.03747890167837281
1264 0.032076439573768614
1374 0.013362045772038339
1406 0.08331203698924686
1413 0.03326128120715784
1454 0.08783675478703468
1455 0.04165601849462343
1458 0.018739450839186406
1462 0.027950739496342435
1524 0.01288406442489044
1536 0.009134597455548347
1543 0.011636911472420994
1564 0.017090790315849626
1573 0.02553735966182575
1575 0.011485256719798177
1592 0.07060390249015422
1615 0.06198247701050877
1640 0.08331203698924686
1755 0.026389114062977812
1858 0.044077557517589676
1872 0.019268877576014035
1894 0.02000464354608225
1901 0.051562725005537685
1902 0.05441314172437637
1905 0.038189392992213515
1929 0.010519795437137804
1973 0.043226891853781396
2002 0.16678363865177837
2018 0.025948013997901424
2066 0.02382503941891626
2094 0.02000464354608225
2126 0.01969933934149008
2136 0.04165601849462343
2153 0.030073714075327607
2167 0.012328378592907849
2188 0.04165601849462343
2231 0.04165601849462343
2233 0.026389114062977812
2261 0.0191320410429086
2266 0.009287879583995901
2333 0.022263413985551633
2337 0.03144866814721754
2351 0.04165601849462343
2373 0.04072685817942755
2377 0.0765281641716344
2382 0.030995453724334706
2434 0.019408934085958562
2483 0.023534634163384742
2543 0.04165601849462343
2621 0.06014742815065521
2630 0.004958668159852092
2656 0.009801078973958988
2670 0.07824254886895748
2679 0.014305281373875229
2681 0.01861413827297585
2735 0.02553735966182575
2748 0.015957780740970942
2757 0.01048805068433405
2791 0.030073714075327607
2804 0.02445215859331152
2805 0.0285778586707377
2822 0.04008613731611501
2829 0.022038778758794838
2841 0.028024027661398557
2895 0.010362738118123488
2900 0.013842747626862188
2902 0.023534634163384742
2936 0.015957780740970942
2979 0.027950739496342435
3059 0.020844361285818094
3085 0.0191320410429086
3089 0.014677410481332942
3133 0.03627542781625091
3189 0.016809535142123005
3269 0.010713903737599837
3270 0.01048805068433405
3300 0.03070903563824095
3332 0.021167594839690378
3361 0.11209400878134619
3372 0.03340461833977107
3377 0.027950739496342435
3407 0.013624296428757137
3466 0.02413034362350843
3481 0.020666672656574094
3484 0.016629153851877687
3543 0.0285778586707377
3571 0.12400003593944456
3623 0.018491409656031785
3637 0.02382503941891626
3640 0.04165601849462343
3673 0.040988270308945585
3725 0.027356324398959936
3727 0.026389114062977812
3741 0.018867458504850713
3783 0.08783675478703468
3791 0.047636830405968215
3825 0.0285778586707377
3834 0.037530318417197256
3918 0.016199304674785444
4025 0.028985035579548887
4048 0.0065227950124768525
4059 0.01039381979210498
4060 0.035116938582680564
4080 0.0285778586707377
4081 0.00837775369702533
4101 0.009134597455548347
4109 0.037530318417197256
4120 0.02032645851588534
4143 0.01321006831470445
4156 0.04910530523113984
4178 0.015354517819120474
4200 0.0403267526814
4205 0.01620075843845916
4306 0.20004643546082254
4320 0.0650151570879713
4451 0.04728458567441044
4552 0.031088214354370463
4577 0.10002321773041127
4624 0.008914962899758818
4676 0.011264782364963285
4741 0.037530318417197256
4772 0.009943822674487257
4839 0.08197654061789117
4861 0.035514197272657116
4869 0.017803862276906147
4905 0.029101529405307237
4926 0.012200370927243544
5000 0.030991238505254384
5013 0.025930180476846896
5110 0.08486596157310322
5138 0.021822313920475248
5149 0.0648403377806721
5181 0.012328378592907849
5219 0.018739450839186406
5224 0.015693819011689696
5225 0.03340461833977107
5247 0.028853515141211924
5278 0.02553735966182575
5310 0.014677410481332942
5389 0.03831831568341924
5411 0.025948013997901424
5425 0.008138330569390076
5473 0.03423256248894321
5496 0.21903951386468887
5497 0.1763102300703587
5558 0.037530318417197256
5588 0.04165601849462343
5675 0.08331203698924686
5802 0.005549772492440918
5833 0.01791307868136866
5842 0.008863439191862818
5845 0.03479590198854778
5862 0.10746215371131282
5900 0.037530318417197256
5998 0.01341357966142208
6002 0.08331203698924686
6008 0.018332518877557356
6088 0.04065291703177068
6119 0.013362045772038339
6162 0.006822965860095474
6180 0.011522809696365318
6199 0.021822313920475248
6209 0.01137399876942579
6258 0.009525468302354661
6269 0.06198247701050877
6289 0.05042860542636902
6365 0.04165601849462343
6398 0.013061874924419717
6409 0.010179581296449051
6452 0.034372498747396084
6657 0.009972786853501009
6698 0.01549969884685197
6817 0.022104367599245407
6860 0.035116938582680564
6904 0.026865538427828205
6933 0.026389114062977812
6952 0.01662299113787968
6995 0.025948013997901424
6998 0.01899827974988289
7002 0.016901818030066355
7025 0.009772936476888682
7035 0.2004730355195148
7042 0.008744154096589518
7101 0.06954399044160282
7102 0.013013285862412953
7108 0.030073714075327607
7150 0.01137399876942579
7176 0.09234052963548553
7180 0.02445215859331152
7202 0.027950739496342435
7215 0.021411659584399573
7230 0.03070903563824095
7262 0.017937595785176095
7272 0.006754940810630062
7379 0.06289733629443509
7382 0.06914383802789358
7400 0.03340461833977107
7425 0.012033867006035886
7452 0.01899827974988289
7467 0.016629153851877687
7471 0.031757886937312144
7485 0.04165601849462343
7490 0.04165601849462343
7507 0.008650417875213996
7536 0.01237166698037968
7537 0.007042909750690862
7542 0.006822965860095474
7552 0.008224283356051337
7558 0.015957780740970942
7561 0.01048805068433405
7565 0.026865538427828205
7619 0.36399821293479273
7626 0.0285778586707377
7716 0.032076439573768614
7818 0.017285959506973394
7827 0.06198247701050877
7833 0.009034559352121035
7835 0.04145095247249395
7837 0.017285959506973394
7910 0.06198247701050877
7911 0.013570913765622887
7952 0.038974194008305645
7981 0.04165601849462343
8091 0.037530318417197256
8098 0.008767820636882568
8156 0.010456474339499013
8171 0.07451051855289816
8200 0.0372282765459517
8201 0.043841252285280685
8222 0.013570913765622887
8225 0.014677410481332942
8252 0.035695411437685516
8324 0.03261582750444392
8326 0.028576404907063986
8352 0.026621908478184172
8376 0.016995554251441877
8380 0.028610562747750458
8385 0.014245460498061446
8390 0.020494135154472792
8395 0.12506616771490855
8412 0.014069522751913435
8440 0.021411659584399573
8475 0.022038778758794838
8571 0.016995554251441877
8586 0.014127592744631226
8591 0.037530318417197256
8633 0.012869854174015696
8642 0.09622931872130586
8667 0.0285778586707377
8700 0.02738344119776096
8707 0.12830575829507446
8754 0.024233073532230694
8763 0.056218352517559224
8769 0.12065171811754215
8829 0.035116938582680564
8836 0.016901818030066355
8837 0.04670174680415583
8863 0.017187575001845895
8882 0.022038778758794838
8942 0.011958397190117395
8950 0.013160259429547214
8954 0.021613445926890698
8969 0.014305281373875229
8976 0.020494135154472792
9027 0.009159871918331597
9126 0.01955236577435582
9151 0.04442042893104599
9182 0.017385997610400706
9206 0.027950739496342435
9267 0.020419437425891813
9273 0.017347427802405193
9335 0.037530318417197256
9445 0.02190318146744201
9484 0.04165601849462343
9584 0.012548039204212607
9616 0.016368435077046613
9656 0.031464152053002147
9657 0.030991238505254384
9658 0.02006228301518975
9675 0.008839390160997268
9731 0.020844361285818094
9795 0.018867458504850713
9842 0.022038778758794838
9898 0.013887826192826672
9899 0.032076439573768614
9954 0.030991238505254384
10081 0.014426757570605962
10132 0.036742321150975255
10141 0.012965090238423448
10144 0.016629153851877687
10167 0.025185922261931473
10269 0.03853775515202807
10318 0.007422121743507879
10396 0.025948013997901424
10460 0.010846917698457841
10490 0.014488438195549668
10530 0.01985003415103495
10540 0.0285778586707377
10619 0.0415574778446992
10623 0.026389114062977812
10624 0.056218352517559224
10719 0.04165601849462343
10723 0.03085333139385928
10749 0.006909105236735961
10815 0.02515321818491871
10875 0.022496860652913803
10899 0.019408934085958562
10914 0.027248592857514273
10951 0.026625496148342885
10988 0.007049574931022876
11036 0.037998401330140326
11067 0.022191328856817415
11071 0.014186234864714473
11103 0.009661678526516296
11106 0.02123211669999671
11142 0.014305281373875229
11156 0.01899827974988289
11185 0.052778228125955624
11194 0.01628400632753154
11217 0.007248298691999611
11262 0.02515321818491871
11287 0.24993611096774057
11299 0.02515321818491871
11319 0.007462750636474549
11334 0.16662407397849371
11426 0.02738344119776096
11472 0.026865538427828205
11486 0.026865538427828205
11497 0.0063623506069078704
11498 0.06897947574683067
11499 0.03361907028424601
11508 0.025948013997901424
11597 0.027950739496342435
11605 0.021411659584399573
11606 0.05855783652468979
11634 0.007549736623612779
11698 0.02299315858227689
11770 0.012242734999620435
11812 0.04169590966294459
11852 0.052463237548393556
11869 0.08331203698924686
11875 0.010648495089903032
11893 0.014565311616856931
11957 0.019545872953777365
11985 0.029278918262344893
12006 0.006299364547801262
12016 0.018491409656031785
12029 0.025834563464117985
12030 0.013110863900898488
12051 0.010090073939934824
12052 0.029354820962665885
12086 0.02445215859331152
12113 0.015143177498587857
12137 0.04238277823389368
12138 0.012200370927243544
12180 0.012200370927243544
12186 0.00893617484699354
12200 0.017285959506973394
12204 0.014249400498802623
12240 0.037530318417197256
12265 0.0038030268959509377
