242
210 0.019278197048886454
215 0.21572228968297283
220 0.03504556296268753
234 0.03984770805140736
312 0.08099375021421733
335 0.025782618333784424
344 0.00961708351801541
374 0.013101116963498385
496 0.019910130677438288
626 0.0993069719251978
641 0.03087417442768816
1029 0.07705486592762217
1062 0.11385674761926312
1445 0.06495016594449349
1468 0.11566981642160366
1524 0.012525545329159926
1698 0.023398011946911896
1710 0.03440835617610396
1726 0.03461688433545763
1730 0.04890658167476964
1768 0.07297195807935541
1958 0.06464172240601201
1973 0.04202403647619427
2080 0.0328390768668103
2093 0.05324290886474001
2105 0.02628369225516442
2107 0.06536713491684014
2110 0.09262252328306447
2122 0.04522111672987809
2130 0.03801658168145826
2131 0.062367725684934955
2177 0.03341860808582342
2253 0.03668488435869664
2266 0.0541765794882428
2298 0.031499894364959445
2337 0.030573560130504464
2343 0.03801658168145826
2356 0.01191789922207622
2373 0.056562243028925166
2424 0.08099375021421733
2435 0.04632414141521111
2460 0.03482923891234724
2464 0.02549206751526268
2525 0.035266007717978595
2630 0.009641371039483539
2650 0.05586384562460042
2661 0.07297195807935541
2822 0.02598045220647042
2901 0.02971590858862983
2933 0.03199243677122251
2938 0.027468941085537
3089 0.02853797749465788
3117 0.05324290886474001
3195 0.035266007717978595
3269 0.020831545464536725
3270 0.020392408781714087
3273 0.04470667649355856
3300 0.11941803617761575
3301 0.12536105700647374
3397 0.04125221721699393
3428 0.04691775869741201
3442 0.0159069971223064
3449 0.03668488435869664
3487 0.05692837380963156
3505 0.05692837380963156
3529 0.08099375021421733
3559 0.035490733220398925
3609 0.024573092899327263
3653 0.04575949285835368
3661 0.040908263186515324
3681 0.04522111672987809
3687 0.040183180807873066
3819 0.025782618333784424
3890 0.03304525313601762
3915 0.08176957907981543
3918 0.020998045162716347
3933 0.018210805115751582
4041 0.08099375021421733
4051 0.05324290886474001
4059 0.060627573717012474
4081 0.01628925938710839
4098 0.12990033188898698
4187 0.03830234928034918
4200 0.039204598178885046
4226 0.029177532460154233
4276 0.08099375021421733
4320 0.03611771965882853
4410 0.05060399651710053
4431 0.019334240740646956
4451 0.013133948190430386
4522 0.04691775869741201
4554 0.03341860808582342
4624 0.004333445108089703
4655 0.07590702587736659
4694 0.07719070453073276
4699 0.04679602389382379
4872 0.019222423448254748
4904 0.04163169382773698
4926 0.02372175332910188
4962 0.08099375021421733
5035 0.03072289123121241
5181 0.023970644636360585
5226 0.0496534859625989
5235 0.03773770072349176
5389 0.018626024529282376
5423 0.24109908484723838
5428 0.08099375021421733
5864 0.08099375021421733
6066 0.01916691734793468
6079 0.01714026932206788
6114 0.02829173416812963
6125 0.054047541655651204
6155 0.028917454105400916
6162 0.026532424968268735
6170 0.03889596656255009
6295 0.03420351897507595
6401 0.048204972942734986
6410 0.015990859806175258
6452 0.013366412241940136
6508 0.08105733828480789
6620 0.03118280604402312
6729 0.07969541610281472
6791 0.040297515365419465
6934 0.026080651964276193
7008 0.04691775869741201
7035 0.06878631602205643
7042 0.03400333773258754
7208 0.026080651964276193
7220 0.01911167619420938
7235 0.03889596656255009
7272 0.026267896380860772
7282 0.017663163174345464
7394 0.03182591591654543
7455 0.050451940445827806
7459 0.03341860808582342
7484 0.009165048677546236
7507 0.01681941313532194
7536 0.02405481227812698
7552 0.031981719612350516
7554 0.021832716909542017
7559 0.04163169382773698
7654 0.07297195807935541
7705 0.062367725684934955
7743 0.05434593355007303
7747 0.11694746516137948
7843 0.05434593355007303
7854 0.029994789546596328
7872 0.048204972942734986
7952 0.00947241913769491
7956 0.11220248514394571
7990 0.042851031047209165
8092 0.018732199583466332
8124 0.03216138867301114
8200 0.03619234195243358
8225 0.05707595498931576
8239 0.03571990902079066
8324 0.023781181099910207
8326 0.0185208147162201
8341 0.04125221721699393
8385 0.027698116885928735
8405 0.043287799852840515
8412 0.02735603287550888
8455 0.02793192281230021
8458 0.05847373258068974
8496 0.07297195807935541
8684 0.16198750042843466
8685 0.06495016594449349
8727 0.027698116885928735
8769 0.04691775869741201
8776 0.024661775323558146
8777 0.03619234195243358
8806 0.08099375021421733
8819 0.14476936780973432
8868 0.027244215583116675
8944 0.03182591591654543
8957 0.03072289123121241
9053 0.03889596656255009
9117 0.03420351897507595
9257 0.08099375021421733
9267 0.019851234877392154
9287 0.03440835617610396
9438 0.03182591591654543
9445 0.0354894857290079
9536 0.08099375021421733
9563 0.021288004618996288
9578 0.04053988406653542
9656 0.020392408781714087
9671 0.023639965004722978
9675 0.017186840812408163
9821 0.020331013413681563
9849 0.02247781886395788
9865 0.07319322319165322
9871 0.05556527076954522
9898 0.013501375867516607
9923 0.021625433761187557
9931 0.05434593355007303
9995 0.03830234928034918
10001 0.06025771835701935
10029 0.05556527076954522
10124 0.05692837380963156
10191 0.03420351897507595
10247 0.062367725684934955
10290 0.06495016594449349
10312 0.022258765010625337
10318 0.02164676904841897
10392 0.03757663598747978
10509 0.03889596656255009
10547 0.048204972942734986
10749 0.013433697313634536
10795 0.07297195807935541
10821 0.044214134087295506
10931 0.08099375021421733
10951 0.03235575047587106
10960 0.05463241534725475
10988 0.027413638255099723
11021 0.027468941085537
11099 0.040183180807873066
11106 0.020641300088972796
11154 0.3149989436495944
11163 0.03420351897507595
11237 0.029854509044403937
11319 0.007255088013747954
11497 0.024741233293704323
11629 0.05886777106457433
11736 0.015990859806175258
11764 0.02878957435417485
11770 0.02380412378168351
11778 0.4500194963609492
11779 0.03693924624026284
11828 0.045252385375423115
11852 0.034002244341332345
11893 0.0023600015346326108
11930 0.03970246975478431
11960 0.027814429420067892
12021 0.017186840812408163
12051 0.01961860393449618
12196 0.042430148310965886
12204 0.009235259204711924
12265 0.06654963182751646
12275 0.021902644613121577
12291 0.029443590148407653
12293 0.04632414141521111
