388
76 0.017907589171437567
159 0.045485939922464975
175 0.04475267312245716
193 0.05030316744916865
210 0.04426350839132409
230 0.01714708514226304
326 0.045069103931238884
330 0.01867272846404446
344 0.0073604022879710145
352 0.021841444389274833
373 0.01901213229188533
374 0.08021516385292546
390 0.015894551760600572
435 0.02224093559539406
481 0.03926962239162069
496 0.015238151058738037
552 0.08481398088103397
594 0.01599242409494667
628 0.015238151058738037
644 0.029768896229666598
683 0.07600425451234268
711 0.012907347659353044
736 0.02587209102331695
781 0.0558488408880793
909 0.052257492024951606
913 0.02339937066309502
938 0.02000367858958255
959 0.03157224468510151
1012 0.03347756278321776
1053 0.052257492024951606
1057 0.047258889593935205
1064 0.024614609858562
1224 0.0331301709589217
1356 0.02587209102331695
1374 0.01988405107481984
1413 0.016498696522480732
1499 0.0497093894553803
1524 0.009586383681303249
1536 0.027186376315837923
1564 0.02543279325240252
1575 0.017091202583797697
1576 0.0558488408880793
1663 0.0280766519560624
1684 0.022849047350482828
1704 0.03247377025705917
1787 0.09226218387378299
1809 0.06695512556643551
1810 0.061988292320778286
1814 0.030386150715421723
1815 0.052257492024951606
1823 0.03157224468510151
1838 0.029095861990266425
1895 0.07147950969278358
1933 0.052668637648720346
1958 0.18552496214327185
1971 0.012769487193267903
1974 0.03129103515728331
1995 0.027517053924136028
2049 0.022534551965619442
2086 0.01908160210789339
2099 0.02223084143025486
2107 0.1500855457370426
2183 0.140383259780312
2224 0.035908347662365586
2273 0.047732927551998025
2278 0.015894551760600572
2284 0.03638724029642593
2356 0.03648529516777239
2373 0.060605609498158956
2381 0.05086558650480504
2428 0.02733811135051877
2480 0.06204765434077616
2596 0.020936847079420697
2630 0.02951596264096348
2658 0.050028515245680874
2679 0.021287679321757964
2701 0.01803060998425374
2705 0.017316879916321252
2757 0.015607260971894167
2806 0.023175121821202044
2841 0.04170253618704743
2900 0.06179814951787439
2917 0.047732927551998025
2933 0.024485303092934712
2949 0.043569938022681304
2984 0.02374676248739108
3025 0.031018479617584648
3059 0.062036959235169296
3102 0.028882421393931483
3108 0.052257492024951606
3112 0.020435353371255714
3158 0.03743048658998231
3239 0.03614213098474055
3280 0.030754061291260994
3295 0.03247377025705917
3300 0.09139618940193131
3301 0.023986165064606945
3308 0.027517053924136028
3328 0.0558488408880793
3330 0.023629444796967602
3332 0.01574974162280877
3379 0.04475267312245716
3397 0.03157224468510151
3405 0.035454024686600034
3440 0.03800212725617134
3442 0.012174366354877357
3472 0.018475158425863007
3490 0.028470377048013345
3498 0.0558488408880793
3591 0.011063871080300785
3599 0.04387440104672682
3604 0.02617754736653891
3619 0.06001021278317807
3633 0.03421610338876139
3698 0.039978589159553615
3737 0.019960738619981135
3741 0.0280766519560624
3765 0.04783005823291093
3780 0.047732927551998025
3784 0.03383913772685462
3813 0.03800212725617134
3818 0.038613221689758156
3820 0.02543279325240252
3887 0.01510360635319717
3891 0.043255915888614514
3918 0.008035391362103406
3998 0.052257492024951606
4048 0.01941313349638146
4059 0.01546703604631955
4068 0.061988292320778286
4081 0.012466929484144447
4101 0.013593188157918962
4143 0.019657893525638858
4171 0.035908347662365586
4198 0.022849047350482828
4338 0.061988292320778286
4356 0.02390663138360153
4397 0.10772504298709677
4410 0.0290471979665572
4431 0.014797395646721702
4451 0.03015606824974908
4462 0.04252669172912492
4502 0.021468447966124037
4554 0.025576818476716404
4556 0.043569938022681304
4616 0.031018479617584648
4624 0.0033165875318261055
4694 0.14769411047897005
4712 0.06729646093317343
4782 0.026656440000599246
4820 0.016871132725768862
4827 0.02218424846775232
4861 0.017616217468946697
4879 0.035908347662365586
4915 0.0662603419178434
5005 0.011676980610275714
5121 0.03129103515728331
5146 0.03858668363940705
5170 0.0994187789107606
5226 0.03800212725617134
5236 0.06372535164694469
5243 0.032795891433298245
5278 0.11400638176851402
5293 0.055399372588311256
5294 0.043569938022681304
5340 0.044068006386599134
5366 0.046118040592252614
5373 0.03024778886372693
5390 0.07277448059285185
5427 0.03743048658998231
5433 0.018410269079702855
5540 0.025151583724584325
5609 0.020936847079420697
5761 0.06921965696142468
5782 0.04475267312245716
5793 0.038613221689758156
5833 0.026656440000599246
5927 0.031018479617584648
6008 0.006820152166636424
6010 0.017035670388503052
6054 0.043569938022681304
6055 0.01604176882499791
6057 0.05719192099998653
6058 0.030754061291260994
6066 0.014669335254998634
6079 0.013118247054656144
6084 0.024745832349542432
6099 0.043569938022681304
6114 0.021652982893585325
6119 0.01988405107481984
6125 0.020682551446925386
6155 0.022131875527645662
6162 0.05076625389496579
6180 0.01714708514226304
6182 0.1116976817761586
6251 0.027186376315837923
6280 0.017607311054692085
6295 0.02617754736653891
6410 0.012238550375850808
6436 0.014627056625151217
6452 0.030689814972463352
6509 0.0558488408880793
6584 0.012466929484144447
6585 0.02953882209579401
6587 0.06372535164694469
6611 0.061988292320778286
6618 0.03460982848071234
6621 0.024485303092934712
6638 0.016446747070712225
6657 0.014840497221486162
6696 0.028470377048013345
6732 0.01867272846404446
6747 0.016343753397029613
6791 0.01542078342875764
6813 0.06767827545370925
6923 0.04070892742386415
6982 0.018281899352546236
7008 0.035908347662365586
7010 0.04074927991341133
7042 0.0130121696654058
7176 0.02114028897016968
7214 0.0558488408880793
7259 0.01803060998425374
7262 0.008897641295274636
7267 0.046118040592252614
7312 0.015148227889058972
7376 0.024485303092934712
7379 0.02339937066309502
7443 0.03024778886372693
7507 0.012872680859186334
7537 0.026201372826296053
7542 0.020306501557986318
7552 0.03671565112755242
7565 0.039978589159553615
7631 0.0561533039121248
7680 0.043569938022681304
7681 0.03926962239162069
7710 0.0558488408880793
7807 0.046118040592252614
7835 0.046262350286272916
7837 0.025723224390773354
7858 0.041593476119299026
7861 0.03643681097655781
7881 0.061988292320778286
7911 0.020194867391661177
7952 0.014499367789227164
7956 0.021468447966124037
8024 0.22376336561228577
8092 0.014336625486780382
8098 0.013047387827652789
8100 0.019222198014437496
8112 0.018806933397211126
8113 0.026656440000599246
8139 0.11780886717486208
8171 0.05543952557090849
8239 0.02733811135051877
8249 0.035454024686600034
8252 0.031870990248316175
8310 0.061988292320778286
8324 0.030334743974188647
8357 0.035908347662365586
8369 0.052047005015037666
8390 0.030497308353676894
8405 0.0662603419178434
8419 0.0558488408880793
8452 0.0558488408880793
8537 0.061988292320778286
8543 0.03157224468510151
8680 0.03689351272395999
8717 0.0497093894553803
8719 0.02386565495889004
8721 0.03638724029642593
8723 0.02076650805785021
8755 0.046118040592252614
8769 0.07181669532473117
8819 0.027699686294155628
8868 0.020851268093523716
8888 0.03926962239162069
8893 0.02953882209579401
8899 0.0558488408880793
8988 0.022034003193299567
8991 0.043569938022681304
9075 0.035908347662365586
9115 0.025151583724584325
9151 0.022034003193299567
9338 0.014413962183272757
9339 0.10382948544213702
9393 0.03383913772685462
9433 0.015513531460886335
9444 0.021110526293784886
9445 0.005432351532964732
9500 0.061988292320778286
9568 0.016656398423722754
9573 0.1988375578215212
9575 0.010786188272073565
9582 0.03695031685172601
9584 0.03734545692808892
9595 0.031018479617584648
9602 0.029095861990266425
9620 0.026334318824360173
9624 0.04074927991341133
9799 0.0558488408880793
9802 0.035908347662365586
9821 0.031120544469954218
9851 0.0497093894553803
10021 0.0558488408880793
10049 0.0558488408880793
10063 0.031018479617584648
10064 0.030005106391589036
10183 0.02543279325240252
10184 0.026493915144631067
10202 0.03638724029642593
10285 0.0331301709589217
10318 0.04417941693936538
10392 0.019172767362606497
10418 0.024879028184885653
10433 0.061988292320778286
10460 0.03228258145498054
10508 0.026656440000599246
10550 0.0558488408880793
10559 0.03129103515728331
10576 0.02174671240459316
10597 0.06006012821486301
10638 0.026990719526222708
10641 0.030754061291260994
10723 0.04591282111513486
10760 0.10321993507799868
10825 0.028674003398318434
10830 0.052257492024951606
10844 0.024108337431027936
10845 0.016498696522480732
10868 0.0497093894553803
10920 0.24795316928311315
10951 0.029716036807062987
10959 0.06662559369489102
10960 0.013937577997391934
10980 0.020682551446925386
10990 0.03743048658998231
10997 0.0243578569209779
11020 0.04475267312245716
11036 0.00706817434339953
11067 0.033022901128692134
11080 0.024348732709754715
11106 0.015797749090664413
11161 0.028271326960344657
11194 0.024232218557198756
11237 0.045698094700965655
11260 0.03024778886372693
11268 0.035021872826630475
11300 0.015894551760600572
11319 0.011105314062374133
11408 0.04252669172912492
11426 0.04074927991341133
11447 0.052257492024951606
11497 0.0662746667743662
11639 0.0558488408880793
11699 0.0497093894553803
11736 0.012238550375850808
11752 0.04475267312245716
11776 0.052257492024951606
11778 0.3444208968802039
11779 0.11308530784137863
11825 0.061988292320778286
11828 0.034633759832642504
11851 0.0558488408880793
11893 0.025287068504312425
11926 0.03800212725617134
11930 0.09115845214626518
11931 0.047732927551998025
11960 0.0638630379652739
11974 0.025723224390773354
11977 0.04540216772627845
12024 0.034182405167595395
12051 0.045045096161147255
12105 0.017431912132306625
12118 0.03743048658998231
12129 0.023629444796967602
12137 0.021023260995434306
12138 0.018155363541465474
12159 0.029095861990266425
12177 0.01086858287679811
12186 0.03989374683395526
12204 0.00706817434339953
12223 0.03216295394021783
12229 0.029095861990266425
12265 0.02263712677777079
12275 0.033526229697608774
12291 0.022534551965619442
