262
41 0.04038431437102954
193 0.037632544885513555
215 0.04117183149405277
220 0.04013187552480934
236 0.024301677289178463
262 0.030698126275141156
337 0.02952456009272095
344 0.011012852014036888
360 0.06223339150902418
373 0.08533954716470098
374 0.06001015258620522
438 0.06097028012971187
536 0.07437666154129983
587 0.023142237667127117
625 0.04681857404946012
626 0.05685990891758453
689 0.05600460321340669
736 0.03871058925666752
769 0.014025776320253824
853 0.06900317894986017
887 0.023352046356056574
888 0.07141942067297076
937 0.03119828520708297
938 0.014965048337334731
952 0.027295189899321087
979 0.01751675262371529
1023 0.03158619500891106
1029 0.02941272281534935
1057 0.03535507551647602
1064 0.036829108675026305
1100 0.05304736234507762
1340 0.06097028012971187
1380 0.051784250965765305
1413 0.04937167728550135
1465 0.03185125661893942
1468 0.03311436799825174
1481 0.042598221801818735
1524 0.02868686267447848
1543 0.02591002888184044
1553 0.026885579702634246
1571 0.053727133844369154
1659 0.06696027568162287
1730 0.05600460321340669
1793 0.055201167002919445
1809 0.25045060738374275
1895 0.1069497605543977
1933 0.03940218818978316
1958 0.16655276761158153
1964 0.059817149785913605
1995 0.04117183149405277
2080 0.03760515265717426
2093 0.06097028012971187
2107 0.03742707350270047
2151 0.06362969635842051
2253 0.08401823730397498
2266 0.02067981945576529
2343 0.04353409090741085
2356 0.027295189899321087
2392 0.036829108675026305
2428 0.04090409231280199
2460 0.03988415543908773
2480 0.030945846360862766
2622 0.03964098093348967
2630 0.02208132897491243
2841 0.03119828520708297
2843 0.09274871986919296
2929 0.06223339150902418
2935 0.09274871986919296
3019 0.04812316477005291
3025 0.046410768374325645
3152 0.029981592925036372
3158 0.05600460321340669
3269 0.023854916825341924
3300 0.03418742173153077
3361 0.016638773451696745
3362 0.03467530401718448
3368 0.07141942067297076
3440 0.05685990891758453
3442 0.05464694310936637
3561 0.03784125217085042
3591 0.016554091765998157
3597 0.06115196254965222
3681 0.051784250965765305
3749 0.036829108675026305
3915 0.04681857404946012
3918 0.03606837200610777
3971 0.046410768374325645
3975 0.04090409231280199
3993 0.04321473476229008
4016 0.05600460321340669
4048 0.029046505606601356
4059 0.023142237667127117
4082 0.06362969635842051
4096 0.05685990891758453
4102 0.06519063237735326
4145 0.04386133318113105
4172 0.06900317894986017
4178 0.03418742173153077
4226 0.1002365779136165
4320 0.02067981945576529
4339 0.029637349188150225
4410 0.04346127835307626
4440 0.037224739210379075
4643 0.06097028012971187
4655 0.028974579152024626
4676 0.05016293835620689
4681 0.09274871986919296
4694 0.0883937218870729
4756 0.06519063237735326
4772 0.02214030185779725
4781 0.09274871986919296
4800 0.04812316477005291
4861 0.03953685989752089
4904 0.04767387975363797
4915 0.24785171767488048
4941 0.04890973706787406
4965 0.03893713560610634
5001 0.017745646719840753
5005 0.017471444413019156
5041 0.0384878505896914
5302 0.09274871986919296
5380 0.030945846360862766
5473 0.025406703628363964
5527 0.04321473476229008
5556 0.03940218818978316
5649 0.10745426768873831
5868 0.06097028012971187
5938 0.04200911865198749
6008 0.020409027546532323
6057 0.03422889878726806
6066 0.021948694104888065
6068 0.045735123494628487
6136 0.04812316477005291
6146 0.04230039716219831
6162 0.01519159468677356
6180 0.02565597690936661
6184 0.05600460321340669
6186 0.03402870559834351
6199 0.04858821735372973
6214 0.02138995211087954
6251 0.04067706185754877
6281 0.028038710046432512
6436 0.021885435566067875
6638 0.024608110333596715
6659 0.09274871986919296
6714 0.059817149785913605
6772 0.02744960689660127
6791 0.023073033130127332
6813 0.30378672373180227
6828 0.029981592925036372
6868 0.03964098093348967
6869 0.03964098093348967
6932 0.022076124305161617
6952 0.0185058630679535
7102 0.028974579152024626
7262 0.053251658279050276
7371 0.05875637269892267
7379 0.07002166355917977
7396 0.03434806174346428
7438 0.05875637269892267
7483 0.029191740366918885
7488 0.037632544885513555
7537 0.03136261635831308
7552 0.018311681737267466
7744 0.0495703435349761
7756 0.04767387975363797
7844 0.0870681818148217
7845 0.07141942067297076
7861 0.08177675447252257
7952 0.04338876749191097
8018 0.07818920811380674
8125 0.06696027568162287
8208 0.07359250575993297
8224 0.020338530928774384
8239 0.04090409231280199
8291 0.03964098093348967
8324 0.07262038854966507
8403 0.04563097648540066
8440 0.04767387975363797
8659 0.04200911865198749
8755 0.06900317894986017
8823 0.029082764558686903
8869 0.04353409090741085
8882 0.0490701846030343
8896 0.03988415543908773
8942 0.013312914569762569
8950 0.029301821425744834
8991 0.06519063237735326
9099 0.022465935899160617
9187 0.06696027568162287
9267 0.02273232956655469
9338 0.037741545358129354
9339 0.10356850193153061
9444 0.03158619500891106
9445 0.008128045340475365
9470 0.03253807552000314
9720 0.0883937218870729
9795 0.04200911865198749
9798 0.08026375104961868
9804 0.03212172802135653
9898 0.015460888338581552
9936 0.05875637269892267
10167 0.028038710046432512
10192 0.07141700032071852
10202 0.05444366719447395
10285 0.0495703435349761
10318 0.016525638198295632
10392 0.02868686267447848
10420 0.07267849042177679
10460 0.048302155002562595
10488 0.09274871986919296
10521 0.046410768374325645
10559 0.04681857404946012
10594 0.10126224124393408
10597 0.044931871798321234
10638 0.04038431437102954
10641 0.046015137838972875
10684 0.09274871986919296
10723 0.03434806174346428
10749 0.030766774612965356
10848 0.030698126275141156
10951 0.029641343230626664
10959 0.02492179690056886
10960 0.06256145163569019
10981 0.05164960523128662
11036 0.010575611903779399
11067 0.016469947745420044
11071 0.06317239001782211
11077 0.0835626907052464
11080 0.10929388621873273
11103 0.02151209711119459
11136 0.04200911865198749
11142 0.03185125661893942
11160 0.05685990891758453
11180 0.052400763926236646
11194 0.036256963478526555
11237 0.06837484346306154
11319 0.008308049991928022
11332 0.025147576065939266
11375 0.05777424651767629
11497 0.028332034384220012
11605 0.04767387975363797
11764 0.032967928511352586
11778 0.31712784746791733
11779 0.08460079432439661
11828 0.02591002888184044
11876 0.03742707350270047
11892 0.034842006073313184
11893 0.0054050373182518196
11930 0.04546465913310938
11974 0.0384878505896914
12006 0.028051552640507647
12016 0.04117183149405277
12021 0.019681240586222944
12064 0.04968535286879388
12124 0.08908220936084518
12131 0.10745426768873831
12177 0.01626189576894282
12180 0.027164592928563488
12204 0.010575611903779399
12219 0.07818920811380674
12265 0.01693516994539872
