26
279 0.2391757086169621
456 0.12145505050891833
493 0.14780608558738112
938 0.09615315288954783
2337 0.22495095137746146
2373 0.08323355426772774
3876 0.22604968417243548
4196 0.24449935516161012
4502 0.20638793513339537
4624 0.06376834072615413
5540 0.24179593412820258
6008 0.06556585390749953
6122 0.22604968417243548
7993 0.24449935516161012
8324 0.05832489783622983
8329 0.22943359740506986
8972 0.218640612330536
9267 0.14605934515396354
9625 0.17453744205597962
9669 0.29819761397527844
10364 0.17761180523123926
10862 0.22495095137746146
11067 0.21164480968596486
11659 0.3653352392987984
11893 0.01736417310256878
12265 0.05440577097595966
