405
26 0.07850258595463354
50 0.02709872322021208
68 0.018233412429453415
90 0.02503840372587269
114 0.03438821359692034
137 0.027704101722073535
159 0.021493526370342114
169 0.052355865467745975
186 0.0306897401066922
210 0.013943926210670782
220 0.050696934233417694
278 0.05858280593608633
326 0.02129655835374627
330 0.03529378813165594
335 0.018648576246653923
343 0.01589307619169617
344 0.020868118932025996
360 0.039308431455005156
404 0.1406673264791233
450 0.01589307619169617
456 0.035819017836149
479 0.02055200078675384
493 0.014530118464298351
505 0.02326234291266745
576 0.06984071218480656
650 0.04229406983962383
652 0.05858280593608633
677 0.03817082074752114
711 0.012198249294633636
724 0.026906283607556414
744 0.015741336305920565
769 0.03543636325897398
818 0.06327677341371124
826 0.02278388386398871
894 0.035914382585120884
895 0.02709872322021208
937 0.039411500027231976
938 0.01890472502060767
952 0.008620220392883708
958 0.016584388268314723
965 0.016365532547769686
975 0.020034056973923995
979 0.04425637447213526
1023 0.019950765197364616
1029 0.018577936549136576
1033 0.02835669864454195
1123 0.05278064106962052
1321 0.05858280593608633
1385 0.03537414647022308
1481 0.026906283607556414
1524 0.027179193060739022
1542 0.026005333743161326
1543 0.03273106509553937
1553 0.033963437995045795
1564 0.04807115459183845
1633 0.05858280593608633
1729 0.021493526370342114
1742 0.033963437995045795
1759 0.014530118464298351
1779 0.03851061334048804
1872 0.02709872322021208
1901 0.02417169012384195
1929 0.014794480050000792
1933 0.024887575240226386
2073 0.05858280593608633
2080 0.02375251500418698
2096 0.02055200078675384
2105 0.01901100317735166
2133 0.029837742162385036
2148 0.09395695240630941
2150 0.026005333743161326
2177 0.02417169012384195
2186 0.055832061753326674
2258 0.03163838670685562
2278 0.01502134365008511
2356 0.07758198353595337
2358 0.05419744644042416
2373 0.008182297764727092
2379 0.03851061334048804
2381 0.04807115459183845
2460 0.0503839997211405
2472 0.04511059632147097
2480 0.01954630225024303
2525 0.0255079148800818
2596 0.019786627497658717
2621 0.08458813967924766
2630 0.02092082044861485
2658 0.023640034998398077
2675 0.019786627497658717
2677 0.015397620681382597
2701 0.017040052017415142
2709 0.04229406983962383
2715 0.02835669864454195
2731 0.029064507779133265
2757 0.05899934368115211
2763 0.0422082374821812
2853 0.020289023521411646
2900 0.019467703039150432
2936 0.022442172970505537
2938 0.03973658808556635
2955 0.05278064106962052
3017 0.03711224461301343
3059 0.029314399604137953
3070 0.03486667264559908
3089 0.020641528426034953
3283 0.03163838670685562
3285 0.017967651870825635
3347 0.02431005285218926
3361 0.13662397160445666
3362 0.043803873711215434
3456 0.02519199986057025
3471 0.030994164727036064
3548 0.022554533778076136
3581 0.0255079148800818
3591 0.06273629307725387
3595 0.02139446303098373
3597 0.019312684637101004
3599 0.020732023950439334
3602 0.0670125331770787
3605 0.02222187724402554
3619 0.0567133972890839
3624 0.027704101722073535
3637 0.03350626658853935
3642 0.04229406983962383
3661 0.08876688030000475
3683 0.022331300429358845
3686 0.02813346529582466
3701 0.03309785610327374
3741 0.026534188816905144
3749 0.02326234291266745
3814 0.06935190032222022
3827 0.027916030876663337
3830 0.021797950990685974
3918 0.04556367873636219
4025 0.013587670127638622
4048 0.018346623042052097
4059 0.014617314611912086
4063 0.04938659219973624
4134 0.02326234291266745
4203 0.03649190497315801
4244 0.02266842335096544
4320 0.02612395840457958
4356 0.022593259057430596
4381 0.015691361503876296
4410 0.04575235897385493
4416 0.029314399604137953
4451 0.01899957801631795
4452 0.04938659219973624
4502 0.020289023521411646
4503 0.030112217718655073
4515 0.0670125331770787
4624 0.02194067581650731
4699 0.033847579339166295
4712 0.042399571095696816
4715 0.04358442733327043
4827 0.010482749840074457
4834 0.04938659219973624
4861 0.02913474413763173
4926 0.034315903833739135
4972 0.013283245507294759
5005 0.011035475626127658
5035 0.02222187724402554
5103 0.05858280593608633
5181 0.017337975080555054
5182 0.05278064106962052
5184 0.02835669864454195
5246 0.03649190497315801
5247 0.020289023521411646
5273 0.05278064106962052
5354 0.022442172970505537
5380 0.01954630225024303
5389 0.04041662884384606
5400 0.03649190497315801
5674 0.09395695240630941
5735 0.05858280593608633
5752 0.05332117831671962
5777 0.02266842335096544
5842 0.049860275356870286
5845 0.016311701143731712
5882 0.15829301998126974
6015 0.09877318439947248
6057 0.06485992274249748
6080 0.03350626658853935
6084 0.023386356358364193
6114 0.020463420547675117
6125 0.03909260450048606
6277 0.06602169225932869
6280 0.016640008104039723
6295 0.024739416425940387
6360 0.021900408090289022
6403 0.052355865467745975
6409 0.028632042002644104
6410 0.023132388222514674
6452 0.02900379099721655
6459 0.035914382585120884
6491 0.09393023923964282
6554 0.023640034998398077
6570 0.02222187724402554
6585 0.027916030876663337
6616 0.04023637173557573
6657 0.014025196310012443
6739 0.05858280593608633
6747 0.04633760171537257
6778 0.011355787050403751
6791 0.029147206001882718
6794 0.33409963834606926
6817 0.015543202689590297
6842 0.05858280593608633
6864 0.05858280593608633
6902 0.05858280593608633
6948 0.032336353683370955
7026 0.02835669864454195
7035 0.11609071787820306
7102 0.018301192188277703
7176 0.019978892784518754
7181 0.026354165653219654
7220 0.013823481622192572
7272 0.009499789008158975
7282 0.012775771682670762
7344 0.027916030876663337
7425 0.016923789669583147
7455 0.03649190497315801
7467 0.023386356358364193
7471 0.06699390128807653
7474 0.039308431455005156
7483 0.018438357567238595
7536 0.03479770712657121
7537 0.009904773189097433
7542 0.019190911629833572
7561 0.2212475388043204
7566 0.13958015438331667
7580 0.017710069871206328
7602 0.03486667264559908
7631 0.026534188816905144
7647 0.04938659219973624
7653 0.04511059632147097
7686 0.05858280593608633
7826 0.024593834417732687
7835 0.029147206001882718
7837 0.02431005285218926
7839 0.027497405924627797
7872 0.03486667264559908
7911 0.01908541037376057
7952 0.05481123080446693
7968 0.04977515048045277
7986 0.01908541037376057
8019 0.046978476203154707
8092 0.013549006065922535
8112 0.017773726105573207
8156 0.0735271431528678
8166 0.06872068691888608
8171 0.013098453135724527
8224 0.012846411380188109
8252 0.03012007536917036
8291 0.05007680745174538
8324 0.017200936042870284
8326 0.026792222645052356
8329 0.022554533778076136
8337 0.027295691236807928
8352 0.01871981714031325
8374 0.026718168848770797
8376 0.0478032847338473
8387 0.03438821359692034
8397 0.029837742162385036
8447 0.01783787013193226
8512 0.05717209746090905
8571 0.02390164236692365
8615 0.03778226246680461
8633 0.054298432501373506
8720 0.046978476203154707
8723 0.05887693946597515
8727 0.020034056973923995
8763 0.026354165653219654
8764 0.04511059632147097
8828 0.03802200635470332
8836 0.02376981673729145
8837 0.016419712377559726
8908 0.04019037846338615
8912 0.03486667264559908
8936 0.026906283607556414
8942 0.008408826469885843
8949 0.02351223473767214
8974 0.02957198160375726
8976 0.05764372045001694
8978 0.031980097600338805
8981 0.024739416425940387
9000 0.03373251696899925
9026 0.04511059632147097
9099 0.02838028524402821
9118 0.03711224461301343
9230 0.17109902859616496
9278 0.05914396320751452
9338 0.006811047035971593
9445 0.02566955659831914
9563 0.10778334476967819
9564 0.05858280593608633
9575 0.02038724251550869
9578 0.05864502272483723
9580 0.04146404790087867
9582 0.05238053413860492
9618 0.018099477500457834
9628 0.024887575240226386
9636 0.05167244368077962
9637 0.0638896750612388
9638 0.06835165159196613
9652 0.027916030876663337
9655 0.17574841780825898
9656 0.014749835920288027
9664 0.012846411380188109
9759 0.11716561187217266
9865 0.01764689406582797
9870 0.027497405924627797
9898 0.009765549566786753
9906 0.0255079148800818
9987 0.018099477500457834
10064 0.02835669864454195
10102 0.03537414647022308
10116 0.04110400157350768
10141 0.018233412429453415
10167 0.017710069871206328
10183 0.024035577295919226
10216 0.04466260085871769
10229 0.03649190497315801
10276 0.046039390717085314
10318 0.005219038370050295
10334 0.016752368911610322
10340 0.09298249418110818
10364 0.01746017804620164
10385 0.03438821359692034
10392 0.00905973102024634
10418 0.02351223473767214
10435 0.11716561187217266
10452 0.23454386611977546
10460 0.030509054753539298
10464 0.029314399604137953
10476 0.02129655835374627
10508 0.02519199986057025
10530 0.055832061753326674
10619 0.03506653416840762
10628 0.019625646488658385
10638 0.07652374464024539
10714 0.04117631133668889
10723 0.02169524105816198
10749 0.009716597646698822
10848 0.019389834994104436
10881 0.018099477500457834
10914 0.05748145472457559
10944 0.03537414647022308
10951 0.05616701968330372
10959 0.015741336305920565
10960 0.13171881277435823
10963 0.017157951916869568
10980 0.01954630225024303
10985 0.05887693946597515
11036 0.026719463974845
11067 0.020805802040355873
11087 0.027295691236807928
11177 0.030994164727036064
11179 0.08015450654631238
11217 0.02038724251550869
11233 0.0306897401066922
11300 0.03004268730017022
11319 0.005247607525697895
11322 0.06467270736674191
11424 0.05007680745174538
11497 0.02684301316146664
11556 0.05858280593608633
11611 0.027704101722073535
11629 0.03193430850261353
11634 0.031852642533281746
11711 0.04019037846338615
11736 0.08096335877880137
11770 0.05165259147623053
11812 0.03909260450048606
11852 0.024593834417732687
11861 0.02020316887669551
11875 0.04492642916247559
11876 0.023640034998398077
11893 0.030725817829628386
11908 0.020118185867787866
11929 0.022417339656330585
11930 0.014358404658854714
11957 0.02748827476755443
11977 0.021453941392854437
11984 0.0306897401066922
11985 0.04117631133668889
11993 0.027704101722073535
12006 0.01771818162948699
12008 0.039308431455005156
12021 0.0497249902519504
12024 0.016152253380358753
12049 0.04511059632147097
12051 0.014190142622014104
12064 0.015691361503876296
12105 0.016474245172898902
12122 0.04358442733327043
12137 0.059604882128349516
12165 0.05858280593608633
12177 0.010271489302800339
12193 0.0255079148800818
12204 0.06011879394340125
12227 0.02583622184038981
12303 0.06732651891151661
12304 0.10741505690317196
12341 0.03350626658853935
