134
6 0.07963705441762604
132 0.05381441489238632
159 0.061315347326561055
344 0.039687483518594975
347 0.061601333368686007
374 0.02703264261925244
423 0.20820351109294774
435 0.02998092802355704
464 0.12206549162822716
571 0.050341922504364214
576 0.04980927107260014
769 0.025272643536664016
818 0.0902559513202871
952 0.024591209386212794
979 0.031562933478399384
1468 0.05966782866437338
1477 0.1340171703626856
1524 0.02584501698884239
1664 0.050522146371898315
1742 0.04844435392285996
1823 0.08511918856886456
1929 0.04220473956443836
1958 0.06669036636201547
2107 0.06743876885362696
2227 0.050703740776299626
2278 0.04285192142725814
2356 0.04918241877242559
2373 0.04668386385082517
2455 0.061601333368686007
2469 0.09810048031692897
2630 0.01989385625638843
2650 0.057634298598905814
2679 0.05739186454605451
2748 0.06402158523173064
2756 0.061601333368686007
2757 0.08415476333471021
2781 0.04311578653301705
3089 0.05888482248030811
3195 0.07276733624346984
3332 0.04246151138361623
3425 0.12065379767783022
3442 0.03282225244998966
3447 0.1077828042741291
3581 0.07276733624346984
3591 0.05965668505224318
3725 0.054875902939255546
3918 0.021663521216097093
4356 0.12890518777382723
4381 0.04476330519520472
4410 0.13051938212253278
4502 0.05787921919823717
4624 0.035766255119626285
4861 0.03562016618310756
5119 0.09330855459181113
5146 0.0520151043061519
5358 0.10986059672316746
5368 0.054875902939255546
5440 0.08931937837482617
5473 0.09155921919474769
5875 0.07518146593006778
5882 0.05644601618812526
6034 0.050341922504364214
6041 0.06499639605421628
6057 0.06167606968421424
6126 0.28177377707368356
6155 0.05966782866437338
6214 0.038541940397548685
6280 0.14240862930112289
6436 0.039434737805361816
6532 0.16712125462539826
6696 0.07675651246045478
6778 0.03239505771015497
6794 0.3511413404871373
6830 0.11213656084148634
6886 0.24130759535566043
7178 0.1024542368842862
7201 0.13414837700650928
7262 0.023988158421564033
7272 0.054200772132771545
7396 0.06189078599267079
7461 0.07569502441358555
7484 0.0756440801737569
7560 0.0778673894579174
7561 0.042077381667355106
7911 0.05444562915240485
7952 0.039090487017634734
8201 0.05862942379871144
8224 0.03664741476591787
8252 0.0859246105520972
8324 0.016356574062316404
8327 0.10519987764187333
8361 0.07903247657877366
8412 0.05644601618812526
8483 0.05163302336936091
8754 0.04861076260395174
8836 0.06780900183726024
8905 0.06248043444741732
8942 0.023988158421564033
9085 0.11746512823132925
9291 0.10214225140223739
9338 0.009715058094059396
9388 0.07276733624346984
9445 0.07322845732362264
9638 0.06499639605421628
10116 0.05862942379871144
10192 0.06434212090481546
10298 0.05107112570111869
10318 0.014888536429826864
10364 0.04980927107260014
10392 0.02584501698884239
10490 0.05812667788006009
10619 0.03334518318100774
10646 0.056914257643409995
10749 0.027718883782694104
10951 0.026704942539750268
10960 0.03757589432065582
11004 0.12868860297284268
11036 0.03811178272397839
11067 0.029676725832025196
11101 0.11243058822422704
11217 0.11631882403383868
11219 0.12378157198534158
11249 0.06780900183726024
11332 0.15859443279639
11605 0.08590219475292987
11607 0.07675651246045478
11682 0.12433484640548545
11736 0.032995293418056314
11893 0.0048695907566017925
11908 0.05739186454605451
11930 0.04096073178237509
11957 0.07841677934739552
12016 0.14837268146052432
12304 0.05107112570111869
