77
279 0.07440012832045838
493 0.04597787876467454
642 0.058786452185699035
952 0.027277096819452614
2194 0.24156903785607214
2243 0.06210173696456985
2278 0.04753227022361224
2302 0.10738303980372738
2332 0.14865471941780886
2373 0.025891371468681028
3351 0.10119511784874083
3442 0.03640714630378596
3471 0.09807531519673887
3725 0.06086952837578531
3800 0.11547189975569849
3918 0.024029642315723108
3927 0.20946411676216825
4048 0.029027251637393642
4079 0.0863721782838573
4101 0.04065009837674068
4196 0.4563368956692548
4431 0.04425125156590785
4451 0.030060329403392306
4547 0.06235520978849576
4643 0.1218597298895264
4861 0.02634043481262206
5087 0.13383177985292533
5211 0.113644436723907
5362 0.11032915194503619
5444 0.18715015825225675
6008 0.020395499076248755
6036 0.08701046719281727
6057 0.03420620958078691
6080 0.10602439800129457
6089 0.10738303980372738
6122 0.35158515065094625
6410 0.03659908705649787
6932 0.04412298154299651
6970 0.08902315970650056
7005 0.1218597298895264
7035 0.05247823650305568
7262 0.05321635951359287
7536 0.05505546164283808
7561 0.04667313411161461
7753 0.088335128608335
7768 0.10119511784874083
7789 0.09120145843641105
7993 0.15211229855641825
8065 0.15627475814042127
8092 0.042873329616098785
8124 0.07360939175058254
8171 0.04144763800507631
8201 0.06503301420884142
8324 0.09071531361578623
8327 0.05834498016679033
8648 0.12438427809852137
8763 0.08339289430606825
8811 0.07736985857119431
8905 0.06930463780684092
8949 0.07440012832045838
8968 0.15627475814042127
8972 0.13602459637326098
9267 0.045434522112193884
9338 0.010776150781215256
9440 0.1427441581957482
9469 0.11955499794596763
9549 0.07031703013018925
10012 0.10011383677923394
10216 0.07066327960927374
10536 0.20022767355846788
10619 0.03698719228508871
11319 0.01660508571997954
11669 0.08972954044722026
11893 0.010802908995066307
12006 0.028032958192759475
12229 0.08701046719281727
12265 0.016923944180583073
