225
41 0.04003879967538137
57 0.04771143905703501
90 0.03930182595028027
104 0.027503543663424185
107 0.05326746244502995
279 0.03690625678374456
335 0.02927195782489836
352 0.03240021873716764
357 0.14748063936982606
362 0.041367127190197604
411 0.04966156713958655
450 0.024946754638960723
452 0.053977865375286364
493 0.04561474390883149
625 0.04641800997859936
627 0.047265997973050845
629 0.06044863879171473
642 0.0291610773898913
654 0.04771143905703501
714 0.0973007130097173
952 0.013530830688862688
965 0.025688351334932115
1023 0.03131595408182931
1328 0.04348607027470734
1413 0.024474634858352926
1536 0.020164521256127138
1708 0.07752024738325654
1759 0.022807371954415744
1929 0.023222330237817865
1971 0.018942619858350745
2087 0.070808379981021
2194 0.14978819834351634
2196 0.042845003935818
2243 0.03080562766315476
2278 0.07073528809645585
2302 0.05326746244502995
2332 0.07374031968491303
2337 0.03471129080495365
2358 0.04253583076364718
2373 0.03853032079960957
2374 0.06638738594378817
2376 0.056373434541822066
2382 0.022807371954415744
2464 0.028942084760973985
2701 0.026747118782183072
2936 0.03522662170038761
3144 0.05326746244502995
3239 0.01787142108770028
3270 0.023152254052655162
3336 0.07752024738325654
3351 0.05019793767694287
3381 0.070808379981021
3442 0.05417940212939419
3471 0.04865035650485865
3533 0.06308530194405758
3539 0.041367127190197604
3652 0.04253583076364718
3725 0.030194389381509045
3800 0.05727994937501694
3830 0.0342154110656597
3882 0.03772772760759536
3887 0.022405118491337583
3918 0.01191992769025573
3927 0.10390488100917844
4048 0.014398996706588198
4079 0.042845003935818
4101 0.020164521256127138
4191 0.04348607027470734
4196 0.6036436417215257
4410 0.028726292121364332
4414 0.04451042673701805
4429 0.03540299016824683
4431 0.043901753670615495
4451 0.029822911895717234
4547 0.030931363106610148
4552 0.022875627970629194
4579 0.053977865375286364
4624 0.009839840220905512
4643 0.06044863879171473
4676 0.024866880511081327
4820 0.025027117296652707
4861 0.06533099289848947
4941 0.016163760568393675
4944 0.04966156713958655
4991 0.047265997973050845
5001 0.017593820897835857
5041 0.038158561404279624
5056 0.06044863879171473
5087 0.06638738594378817
5186 0.05472888426855861
5211 0.056373434541822066
5246 0.05727994937501694
5291 0.05326746244502995
5297 0.024866880511081327
5310 0.03240021873716764
5340 0.03268586593425651
5362 0.05472888426855861
5380 0.030681084042782688
5444 0.09283601995719871
5540 0.07462114681965627
5541 0.08974085761303029
5609 0.03105831340407897
5802 0.01225106042549488
6008 0.010117207364193215
6023 0.04029393882935966
6036 0.04316162777650317
6057 0.016968023884979873
6058 0.04562144769978738
6068 0.045343829064580815
6079 0.019459980138849045
6080 0.05259350684347856
6089 0.05326746244502995
6122 0.1744041595652371
6167 0.04601369335251578
6184 0.05552544654737058
6410 0.01815501310884581
6452 0.01517538096212615
6493 0.04865035650485865
6540 0.06044863879171473
6923 0.030194389381509045
6932 0.08754899345744667
6949 0.1294848833295095
6970 0.04416002587625873
7005 0.06044863879171473
7026 0.04451042673701805
7035 0.02603188079995932
7042 0.019302621927847832
7176 0.015680052440505545
7262 0.026398027444862155
7483 0.014470992796714061
7484 0.020810835802563377
7536 0.0273103158637894
7561 0.046304508105310324
7753 0.043818727373724865
7768 0.05019793767694287
7789 0.0452405731023537
7872 0.05472888426855861
7877 0.0646328831161418
7952 0.010754386924893302
7956 0.031846905252817616
7986 0.02995763966870327
7993 0.18863863803797676
7996 0.12166239171244599
8065 0.07752024738325654
8092 0.02126735729769927
8124 0.03651401113101616
8171 0.04112028314538294
8201 0.09677907186427914
8249 0.05259350684347856
8252 0.031518887884620206
8272 0.05075713924275955
8324 0.04499942048623471
8327 0.028942084760973985
8414 0.04164970267398833
8648 0.061700943412249784
8733 0.11455989875003388
8763 0.041367127190197604
8811 0.03837939439366958
8873 0.025858993390160723
8880 0.037310573409828136
8905 0.034378633705936114
8949 0.03690625678374456
8956 0.039065076237474496
8961 0.02972508043705979
8968 0.07752024738325654
8969 0.03157874791331684
8972 0.1349502694681871
9027 0.020220314348763146
9050 0.06044863879171473
9099 0.022273724860653592
9265 0.04487042880651514
9267 0.045075678705738476
9338 0.02672760093630908
9440 0.070808379981021
9453 0.03670867029985253
9469 0.05930537424571408
9549 0.03488083191304742
9575 0.016000537928117255
9632 0.03690625678374456
9664 0.020164521256127138
9693 0.0646328831161418
9714 0.070808379981021
9774 0.061700943412249784
9821 0.023082549626191336
9855 0.06308530194405758
9868 0.06638738594378817
10012 0.04966156713958655
10065 0.04562144769978738
10181 0.042233765654172285
10216 0.03505258930748751
10220 0.04817251280624572
10248 0.05326746244502995
10321 0.030931363106610148
10325 0.028942084760973985
10334 0.026295553599475604
10364 0.02740657456224494
10429 0.04164970267398833
10501 0.035762992237743915
10521 0.04601369335251578
10536 0.0993231342791731
10619 0.03669506617793988
10845 0.024474634858352926
11021 0.031186502260588438
11103 0.021328046798544973
11106 0.023434829536445885
11237 0.03389492557804799
11290 0.14748063936982606
11319 0.008236969093091467
11332 0.024932421810480485
11660 0.070808379981021
11669 0.04451042673701805
11773 0.047265997973050845
11828 0.025688351334932115
11847 0.042845003935818
11893 0.021435174502176704
11977 0.01683771616994506
11994 0.056373434541822066
12006 0.01390577646605305
12137 0.031186502260588438
12138 0.026932181750998666
12157 0.030681084042782688
12204 0.04194052201255258
12225 0.042233765654172285
12229 0.04316162777650317
12265 0.016790278291781046
