396
41 0.05012136037011421
57 0.029863060957653648
68 0.017913722847396917
79 0.017847666359010684
90 0.0245994010513346
104 0.01721473963488048
107 0.03334063087373811
210 0.013699444934345611
230 0.015920939656266234
279 0.023099990648663398
285 0.0358520860750526
319 0.022384410077154575
320 0.03176939478666059
335 0.018321607525395186
352 0.02027961692860911
357 0.09230958886630881
362 0.02589209349663771
411 0.03108366538618182
450 0.031228840261487163
452 0.033785279084524264
493 0.02855071875507265
517 0.04595263863361789
571 0.017337488011951473
594 0.014848845553668286
625 0.029053490922099873
627 0.02958425498351062
628 0.014148508709581124
629 0.037835400078505735
642 0.018252206365944334
644 0.02764019637005327
654 0.059726121915307295
712 0.030450738662051616
714 0.06090147732410323
769 0.008703762839197295
811 0.03251754565257996
846 0.0227344198605031
952 0.016938161147734953
965 0.016078592827595467
979 0.01087010494595894
1023 0.019600964971415138
1055 0.025383230882496978
1275 0.030761114688741945
1328 0.027218360902298424
1335 0.023482570726422465
1413 0.015318915696874994
1524 0.026702655555549657
1536 0.012621173021710345
1543 0.016078592827595467
1708 0.0485206885143666
1759 0.014275359377536325
1782 0.027218360902298424
1814 0.014106656260021125
1883 0.03334063087373811
1905 0.017588621680533788
1929 0.014535085865712618
1971 0.011856372867969051
1980 0.032134965574820894
2087 0.04431966441335295
2127 0.03251754565257996
2167 0.017033985356818257
2174 0.022854480220361285
2194 0.1500062605119846
2196 0.08045133344668536
2198 0.05185522893683925
2243 0.07712618650163529
2253 0.02606896028297575
2278 0.04427391548086593
2279 0.02855491472404613
2280 0.04045435992946956
2302 0.03334063087373811
2332 0.04615479443315441
2337 0.02172613976258446
2358 0.026623596606691276
2373 0.03215534447636916
2374 0.04155252057873745
2376 0.03528468948719546
2382 0.014275359377536325
2428 0.025383230882496978
2433 0.03475392542578472
2456 0.019281546625408822
2464 0.03623027343297476
2492 0.03251754565257996
2630 0.006851337358574646
2643 0.05185522893683925
2650 0.019848943213265965
2656 0.013542043218844604
2701 0.016741285830408438
2757 0.028982448978536055
2936 0.04409738092004866
2943 0.037835400078505735
2976 0.02785951572975569
3028 0.04431966441335295
3039 0.03475392542578472
3144 0.03334063087373811
3201 0.02701528913811327
3239 0.022371797954109183
3269 0.014803283173476126
3270 0.014491224489268028
3336 0.0485206885143666
3351 0.03141938500331207
3361 0.04130108302085908
3381 0.04431966441335295
3407 0.0188245408035982
3442 0.0452152305726988
3471 0.030450738662051616
3479 0.039485713588209105
3481 0.02855491472404613
3533 0.039485713588209105
3539 0.02589209349663771
3616 0.02589209349663771
3652 0.026623596606691276
3694 0.04615479443315441
3721 0.014579182424924264
3725 0.018898966547649755
3737 0.01853339575948946
3800 0.0358520860750526
3830 0.02141576373589412
3839 0.04431966441335295
3847 0.0485206885143666
3882 0.023614157351081758
3887 0.014023584961887901
3918 0.03730400237974416
3927 0.06503509130515991
3933 0.012940936398808544
4016 0.03475392542578472
4025 0.013349435150997084
4048 0.009012474259346296
4059 0.014361026699972905
4079 0.026817111148895116
4101 0.012621173021710345
4124 0.02785951572975569
4134 0.022854480220361285
4191 0.027218360902298424
4195 0.022270973953328624
4196 0.5431256190748804
4205 0.022384410077154575
4410 0.026970104957917178
4414 0.02785951572975569
4429 0.022159081226070847
4431 0.02747854124555427
4451 0.018666455120163038
4547 0.038720491362744525
4552 0.014318081492257538
4579 0.033785279084524264
4624 0.009238279775397358
4643 0.037835400078505735
4676 0.01556442612517711
4820 0.015664719911945024
4861 0.06951523335384972
4869 0.0245994010513346
4876 0.02785951572975569
4941 0.010117057391243895
4944 0.03108366538618182
4991 0.02958425498351062
5001 0.011012146276326627
5005 0.010841988718267637
5013 0.017913722847396917
5019 0.05185522893683925
5041 0.023883820479825776
5056 0.037835400078505735
5087 0.04155252057873745
5129 0.02643453107113605
5131 0.03861922990966811
5146 0.017913722847396917
5186 0.03425534922773097
5211 0.03528468948719546
5246 0.0358520860750526
5291 0.03334063087373811
5297 0.01556442612517711
5310 0.02027961692860911
5322 0.033785279084524264
5340 0.020458406330640156
5346 0.030761114688741945
5362 0.03425534922773097
5368 0.018898966547649755
5380 0.019203593543285016
5389 0.013235999027171133
5404 0.04155252057873745
5425 0.011244642002451618
5444 0.05810698184419975
5447 0.03425534922773097
5473 0.015766251924873954
5540 0.046706112836830065
5541 0.05616968916167884
5609 0.019439705126461978
5681 0.023883820479825776
5802 0.007668059725574489
6008 0.01899738005451601
6023 0.050440748603146957
6024 0.030151651571367764
6036 0.10806115655245307
6055 0.02978932352917184
6057 0.02124090748980928
6058 0.02855491472404613
6066 0.013620367511719758
6068 0.028381150478196327
6079 0.02436038755513037
6080 0.03291879540598327
6088 0.02808484458083942
6089 0.03334063087373811
6122 0.10916128608359547
6167 0.028800425152348243
6180 0.03184187931253247
6184 0.03475392542578472
6186 0.02111667664521027
6368 0.0358520860750526
6410 0.011363402024163466
6451 0.030450738662051616
6452 0.009498420833331968
6473 0.03291879540598327
6493 0.030450738662051616
6518 0.14113875794878183
6540 0.037835400078505735
6558 0.028800425152348243
6584 0.01157545030943926
6620 0.022159081226070847
6638 0.030541362042846264
6765 0.05185522893683925
6791 0.014318081492257538
6905 0.029863060957653648
6923 0.018898966547649755
6932 0.09589611454041927
6949 0.2701528913811327
6952 0.011483902181267101
6970 0.02764019637005327
6982 0.01697460611987182
7005 0.037835400078505735
7025 0.013503159039600171
7026 0.02785951572975569
7035 0.016293611312839518
7042 0.01208170171905278
7161 0.036461549192426786
7176 0.009814299696352991
7220 0.027162224243447962
7256 0.023747883689188627
7262 0.024784179171540664
7272 0.009333227560081519
7282 0.03765531558677847
7452 0.02624971456103797
7470 0.018750782563998074
7483 0.027172611969811397
7484 0.013025707680054456
7515 0.04431966441335295
7536 0.017093796446553906
7561 0.11592979591414422
7753 0.027426574266269297
7768 0.03141938500331207
7782 0.03141938500331207
7789 0.11326608620626526
7872 0.03425534922773097
7877 0.04045435992946956
7895 0.04155252057873745
7952 0.006731276998716462
7956 0.01993329255360789
7986 0.03750156512799615
7993 0.23614157351081758
7996 0.07614969264749093
8065 0.0485206885143666
8092 0.01331144899297996
8098 0.01211440151795661
8124 0.022854480220361285
8171 0.03860638705631804
8201 0.06057497697885861
8224 0.012621173021710345
8225 0.02027961692860911
8249 0.03291879540598327
8252 0.01972798324298453
8272 0.03176939478666059
8324 0.07886362889228002
8327 0.01811513671648738
8398 0.0358520860750526
8414 0.0521379205659515
8455 0.019848943213265965
8512 0.02808484458083942
8556 0.01342593792210587
8603 0.022384410077154575
8609 0.05185522893683925
8625 0.020458406330640156
8648 0.03861922990966811
8659 0.02606896028297575
8685 0.04615479443315441
8716 0.024162626453968803
8733 0.0717041721501052
8754 0.016741285830408438
8763 0.02589209349663771
8811 0.02402204202908003
8863 0.047495767378377254
8873 0.03237079875083198
8880 0.023353056418415032
8905 0.02151792639861358
8942 0.008261393057180221
8949 0.023099990648663398
8956 0.02445121706768292
8961 0.01860522144389578
8968 0.0485206885143666
8969 0.01976545022619075
8972 0.232283443097313
9027 0.037968283408399736
9050 0.037835400078505735
9057 0.04615479443315441
9074 0.03425534922773097
9099 0.013941344390651454
9265 0.02808484458083942
9267 0.04231996878006338
9273 0.023968750548804693
9338 0.043495580486528816
9440 0.04431966441335295
9445 0.005043897562203527
9453 0.04595263863361789
9469 0.03711981950699691
9549 0.021832257216719095
9563 0.045382954583433936
9575 0.010014894728524435
9584 0.017337488011951473
9632 0.046199981297326796
9658 0.013859918095867008
9664 0.012621173021710345
9693 0.04045435992946956
9714 0.04431966441335295
9774 0.03861922990966811
9821 0.014447595800264975
9855 0.039485713588209105
9868 0.04155252057873745
9898 0.009594328492748246
9937 0.04045435992946956
10012 0.03108366538618182
10065 0.02855491472404613
10172 0.0188245408035982
10181 0.0528690621422721
10195 0.021939761866368427
10216 0.021939761866368427
10220 0.030151651571367764
10221 0.032134965574820894
10248 0.03334063087373811
10250 0.03176939478666059
10270 0.03251754565257996
10318 0.005127532065253336
10321 0.019360245681372262
10325 0.01811513671648738
10334 0.016458646722386002
10364 0.03430809143335289
10429 0.02606896028297575
10501 0.022384410077154575
10521 0.028800425152348243
10536 0.06216733077236364
10560 0.02261608704788147
10597 0.027882688781302907
10619 0.022967804362534202
10749 0.02863870456549251
10845 0.015318915696874994
10881 0.01778213622273762
10963 0.016857118570480223
10998 0.03425534922773097
11021 0.019519939797888634
11036 0.00656274674486053
11080 0.0113038076431747
11081 0.07056937897439092
11103 0.013349435150997084
11106 0.02933618255121213
11121 0.0358520860750526
11154 0.022384410077154575
11158 0.032134965574820894
11179 0.02624971456103797
11217 0.010014894728524435
11228 0.036461549192426786
11237 0.042430337407445354
11274 0.11585768972900433
11276 0.015614420130743581
11290 0.09230958886630881
11319 0.010311200625881348
11332 0.01560544907183066
11508 0.0358520860750526
11569 0.03528468948719546
11634 0.010431388209349409
11660 0.04431966441335295
11669 0.02785951572975569
11764 0.12275043798384094
11773 0.05916850996702124
11826 0.02785951572975569
11828 0.016078592827595467
11847 0.026817111148895116
11875 0.014712908763031139
11893 0.020124731158220877
11977 0.03161667857699622
11994 0.03528468948719546
12006 0.01740752567839459
12105 0.01618539937541599
12133 0.03475392542578472
12137 0.019519939797888634
12138 0.016857118570480223
12157 0.019203593543285016
12204 0.05906472070374477
12225 0.02643453107113605
12229 0.02701528913811327
12265 0.021018402045012048
12275 0.01556442612517711
