268
79 0.04899133639179081
90 0.033762328018140664
106 0.028203594566598284
279 0.031704408569485996
319 0.06144456882835074
343 0.02143056951537535
380 0.034614604970791045
392 0.04060396913084224
411 0.0426618885794969
417 0.05877018951444373
435 0.028342574470508343
495 0.02759332122238502
517 0.031534671425732096
594 0.020379829298586085
637 0.047014979535035
642 0.025050893600857604
711 0.03289676917437911
712 0.04179320565396804
811 0.04462986884827854
895 0.03654050762382284
937 0.026571661799498124
942 0.02543682204359819
952 0.01162369261553479
979 0.014919064411821033
1004 0.050042957603534735
1205 0.01627270310518543
1250 0.04636981495019978
1374 0.02533909582833301
1512 0.053004343695086185
1536 0.0346447608739298
1543 0.022067639938979346
1549 0.04462986884827854
1575 0.0217800496721077
1587 0.027127799273254257
1684 0.058235034523039075
1746 0.07709209936437515
1757 0.06082810896309839
1782 0.03735681315906177
1814 0.019361185050647857
1971 0.04881810931555629
2016 0.06659395478245594
2084 0.0426618885794969
2102 0.037642583039290786
2194 0.07720554702142102
2243 0.02646364846467705
2274 0.03553653001085659
2278 0.02025510640134514
2337 0.11927527108511433
2343 0.07415620010279952
2353 0.0570302434125225
2373 0.033099564664662344
2382 0.019592727679647034
2456 0.02646364846467705
2460 0.03396944038595583
2566 0.04098662636435742
2627 0.032969910972989305
2641 0.045180578427073986
2695 0.06082810896309839
2701 0.06893152997573103
2756 0.058235034523039075
2828 0.017761251123419766
2890 0.06659395478245594
2976 0.038236789039362826
3028 0.06082810896309839
3037 0.050946424246431525
3102 0.03680610358026634
3269 0.02031729557989412
3300 0.058235034523039075
3302 0.050946424246431525
3331 0.12669359762135096
3361 0.07085643617627087
3362 0.02953304789104957
3363 0.03680610358026634
3423 0.06334679881067548
3425 0.0570302434125225
3428 0.04575954160598651
3442 0.04654294558307439
3533 0.05419358021821198
3544 0.028848759151433506
3654 0.0853237771589938
3721 0.020009720490324682
3805 0.02593856275012846
3813 0.04842773439885444
3887 0.019247170875643604
3918 0.010239842523857644
3933 0.017761251123419766
3962 0.03072228441417537
4030 0.0325936325513722
4059 0.019710304861079372
4081 0.031774281779415374
4134 0.03136744899901058
4169 0.018321909849931418
4178 0.029117517261519538
4182 0.0570302434125225
4196 0.6157918060368041
4221 0.07117056407868769
4258 0.07117056407868769
4364 0.04636981495019978
4382 0.02543682204359819
4411 0.04575954160598651
4414 0.038236789039362826
4429 0.030413023771350616
4451 0.06404861030840567
4475 0.06334679881067548
4491 0.047014979535035
4502 0.027358160480088524
4504 0.047014979535035
4579 0.04636981495019978
4624 0.004226469192609313
4827 0.028270335641803764
4849 0.06659395478245594
4861 0.0841841196429408
4872 0.018747896531485918
4944 0.0426618885794969
4958 0.06082810896309839
4972 0.01791141707246147
5051 0.02495643859481783
5118 0.06334679881067548
5149 0.04098662636435742
5168 0.07117056407868769
5186 0.047014979535035
5237 0.04575954160598651
5250 0.0350661574783451
5272 0.06082810896309839
5291 0.04575954160598651
5316 0.06659395478245594
5362 0.09402995907007
5385 0.04410478313372995
5389 0.01816622038360149
5401 0.04991287718963566
5427 0.04769926827465107
5447 0.047014979535035
5480 0.0570302434125225
5540 0.032051737738626664
5541 0.038546049682187576
5609 0.026680718757578523
5627 0.025242208475046837
5684 0.04636981495019978
5700 0.026790839702778835
5752 0.02396647875203303
5845 0.021995052503266378
6024 0.041382712876498084
6068 0.01947636265568929
6079 0.01671714269727559
6080 0.13554173528122193
6122 0.029964462467564765
6167 0.0395281738374982
6184 0.04769926827465107
6186 0.028982338312254136
6214 0.018217878630993327
6219 0.06659395478245594
6307 0.07117056407868769
6360 0.014765493235326211
6368 0.049206478144510284
6409 0.01930403400524205
6452 0.013036447479354238
6503 0.05419358021821198
6584 0.031774281779415374
6738 0.0570302434125225
6791 0.039302726348765415
6932 0.03760458659742356
6934 0.02543682204359819
6949 0.11123430015419927
7025 0.01853289370032724
7259 0.022977176658577007
7262 0.022677288906444815
7317 0.07117056407868769
7407 0.07117056407868769
7482 0.024227972470614454
7483 0.012431341133332935
7507 0.01640420720260225
7536 0.023460992464796996
7537 0.006677905768610199
7561 0.01988899947483218
7660 0.02069780264531951
7768 0.043122658978419326
7777 0.0570302434125225
7835 0.019651363174382708
7838 0.04023386032258083
7921 0.06334679881067548
7956 0.027358160480088524
7993 0.09723028516370591
7996 0.2438668631803929
8045 0.0325936325513722
8124 0.03136744899901058
8138 0.05877018951444373
8171 0.05298671706155193
8186 0.06659395478245594
8193 0.04179320565396804
8201 0.027712764742844384
8249 0.09036115685414797
8252 0.06769094092942256
8324 0.007731372058919114
8346 0.03987550300663886
8395 0.0395281738374982
8447 0.02405297195192104
8515 0.04014113731152266
8560 0.030112011069962103
8603 0.03072228441417537
8648 0.053004343695086185
8686 0.06334679881067548
8692 0.055523033542663275
8723 0.02646364846467705
8733 0.049206478144510284
8746 0.047014979535035
8972 0.05796467662450827
9035 0.055523033542663275
9284 0.050042957603534735
9338 0.022960409806180915
9440 0.06082810896309839
9444 0.02690204560086635
9448 0.043122658978419326
9453 0.031534671425732096
9506 0.055523033542663275
9582 0.023543683730998383
9584 0.023795455671809122
9595 0.0395281738374982
9625 0.02313615544661264
9804 0.027358160480088524
9821 0.019829119719790643
9830 0.06334679881067548
9989 0.050946424246431525
10103 0.0350661574783451
10110 0.02533909582833301
10130 0.06659395478245594
10132 0.0348381233114847
10167 0.023880643301473797
10195 0.030112011069962103
10248 0.04575954160598651
10282 0.0570302434125225
10285 0.04221919233552253
10334 0.02258925850333841
10521 0.0790563476749964
10618 0.033762328018140664
10619 0.04728447715817199
10683 0.049206478144510284
10693 0.047014979535035
10745 0.053004343695086185
10825 0.03654050762382284
10881 0.04881145803204477
10959 0.021225960153968767
10963 0.04627231089322528
11036 0.00900727655269253
11103 0.036643819699862835
11106 0.020131746623163065
11129 0.038236789039362826
11180 0.04462986884827854
11237 0.029117517261519538
11453 0.06082810896309839
11459 0.06334679881067548
11477 0.07117056407868769
11499 0.03187673721993325
11629 0.014353638654470011
11689 0.06659395478245594
11812 0.026356658968339445
11828 0.022067639938979346
11847 0.03680610358026634
11893 0.009206969080572884
11899 0.049206478144510284
11929 0.015114014117222367
11930 0.019361185050647857
11984 0.041382712876498084
12006 0.011945790686360615
12105 0.022214230406547096
12177 0.013850299518799734
12204 0.00900727655269253
12225 0.036281017865717746
12265 0.02163559336607371
