344
57 0.03311885208195289
90 0.05456265356582513
104 0.019091559850659526
111 0.040484270762476085
137 0.030185816179884927
169 0.02852293401898971
210 0.030386027140943114
247 0.028334873728902598
262 0.021126763132839437
279 0.02561844462201734
285 0.03976082482746281
308 0.0491515726438431
326 0.04640857893025833
335 0.020319102934478084
352 0.0224905824051214
357 0.10237355185204604
362 0.028714953762550077
411 0.03447253171902441
429 0.028911103277941216
435 0.011450973339035104
450 0.05195030121549155
452 0.03746868621855336
493 0.031663433049395714
496 0.015691036086263814
517 0.050962580287409395
628 0.015691036086263814
629 0.04196036770773126
641 0.02433172302718353
642 0.020242135381238043
654 0.03311885208195289
712 0.03377060077547822
714 0.03377060077547822
732 0.04748869048294788
744 0.01715143443101331
769 0.00965268210236484
887 0.016071116119911296
913 0.024094810981673886
942 0.020553981174441915
952 0.009392413831716451
1022 0.05750869474734241
1275 0.03411481524606841
1328 0.030185816179884927
1347 0.01972081629867375
1374 0.02047501443931411
1413 0.03397809110995911
1465 0.02192035917894221
1524 0.019742591040117573
1536 0.013997184113158695
1663 0.028911103277941216
1665 0.03746868621855336
1746 0.031146767397233963
1759 0.031663433049395714
1814 0.015644620714168823
1844 0.03746868621855336
1971 0.026298004735653784
2080 0.012940124515119692
2087 0.0491515726438431
2091 0.023638685893149908
2102 0.030416729802993276
2126 0.030185816179884927
2174 0.050692335316957715
2194 0.18715561527154165
2196 0.029740820563068284
2243 0.06415109537870693
2278 0.11456861728332168
2302 0.03697556066982231
2332 0.05118677592602302
2337 0.04818962196334777
2358 0.029526208286448554
2373 0.008915262394461394
2374 0.046082743648782204
2376 0.039131568379448575
2377 0.02931653006509248
2382 0.015831716524697857
2435 0.03650773500120432
2460 0.02744868195415883
2464 0.020090121846800726
2492 0.03606273938438767
2541 0.020553981174441915
2666 0.023528131800976404
2671 0.05750869474734241
2677 0.016776928996238977
2701 0.01856648820645727
2704 0.020090121846800726
2714 0.046082743648782204
2732 0.04282965382252371
2756 0.09411252720390562
2757 0.03214223223982259
2901 0.02341890174174889
2909 0.04486485710470363
2936 0.024452527454629887
3025 0.031940363443336735
3144 0.03697556066982231
3158 0.03854293828338423
3178 0.03650773500120432
3239 0.012405430714221288
3270 0.048213348359733885
3300 0.023528131800976404
3330 0.02433172302718353
3351 0.0348448528403091
3361 0.05725486669517552
3381 0.0491515726438431
3442 0.025072388515565338
3533 0.08758121007974548
3539 0.028714953762550077
3581 0.02779289642474902
3597 0.021042701699695673
3643 0.024952411507510437
3725 0.020959407961593176
3800 0.03976082482746281
3882 0.026188667848196536
3918 0.016548413957048515
3933 0.014351809380888553
4025 0.014804844311520043
4048 0.009995050484307414
4079 0.08922246168920485
4136 0.05381060930426727
4196 0.5761506926603238
4339 0.020396725538598753
4440 0.02561844462201734
4451 0.03105232080340292
4494 0.03563844888641187
4547 0.02147097760342963
4568 0.03606273938438767
4570 0.023863897358565537
4579 0.03746868621855336
4583 0.06822963049213682
4624 0.0034151580755786173
4810 0.05118677592602302
4820 0.01737255073766864
4832 0.05118677592602302
4861 0.06802417406397074
4872 0.01514905878211024
4941 0.022440119431853513
4944 0.03447253171902441
4991 0.032809649558129185
5001 0.0244254695891794
5041 0.026487730736809795
5112 0.022201015197670315
5146 0.019866749026877146
5149 0.03311885208195289
5211 0.039131568379448575
5246 0.03976082482746281
5291 0.03697556066982231
5297 0.017261322518518044
5310 0.0449811648102428
5354 0.024452527454629887
5362 0.07598001060223529
5363 0.06383061356866179
5384 0.03447253171902441
5389 0.029358081849637386
5447 0.037990005301117645
5451 0.05750869474734241
5540 0.07769730192223637
5541 0.06229353479446793
5681 0.026487730736809795
5802 0.008504062465900526
5964 0.05381060930426727
6008 0.021068550905157853
6010 0.017541978537246147
6023 0.027970001036723112
6036 0.0299606047144693
6057 0.011778338366568957
6058 0.03166808647979825
6068 0.01573768887817458
6074 0.019866749026877146
6080 0.03650773500120432
6089 0.03697556066982231
6119 0.02047501443931411
6122 0.16948748451496162
6125 0.021297246618618995
6167 0.06388072688667347
6180 0.03531340917994149
6184 0.03854293828338423
6360 0.011931115823748319
6398 0.02001505474870194
6473 0.03650773500120432
6493 0.03377060077547822
6518 0.1565262735177943
6540 0.08392073541546252
6584 0.012837452501065915
6639 0.06383061356866179
6899 0.03377060077547822
6905 0.03311885208195289
6923 0.020959407961593176
6932 0.07596506785235778
6949 0.0898818141434079
6952 0.012735923427418281
6970 0.030653641848502923
7005 0.04196036770773126
7025 0.029950655594599206
7026 0.030896872287706493
7035 0.0180700064107951
7042 0.013398897477354363
7176 0.021768588316675247
7208 0.020553981174441915
7220 0.015061779638249588
7262 0.03664833354351788
7272 0.020701547202268612
7282 0.04176064967975595
7452 0.02911156411505405
7483 0.020090053009738845
7484 0.014445822768476724
7536 0.01895743094906476
7537 0.00539601799381442
7561 0.11249781283937905
7581 0.04748869048294788
7753 0.030416729802993276
7789 0.0942111081718905
7835 0.015879096376350925
7838 0.03251058666951592
7872 0.037990005301117645
7952 0.007465147914986482
7956 0.02210650035257144
7986 0.04159013672700926
7993 0.10475467139278614
7996 0.14075306448852512
8006 0.03411481524606841
8092 0.014762716749636326
8124 0.025346167658478858
8156 0.01602273085559862
8171 0.08563082157920077
8201 0.06717910482369205
8224 0.013997184113158695
8225 0.0224905824051214
8249 0.03650773500120432
8252 0.05469701848599326
8321 0.02633697357002133
8324 0.05622535233817117
8326 0.01459612579984365
8327 0.020090121846800726
8360 0.039131568379448575
8380 0.02192035917894221
8385 0.04365738815277126
8414 0.028911103277941216
8515 0.016217831362887798
8651 0.030416729802993276
8733 0.07952164965492561
8811 0.026641021755797474
8836 0.02589910064074545
8873 0.01794999677232859
8905 0.023863897358565537
8936 0.05863306013018496
8949 0.02561844462201734
8950 0.020165811915490404
8956 0.027116987184824023
8961 0.020633637584108397
8969 0.02192035917894221
8972 0.2341890174174889
8981 0.02695555640542779
9050 0.04196036770773126
9074 0.037990005301117645
9099 0.015461285879310172
9117 0.02695555640542779
9192 0.0491515726438431
9229 0.06383061356866179
9287 0.027116987184824023
9338 0.02597411587606248
9445 0.011187607158959263
9453 0.050962580287409395
9469 0.041166771661628486
9513 0.03854293828338423
9549 0.024212497787851662
9563 0.03355385799247795
9568 0.01715143443101331
9575 0.01110675886844491
9595 0.031940363443336735
9625 0.03738989899631111
9632 0.02561844462201734
9663 0.030416729802993276
9664 0.02799436822631739
9693 0.04486485710470363
9714 0.0491515726438431
9774 0.04282965382252371
9804 0.02210650035257144
9821 0.01602273085559862
9823 0.041166771661628486
9855 0.04379060503987274
9898 0.010640340808585391
10059 0.046082743648782204
10065 0.03166808647979825
10095 0.04748869048294788
10106 0.02815061289770502
10110 0.02047501443931411
10167 0.019296525800697954
10172 0.041753736046623934
10216 0.02433172302718353
10220 0.033438906006143417
10248 0.03697556066982231
10269 0.029526208286448554
10318 0.0056865562527364695
10321 0.02147097760342963
10325 0.020090121846800726
10333 0.05750869474734241
10334 0.018253034645067705
10364 0.07609699534863787
10429 0.028911103277941216
10491 0.037990005301117645
10501 0.02482484857591457
10515 0.030185816179884927
10536 0.03447253171902441
10560 0.025081783902644112
10619 0.050943693709673124
10749 0.031761011427069
10845 0.016989045554979557
10881 0.0394416325973475
10951 0.00509986856982661
10963 0.03738989899631111
11021 0.02164808221540372
11036 0.014556487628817475
11081 0.039131568379448575
11103 0.029609688623040087
11106 0.016267265635302435
11129 0.030896872287706493
11179 0.0582231282301081
11194 0.024952411507510437
11237 0.023528131800976404
11276 0.017316767071830517
11290 0.10237355185204604
11319 0.017153053841340176
11332 0.043267044879901066
11351 0.0348448528403091
11524 0.06754120155095644
11611 0.030185816179884927
11660 0.0491515726438431
11670 0.06383061356866179
11764 0.04537772829501641
11773 0.032809649558129185
11821 0.03447253171902441
11847 0.029740820563068284
11875 0.03263393861125361
11893 0.013019306045974162
11977 0.011687885384544747
11994 0.039131568379448575
12006 0.028958046307094518
12030 0.020090121846800726
12113 0.023204289465129164
12137 0.02164808221540372
12204 0.0582259505152699
12218 0.0491515726438431
12225 0.02931653006509248
12229 0.0599212094289386
12265 0.011654956424508192
12275 0.017261322518518044
