276
79 0.049115133665482646
90 0.033847642779279444
106 0.028274862843253003
279 0.03178452312920174
319 0.06159983444599562
343 0.021484722887686936
347 0.02919109494931364
380 0.034702073369102006
392 0.04070657218374259
411 0.042769691833820275
417 0.05891869718482154
435 0.02841419393850564
495 0.02766304738605029
517 0.0316143570729668
594 0.020431327532585933
637 0.047133782709591586
642 0.02511419524885776
711 0.032979896736046115
712 0.04189881381450947
811 0.04474264503475478
895 0.036632842627444075
937 0.0266388063097424
942 0.025501098902575837
952 0.011653064777268188
979 0.014956763720234382
1004 0.050169412241743615
1022 0.07135040652531112
1205 0.016313822952660262
1250 0.046486987844331966
1374 0.02540312574081136
1512 0.05313828152423215
1536 0.03473230547384842
1543 0.022123403138403244
1549 0.04474264503475478
1575 0.021835086153429963
1587 0.027196349099379246
1684 0.05838218989862728
1729 0.029055574413420635
1746 0.07728690506732977
1757 0.06098181683489923
1782 0.03745121090289801
1814 0.019410109250337884
1971 0.04894146885798078
2016 0.06676223249548861
2084 0.042769691833820275
2102 0.03773770290125404
2194 0.07740063939772818
2243 0.026530520033675828
2274 0.03562632804160697
2278 0.020306289470342714
2337 0.14947083795293484
2343 0.07434358701804217
2353 0.05717435437524436
2373 0.03318320467466539
2382 0.019642236969443283
2456 0.026530520033675828
2460 0.034055278503842386
2566 0.041090196362145504
2627 0.03305322335825835
2641 0.045294746213565086
2695 0.06098181683489923
2701 0.06910571455837147
2756 0.05838218989862728
2828 0.017806132415263926
2890 0.06676223249548861
2976 0.03833341041339409
3028 0.06098181683489923
3037 0.051075161874154465
3102 0.03689910972408771
3269 0.020368635796079844
3300 0.05838218989862728
3302 0.051075161874154465
3331 0.1270137424292881
3361 0.0710354848462641
3362 0.029607675592230934
3363 0.03689910972408771
3423 0.06350687121464405
3425 0.05717435437524436
3428 0.045875172387129244
3442 0.04666055596476909
3533 0.05433052315499903
3544 0.028921657708512634
3654 0.08553938366764055
3721 0.020060283488325545
3805 0.026004107468612366
3813 0.048550107494409654
3887 0.019295806970434533
3918 0.010265717804689944
3933 0.017806132415263926
3962 0.03079991722299781
4030 0.03267599411051206
4059 0.019760111259213172
4081 0.03185457290326532
4134 0.03144671208825744
4169 0.018368207882508238
4178 0.02919109494931364
4182 0.05717435437524436
4196 0.5848558709186722
4221 0.07135040652531112
4258 0.07135040652531112
4364 0.046486987844331966
4382 0.025501098902575837
4411 0.045875172387129244
4414 0.03833341041339409
4429 0.030489875102727014
4451 0.06421045613511514
4475 0.06350687121464405
4491 0.047133782709591586
4502 0.027427292410958367
4504 0.047133782709591586
4579 0.046486987844331966
4624 0.004237149149555235
4827 0.014170886283966656
4849 0.06676223249548861
4861 0.08439684632621798
4872 0.018795270999075322
4944 0.042769691833820275
4958 0.06098181683489923
4972 0.01795667782190899
5051 0.025019501562408435
5118 0.06350687121464405
5149 0.041090196362145504
5168 0.07135040652531112
5186 0.047133782709591586
5237 0.045875172387129244
5250 0.035154766914510534
5272 0.06098181683489923
5291 0.045875172387129244
5316 0.06676223249548861
5362 0.09426756541918317
5385 0.04421623246969132
5389 0.018212125001078952
5401 0.05003900312481687
5427 0.04781980059330989
5447 0.047133782709591586
5480 0.05717435437524436
5540 0.03213272997197575
5541 0.038643452533664885
5609 0.026748138846222607
5627 0.025305993560764465
5684 0.046486987844331966
5700 0.026858538058434932
5752 0.024027040168561196
5845 0.022050632279919893
6024 0.04148728375391021
6068 0.019525577900175086
6079 0.016759385608824062
6080 0.13588423864069524
6122 0.03004018031962457
6167 0.039628058439868816
6184 0.04781980059330989
6186 0.029055574413420635
6214 0.018263913784819903
6219 0.06676223249548861
6307 0.07135040652531112
6360 0.01480280448139287
6368 0.04933081906457728
6409 0.019352813788712172
6452 0.026138779124172524
6503 0.05433052315499903
6565 0.06676223249548861
6584 0.03185457290326532
6738 0.05717435437524436
6791 0.03940204126297234
6932 0.03769961044535128
6934 0.025501098902575837
6949 0.11151538052706324
7025 0.03715944974517078
7259 0.023035238186123828
7262 0.022734592641106978
7317 0.07135040652531112
7407 0.07135040652531112
7482 0.02428919466130867
7483 0.012462754159675642
7507 0.032891318701283194
7536 0.023520276557029537
7537 0.01338956062793773
7561 0.01993925742027282
7660 0.020750104373086452
7768 0.04323162656348739
7777 0.05717435437524436
7835 0.01970102063148617
7838 0.04033552813948219
7921 0.06350687121464405
7956 0.027427292410958367
7993 0.09747597848644537
7996 0.24448309566207246
8045 0.03267599411051206
8124 0.03144671208825744
8138 0.05891869718482154
8171 0.053120610349574174
8186 0.06676223249548861
8193 0.04189881381450947
8201 0.02778279273093989
8249 0.09058949242713017
8252 0.06786199064061396
8324 0.0077509086311639925
8346 0.039976265282642816
8395 0.07925611687973763
8447 0.02411375192999759
8515 0.04024257082463027
8560 0.030188101765795096
8603 0.03079991722299781
8648 0.05313828152423215
8686 0.06350687121464405
8692 0.05566333590397697
8723 0.026530520033675828
8733 0.04933081906457728
8746 0.047133782709591586
8896 0.034055278503842386
8972 0.05811114882684127
9035 0.05566333590397697
9273 0.016489948368023057
9284 0.050169412241743615
9338 0.023018428965203667
9440 0.06098181683489923
9444 0.02697002496512551
9448 0.04323162656348739
9453 0.0316143570729668
9506 0.05566333590397697
9582 0.023603176777590364
9584 0.023855584926395414
9595 0.039628058439868816
9625 0.02319461870111739
9804 0.027427292410958367
9821 0.019879226353775634
9830 0.06350687121464405
9989 0.051075161874154465
10103 0.035154766914510534
10110 0.02540312574081136
10130 0.06676223249548861
10132 0.03492615652315321
10167 0.023940987818534674
10195 0.030188101765795096
10248 0.045875172387129244
10282 0.05717435437524436
10285 0.04232587693107654
10334 0.02264633979205994
10521 0.07925611687973763
10618 0.033847642779279444
10619 0.04740396133213516
10683 0.04933081906457728
10688 0.06098181683489923
10693 0.047133782709591586
10745 0.05313828152423215
10825 0.036632842627444075
10881 0.048934800767196265
10959 0.04255919298886783
10963 0.04638923740223478
11036 0.009030037235758905
11103 0.036736415765016475
11106 0.02018261797165357
11129 0.03833341041339409
11180 0.04474264503475478
11237 0.02919109494931364
11453 0.06098181683489923
11459 0.06350687121464405
11477 0.07135040652531112
11499 0.03195728724066466
11629 0.01438990917623677
11689 0.06676223249548861
11812 0.026423260183252466
11828 0.022123403138403244
11847 0.03689910972408771
11893 0.011537792963790119
11899 0.04933081906457728
11929 0.015152206048287254
11930 0.019410109250337884
11984 0.04148728375391021
12006 0.011975976764716146
12105 0.022270364028612436
12177 0.013885298141954869
12193 0.03448234162040947
12204 0.009030037235758905
12225 0.03637269715902425
12265 0.02892035309015165
