314
41 0.026719959520808172
84 0.01861826983144318
88 0.030977136120972665
90 0.026228138880273123
106 0.04381971496860033
122 0.12273290157870934
160 0.04117622715310051
203 0.022619834928845714
210 0.014606491579646693
230 0.01697507250430976
279 0.02462945181477431
326 0.02230849443475972
337 0.01953468971391282
344 0.021859697108153327
390 0.03147020806407332
417 0.0456554030212781
435 0.0220178235054632
450 0.04994477453366975
477 0.04210008112055433
515 0.033141729384199146
547 0.01554447690022132
625 0.030977136120972665
638 0.027421814220248895
654 0.031840308166564406
674 0.01117917929126286
711 0.025555732713523342
714 0.06493379257230832
848 0.04725409008677691
863 0.06136645078935467
887 0.01545069522857819
937 0.020642096587131776
938 0.009901504879512647
942 0.03952100109173855
949 0.0456554030212781
956 0.05126032405922401
958 0.01737241892526318
979 0.02317963933925026
1064 0.048735372052773604
1095 0.027794998314770634
1117 0.12273290157870934
1160 0.04034049958285089
1224 0.03279782245448457
1242 0.02760642109593099
1267 0.11057717571135656
1275 0.03279782245448457
1329 0.04117622715310051
1353 0.02607014356587755
1524 0.009490216949070205
1536 0.013456826780236417
1586 0.025762445232888
1710 0.02607014356587755
1742 0.017788629385848725
1814 0.045121993671959966
1823 0.03125552466829789
1828 0.12273290157870934
1838 0.02880398404524272
1929 0.01549746068723582
1974 0.030977136120972665
2077 0.06852527329834897
2080 0.012440574668940357
2099 0.022007830600914893
2105 0.019914337872651823
2154 0.020558186829928823
2166 0.0334996771539253
2179 0.06136645078935467
2194 0.0799691225288046
2238 0.04117622715310051
2243 0.020558186829928823
2278 0.01573510403203666
2279 0.060891097920126404
2373 0.034284364847309075
2375 0.04313286198832547
2382 0.015220537587012457
2405 0.030977136120972665
2428 0.027063866450522747
2433 0.03705499905464907
2464 0.0386290967526942
2495 0.034262636649174484
2541 0.019760500545869274
2578 0.017086774686408002
2630 0.007304967603938887
2677 0.06451704159395132
2748 0.02350854454979898
2756 0.022619834928845714
2757 0.03090139045715638
2768 0.021435768907873978
2791 0.04430373236690676
2822 0.0196845822992116
2824 0.051733265954954505
2889 0.09552092449969321
2891 0.04117622715310051
2952 0.06136645078935467
2970 0.05528858785567828
2989 0.0395775400876017
3025 0.030707314748450714
3037 0.0395775400876017
3089 0.021622339833897726
3112 0.040460708307006696
3118 0.12273290157870934
3239 0.01192652257096218
3300 0.022619834928845714
3301 0.023745545536977934
3332 0.01559174657110494
3350 0.0472524886800126
3361 0.0440356470109264
3436 0.049210724922001875
3442 0.024104476049834064
3591 0.01095288279076306
3616 0.02760642109593099
3683 0.023392403743098936
3732 0.0334996771539253
3737 0.03952100109173855
3765 0.01578341546396625
3784 0.0334996771539253
3830 0.022833711451753985
3903 0.018685461751906815
3918 0.01590956711773902
3933 0.02759552367965622
4048 0.01921838877586793
4081 0.012341866278943486
4196 0.5539085581616728
4244 0.04749109107395587
4320 0.027365275224385744
4381 0.01643695873147738
4410 0.009585269399793199
4431 0.01464895414550367
4451 0.02985355474340664
4504 0.03652341189373961
4552 0.015266088352896091
4554 0.05064048431202107
4556 0.04313286198832547
4578 0.049210724922001875
4624 0.013133267456840219
4676 0.016594954045872953
4704 0.06136645078935467
4712 0.02220712333216423
4756 0.04313286198832547
4861 0.09591724276653103
4869 0.026228138880273123
4926 0.01797323626153082
4965 0.025762445232888
4972 0.01391441769852475
4983 0.06136645078935467
5013 0.019099798800945093
5041 0.025465179385023934
5149 0.031840308166564406
5188 0.03602221818687793
5211 0.037620905252376734
5235 0.028592684598830187
5237 0.035548129610451736
5255 0.04430373236690676
5291 0.035548129610451736
5306 0.049210724922001875
5351 0.04773298463905024
5354 0.02350854454979898
5362 0.03652341189373961
5368 0.0806011037863869
5389 0.014112360702577762
5401 0.019387316451347534
5433 0.018225584690282987
5447 0.03652341189373961
5540 0.04979854637459253
5541 0.08983306575960458
5681 0.025465179385023934
5807 0.019760500545869274
5815 0.06136645078935467
5842 0.013057364209258045
5845 0.05126032405922401
6008 0.006751735152567112
6055 0.0476425328227728
6057 0.022647277891976413
6068 0.015130139851183041
6079 0.01298665009444554
6080 0.035098364219424104
6122 0.023277781160402973
6162 0.020102794929622858
6167 0.09212194424535215
6252 0.02476332468558322
6258 0.014032646492545911
6410 0.012115778177695364
6436 0.04344097168875727
6437 0.02210691078182168
6451 0.03246689628615416
6457 0.06493379257230832
6473 0.035098364219424104
6565 0.051733265954954505
6584 0.024683732557886973
6616 0.04214825982810109
6705 0.037620905252376734
6729 0.030191371664328996
6747 0.016179799458937143
6932 0.014606491579646693
6949 0.1440199202262136
6970 0.02947026667677534
7025 0.014397209504165315
7035 0.38219321635579
7042 0.01288163683075361
7176 0.031392327184478735
7262 0.026425151246089955
7272 0.00995118491446888
7282 0.013382830537615287
7425 0.01772794746398664
7459 0.05064048431202107
7468 0.038875685388160976
7471 0.023392403743098936
7483 0.00965724109836026
7527 0.049210724922001875
7561 0.06180278091431276
7744 0.03279782245448457
7782 0.0334996771539253
7798 0.0334996771539253
7838 0.03125552466829789
7986 0.0399845612644023
7993 0.07553298520386448
7996 0.08119159935156824
8171 0.10976675724915697
8252 0.03155127333658965
8321 0.025320242156010534
8324 0.018018262839052977
8327 0.0193145483763471
8447 0.018685461751906815
8473 0.016594954045872953
8571 0.05007472539621283
8648 0.04117622715310051
8754 0.017849734181657192
8782 0.06136645078935467
8819 0.027421814220248895
8859 0.05528858785567828
8890 0.021087405346966157
8942 0.008808383748696651
8972 0.15760375165607649
8975 0.037620905252376734
8996 0.025914944776051572
9027 0.040482181180059695
9038 0.04725409008677691
9044 0.03705499905464907
9045 0.03602221818687793
9099 0.014864407311896116
9126 0.02880398404524272
9175 0.05484362844049779
9267 0.015040664557319987
9273 0.025555732713523342
9338 0.010702025348860923
9366 0.11057717571135656
9384 0.06136645078935467
9411 0.06136645078935467
9430 0.037620905252376734
9445 0.010755712749531994
9453 0.024497592146296286
9503 0.029704107273682702
9575 0.021355971168802362
9580 0.021717135381094235
9620 0.0521402871317551
9632 0.02462945181477431
9656 0.01545069522857819
9658 0.04433276923234946
9664 0.013456826780236417
9693 0.04313286198832547
9804 0.02125308516033066
9849 0.01703074572443946
9855 0.04210008112055433
10071 0.0791550801752034
10105 0.01999228063220115
10127 0.02655293537151812
10156 0.04430373236690676
10181 0.028184773715498084
10195 0.04678480748619787
10221 0.034262636649174484
10280 0.027241013944458842
10321 0.020642096587131776
10377 0.051733265954954505
10392 0.009490216949070205
10428 0.02081236412566303
10461 0.03602221818687793
10515 0.029020501285747704
10559 0.030977136120972665
10560 0.048227017461305186
10561 0.029242500553760802
10619 0.012244256706461714
10620 0.035548129610451736
10638 0.026719959520808172
10700 0.06136645078935467
10815 0.03705499905464907
10861 0.04117622715310051
10881 0.07583799905772004
10897 0.04128419317426355
10898 0.01464895414550367
10951 0.004902989586427728
10960 0.01379776183982811
10963 0.03594647252306164
11036 0.006997269270949335
11103 0.014233307485124951
11237 0.022619834928845714
11266 0.03279782245448457
11319 0.021987820067131486
11416 0.0764517388664607
11499 0.02476332468558322
11505 0.05894053335355068
11608 0.04725409008677691
11634 0.01112205529305017
11793 0.049210724922001875
11828 0.017143163965720132
11847 0.028592684598830187
11852 0.051524890465776
11875 0.015687057321610368
11893 0.010728599502168371
11977 0.022473355751492265
11985 0.04313286198832547
12006 0.009280043040521177
12048 0.03387286124844703
12175 0.021717135381094235
12204 0.020991807812848005
12225 0.028184773715498084
12265 0.028012550322240683
