187
104 0.030205535122291537
105 0.03527623282386263
169 0.04512729667144694
279 0.04053198559268553
326 0.0367124523040251
374 0.03267088892540506
450 0.027397563116072405
517 0.04031498790133613
608 0.10098901583251342
641 0.03849621090327371
642 0.032025907573342886
644 0.04849837638851257
711 0.02102816980956306
714 0.053429844172180344
937 0.03397010894779896
938 0.03258924771371243
979 0.019073035299522107
1064 0.08020241021817032
1275 0.05397443991827668
1329 0.06776254129738575
1347 0.03120110740083249
1524 0.015617779053467673
1536 0.02214551559172838
1838 0.047401894086550135
1851 0.06290722184105454
1929 0.0255037285450849
2080 0.020473098509798875
2194 0.0658014507706759
2243 0.03383202105629358
2356 0.014860120812349834
2358 0.04671461778926396
2373 0.014105200072012231
2460 0.08685535737388296
2492 0.057056330106182385
2630 0.012021576602865153
2677 0.05308692657950435
2732 0.20328762389215724
2748 0.038687340512624784
2757 0.02542676796509305
2822 0.03239435502462434
2841 0.03397010894779896
2853 0.0349755953968046
2984 0.038687340512624784
3361 0.16305346554919142
3442 0.019834023983129005
3481 0.05010337059432403
3616 0.04543109893557078
3670 0.03214768107696724
3741 0.045741435080061496
3933 0.022706582684383785
4025 0.023423347716463743
4048 0.015813576827374592
4143 0.06405181514668577
4196 0.3314732720354018
4226 0.036380711842318836
4410 0.015774204157535266
4431 0.024107365557251098
4451 0.049129142615523314
4624 0.005403260812997629
4772 0.0723220966717533
4827 0.018070875449744297
4861 0.014349842512794366
4926 0.029578041715459753
5013 0.03143199351918636
5224 0.019023701663286607
5293 0.04512729667144694
5354 0.038687340512624784
5355 0.0809846848620357
5374 0.09098685034727456
5447 0.06010553607956289
5540 0.040976022921080234
5681 0.04190731859203586
5938 0.045741435080061496
6008 0.011111137754406667
6010 0.02775387935643029
6013 0.0250480041061917
6014 0.04190731859203586
6017 0.059280735907052504
6036 0.047401894086550135
6057 0.09317494641521977
6079 0.021371759245147382
6090 0.13026325528384933
6167 0.15160245323377322
6251 0.04429103118345676
6360 0.07550681890456604
6410 0.03987718039651563
6452 0.016666234295300533
6473 0.05776037581214689
6518 0.24764659825005433
6584 0.020310656930858397
6638 0.026794427433529385
6657 0.024177585036661328
6698 0.03757678695206931
6932 0.09614994450031325
7025 0.047386153178419904
7035 0.3144822315871137
7176 0.05166145648434205
7260 0.06928290139229136
7262 0.028991411248776067
7269 0.05010337059432403
7272 0.016376380871841106
7282 0.08809496835241606
7483 0.015892645926817817
7484 0.01142766254870863
7537 0.008537260040962448
7561 0.07628030389527915
7589 0.03190515310679699
7631 0.045741435080061496
7787 0.18197370069454913
7835 0.025122965700969207
7861 0.05936149461185374
7895 0.07290938732629342
7952 0.011810914838969325
7993 0.29003911303097657
7996 0.17815292898998777
8006 0.05397443991827668
8098 0.021256318033108654
8112 0.030639555043450395
8171 0.15806001590019486
8224 0.02214551559172838
8252 0.03461535308559346
8312 0.03097385743584137
8324 0.07907237511578193
8385 0.03453606676225808
8403 0.0496850782764046
8473 0.0273098420280356
8556 0.023557581936015745
8625 0.035896976897295554
8819 0.09025459334289387
8936 0.0927657546551154
8942 0.04348711687316411
8957 0.03830757979181542
8972 0.14820799654281863
8976 0.0496850782764046
9074 0.06010553607956289
9099 0.048923861362450194
9175 0.09025459334289387
9192 0.1555294135652492
9267 0.024751992197244766
9338 0.011741345023694515
9453 0.04031498790133613
9473 0.03775604484166915
9568 0.027135983605119405
9575 0.01757245598159158
9584 0.06084182673506285
9632 0.04053198559268553
9870 0.047401894086550135
9898 0.016834516955186098
9922 0.03739972860131127
10168 0.058500541873751435
10318 0.008996932464425334
10364 0.0601980792476926
10462 0.053429844172180344
10619 0.040300047289054695
10749 0.01675013031385339
10881 0.03120110740083249
10951 0.024206129893516296
10960 0.04541316536876757
10963 0.029578041715459753
11036 0.023030412484303073
11080 0.05950207194938701
11106 0.02573710410958377
11142 0.03468109385781337
11153 0.09086219787114155
11177 0.053429844172180344
11179 0.09211718468480512
11185 0.06397660540351555
11217 0.01757245598159158
11237 0.03722481646525841
11416 0.06290722184105454
11629 0.07340070373752752
11658 0.0851359586124024
11669 0.0488832011818581
11713 0.10098901583251342
11764 0.10769093069188666
11828 0.028212015439775282
11852 0.0847930410197264
11875 0.025815742312613455
11893 0.008827874930426386
11911 0.0509781884063191
11929 0.019322265580330126
11957 0.023693076589209952
11977 0.03698375986559196
12006 0.03054380370676981
12007 0.04075229635362675
12071 0.07513379312716353
12265 0.0276596725241205
