303
41 0.06430457024327066
68 0.06894870214930036
76 0.02133214389937932
79 0.02289815173783253
104 0.0220861210848309
169 0.06599366205441687
210 0.017576077595845157
279 0.029636764850692058
285 0.04599741448270177
308 0.05686112572327501
319 0.057437382366774016
320 0.04075941402147456
326 0.02684394312582083
344 0.008767967550582016
362 0.03321896957115805
380 0.03235716905649132
411 0.039879638730553765
435 0.013247088539827347
450 0.020032947403878534
493 0.03662992556714698
496 0.018152216249407296
503 0.043345747921373565
517 0.05895619466547973
552 0.0336777892976456
571 0.022243604472698315
627 0.03795592914146703
628 0.018152216249407296
641 0.028148217599012957
654 0.038313630892100554
712 0.03906760807755214
714 0.03906760807755214
717 0.043345747921373565
769 0.011166730606291721
846 0.02916774580865986
887 0.0185919128331715
942 0.023777927028753327
1100 0.042234068985288455
1242 0.0664379391423161
1328 0.034920540616295175
1373 0.028573155205535942
1374 0.023686574154114
1413 0.019653821907591507
1524 0.011419634111910222
1663 0.033445885652481286
1670 0.07384261271599625
1684 0.02721858098138974
1746 0.036032219552380285
1818 0.02916774580865986
1850 0.04677934185962188
1896 0.028573155205535942
1898 0.04954759735428173
1971 0.015211457875220215
2026 0.06652908434700298
2049 0.02684394312582083
2080 0.014969816983490182
2162 0.03760995745442001
2174 0.02932178053131947
2181 0.023596005433992477
2194 0.14434097625433162
2196 0.03440574626988707
2202 0.02932178053131947
2243 0.04947557529231821
2278 0.037868287252654814
2289 0.03906760807755214
2337 0.05574829055562781
2356 0.01086563857478434
2373 0.01031364468316672
2630 0.00879011066701827
2650 0.025465744618400572
2671 0.06652908434700298
2677 0.03881686862058515
2679 0.025358625006870635
2732 0.04954759735428173
2757 0.0185919128331715
2768 0.02579378734427827
2891 0.04954759735428173
2909 0.10380405521803283
2989 0.04762388776519499
3097 0.03321896957115805
3178 0.042234068985288455
3239 0.014351255057574912
3300 0.02721858098138974
3342 0.023963040392761637
3361 0.052988354159309387
3407 0.024151459526706713
3479 0.05065927629036684
3533 0.05065927629036684
3661 0.03729637197161964
3750 0.03906760807755214
3797 0.03277927298739385
3852 0.05493741613418827
3891 0.01717598450209287
3918 0.019144076087876768
3933 0.01660292832289272
4016 0.04458849924002314
4025 0.017127022970572302
4059 0.01842487201812932
4079 0.06881149253977414
4081 0.02970208118950662
4104 0.07384261271599625
4124 0.035743127739521416
4134 0.02932178053131947
4196 0.45444643628140097
4244 0.028573155205535942
4356 0.014239205957377508
4410 0.011534011287323826
4451 0.02394863917506731
4547 0.024838756752642053
4624 0.015803338306788324
4690 0.04075941402147456
4810 0.0592155559780097
4832 0.0592155559780097
4861 0.08918647006327843
4872 0.017525228383648773
4899 0.05686112572327501
4931 0.022008252162326193
4941 0.012979955509315343
4944 0.039879638730553765
4995 0.02916774580865986
5001 0.014128334277563891
5149 0.07662726178420111
5183 0.03518767364680718
5200 0.05065927629036684
5211 0.045269457510460305
5224 0.013910025984177024
5340 0.026247671995320687
5354 0.02828797051773907
5362 0.043948837269306026
5380 0.04927555121443629
5384 0.11963891619166131
5447 0.043948837269306026
5451 0.06652908434700298
5540 0.14980721251018292
5541 0.14412887820952114
5665 0.04677934185962188
5681 0.061284801544947504
5833 0.03175407970855886
5842 0.01571200348062515
6008 0.008124402790432814
6013 0.01831496278357349
6024 0.038683886113708495
6034 0.022243604472698315
6036 0.06932000828373018
6041 0.028718691183387008
6057 0.027251603261025818
6060 0.045269457510460305
6074 0.022982900716433458
6080 0.042234068985288455
6089 0.042775274336999514
6119 0.023686574154114
6122 0.028010291568198842
6125 0.024637775607218144
6162 0.024189811882598597
6180 0.061278615039888185
6184 0.04458849924002314
6209 0.020162411495744156
6214 0.01702977628117131
6251 0.03238535830368149
6360 0.027605085265083165
6398 0.02315446857968914
6452 0.024372517631877245
6473 0.042234068985288455
6518 0.045269457510460305
6584 0.01485104059475331
6628 0.02932178053131947
6729 0.03632945585897381
6791 0.01836977428922188
6818 0.03632945585897381
6905 0.038313630892100554
6932 0.07030431038338063
6934 0.023777927028753327
6949 0.17330002070932546
6970 0.03546174596800624
7156 0.07384261271599625
7161 0.04677934185962188
7185 0.03277927298739385
7256 0.030467996948682418
7262 0.02119836038885644
7269 0.036635308900312746
7272 0.011974319587533654
7282 0.032207278072023095
7312 0.01804509663787736
7396 0.05469295154574363
7470 0.024056829375721935
7483 0.023241230514668258
7542 0.012094905941299298
7552 0.02915797489411513
7561 0.111551476999029
7581 0.05493741613418827
7789 0.14531782343589525
7818 0.030642400772473752
7835 0.01836977428922188
7837 0.030642400772473752
7838 0.03760995745442001
7952 0.01727215188871732
7986 0.024056829375721935
7993 0.15148214542713367
7996 0.13026444144624197
8006 0.0394658134906286
8098 0.015542502789511784
8171 0.03302074684285937
8201 0.025905441202164776
8249 0.042234068985288455
8320 0.036032219552380285
8321 0.030467996948682418
8324 0.07227160701680027
8326 0.033771132825863324
8329 0.028429599370528136
8385 0.05050516398513443
8414 0.033445885652481286
8447 0.022484326497907367
8473 0.039937612453928205
8556 0.017225174293326567
8625 0.026247671995320687
8727 0.025252581992567216
8811 0.0308197358898273
8863 0.030467996948682418
8890 0.012687299706856857
8905 0.027607012247301894
8949 0.029636764850692058
8955 0.0592155559780097
8972 0.2980143969098317
8981 0.031183606124184814
9008 0.043948837269306026
9074 0.043948837269306026
9099 0.017886429119925162
9192 0.05686112572327501
9267 0.036197041008930425
9273 0.015375682063770083
9338 0.04292603439108026
9445 0.012942412683673903
9453 0.0884342919982196
9563 0.019408434310292575
9568 0.01984168190472983
9580 0.026132357283488013
9632 0.029636764850692058
9656 0.0185919128331715
9663 0.03518767364680718
9675 0.03133874469488036
9865 0.022243604472698315
9919 0.03321896957115805
10059 0.053310942851695055
10101 0.11372225144655002
10110 0.047373148308228
10172 0.024151459526706713
10248 0.042775274336999514
10318 0.01315701503031469
10321 0.024838756752642053
10334 0.06334821300460457
10364 0.044016504324652386
10410 0.039879638730553765
10515 0.034920540616295175
10528 0.053310942851695055
10536 0.07975927746110753
10559 0.03727497087102986
10560 0.05803185497996106
10561 0.03518767364680718
10571 0.025683302658215158
10619 0.014733586419622885
10643 0.030467996948682418
10657 0.036032219552380285
10702 0.038313630892100554
10760 0.02049319692793035
10881 0.045628156114144724
10951 0.011799592660944654
10960 0.01660292832289272
10963 0.043254602716686706
10979 0.0220861210848309
11021 0.02504364068749804
11036 0.033679421781641336
11079 0.11963891619166131
11080 0.014502529205898545
11081 0.045269457510460305
11158 0.041228433063506764
11179 0.1010333678929368
11194 0.05773252539072813
11204 0.036635308900312746
11242 0.045269457510460305
11274 0.1486427920628452
11276 0.10016473701939267
11300 0.018934143626327407
11319 0.0066145184412712355
11332 0.02002143773846318
11611 0.034920540616295175
11629 0.013417547677068315
11669 0.035743127739521416
11698 0.04075941402147456
11764 0.052495343990641374
11773 0.03795592914146703
11847 0.03440574626988707
11875 0.13213430115107402
11893 0.017213049537290567
11895 0.1476852254319925
11929 0.014128334277563891
11977 0.0405634825830792
11994 0.045269457510460305
12006 0.011166730606291721
12030 0.023241310149003835
12052 0.02601828924160531
12204 0.050519132672462
12229 0.03466000414186509
12265 0.020224600360867578
12275 0.019968806226964102
