47
279 0.11008174965271468
404 0.1317178531990502
490 0.16100191081007614
495 0.09580753011784607
938 0.044254942802982235
1664 0.08291663891780447
2181 0.08764416683382363
2187 0.15313743149548512
2194 0.17871166992199253
2658 0.11068009670325017
2677 0.07209000097211672
2679 0.09419117854485448
3819 0.1746212492915053
4196 0.33759594936442167
4676 0.0741714265715106
4861 0.03897306652882998
5255 0.19801627790063717
5373 0.13383680007516593
5384 0.14812751759829856
5540 0.1112877208210659
5541 0.13383680007516593
6122 0.10404043490050527
6162 0.04492489023720651
6436 0.06472005150684218
6657 0.06566445794092243
6905 0.14231079354979737
7042 0.05757469274527586
7593 0.12423021304310117
7789 0.13494084408452284
7993 0.33759594936442167
7996 0.2419248137267767
8200 0.12256226044811591
8324 0.053688619461020604
8949 0.11008174965271468
8972 0.3018911237641389
9445 0.024036419631561782
9625 0.08033168214503598
10125 0.21994816376070678
10168 0.1588829639339604
10298 0.08381762044933386
10559 0.13845283155597612
11079 0.14812751759829856
11376 0.17689248191793636
11669 0.13276300768486607
11736 0.0541516745981667
12007 0.11068009670325017
12083 0.10613111565888475
