358
68 0.08173632936776688
75 0.04405273714900695
84 0.019918914474710288
104 0.019636756144485717
131 0.045041130180767414
132 0.021140939728239282
186 0.03439381842643588
210 0.031253758720286635
279 0.026350028692191305
326 0.07160079804328708
343 0.017811280736636553
344 0.007795594346885787
347 0.02420002295910528
373 0.02013624598469089
417 0.04884482158237021
432 0.0347349853793082
479 0.023032511220433587
517 0.052417915006722826
534 0.05915096638382944
625 0.033141152784403737
644 0.03152901568169455
654 0.034064624745480686
674 0.011960140132035923
677 0.021388911626723024
712 0.0694699707586164
814 0.04315862689350695
842 0.04739872522614873
938 0.010593209285905547
942 0.021140939728239282
1021 0.052648512983973016
1055 0.028954507914184476
1222 0.055347274982226635
1328 0.031047830349294103
1356 0.08220542246166357
1362 0.023336788399958435
1380 0.03665617349365053
1385 0.03964360618426016
1413 0.017474200500131886
1424 0.04405273714900695
1492 0.033141152784403737
1524 0.010153189392267096
1536 0.014396900687508344
1543 0.01834075990683209
1597 0.052648512983973016
1650 0.06565341978368586
1683 0.05915096638382944
1684 0.02420002295910528
1698 0.018966395510658204
1703 0.09768964316474042
1730 0.03964360618426016
1814 0.0160913830163799
1902 0.028586576157782716
1929 0.016580090244631883
2000 0.03230049599132624
2052 0.03623916896306176
2080 0.026619309429963503
2121 0.03964360618426016
2194 0.14972238138706118
2195 0.1564266907801817
2220 0.045041130180767414
2243 0.021994351189867024
2300 0.05915096638382944
2337 0.04956576951235984
2356 0.02898189694256007
2373 0.027509564693546155
2377 0.060307440187588206
2382 0.016283821708438194
2456 0.04398870237973405
2464 0.020663834003328045
2492 0.0370925804246895
2598 0.038031469081550966
2630 0.03907640888780404
2650 0.022641577268755163
2656 0.015447332113448148
2658 0.07947976116801926
2666 0.02420002295910528
2679 0.022546337290588508
2701 0.019096690067316662
2757 0.016530057820577166
2782 0.03755028374915053
2877 0.046146059584116585
2943 0.04315862689350695
3201 0.0308161875363494
3239 0.025519383403767436
3270 0.016530057820577166
3304 0.0881054742980139
3347 0.05448827789538262
3350 0.025276738635101978
3361 0.04711191182586828
3368 0.05055519054886338
3378 0.033141152784403737
3407 0.04294609446699836
3420 0.029534964620290014
3442 0.012894189450500887
3481 0.03257242973495437
3518 0.03755028374915053
3519 0.06565341978368586
3539 0.029534964620290014
3559 0.028768738333351564
3562 0.06565341978368586
3569 0.04739872522614873
3591 0.01171803489453586
3661 0.04974027073389565
3669 0.046146059584116585
3673 0.03230049599132624
3765 0.0337720427936449
3797 0.02914403066861159
3800 0.040896271826292296
3903 0.019990800322816662
3918 0.017020985817528148
3933 0.014761652963359895
3962 0.05106753996239628
3988 0.03152901568169455
4050 0.05915096638382944
4078 0.02293323984672849
4079 0.06118025404966616
4081 0.013204050703648565
4113 0.05915096638382944
4124 0.0317791920349584
4134 0.02606997633509794
4196 0.4309845718687703
4198 0.02420002295910528
4298 0.06565341978368586
4381 0.01758522022512023
4391 0.03755028374915053
4451 0.031939079682674495
4473 0.026350028692191305
4500 0.1660418249466799
4552 0.01633255458308809
4554 0.02708907661939463
4608 0.06565341978368586
4624 0.010538053493207635
4778 0.0354569613140409
4841 0.046146059584116585
4861 0.07463118451493657
4875 0.055347274982226635
4906 0.04739872522614873
4926 0.019228819818830793
5001 0.012561492978812266
5035 0.024903932335969818
5176 0.040896271826292296
5208 0.07017805911527827
5211 0.04024904574740416
5368 0.02155794425882805
5380 0.021905430549947806
5389 0.015098229234822479
5425 0.012826699538736126
5433 0.019498796933549205
5540 0.026638699384547316
5677 0.06565341978368586
5681 0.02724413894769131
5704 0.03964360618426016
5752 0.019918914474710288
5779 0.05915096638382944
5802 0.008746912362668663
5998 0.021140939728239282
6008 0.02889360531938421
6024 0.03439381842643588
6057 0.060573457617074916
6066 0.031073352382744127
6074 0.02043408234194172
6079 0.04168163447293818
6083 0.04234236818251379
6088 0.0961086701431637
6119 0.021059717945767834
6122 0.024903932335969818
6162 0.010753573144308614
6180 0.03632185165179151
6251 0.014396900687508344
6392 0.06565341978368586
6436 0.0154918977900106
6437 0.02365126669393768
6451 0.0347349853793082
6452 0.03250438478034018
6457 0.0347349853793082
6468 0.10111038109772676
6507 0.04795330779997663
6518 0.04024904574740416
6542 0.06565341978368586
6584 0.013204050703648565
6638 0.017419179478632526
6657 0.04715387490458076
6778 0.012726366418974368
6932 0.015626879360143318
6934 0.021140939728239282
6949 0.1848971252180964
6952 0.09169735590111626
6970 0.0630580313633891
6982 0.01936283720197735
7025 0.01540297715009138
7220 0.0154918977900106
7222 0.06565341978368586
7229 0.02678643562323028
7262 0.04711862169233489
7277 0.02756217134562426
7282 0.07158867588708615
7312 0.03208776778146417
7397 0.038031469081550966
7452 0.029942900945944935
7469 0.055347274982226635
7483 0.010331881600245583
7488 0.026638699384547316
7507 0.013633792584834466
7536 0.019498796933549205
7537 0.011100223378775448
7542 0.03226071943292584
7552 0.012962168423861995
7559 0.03374659234754773
7561 0.0495901734617315
7738 0.06565341978368586
7744 0.03508902955763914
7782 0.03583991478265736
7789 0.25840396793060993
7835 0.11432788208161665
7893 0.046146059584116585
7911 0.021388911626723024
7963 0.040896271826292296
7993 0.21549228593438516
7996 0.028954507914184476
8092 0.015184294584117432
8171 0.08807617475764518
8176 0.03059012702483308
8195 0.052648512983973016
8202 0.06565341978368586
8204 0.06565341978368586
8224 0.014396900687508344
8225 0.02313284434019535
8252 0.011251799457368828
8312 0.02013624598469089
8324 0.07068230358236592
8326 0.0450388389258615
8384 0.03583991478265736
8411 0.03755028374915053
8414 0.029736715563205333
8437 0.032852482092047726
8571 0.02678643562323028
8708 0.01758522022512023
8716 0.02756217134562426
8735 0.04884482158237021
8754 0.038193380134633324
8763 0.029534964620290014
8776 0.019990800322816662
8890 0.022560540125505762
8896 0.02823253197945177
8905 0.02454537694943768
8936 0.030153720093794103
8942 0.009423724338466978
8950 0.020741685547834884
8972 0.16861371537483658
8981 0.02772532428009175
9027 0.04331020615640261
9036 0.04159148295749556
9042 0.028768738333351564
9074 0.03907488313481079
9115 0.026638699384547316
9139 0.02708907661939463
9231 0.06565341978368586
9267 0.0160913830163799
9273 0.027341018197058177
9338 0.01144965292479158
9453 0.052417915006722826
9485 0.02823253197945177
9563 0.017256026544165037
9580 0.023234262163348913
9582 0.019567522935241517
9584 0.019776774524013836
9650 0.03152901568169455
9656 0.03306011564115433
9664 0.02879380137501669
9784 0.0370925804246895
9821 0.01648029082177106
9865 0.019776774524013836
9866 0.03257242973495437
9876 0.038031469081550966
9923 0.017529546131305276
10004 0.01558166935806987
10071 0.04234236818251379
10109 0.06565341978368586
10141 0.02043408234194172
10167 0.01984757529233488
10181 0.030153720093794103
10183 0.026936535741798145
10217 0.03623916896306176
10229 0.040896271826292296
10250 0.03623916896306176
10282 0.04739872522614873
10298 0.020063241279492893
10318 0.005848946828356143
10340 0.0347349853793082
10422 0.052648512983973016
10521 0.032852482092047726
10536 0.0354569613140409
10559 0.06628230556880747
10560 0.025798042591469818
10567 0.03755028374915053
10579 0.032036223381054565
10591 0.033141152784403737
10620 0.038031469081550966
10646 0.022358709890703366
10694 0.03755028374915053
10702 0.034064624745480686
10723 0.024313734136492973
10745 0.04405273714900695
10790 0.03755028374915053
10845 0.017474200500131886
10869 0.052648512983973016
10881 0.040567964446747706
10898 0.03134461659541029
10951 0.010491010295437196
10959 0.017641226703553482
10963 0.019228819818830793
10989 0.05915096638382944
10997 0.025798042591469818
11021 0.02226628493349514
11036 0.03743044048302807
11067 0.011658472426039334
11071 0.022358709890703366
11079 0.0709139226280818
11080 0.025788378901001774
11121 0.040896271826292296
11179 0.029942900945944935
11194 0.025664975718205387
11217 0.01142393377813612
11228 0.04159148295749556
11274 0.0881054742980139
11276 0.12467896515645585
11293 0.052648512983973016
11319 0.029404820598773213
11494 0.02724413894769131
11510 0.033438989141654565
11532 0.046146059584116585
11569 0.04024904574740416
11611 0.031047830349294103
11669 0.0317791920349584
11687 0.055347274982226635
11693 0.03583991478265736
11701 0.055347274982226635
11752 0.04739872522614873
11764 0.07001036519987532
11773 0.03374659234754773
11795 0.03257242973495437
11847 0.03059012702483308
11875 0.06713172727174165
11893 0.015304111345241022
11930 0.0160913830163799
11977 0.04808662192850109
12004 0.017095662685761973
12006 0.01985666609403129
12024 0.01810173914834501
12051 0.03180562540380438
12078 0.020063241279492893
12124 0.03152901568169455
12137 0.02226628493349514
12138 0.05768645945649239
12177 0.011511200056482655
12204 0.029944352386422457
12265 0.011987786172158595
12275 0.017754252857225254
