200
47 0.08960939699796952
69 0.05245010402761481
79 0.034651191493619865
106 0.03989636650529796
132 0.03598253309822124
210 0.026597431856218524
230 0.030910457293993696
279 0.044848563580613295
319 0.04345926601567155
344 0.013268342619246757
517 0.044608456055284296
531 0.10067677374127673
641 0.04259598282842912
644 0.05366335957173634
646 0.054976442913006546
711 0.023267629179714106
719 0.11174415048458394
744 0.030025913318598954
846 0.04413880897571389
937 0.03758785977809727
938 0.018029969748096276
979 0.021104276629868964
1104 0.0749791207442887
1328 0.05284436725767427
1356 0.04663872361089886
1359 0.09420277336508857
1575 0.06161943947748425
1597 0.17921879399593904
1622 0.02856506888468133
1711 0.08960939699796952
1814 0.027388031441649995
1876 0.06100064313516693
1887 0.05640726676804786
1897 0.10067677374127673
2053 0.05640726676804786
2105 0.036262660450756955
2121 0.06747464351135508
2167 0.06614286446481335
2194 0.03640458893676571
2261 0.05132256395680145
2343 0.05245010402761481
2373 0.01560737656931052
2428 0.04928146774730068
2456 0.03743506579351118
2611 0.11174415048458394
2677 0.02937029073687802
2757 0.028134669522278895
2782 0.12782348800196297
2841 0.03758785977809727
2853 0.038700428587107503
3039 0.06747464351135508
3183 0.0665066592961975
3201 0.05245010402761481
3300 0.04118918734442853
3301 0.0864780602329668
3316 0.06747464351135508
3361 0.06013944797580567
3362 0.04177699051436705
3441 0.05591594032392051
3518 0.06391174400098149
3523 0.0483510968582375
3537 0.0785420202546623
3559 0.04896528217670213
3654 0.06034884449060789
3725 0.03669228770312064
3727 0.0707899900080189
3741 0.050612809351902044
3819 0.03557134686759164
3931 0.11174415048458394
3962 0.04345926601567155
4013 0.05132256395680145
4025 0.025917888896176182
4059 0.027881890899115448
4080 0.0766613962455932
4115 0.08067409590999458
4143 0.07087320944321626
4196 0.36677453371138086
4217 0.10067677374127673
4451 0.09060216863439902
4485 0.04993326639185971
4514 0.05640726676804786
4547 0.03758785977809727
4624 0.00597869762783325
4655 0.03490872690811944
4820 0.03041300741755995
4861 0.039695182390903236
4869 0.04775966444642785
4991 0.057437743624793335
5236 0.057437743624793335
5247 0.038700428587107503
5259 0.11174415048458394
5368 0.03669228770312064
5379 0.11174415048458394
5389 0.025697652996988025
5423 0.05543928255289029
5425 0.021831439218239084
5427 0.06747464351135508
5540 0.045339890024740655
5673 0.07206801987847414
6008 0.01229445241195851
6066 0.026443903273875493
6090 0.07206801987847414
6150 0.03354107931197708
6214 0.025770727950824118
6251 0.024503970124284426
6256 0.08960939699796952
6280 0.03174009062780531
6410 0.022062011449439835
6617 0.10067677374127673
6628 0.04437190580958307
6666 0.02584413888264045
6791 0.05559702581049056
6892 0.05972261326471169
6949 0.20980041611045924
6952 0.022295962148361395
7102 0.06981745381623888
7117 0.0665066592961975
7176 0.05716330157344229
7262 0.09623682124152448
7405 0.05366335957173634
7451 0.08604649748759592
7482 0.03427251328143343
7483 0.01758518194681511
7488 0.045339890024740655
7536 0.03318755528637814
7558 0.04280746737111253
7559 0.11487548724958667
7561 0.028134669522278895
7620 0.1415799800160378
7706 0.05797904459968061
7707 0.06034884449060789
7789 0.054976442913006546
7835 0.02779851290524528
7901 0.050612809351902044
7952 0.013068754401124523
7993 0.3209277169974582
7996 0.09856293549460136
8138 0.08313539662178136
8159 0.08313539662178136
8171 0.024984728794153997
8176 0.052065342047191994
8200 0.04993326639185971
8222 0.03640458893676571
8249 0.06391174400098149
8252 0.019150910583625273
8324 0.043746714983168976
8385 0.038214091003993464
8402 0.04896528217670213
8439 0.06238994070010867
8455 0.03853666459209799
8512 0.05452664275897877
8680 0.0665066592961975
8719 0.04302179071717138
8754 0.03250315696685085
8819 0.04993326639185971
8890 0.019199368434303955
8943 0.058539342423380145
8972 0.040997965303884776
8996 0.09437871839109638
9000 0.03217165337317617
9008 0.0665066592961975
9338 0.006495887767611721
9473 0.04177699051436705
9620 0.09494393136014585
9632 0.044848563580613295
9693 0.0785420202546623
9821 0.028049964551508464
9826 0.08960939699796952
10063 0.05591594032392051
10107 0.0766613962455932
10260 0.10067677374127673
10269 0.10337926827073261
10312 0.061419227542119675
10318 0.009955088352100855
10590 0.061680186095209255
10619 0.022295962148361395
10643 0.046106446004176696
10808 0.05245010402761481
10951 0.01785602390631233
11021 0.037897905433394906
11036 0.012741553411294165
11262 0.06747464351135508
11497 0.017067292778971677
11526 0.08960939699796952
11669 0.0540891674604786
11768 0.03758785977809727
11771 0.05284436725767427
11828 0.031216540460241797
11847 0.052065342047191994
11893 0.006512017678705875
11957 0.052432686743246124
12004 0.02909734649140349
12006 0.0168983298314411
12016 0.049604041335405205
12021 0.023712063227308178
12055 0.11174415048458394
12122 0.08313539662178136
12149 0.11174415048458394
12204 0.012741553411294165
12286 0.03971993543342955
