223
41 0.042042922090545776
79 0.029942046292796228
88 0.04874144062636265
90 0.08253811901658037
95 0.07435265859706298
106 0.03447439471268823
210 0.02298280381080176
279 0.038753581305952814
319 0.03755309121568813
320 0.053297762870609756
330 0.029086148195086838
344 0.011465156371529584
411 0.05214735244492961
490 0.056679700864821624
493 0.02394898373437481
505 0.03834170199009622
571 0.029086148195086838
674 0.017590047754854957
714 0.05108552615948437
769 0.029203646528409306
846 0.03814028334070576
938 0.015579671739559505
1232 0.0417801154313376
1335 0.03939541481900368
1374 0.09291900603511746
1423 0.05214735244492961
1524 0.014932524560952912
1664 0.029190276481386074
1933 0.04102045940511146
2000 0.04750506772667831
2049 0.03510163601661058
2052 0.053297762870609756
2099 0.03462855198622727
2105 0.06266902874704519
2130 0.04532206181556502
2172 0.0423108321093257
2187 0.053911060835856825
2194 0.18874292748326826
2195 0.04601205220977526
2196 0.0899791790486819
2202 0.03834170199009622
2243 0.06469517639354862
2250 0.07435265859706298
2255 0.0774313551000629
2266 0.021529151893909637
2278 0.024758636044727837
2337 0.10934624215562555
2373 0.05394524939593413
2456 0.03234758819677431
2607 0.05919517906715899
2650 0.03329947818386027
2658 0.038964225587545885
2675 0.03261292199811702
2677 0.05075765461273712
2679 0.09947821980184668
2701 0.028085932650906458
2768 0.03372843291333814
2942 0.04750506772667831
2989 0.06227387557015888
3008 0.0974828812527253
3097 0.04343773838546297
3279 0.05108552615948437
3304 0.06478935377249624
3342 0.031334514373522596
3361 0.017322137736075025
3363 0.04498958952434095
3378 0.04874144062636265
3407 0.03158089471441757
3423 0.0774313551000629
3472 0.028778397165529476
3539 0.04343773838546297
3591 0.01723397812336966
3661 0.04876942510091381
3721 0.024458690917752053
3749 0.03834170199009622
3765 0.024834652393746503
3887 0.023526595672146114
3918 0.012516573805145858
3977 0.04286278300842701
4005 0.06786805027549614
4081 0.019419495078705894
4196 0.5150102158195289
4244 0.03736278568203739
4410 0.015082086268827137
4451 0.015657841537589846
4568 0.054552894348907685
4624 0.015498552871653064
4772 0.023049617173550276
4839 0.04750506772667831
4861 0.1234819864790428
4872 0.022916312441412286
4931 0.028778397165529476
4944 0.05214735244492961
4995 0.03814028334070576
5131 0.06478935377249624
5149 0.05009961166083931
5159 0.054552894348907685
5200 0.06624300568938836
5211 0.11839035813431797
5224 0.018189006987148693
5291 0.05593373906547152
5340 0.03432194086929459
5351 0.03755309121568813
5362 0.05746831163922971
5540 0.11753440740538774
5541 0.047116396040254874
5833 0.04152222133491762
5842 0.04109061211190882
5845 0.026885442560641768
6008 0.0212472384005163
6013 0.02394898373437481
6024 0.1011675284593564
6036 0.13596618544669506
6068 0.023806746057641874
6074 0.030052865623089318
6080 0.055226048947929506
6089 0.05593373906547152
6122 0.07325354958007778
6146 0.08807539907450997
6162 0.01581552248180182
6180 0.02670968308257658
6184 0.058304745450929396
6209 0.026364741805013612
6251 0.021173846444896765
6280 0.027426568090458864
6294 0.04258404762036287
6300 0.05746831163922971
6409 0.023596101776048813
6468 0.07435265859706298
6507 0.035263005487096336
6657 0.046233511326863284
6791 0.024020656271891903
6905 0.05009961166083931
6932 0.02298280381080176
6934 0.06218491343695277
6949 0.09064412363113004
6970 0.1854817369636191
7161 0.06116953173967926
7256 0.03984051575564309
7396 0.07151751398199656
7469 0.08140048521929237
7482 0.029614830977229164
7483 0.045585993660483284
7507 0.02005152615266242
7561 0.09724451494531794
7655 0.054552894348907685
7789 0.14251520318003494
7911 0.03145715458054471
7920 0.08140048521929237
7956 0.033440986423788205
7990 0.05108552615948437
7993 0.15846468179062426
7996 0.04258404762036287
8034 0.08140048521929237
8098 0.020323663820455026
8171 0.04317853868345395
8193 0.05108552615948437
8249 0.055226048947929506
8324 0.09450368867005528
8385 0.03302074279579612
8514 0.038546104727839384
8615 0.06227387557015888
8811 0.040300456094030254
8863 0.03984051575564309
8942 0.013859683859239687
8955 0.0774313551000629
8972 0.1417051387990968
9267 0.02366595981109148
9338 0.011226175139544691
9445 0.025385606935783983
9453 0.07709220945567877
9625 0.02828025885555897
9664 0.021173846444896765
9818 0.05009961166083931
9821 0.02423793528909968
9892 0.05593373906547152
9898 0.01609587618345
10101 0.07435265859706298
10103 0.04286278300842701
10110 0.03097300201170582
10248 0.05593373906547152
10334 0.05522352919037617
10364 0.028778397165529476
10501 0.03755309121568813
10515 0.045662744123362756
10521 0.048316886130519564
10536 0.05214735244492961
10559 0.0974828812527253
10560 0.07588352580422313
10561 0.04601205220977526
10619 0.019265909829149407
10657 0.047116396040254874
10686 0.04601205220977526
10963 0.02828025885555897
11036 0.03302987565261794
11054 0.08699465992462964
11079 0.10429470488985922
11080 0.018963775147327545
11103 0.022395611685784127
11158 0.053911060835856825
11194 0.037746058451371814
11276 0.0785863564992946
11299 0.058304745450929396
11470 0.11839035813431797
11611 0.045662744123362756
11669 0.046738374244321576
11687 0.08140048521929237
11698 0.053297762870609756
11764 0.03432194086929459
11795 0.04790500681466297
11821 0.05214735244492961
11847 0.04498958952434095
11875 0.049366072451478185
11893 0.01969458891216683
11929 0.01847447094518034
11930 0.04733191962218296
11965 0.031212954711000773
11977 0.01768051976720454
11994 0.05919517906715899
12006 0.029203646528409306
12052 0.0340219957423188
12105 0.0271533525794217
12265 0.03526141481878521
