236
26 0.022430134815850423
68 0.020838951684062496
111 0.021232708009810614
116 0.025777557628140255
132 0.021559814342540843
210 0.015936501503191838
344 0.00795005184107851
362 0.15060076846451473
456 0.013645841756099952
484 0.038294283818425104
514 0.039302260310300347
522 0.05525160850299188
587 0.016706116538905497
628 0.016458895334720575
641 0.025522424422209117
734 0.10738332164384304
769 0.050625237093563556
784 0.039302260310300347
811 0.037827511819346835
855 0.18373419856609838
866 0.13780064892457378
901 0.06695423948437
952 0.019704085230156647
956 0.01864262947675132
958 0.018954283361400582
979 0.025290286524941242
1064 0.026586512090962584
1068 0.027944731391736356
1113 0.028443988747096794
1205 0.013792464215764034
1232 0.028970741683923926
1492 0.03379779282824877
1505 0.0515568624808736
1524 0.010354358940323454
1549 0.037827511819346835
1587 0.022993057656755255
1602 0.06695423948437
1622 0.017115459330073236
1664 0.020240823915729466
1675 0.041706567409545287
1715 0.06695423948437
1814 0.016410208571970574
1929 0.016908598768641744
1958 0.026718341546151596
2030 0.5404357861948391
2042 0.012710895605369728
2099 0.02401177747175034
2129 0.022521685066949782
2154 0.06729040444755127
2167 0.019815557093390297
2177 0.02762580425149594
2186 0.031905208139199816
2217 0.05369166082192152
2227 0.020313576572287488
2249 0.11488285145527531
2266 0.029857050022633187
2278 0.017167880985797804
2356 0.049260213075391614
2373 0.028054623638358384
2630 0.007970129347362116
2705 0.037408306686029166
2858 0.04104651755945089
2937 0.031662994487200856
3270 0.0337151500609089
3285 0.06160564249740083
3332 0.017011469955868098
3339 0.17892131864699135
3340 0.17050765173255494
3341 0.04706037149069727
3400 0.042626884121024215
3424 0.045933549641524594
3442 0.013149667622343706
3452 0.03473956194009039
3472 0.019955222759738336
3591 0.011950209405693683
3709 0.02672824695343265
3741 0.030325902014813003
3770 0.040429082159473016
3784 0.036550026569274564
3918 0.008679114998439348
3971 0.03350340257817796
4105 0.013288825395599347
4173 0.04492557314964935
4205 0.02603968164785185
4226 0.024119879505927925
4320 0.014928525011316593
4356 0.05164363343449226
4410 0.020916132989958966
4431 0.01598283054401038
4596 0.023488864361678696
4624 0.028658262721952998
4699 0.019342184936593978
4765 0.04981260523172305
4772 0.01598283054401038
4861 0.023784338926474215
4972 0.045544230253944905
4987 0.04981260523172305
5166 0.06695423948437
5181 0.019815557093390297
5252 0.02515204546260638
5351 0.02603968164785185
5370 0.02972147399716907
5389 0.015397377003496408
5401 0.02115264956577815
5410 0.0515568624808736
5471 0.1807209221574177
5472 0.1813540534744338
5581 0.04492557314964935
5590 0.043181315900498805
5776 0.04981260523172305
5802 0.01784043746718705
6008 0.014733043430904657
6057 0.012354725164515358
6079 0.014169163595722544
6214 0.030882323296986678
6251 0.01468215272928786
6360 0.01251497896569176
6570 0.0253973647560002
6620 0.025777557628140255
6638 0.08882156620906101
6696 0.061502337674304346
6732 0.060505861023171424
6778 0.012978519440255992
6791 0.016656158575601817
6817 0.0355286264836244
6868 0.02861637049610426
6911 0.036550026569274564
6982 0.03949296299840903
7041 0.1992504209268922
7102 0.02091641711324432
7205 0.017220591467529096
7220 0.047396536453878535
7229 0.05463433379584825
7382 0.027783938897002397
7394 0.02630919040604888
7404 0.06032295015314577
7406 0.06032295015314577
7470 0.021812699415872546
7483 0.010536591654573556
7484 0.007576373021614
7773 0.14485370841961961
7833 0.014521360234553901
7838 0.03410153034651099
7844 0.03142676203466703
7854 0.024795472703442782
7911 0.15268889591110782
7951 0.02076210847388078
7971 0.061942215816231654
7984 0.02672824695343265
8092 0.01548514760291052
8169 0.023488864361678696
8222 0.021812699415872546
8224 0.01468215272928786
8281 0.05369166082192152
8324 0.019658935292825398
8352 0.04278972643555422
8369 0.028108272608866138
8385 0.04579381362985739
8432 0.035423204720101895
8444 0.023799170317022056
8455 0.02309018466594482
8461 0.040429082159473016
8556 0.015618332049423356
8746 0.03984909075341109
8837 0.0375321508495519
8890 0.034511312847907434
8942 0.009610440678814273
8985 0.059056392292305894
8997 0.05369166082192152
9000 0.019276432593694867
9027 0.058891106757626155
9109 0.03321780142218683
9338 0.0583825493375065
9445 0.005867542916317566
9568 0.017990759984772144
9575 0.02330056227246137
9578 0.01675633674993696
9580 0.02369461268358876
9602 0.03142676203466703
9664 0.01468215272928786
9670 0.04706037149069727
9821 0.016806821976501417
9849 0.11148899242150759
9898 0.011161038361741652
9923 0.017876866636875037
10116 0.023488864361678696
10198 0.0515568624808736
10218 0.017063323352364507
10237 0.028970741683923926
10269 0.030971107908115827
10276 0.02630919040604888
10298 0.02046076298669312
10318 0.04771867640313412
10420 0.12242013122292575
10490 0.11643723953413031
10570 0.039302260310300347
10617 0.06695423948437
10619 0.05343668309230319
10723 0.024795472703442782
10726 0.15720904124120139
10749 0.0111050912535686
10839 0.10738332164384304
10845 0.017820424418690427
10881 0.020685877566699876
10925 0.04278972643555422
10951 0.005349436617833549
10960 0.015054132000288491
11036 0.022903239627394375
11080 0.026299335244687413
11136 0.030325902014813003
11244 0.02672824695343265
11276 0.018164183372218534
11332 0.02723062107075354
11497 0.08181028559384163
11562 0.04981260523172305
11637 0.03002415900157282
11736 0.026437986985215708
11812 0.24573397587969645
11877 0.030536172638028186
11893 0.007803669172762207
11929 0.07686227574639935
11945 0.02207245097971759
11953 0.0253973647560002
11971 0.06032295015314577
12004 0.05230315941094096
12006 0.010125047418712712
12051 0.04865370609602983
12098 0.019475061075853183
12105 0.01882840091056567
12177 0.011739276459224894
12186 0.014363225589047447
12193 0.029152974398174027
12204 0.030537652836525833
12223 0.03473956194009039
12265 0.012225305382455816
12270 0.014521360234553901
