42
374 0.06629966460346931
674 0.0746678130139644
979 0.07741055630384985
1178 0.13097425860316536
1205 0.08443418200820219
1622 0.10477676690853266
2042 0.15562615298351065
2080 0.08309290681943844
2091 0.15179198020532422
2181 0.13097425860316536
2489 0.24749721500643448
3075 0.31561883666201623
3677 0.1895977485387054
3803 0.13301155816815788
3891 0.09533867256617402
4320 0.09138887570785549
5041 0.17008665870258463
5110 0.20876144936773636
5802 0.05460745522503345
6008 0.045096092007908165
6666 0.1895927733687573
6747 0.10806788308221921
6868 0.175182606754247
6952 0.08178166271719076
7282 0.08938640862135672
7966 0.21472250113713331
8823 0.1285234216468794
8890 0.07042334675800124
8943 0.21472250113713331
8986 0.21478939601225425
9010 0.212667326871315
9445 0.03591970069939028
9757 0.4098779126345476
10004 0.09727721926580227
10899 0.1909758463987866
11217 0.07132024723899094
11319 0.07343036526126791
11332 0.055566459570884984
11637 0.09190037639845969
11893 0.011943051164702645
11991 0.15701793154410984
12270 0.08889630988852806
