344
79 0.019474364620729136
84 0.01905365235026559
104 0.018783750758055023
105 0.021937037776812794
117 0.05096307007902656
132 0.020222593778953826
201 0.020067873541734685
210 0.014948059896825386
279 0.02520540397710799
285 0.0391197696435447
298 0.0628014863838404
326 0.022830171721965976
335 0.019991502430081208
343 0.01703757257955651
344 0.014913919605191528
450 0.01703757257955651
456 0.012799475460277725
457 0.02751904675605634
494 0.09067952306853179
500 0.04213912057208212
505 0.024937516876196733
517 0.05014092162160322
571 0.01891768684827538
576 0.018717524985475548
712 0.03322612467909211
814 0.04128384976941194
825 0.05294303248225764
935 0.046723040591536445
938 0.020266097056996897
952 0.018481963947579245
956 0.017486343661875077
1068 0.026211494320802393
1133 0.029261315741961946
1162 0.028444975809269725
1291 0.0628014863838404
1340 0.04128384976941194
1445 0.05036150260239803
1492 0.03170152693023447
1497 0.0628014863838404
1564 0.025766433617472027
1622 0.016053894336619124
1638 0.028251988770115186
1684 0.02314879281783472
1703 0.046723040591536445
1706 0.02734479756345784
1730 0.03792151882095565
1736 0.021566941966246415
1745 0.06397285101638642
1746 0.030644594799232497
1759 0.015576465181383935
1814 0.015392385876165076
1850 0.03978478134490021
1851 0.0391197696435447
1926 0.034283056810094074
1929 0.01585986404321065
1958 0.012530584887019308
1971 0.012937003844963635
2000 0.09269216283968641
2053 0.03170152693023447
2080 0.025462987369448405
2159 0.056581494493119215
2194 0.12275876382828688
2195 0.029926327443317448
2258 0.033916738541766224
2266 0.014002601888232638
2299 0.03322612467909211
2337 0.0711190066577888
2356 0.018481963947579245
2373 0.026314570638046413
2436 0.05036150260239803
2480 0.020953875715040104
2505 0.09344608118307289
2541 0.020222593778953826
2630 0.0074757920266222315
2641 0.07183825736272187
2663 0.0391197696435447
2666 0.04629758563566944
2675 0.021211507327457843
2701 0.01826714473047176
2713 0.08256769953882388
2756 0.02314879281783472
2891 0.04213912057208212
2900 0.020869616396860673
2901 0.046082647702481515
2959 0.046723040591536445
3008 0.03170152693023447
3085 0.02884386598796957
3101 0.11376455646286696
3112 0.02070343476882167
3148 0.03258488398886926
3221 0.030159419807128697
3239 0.024410841272794522
3270 0.015812004988672815
3301 0.07290248346785953
3361 0.09013081416923113
3362 0.023479144899918564
3405 0.035919128681360935
3442 0.012334075907611895
3446 0.0628014863838404
3449 0.028444975809269725
3488 0.045339761534265895
3523 0.02717386760576129
3561 0.025622853731100365
3591 0.011209012589126788
3683 0.02393942791640751
3701 0.035481307632683125
3721 0.04772393914766779
3737 0.020222593778953826
3797 0.02787803668469139
3800 0.0391197696435447
3850 0.04414151071167684
3868 0.03792151882095565
3897 0.07863448296240719
3918 0.016281607455955478
3933 0.014120418260554742
3939 0.029261315741961946
4025 0.014566149006928548
4048 0.009833902445897939
4059 0.031339881041882206
4079 0.029261315741961946
4081 0.06315238514679619
4097 0.026520957796267123
4105 0.012464602593742947
4113 0.056581494493119215
4124 0.03039872869453814
4134 0.024937516876196733
4143 0.019915775808064605
4196 0.30919720340966433
4203 0.0391197696435447
4320 0.014002601888232638
4356 0.01211012538909293
4429 0.024178736803816953
4451 0.0814711225264481
4457 0.046723040591536445
4461 0.0628014863838404
4545 0.11316298898623843
4600 0.02769674665104504
4624 0.026880769761224728
4683 0.060318839614257394
4820 0.017092456857408626
4861 0.03569463200521143
4869 0.053682951696749706
4905 0.021937037776812794
4926 0.05518060460559728
4984 0.05294303248225764
5146 0.01954644172675084
5208 0.13425915781671607
5224 0.01183016520290216
5293 0.02806306491937289
5294 0.04414151071167684
5329 0.032280666670499364
5345 0.0391197696435447
5351 0.02442460290851131
5368 0.06186445187296101
5380 0.020953875715040104
5384 0.033916738541766224
5389 0.014442373921037085
5423 0.031157508766917922
5425 0.024539035410055376
5540 0.02548153503951328
5545 0.045339761534265895
5672 0.034283056810094074
5700 0.04259810973067031
5818 0.04414151071167684
6008 0.0414577344262636
6024 0.03289977775282352
6034 0.01891768684827538
6055 0.04875663881281636
6057 0.02317687752622532
6074 0.01954644172675084
6079 0.02658067783250392
6088 0.0919337843976975
6167 0.03142539586782918
6180 0.0173720293585733
6209 0.01714767888678816
6214 0.014483442878100482
6225 0.056581494493119215
6251 0.02754302107872005
6280 0.017838292749462276
6360 0.023477506044749165
6436 0.014818941820924858
6452 0.010364139877371064
6584 0.012630477029359238
6666 0.014524700658618708
6698 0.023367670777509342
6778 0.012173542977811239
6817 0.03332500778936872
6907 0.045339761534265895
6934 0.020222593778953826
6949 0.17686533816599329
6952 0.07518350932211584
6970 0.030159419807128697
6982 0.0370434612819564
7121 0.023479144899918564
7220 0.029637883641849716
7259 0.01826714473047176
7262 0.03605746038376882
7282 0.027391567834686832
7392 0.04213912057208212
7438 0.03978478134490021
7483 0.03953229085553335
7484 0.02842583178123388
7537 0.005309019162113604
7542 0.05143223152922064
7552 0.012399101927337772
7561 0.06324801995469126
7580 0.037970824172773615
7589 0.01984068288905699
7691 0.10588606496451528
7706 0.03258488398886926
7745 0.031157508766917922
7768 0.10284917043028223
7789 0.5252555894248897
7806 0.05294303248225764
7819 0.04308457858067487
7827 0.046723040591536445
7835 0.0781154056896526
7952 0.01468957789766729
7956 0.06525024607790955
7963 0.0782395392870894
7979 0.035481307632683125
7993 0.18036503532230416
7996 0.11078698660418015
8098 0.013218550121735853
8157 0.0628014863838404
8171 0.014041702392166604
8176 0.029261315741961946
8201 0.022031996879394
8222 0.020459793971381146
8252 0.03228909016821272
8283 0.03637941169784988
8324 0.03687922875746755
8326 0.0574431824747957
8329 0.024178736803816953
8352 0.020067873541734685
8369 0.05272978419629615
8382 0.048359112462803305
8391 0.07275882339569976
8412 0.021211507327457843
8473 0.016983021946792094
8514 0.02507046081080161
8668 0.03978478134490021
8680 0.03737750065763911
8735 0.09344608118307289
8754 0.01826714473047176
8769 0.03637941169784988
8786 0.02314879281783472
8800 0.03322612467909211
8860 0.0628014863838404
8863 0.025912348238201884
8890 0.03237079176162205
8927 0.028642204659637783
8944 0.024677395722507618
8972 0.046082647702481515
9027 0.013809614849078104
9031 0.05036150260239803
9045 0.03686458668995368
9109 0.031157508766917922
9115 0.05096307007902656
9166 0.05036150260239803
9267 0.015392385876165076
9273 0.03923001850505778
9338 0.014603051897375274
9445 0.016510847680604523
9453 0.02507046081080161
9473 0.023479144899918564
9503 0.03039872869453814
9568 0.01687490556116858
9575 0.010927686996066971
9618 0.01940286184037918
9625 0.018393534868532426
9658 0.015123159139294757
9675 0.03997934950808897
9692 0.03737750065763911
9769 0.048359112462803305
9898 0.020937577787529516
9923 0.01676807630596003
9995 0.02969913679063975
10004 0.05961925512806188
10168 0.03637941169784988
10169 0.04414151071167684
10191 0.053041915592534246
10290 0.05036150260239803
10312 0.017259153009197382
10334 0.017958744913095764
10392 0.029136428268560357
10418 0.02520540397710799
10420 0.016403882206527196
10429 0.028444975809269725
10460 0.016353040419219634
10476 0.022830171721965976
10490 0.021843073028651704
10494 0.03850065856122054
10501 0.02442460290851131
10536 0.033916738541766224
10559 0.03170152693023447
10560 0.049354791445015235
10561 0.029926327443317448
10628 0.021038933711646043
10638 0.02734479756345784
10702 0.03258488398886926
10745 0.04213912057208212
10801 0.08715049083806148
10898 0.014991515436736658
10951 0.015052933473817587
10963 0.018393534868532426
10980 0.020953875715040104
11011 0.014442373921037085
11036 0.014321796525335944
11067 0.011152037467852115
11079 0.033916738541766224
11080 0.012334075907611895
11081 0.03850065856122054
11096 0.03792151882095565
11103 0.014566149006928548
11106 0.016004992027827354
11121 0.0391197696435447
11129 0.03039872869453814
11177 0.03322612467909211
11179 0.028642204659637783
11299 0.03792151882095565
11319 0.0112509992413952
11332 0.008513891933597733
11376 0.04050304870081526
11470 0.03850065856122054
11487 0.034283056810094074
11579 0.056581494493119215
11669 0.03039872869453814
11693 0.034283056810094074
11699 0.05036150260239803
11754 0.029477556360998882
11764 0.022323056495325712
11771 0.02969913679063975
11780 0.05182469647640377
11847 0.029261315741961946
11875 0.03210778867323825
11893 0.014639312672997411
11896 0.05036150260239803
11977 0.022998888269930278
12004 0.06541216167687854
12006 0.02849116198611128
12078 0.0575751291333132
12204 0.021482694788003916
12265 0.005733523040716633
