193
27 0.09455538858371763
68 0.034909624671032924
137 0.053042171711282685
159 0.04115142688450033
210 0.026696990063625053
432 0.059341314293159544
456 0.022859653462802734
464 0.040961760577711046
495 0.039179190048423435
496 0.02757210954495089
571 0.03378667875972572
587 0.027986257030854268
593 0.03697599528775812
763 0.061228977762134415
826 0.043621940616855356
913 0.04233912688743201
931 0.04213496341468422
937 0.03772855681832224
956 0.06246064656047519
975 0.15342852848938532
1031 0.11216242572899668
1143 0.041343364698043374
1413 0.14926478485258315
1524 0.052037183510381696
1530 0.0538642296373598
1553 0.03251313700966096
1575 0.030925045176343337
1587 0.03851820499447819
1698 0.06480445146102172
1745 0.05712723188542173
1780 0.15767202981482692
1905 0.03427607910309109
1951 0.08994481851460787
1971 0.02310527690455827
2096 0.039348785449803886
2278 0.028759809547882566
2283 0.06986726763697378
2373 0.015665797338727624
2480 0.14969311485771192
2630 0.013351642074624508
2704 0.03530213284107589
2748 0.0429677021914561
2756 0.041343364698043374
2763 0.2020293423172653
2776 0.07105496763990546
3152 0.03625719249208076
3166 0.10105362212180229
3205 0.10105362212180229
3361 0.04024303934608638
3362 0.08386673620817656
3390 0.047938436088905516
3591 0.08007645133359921
3595 0.040961760577711046
3619 0.05429163138938676
3713 0.0752597789256715
3737 0.03611722115805238
3814 0.09958567080512909
3876 0.0425459248002078
4198 0.041343364698043374
4212 0.0863685825328659
4230 0.09767472085103328
4289 0.0400457046351134
4297 0.037575190902758376
4534 0.06583954783124418
4624 0.006001076796681974
4791 0.041343364698043374
4805 0.05661840769302464
4861 0.023906260474902772
5001 0.0214600782095352
5013 0.034909624671032924
5051 0.10630540369801093
5146 0.034909624671032924
5247 0.038845290140539626
5340 0.039868613155076976
5627 0.03584089334934736
5648 0.05429163138938676
5882 0.26518383187181505
6057 0.020696761763541655
6066 0.05308577360118762
6119 0.035978461712252816
6196 0.0667556037738418
6277 0.04213496341468422
6484 0.14043989820722624
6548 0.10529286538872737
6584 0.022557825034087563
6794 0.3029996577715377
6828 0.03625719249208076
6961 0.06497303324455421
7042 0.04708877947844257
7061 0.07694835143843858
7176 0.019125757483654564
7206 0.045016438532562826
7215 0.05765274178039246
7241 0.150519557851343
7278 0.11216242572899668
7396 0.04153762908716928
7482 0.03440080047863583
7547 0.049465935729540736
7558 0.0429677021914561
7561 0.11295992737043795
7658 0.06336903409888914
7660 0.02938838485190666
7826 0.14126179595834168
7861 0.03296462083364861
7952 0.052470690896302456
8156 0.02815495980833105
8166 0.13157237553616785
8168 0.06986726763697378
8201 0.039348785449803886
8246 0.060574739336735135
8252 0.03844519067286412
8265 0.05875846402977938
8324 0.02195523277464176
8447 0.06830464167316057
8603 0.043621940616855356
8633 0.03465319334641569
8705 0.06497303324455421
8708 0.030042623277305922
8884 0.07883601490741346
8942 0.032199016736261174
8964 0.08344658497652323
8969 0.03851820499447819
8974 0.05661840769302464
9000 0.03229207673421541
9010 0.05819606892664163
9034 0.0556468001666474
9049 0.05765274178039246
9109 0.0556468001666474
9160 0.0429677021914561
9273 0.023354723432431994
9338 0.006520202857322394
9445 0.009829367813472102
9584 0.03378667875972572
9632 0.045016438532562826
9638 0.043621940616855356
9664 0.02459569218801994
9675 0.047601642127677035
9796 0.06336903409888914
9894 0.05080226074698874
9898 0.018697085441461342
9901 0.08344658497652323
9981 0.05765274178039246
9986 0.09455538858371763
9987 0.13861277338566275
10012 0.060574739336735135
10086 0.06876154538758686
10112 0.09455538858371763
10183 0.04601842827822733
10218 0.028584653532599928
10280 0.04978971675933971
10318 0.029977055257281355
10325 0.14120853136430356
10334 0.03207402417499794
10420 0.029297064856258655
10429 0.05080226074698874
10460 0.14603131128564853
10638 0.04883736042551664
10749 0.01860336227451122
10818 0.08724388123371071
10845 0.059705913941033265
10847 0.11216242572899668
10914 0.036684594244107714
10934 0.04275542603016539
10951 0.026884292553862748
10981 0.09369096984071279
10988 0.018981589052345607
11067 0.019917356200295406
11103 0.18210432430103418
11142 0.03851820499447819
11145 0.03611722115805238
11217 0.019516669933491673
11260 0.05473074422404977
11300 0.05751961909576513
11629 0.020380436707766115
11861 0.1160427394564359
11875 0.02867199225487649
11877 0.051154508242307814
11893 0.006536393145111666
11899 0.06986726763697378
11917 0.0443040272089041
11929 0.0214600782095352
11930 0.027490548982796993
12083 0.04340088034140981
12105 0.03154152948328371
12133 0.06772721130021905
12137 0.03803976302136835
12138 0.032850551911719254
12186 0.07218426655730018
12204 0.01278924697148676
12265 0.010239978211492532
12303 0.0429677021914561
12304 0.03427607910309109
12344 0.11216242572899668
