146
119 0.03309797224645681
222 0.15199044962321093
236 0.032480027915047505
289 0.152578630225723
374 0.08020563387425747
456 0.025264477321283424
524 0.1938347171488114
547 0.06280050991258361
594 0.031981048223573914
674 0.04516447638617591
979 0.02341174263113951
1122 0.04086585108998024
1133 0.05775798002410252
1205 0.05107188044709893
1223 0.10450256712621149
1336 0.06767023492258795
1353 0.21064952136254397
1468 0.044258492291448424
1575 0.034178344120077433
1587 0.12771090140841884
1622 0.031688271183028124
1664 0.03747470078600643
1862 0.07377825916552751
1896 0.09593326153377708
2042 0.023533479245537312
2110 0.047253274992056074
2130 0.05818481050106649
2167 0.03668734415528195
2181 0.03961133700791037
2307 0.08317706919601346
2356 0.01824048026247249
2566 0.06431826562801786
2781 0.031981048223573914
2798 0.05614663260756447
2806 0.046344736992389904
2864 0.07994767899046246
2895 0.03083790271896439
2938 0.04204152664537047
3269 0.031882917182151214
3400 0.03946059050080869
3680 0.16912046026880728
3933 0.02787184428127189
4048 0.038821654230307215
4059 0.030930396963985154
4169 0.0287516580180229
4596 0.04348825756410795
4624 0.0066323870079552415
4699 0.03581092331341183
4782 0.053306546153771936
4791 0.04569266552963757
4861 0.008807062285344369
4874 0.05818481050106649
4907 0.03946059050080869
4988 0.08931309034082886
5005 0.023351186648493543
5252 0.04656754002660545
5297 0.03352224660714944
5312 0.2050700647204646
5385 0.06921143330616347
5473 0.03395693364120453
5530 0.08504327867392897
5789 0.08712952337487045
5802 0.04954578865646427
6008 0.013638683794174288
6010 0.034067292924515394
6082 0.05907062546019288
6125 0.04136018850448543
6570 0.04702173433980353
6584 0.024930896696161466
6621 0.048964788223156475
6666 0.028669844442214387
6778 0.02402896911182544
6817 0.03288958622324008
6892 0.06625246984460088
6982 0.036559454735636536
7205 0.031882917182151214
7231 0.053306546153771936
7277 0.052040821560143335
7312 0.03029285640159843
7467 0.098971569663821
7470 0.040384936272761476
7483 0.019507882742491916
7503 0.123961855578494
7537 0.020958607973543923
7542 0.020304089039986303
7660 0.032480027915047505
7798 0.06767023492258795
7833 0.026885448540107392
7986 0.040384936272761476
7988 0.05144033667585643
8166 0.05816548887322183
8171 0.027716469533463742
8208 0.03278630541941113
8278 0.09222512305833697
8341 0.06313698747644884
8354 0.08712952337487045
8562 0.07721726847638502
8577 0.11307187271864588
8837 0.034744290271929004
8868 0.04169758170885186
8898 0.06558399022164646
8942 0.01779316841842354
8969 0.042570300469472945
8970 0.08317706919601346
9099 0.03002649637962798
9135 0.35797885017703823
9173 0.3135077013786345
9338 0.014412249729597794
9341 0.026448077980909455
9434 0.39832643062303574
9444 0.04221603650692899
9445 0.021726824565394955
9563 0.03258153310786082
9898 0.020664009271992825
9978 0.13116798044329292
10004 0.05884027528195468
10174 0.052981535059431956
10181 0.05693398923828895
10218 0.03159174447181544
10270 0.07003542409197702
10312 0.034067292924515394
10460 0.0322787461164007
10643 0.05114755963531064
10750 0.03801974710337239
10988 0.06293532755191342
11011 0.028507342314606023
11080 0.024345839953670064
11112 0.05818481050106649
11144 0.07003542409197702
11189 0.04796663076688854
11257 0.04975214485388094
11319 0.03331198407991303
11332 0.0672212014749456
11430 0.123961855578494
11484 0.07599522481160546
11637 0.02779398653977356
11893 0.0180600459064679
12004 0.1291149844656028
12006 0.018745932677450058
12007 0.05002257159786938
12089 0.037609398071415855
12156 0.05114755963531064
12177 0.043469166530497656
12180 0.07261282635939992
12265 0.011317218684686495
12270 0.026885448540107392
