271
6 0.038434958846332
68 0.05020774331784258
132 0.025972266765187085
159 0.02959241609799332
230 0.022311231965856607
279 0.032371785893215065
319 0.0627379760784017
404 0.07746864771908962
435 0.014469592618498643
450 0.021881682681476992
493 0.02000515430273755
496 0.019827388747508
505 0.03202773332884715
517 0.03219847578513704
542 0.05823072917893727
711 0.016794622835457337
714 0.042672952004645846
736 0.03366392710328597
769 0.012197249400710012
785 0.038434958846332
895 0.07461936951987513
952 0.011868371170335873
958 0.022833485297407554
965 0.022532163427919843
1029 0.025578214534529038
1055 0.03557146528341913
1082 0.06468024797325538
1100 0.04613162892369836
1328 0.03814317351442057
1332 0.046722779268822595
1363 0.035804299566063576
1414 0.060007301120144796
1492 0.04071488174542201
1524 0.012473492039768993
1572 0.043559920692696916
1596 0.03557146528341913
1675 0.05024227376965947
1703 0.060007301120144796
1729 0.05918483219598664
1814 0.019768737704879063
1883 0.046722779268822595
1902 0.0351194502901648
2105 0.026174463267262776
2194 0.05255381508365222
2196 0.07516174301454222
2220 0.05533435426703421
2337 0.06089300687410844
2373 0.045061746670959274
2433 0.0487033371546998
2434 0.07516174301454222
2460 0.03468449659536806
2505 0.300036505600724
2623 0.060007301120144796
2641 0.2306581446184918
2666 0.02973044056210842
2679 0.027698839040104485
2694 0.10405348978610418
2739 0.03935744344847864
2756 0.08919132168632526
2757 0.040615325229514124
2891 0.05412008433297614
2933 0.06371896710471146
2989 0.052018845710867005
3008 0.08142976349084402
3044 0.060007301120144796
3059 0.040360241302492855
3120 0.034473024515324205
3158 0.0487033371546998
3181 0.044520885814744095
3300 0.02973044056210842
3361 0.05787837047399457
3524 0.05302164356488122
3591 0.014395950802419864
3741 0.03653243040546631
3891 0.018761065710380557
3903 0.02455928664988557
3933 0.01813512519253696
3962 0.0627379760784017
4081 0.032443129933162944
4120 0.03935744344847864
4134 0.03202773332884715
4143 0.025578214534529038
4169 0.01870758577681248
4196 0.2978309436137917
4226 0.02905627733704786
4320 0.03596762271181859
4356 0.015553267330757709
4431 0.019253892077017606
4451 0.03923809955547686
4504 0.04800464414740273
4522 0.046722779268822595
4534 0.047345898857756426
4624 0.017261745222284252
4785 0.049447137479865566
4827 0.043298138673051816
4861 0.045843303517739756
4869 0.034473024515324205
4872 0.019142539471609224
4906 0.05823072917893727
4941 0.014177807286587211
4957 0.10219272221744073
4972 0.018288452132548327
5001 0.01543216388715888
5136 0.07266870338253317
5149 0.04184939423311541
5160 0.07266870338253317
5246 0.05024227376965947
5247 0.027934049346879257
5293 0.07208386978462288
5351 0.03136898803920085
5354 0.030898518430308552
5380 0.026911466243364893
5383 0.06799575652942258
5384 0.043559920692696916
5389 0.037097238099114034
5401 0.025481771252032204
5425 0.015757977952700127
5433 0.023954846003457653
5438 0.047345898857756426
5440 0.04310790569944258
5444 0.04071488174542201
5540 0.06545285267228847
5541 0.03935744344847864
5545 0.05823072917893727
5612 0.07266870338253317
5681 0.03347022666130999
5845 0.04491609605555286
5938 0.03653243040546631
6008 0.008874161163241428
6010 0.022166262695864997
6019 0.06468024797325538
6024 0.04225381836038169
6036 0.07571718700006513
6057 0.02976651029412777
6068 0.019886339796774986
6079 0.034138076599440105
6096 0.05302164356488122
6122 0.030595213952007535
6209 0.02202309433297969
6214 0.0186013647022798
6280 0.022910063021030762
6300 0.04800464414740273
6301 0.05669179256397759
6318 0.11338358512795518
6443 0.11066870853406842
6452 0.013310864502798716
6473 0.04613162892369836
6584 0.016221564966581472
6817 0.04279994948809173
6932 0.019198081289967365
6934 0.025972266765187085
6949 0.1135757805000977
6970 0.03873432385954481
7016 0.038434958846332
7042 0.01693101383560495
7121 0.03015471810514278
7161 0.051096361108720366
7229 0.03290792465416052
7256 0.033279728026550964
7262 0.0578866137424618
7282 0.035179518250502494
7312 0.019710383630826698
7438 0.051096361108720366
7482 0.02473797092686644
7483 0.025386041354582223
7507 0.05024854655276596
7552 0.01592440546576719
7561 0.040615325229514124
7562 0.060007301120144796
7564 0.06468024797325538
7626 0.05533435426703421
7660 0.021133491079823232
7789 0.3571389911644222
7835 0.04013004814751172
7861 0.04741039862164934
7922 0.052018845710867005
7952 0.009433053939482043
7963 0.25121136884829737
7968 0.0342653629511039
7971 0.03730968475993757
7986 0.02627690754182611
7993 0.19855396240919446
7996 0.07114293056683826
8017 0.07266870338253317
8098 0.01697683856795943
8139 0.051096361108720366
8171 0.09017014443178499
8176 0.03758087150727111
8222 0.02627690754182611
8224 0.0176870162847304
8252 0.041469500530974146
8324 0.023682351973567106
8326 0.018443846464312148
8352 0.05154711316788727
8373 0.052018845710867005
8394 0.049447137479865566
8414 0.03653243040546631
8603 0.03136898803920085
8693 0.06468024797325538
8774 0.02959241609799332
8828 0.026174463267262776
8936 0.03704473274632565
8972 0.05918483219598664
8986 0.021133491079823232
8996 0.03406137700643424
9152 0.07266870338253317
9206 0.05412008433297614
9267 0.019768737704879063
9319 0.045033188155603435
9338 0.03282121652236517
9361 0.06799575652942258
9444 0.027468333256306897
9445 0.0212051997467466
9453 0.12879390314054817
9549 0.030595213952007535
9568 0.02167276629608899
9575 0.0140346389237019
9620 0.0342653629511039
9625 0.02362317117092427
9632 0.032371785893215065
9663 0.038434958846332
9922 0.02987013809075478
10004 0.019142539471609224
10110 0.05174496682911967
10195 0.030745868450267024
10334 0.023064762055216414
10364 0.02403927791956936
10392 0.012473492039768993
10465 0.04145868207058778
10536 0.043559920692696916
10702 0.04184939423311541
10723 0.02987013809075478
10789 0.05533435426703421
10791 0.07266870338253317
10801 0.03730968475993757
10804 0.06468024797325538
10816 0.025578214534529038
10850 0.07266870338253317
10881 0.024919469244882735
10951 0.006444257481739485
10959 0.02167276629608899
10963 0.02362317117092427
10979 0.02412433295508883
11103 0.01870758577681248
11106 0.02055551958691074
11125 0.030898518430308552
11158 0.045033188155603435
11179 0.036785735217477196
11276 0.021881682681476992
11300 0.0206814760865689
11332 0.01093455542480932
11447 0.06799575652942258
11470 0.049447137479865566
11629 0.014655782532347419
11669 0.03904167287377199
11701 0.06799575652942258
11752 0.05823072917893727
11773 0.04145868207058778
11793 0.06468024797325538
11847 0.03758087150727111
11893 0.011750969551621436
11930 0.019768737704879063
12004 0.04200504968179521
12006 0.012197249400710012
12021 0.0171154162496435
12051 0.019537073522748676
12078 0.024648282497549204
12177 0.028283696230877432
12204 0.036787518354828734
12205 0.02758300987414134
12265 0.05890939274973368
