115
119 0.09539614563717748
178 0.08091390465531775
188 0.14417682418013786
203 0.06584850792306125
330 0.10762560813580883
338 0.08512772243748214
343 0.048464675537218685
429 0.08091390465531775
455 0.07288616301511401
496 0.08782943948014643
524 0.06983465923901357
525 0.0820485782125631
674 0.0650873252125549
678 0.07093667002534051
711 0.037197593911706565
928 0.09860714630816007
958 0.050572776894323136
979 0.03373907611363396
1073 0.06464706490062064
1178 0.05708459790152944
1205 0.18400147404866807
1208 0.22632266571963977
1374 0.05730370613088869
1595 0.06524071844765927
1622 0.045666527699293365
1632 0.04769807281858874
1971 0.03680029480973361
2042 0.1356580516014604
2091 0.06615791719006102
2137 0.1432571378225963
2167 0.052870780119365045
2202 0.14187334005068103
2378 0.08448146128638803
2605 0.13756118624491503
2630 0.021265460984078985
2681 0.07982752998095893
2844 0.09182482005612
3270 0.04497845498767986
3272 0.12556389616975397
3285 0.10958185911676928
3400 0.11373470889133254
3453 0.08091390465531775
3541 0.13756118624491503
3548 0.06877826219815282
3652 0.08263540755103552
3680 0.08124082817871489
3702 0.1063231533310252
3713 0.1198679445920727
4014 0.08147493717300962
4025 0.041434522561895844
4503 0.09182482005612
5312 0.049255015821483075
5393 0.10787065451691163
5425 0.20940947724648415
5766 0.17025544487496427
5802 0.04760087451064175
5942 0.12756339104033457
6008 0.019654948282636035
6034 0.05381280406790442
6186 0.13108560849076412
6360 0.03339177889246816
6398 0.05601641058240374
6436 0.04215361101485846
6560 0.07019673555081116
6778 0.03462857210456949
6792 0.10951806170896233
6952 0.07128841013063783
7101 0.0745605960985086
7141 0.13290725493948594
7425 0.05160775455320744
7470 0.058199445475650084
7484 0.04042972400323354
7537 0.030203820398857537
7580 0.054005453676610395
7605 0.06554280424538206
7861 0.05250349389796883
7944 0.08263540755103552
7952 0.020892812730945842
8098 0.037601174682072365
8208 0.04724892424535086
8320 0.08717088875069089
8327 0.056226501908214564
8556 0.08334394998076877
8823 0.05601641058240374
8942 0.02564204950610635
8964 0.13290725493948594
9182 0.0745605960985086
9338 0.04153949565025892
9341 0.03811479265410831
9347 0.1432571378225963
9434 0.12756339104033457
9445 0.0313109109077778
9618 0.05519292136227168
9776 0.04430844402907347
9898 0.029779269002952902
9923 0.04769807281858874
9932 0.11743506151824776
10004 0.04239788036206552
10140 0.1888341122311002
10216 0.06809752980348129
10318 0.03183008728705875
10578 0.16377684904524845
10653 0.10428283517234248
10788 0.1729430077019903
10983 0.1432571378225963
11011 0.04108243488336592
11319 0.03200432603632703
11332 0.16952890779236152
11497 0.054570426669675064
11637 0.04005440526752859
11754 0.08385115884290335
11893 0.010410660548499057
11929 0.03417994980164181
11930 0.04378481639615272
12271 0.21836913206033126
