196
105 0.03446905124701078
132 0.03177519355193064
210 0.02348746662467207
214 0.037431035722721426
230 0.02729618175058079
279 0.07920908649816552
410 0.08318789976885528
450 0.02677065920860727
474 0.06486815347876482
594 0.025458094545299445
654 0.05119971290186744
711 0.020547008701744602
714 0.05220727638595473
769 0.014922454170547208
921 0.10239942580373489
937 0.033192813757487
938 0.04776532354606804
1089 0.067697588077405
1380 0.05509485494053304
1564 0.040486073363656394
1664 0.02983124471085097
1710 0.041921198089566784
1763 0.10773600830831984
1896 0.03818320814709225
1898 0.06621201646643178
1971 0.04065510148194813
2227 0.02993846872061375
2337 0.037249099142500304
2356 0.014520095396103924
2373 0.013782448555636142
2505 0.07341460123062349
2623 0.07341460123062349
2630 0.01174650201632988
2641 0.056438717928199995
2658 0.03981981291654039
2663 0.06146779516603036
2677 0.05187220534437075
2901 0.036204184936348305
3089 0.034769060210437915
3281 0.0636413026923917
3300 0.03637304790475264
3332 0.02507177204137549
3361 0.035405004132073446
3399 0.06621201646643178
3400 0.09423625862041886
3442 0.019380187009267393
3493 0.07341460123062349
3524 0.06486815347876482
3686 0.047388649164420975
3701 0.055750782012811875
3721 0.024995761672206115
3760 0.05873021684883686
3819 0.06282417241361257
3918 0.012791416222481882
3933 0.022187016570065037
3962 0.03837769246270963
4025 0.022887380771259357
4081 0.039691827531914754
4169 0.022887380771259357
4170 0.03689212085173641
4196 0.3643746602729076
4320 0.022001895013698848
4410 0.015413262924126427
4429 0.03799136995878567
4451 0.03200332157521176
4485 0.044094705615928126
4493 0.07913161438384197
4578 0.07913161438384197
4624 0.03167774883346297
4791 0.03637304790475264
4861 0.06309671918296615
4892 0.07341460123062349
4990 0.05509485494053304
4995 0.03897777831612235
5128 0.05025937190188818
5149 0.05119971290186744
5246 0.06146779516603036
5373 0.048150991000941425
5465 0.05446809000757261
5540 0.3603457820782334
5541 0.3852079280075314
5545 0.07124109370426215
5845 0.054951601208537024
5925 0.08890491292207377
6008 0.021713791185217806
6032 0.08890491292207377
6057 0.018208588309073466
6066 0.023351889721112032
6079 0.020882736213302364
6119 0.031653115825403866
6167 0.09875568357462909
6186 0.036204184936348305
6224 0.05509485494053304
6251 0.0216387876685745
6252 0.03981981291654039
6360 0.018444772882322102
6403 0.044094705615928126
6410 0.01948236056748087
6584 0.019845913765957377
6628 0.03918361977237328
6638 0.026181324319752213
6747 0.02601737027084676
6817 0.026181324319752213
6892 0.05273941083395057
7016 0.04702239768073208
7025 0.023150937778151498
7026 0.047764668497017465
7035 0.13967560501164855
7042 0.020713873244898023
7185 0.043803975948218755
7229 0.040260470321361604
7259 0.02870265139064164
7262 0.04249205598484055
7480 0.06251270937218235
7483 0.015528994539675389
7484 0.03349853324688309
7536 0.0293070248795851
7537 0.008341912679007265
7542 0.01616280413395359
7583 0.0595850173073784
7730 0.0636413026923917
7789 0.048548197248620174
7818 0.04094840623674972
7952 0.011540660560078944
7963 0.06146779516603036
7993 0.16194429345462558
7996 0.08703824002157962
8098 0.04153987299405487
8156 0.02477015862991133
8171 0.02206333253719659
8222 0.03214789955133499
8324 0.03863153080570791
8352 0.03153208598928181
8376 0.040260470321361604
8458 0.07124109370426215
8515 0.02507177204137549
8727 0.10123746441767403
8838 0.05025937190188818
8890 0.03390887719936502
8942 0.04249205598484055
8956 0.041921198089566784
8969 0.033887530095864274
8972 0.036204184936348305
8986 0.025855300792978198
9099 0.023902199150970676
9267 0.024185623554885606
9338 0.017209023934811694
9445 0.03459070822745829
9453 0.03939251084242095
9455 0.1973564229206111
9568 0.026515065091933115
9575 0.01717036761804087
9582 0.02941032123414149
9621 0.09867821146030555
9669 0.049377841787314546
9855 0.067697588077405
9898 0.016449313920347458
10105 0.03214789955133499
10144 0.03939251084242095
10191 0.04167163601120249
10334 0.1975264999438772
10392 0.015260417098571677
10422 0.07913161438384197
10591 0.049811718769146605
10749 0.016366858192175357
10750 0.03026512169268303
10801 0.04564570606511686
10862 0.037249099142500304
10881 0.03048717178312981
10951 0.015768167686866456
10960 0.11093508285032519
11021 0.033466606619154786
11025 0.05509485494053304
11036 0.011251718290398746
11079 0.1598772556470648
11080 0.019380187009267393
11103 0.022887380771259357
11237 0.03637304790475264
11260 0.09630198200188285
11319 0.008839189533639833
11350 0.07124109370426215
11385 0.05220727638595473
11424 0.08435051404624569
11669 0.047764668497017465
11736 0.01948236056748087
11893 0.008625877794219363
11929 0.018880138529027448
11959 0.09867821146030555
12006 0.029844908341094416
12007 0.03981981291654039
12021 0.02093947628719282
12052 0.034769060210437915
12111 0.07124109370426215
12204 0.03375515487119624
12263 0.05273941083395057
12265 0.027026771097409124
