136
51 0.08603729179448433
79 0.03976166490042785
105 0.04478981276037129
116 0.04936678804327617
215 0.056919810957972675
234 0.06308455225636198
373 0.03932713796126553
374 0.06222275795392962
438 0.08429104786215631
536 0.10282529003421739
547 0.03248002032542358
853 0.09539648246866415
887 0.03228406451290746
1064 0.0509160226169666
1340 0.08429104786215631
1413 0.03412802437723355
1659 0.0925721809106854
1958 0.15350547049540852
2107 0.10348541083442375
2122 0.07159141744756595
2373 0.01790920457202683
2783 0.12723130606311395
2853 0.044408096999112905
2895 0.03189833039571229
2900 0.04261041168394124
2933 0.05064854788382897
3239 0.02492034296187602
3269 0.032979279931055754
3301 0.049616066634467035
3316 0.07742602920503665
3332 0.032578789803543125
3397 0.06530808872015756
3405 0.07333766137989396
3500 0.0987369222090747
3559 0.056186845466003735
3658 0.07526804448852055
3661 0.03238178044490553
3683 0.04887818058551398
3688 0.06783923692296731
3716 0.10809611288325453
4099 0.05729759122489304
4145 0.06063803096530359
4226 0.09238431323677039
4320 0.02858972679505878
4451 0.020792895789204454
4503 0.13181770762868147
4555 0.07631528344614735
4624 0.027441823657077903
4820 0.03489841928736857
4861 0.009109912082988957
5041 0.05320922339975036
5196 0.05351715827554384
5224 0.02415416747480443
5325 0.09539648246866415
5380 0.04278244763168265
5473 0.03512461591125984
5608 0.10282529003421739
5706 0.12822455086339812
5802 0.017083175755962545
6013 0.031803152551437716
6045 0.06999722163948341
6136 0.06652998766417402
6155 0.04578041583419711
6198 0.08881619399822581
6360 0.02396752721409543
6436 0.030256483861627995
6452 0.021160919229505547
6508 0.06416260988201271
6645 0.12822455086339812
6696 0.05889178703297557
6867 0.07187809498970642
7035 0.07259897176550054
7282 0.027963283078844242
7376 0.05064854788382897
7379 0.048402265676801316
7552 0.0759473716605284
7835 0.03189833039571229
7844 0.060185620477800704
7861 0.03768529142718123
7952 0.029992355862232475
8156 0.03218686697025457
8169 0.044983694927497826
8239 0.05654966314016091
8321 0.052906378590337776
8324 0.05019862656023141
8339 0.05383035724958364
8357 0.07427744141469472
8364 0.03742540488790658
8403 0.18925365676908593
8440 0.06590885381434074
8450 0.0987369222090747
8453 0.0580773554493822
8754 0.037296831070293475
8763 0.0576833253420882
8868 0.12939432848329258
8944 0.0503849218417716
8981 0.054149003434551125
9000 0.03691643621987666
9099 0.031059022102499112
9187 0.0925721809106854
9338 0.022361768947609433
9568 0.03445423525835317
9632 0.05146297946742233
9720 0.06110189609139168
9865 0.03862507146198199
10141 0.03990882789097683
10184 0.05480341920783289
10285 0.06853070365694491
10318 0.011423298017999435
10364 0.03821639220237623
10560 0.1007698436835432
10750 0.03932713796126553
10760 0.03558556333787203
10933 0.0925721809106854
10951 0.010244744962774876
11067 0.022769604317758204
11071 0.04366772581026858
11154 0.1496063509780194
11339 0.06530808872015756
11497 0.019584434098317085
11569 0.0786084842289311
11629 0.139793999261428
11677 0.07244374293054179
11692 0.08796767490311092
11778 0.6028376112861618
11779 0.058480046248787484
11780 0.052906378590337776
11828 0.07164092013166828
11857 0.06308455225636198
11893 0.003736215893384794
11930 0.0628546195108921
11970 0.12822455086339812
12083 0.049616066634467035
12124 0.12315562200020871
12204 0.014620720246923229
12265 0.023412771228612374
