43
84 0.11587064760395145
119 0.10197141340289963
524 0.29859231144185133
674 0.06957352943567816
1073 0.27641169509457403
1178 0.12203841345318703
1205 0.1573471569664544
1232 0.16525197266652705
1258 0.2562599075699042
1995 0.16953422394824372
2042 0.14500840855663838
3680 0.08684042756730796
3759 0.08934410994245978
4941 0.06713226022434318
5312 0.10529992688806117
5802 0.05088180891002938
5942 0.27271163202594495
6008 0.04201936762443375
6584 0.07680950224319003
6657 0.09143319580603393
6817 0.1013293977179933
6952 0.07620202987985007
7484 0.04321638020658337
7580 0.11545565926350401
7605 0.14012080556610054
8208 0.10101120029292439
8324 0.037378836357346026
8352 0.12203841345318703
8418 0.24194250501011877
8457 0.19630786179143836
9341 0.08148378013677733
9434 0.27271163202594495
9445 0.06693808893163655
10653 0.22294125250362692
10898 0.09116764441202257
11080 0.07500700321066603
11332 0.10355076851838084
11634 0.06921801870742278
11637 0.08563038455823475
11893 0.01112822497699043
12270 0.08283127338410172
12271 0.3501306403580488
12274 0.15246056118141443
