233
57 0.04453540703102937
68 0.026715109331262442
79 0.02661659790935921
84 0.026041589196287136
169 0.038355208481005945
230 0.02374323010336123
236 0.02248989846743812
279 0.03444949891138109
319 0.10014701594212076
326 0.06240629799838266
380 0.03761167137515491
412 0.08583396396971603
435 0.015398292105458825
455 0.07004009715676038
485 0.0678086311070086
493 0.02128914183627458
496 0.02109996678360487
505 0.034083364077771724
517 0.034265065269095805
590 0.041220402607202146
628 0.04219993356720974
682 0.07206845980002764
711 0.07149019742014391
714 0.04541182307577232
846 0.0339043155535043
938 0.013849349312890145
952 0.012630116888238993
1104 0.05759366481858154
1272 0.05108571833980282
1317 0.06385873987405258
1328 0.04059131055655045
1444 0.04295067604239664
1515 0.17166792793943206
1536 0.0188222191465225
1622 0.043883336761836984
1632 0.022917776956590703
1814 0.02103755135073805
1901 0.035415715345566395
1971 0.017681656690699203
2110 0.032719225476186595
2127 0.04849409554302809
2167 0.025403138422488755
2174 0.034083364077771724
2194 0.055926867967227616
2196 0.03999291841201255
2227 0.026041589196287136
2299 0.04541182307577232
2337 0.12960258546995967
2382 0.02128914183627458
2392 0.034083364077771724
2455 0.0316386245466272
2456 0.057509947045818306
2630 0.010217542615731694
2656 0.02019553212037583
2739 0.041883515778389134
2768 0.029982457718098748
2936 0.03288167296483025
3008 0.0433280783146383
3056 0.060330432576669396
3085 0.03942236874501345
3144 0.04972157973821768
3152 0.027746355642554243
3239 0.03336352992464591
3361 0.03079658421091765
3377 0.05759366481858154
3475 0.08583396396971603
3490 0.03942236874501345
3546 0.05759366481858154
3609 0.05208317839257427
3697 0.04295067604239664
3721 0.02174223949763008
3816 0.05642472300704454
3880 0.04059131055655045
3927 0.04849409554302809
3933 0.019299088954774193
4081 0.05178813302119416
4134 0.034083364077771724
4169 0.05972487504817705
4178 0.0316386245466272
4186 0.08583396396971603
4196 0.49302801047189176
4317 0.032558901545004515
4320 0.03827612673403544
4429 0.033046301021723685
4451 0.013918837351966818
4624 0.013777239735982315
4772 0.020489661470487117
4861 0.054883863831850975
4926 0.025139373286992298
5057 0.04635571992947815
5067 0.17166792793943206
5131 0.05759366481858154
5224 0.016168884404668727
5239 0.07235991700506812
5246 0.053466965376660444
5293 0.038355208481005945
5351 0.03338233864737358
5384 0.04635571992947815
5425 0.10061621798398636
5444 0.0433280783146383
5540 0.13930760473449103
5541 0.08376703155677827
5640 0.051829255445653845
5672 0.04685638561202149
5681 0.035618440722918095
5700 0.029110494244139362
5845 0.02389946923647437
5971 0.03713989759310719
5998 0.027639240498033266
6008 0.0094437299919428
6010 0.02358895629451936
6013 0.02128914183627458
6023 0.03761167137515491
6024 0.04496578824564491
6041 0.03338233864737358
6057 0.015838504668166845
6074 0.026715109331262442
6084 0.034265065269095805
6167 0.04295067604239664
6194 0.07733278683870048
6473 0.049092487687565994
6584 0.03452542201412944
6620 0.033046301021723685
6698 0.031937776111124416
6778 0.0332763923119535
6791 0.021352854218974853
6818 0.042229020487557056
6932 0.0204302685888564
6934 0.05527848099606653
6949 0.282019257728812
6970 0.041220402607202146
7161 0.05437587046315336
7176 0.014636270284596114
7180 0.05038469290940468
7205 0.022076445628303288
7236 0.08583396396971603
7262 0.012320388153329784
7272 0.013918837351966818
7312 0.020975451946733194
7405 0.041220402607202146
7468 0.05437587046315336
7483 0.04052308421724672
7484 0.0194255101384627
7554 0.04627489483122332
7561 0.02161106598960911
7580 0.05189664356073111
7768 0.09371277122404298
7789 0.042229020487557056
7837 0.035618440722918095
7922 0.055357562743037034
7977 0.05262079498494918
7993 0.07043257292455597
7998 0.08583396396971603
8038 0.07733278683870048
8098 0.01806646020997534
8128 0.04635571992947815
8166 0.0604126299932283
8220 0.04635571992947815
8224 0.037644438293045
8321 0.035415715345566395
8324 0.05880548912320365
8326 0.019627624833240157
8398 0.053466965376660444
8438 0.07083143069113279
8444 0.030510049001113336
8473 0.023211554022277706
8512 0.041883515778389134
8617 0.1809912977300082
8659 0.07775437077427332
8753 0.052271142624037766
8776 0.026135571312018883
8828 0.027854414544998703
8853 0.05642472300704454
8868 0.02887233907010673
8890 0.014747598789600165
8942 0.02464077630665957
8956 0.10939383334388807
8972 0.062983482561994
8978 0.04685638561202149
9088 0.05108571833980282
9270 0.043717463593293523
9338 0.034927775272800284
9453 0.034265065269095805
9902 0.07235991700506812
9903 0.08583396396971603
9923 0.022917776956590703
9937 0.060330432576669396
10167 0.025948321780365553
10172 0.028073431188091334
10181 0.03942236874501345
10195 0.032719225476186595
10250 0.047378362518152195
10312 0.02358895629451936
10334 0.04909024778141628
10511 0.08583396396971603
10581 0.06609484194959708
10643 0.035415715345566395
10702 0.04453540703102937
10749 0.01423649958359593
10750 0.02632572405260721
10881 0.02651887144736464
10901 0.04635571992947815
10951 0.006857868201469047
10963 0.025139373286992298
10980 0.028638720462091646
10988 0.014525943248976872
11011 0.019739122020118936
11049 0.03582457340855359
11079 0.04635571992947815
11080 0.016857604620742133
11121 0.053466965376660444
11145 0.027639240498033266
11158 0.047923545876029004
11177 0.09082364615154465
11203 0.061968142507675995
11228 0.05437587046315336
11276 0.023286111127799193
11319 0.007688654513738621
11335 0.2894396680202725
11470 0.05262079498494918
11629 0.01559643221597364
11669 0.04154747815273924
11710 0.0386134202516402
11771 0.04059131055655045
11773 0.044119617853933646
11792 0.08583396396971603
11847 0.03999291841201255
11893 0.0125051801007093
11977 0.015716871214155506
12004 0.02235052644390569
12006 0.025960206912135325
12083 0.03321316898476684
12265 0.015672591157748127
