239
68 0.026974196168496955
69 0.040679188517534964
76 0.025036762823633603
105 0.030273231753360115
112 0.060915525483138916
214 0.03287466229000186
292 0.15616554187203782
344 0.03087193556981745
374 0.014018693506269582
432 0.04585223323722305
435 0.015547626878936542
547 0.021953098753191663
674 0.047364275144678794
769 0.013105986300480129
887 0.021820653106288508
894 0.053131118756278926
938 0.013983662224237048
975 0.05927607736141908
979 0.016368029453299977
1143 0.03194546031759833
1205 0.03570627170152019
1247 0.05233190275669892
1328 0.040984970718704224
1413 0.023066977233948814
1437 0.06256911815230207
1512 0.11630443234316842
1524 0.013402809963272885
1553 0.025122462473208356
1698 0.10014705129453441
1709 0.04228970792608834
1742 0.025122462473208356
1844 0.05087333065252834
1852 0.17333278732491778
1933 0.03681824997298208
1958 0.03458455094523717
2183 0.03925422172554857
2186 0.04129849505825652
2272 0.06256911815230207
2373 0.012104750324096027
2381 0.03555781889493695
2466 0.05398549542586207
2630 0.02063326752357334
2638 0.12513823630460413
2675 0.029271995776976017
2694 0.07453722102156611
2701 0.02520875933770161
2748 0.03320056399184425
2756 0.06389092063519666
2757 0.021820653106288508
2841 0.029152347020681826
2889 0.04496731758806829
2900 0.05760036885688215
2901 0.031797152557676796
2902 0.048964398010556784
3089 0.030536721479631664
3239 0.0336870940673178
3270 0.021820653106288508
3280 0.085995063996767
3347 0.03596387330339894
3361 0.015547626878936542
3454 0.046805284133589524
3591 0.015468498495072
3606 0.05087333065252834
3619 0.04195041136091693
3624 0.08196994143740845
3697 0.043367217658413414
3790 0.043367217658413414
3853 0.08666639366245889
3891 0.02015882942988294
3903 0.026389037709127133
3917 0.056971937800158697
3918 0.01123435353592641
4025 0.020101365057903064
4147 0.05398549542586207
4316 0.2599991809873767
4320 0.019323666961113886
4355 0.048964398010556784
4356 0.0668481562909585
4410 0.013537050301551818
4502 0.030015231797738292
4580 0.05087333065252834
4624 0.018547804424862098
4638 0.043367217658413414
4699 0.025036762823633603
4795 0.04008938419431762
4861 0.06773083186085002
4906 0.06256911815230207
4972 0.019651004520102093
5005 0.06530276995676067
5337 0.026974196168496955
5353 0.06673583889802422
5404 0.06256911815230207
5446 0.17333278732491778
5802 0.02309288237084159
5807 0.05581457937510777
5842 0.11064364833202626
5998 0.05581457937510777
6034 0.02610651100763797
6057 0.0319842173683216
6150 0.02601374990019358
6156 0.03925422172554857
6162 0.014195351993443017
6214 0.03997446029825749
6251 0.019004759639542335
6258 0.019817976262366404
6357 0.0694991482095789
6398 0.027175559140767885
6409 0.04235774958045627
6436 0.020450220519682104
6548 0.040679188517534964
6584 0.017430127173753585
6616 0.11904999006667252
6628 0.0344139092719435
6794 0.20810999920154863
6804 0.08324032758270962
6906 0.04731080534139363
6923 0.08537328092785205
7035 0.024534658238817186
7042 0.01819243241593151
7163 0.04496731758806829
7181 0.07797579711833699
7248 0.06673583889802422
7344 0.04129849505825652
7461 0.03925422172554857
7484 0.009806950715616965
7488 0.03516465730381893
7537 0.007326475393481581
7558 0.03320056399184425
7560 0.04038077528411679
7561 0.08728261242515403
7717 0.05945695337896833
7768 0.09462161068278727
7826 0.10915108458488489
7828 0.08666639366245889
7861 0.02547131793498739
7952 0.07095094160060517
7982 0.05815221617158421
8051 0.04263856338786738
8166 0.020332840020549723
8169 0.060808551665457
8171 0.03875525173951094
8176 0.08076155056823359
8224 0.019004759639542335
8252 0.014853040167538734
8262 0.0694991482095789
8322 0.05398549542586207
8324 0.033929024523693195
8329 0.03336678863447693
8332 0.04263856338786738
8338 0.048964398010556784
8369 0.07276738972325658
8376 0.0353596778688115
8447 0.026389037709127133
8473 0.046873325787957464
8515 0.022019856596482243
8535 0.12513823630460413
8556 0.04043312340400215
8577 0.039526398614533644
8682 0.0353596778688115
8686 0.1389982964191578
8723 0.0290338432461221
8727 0.02963803868070954
8836 0.03516465730381893
8867 0.03320056399184425
8890 0.014890623049011665
8905 0.032401347992264226
8942 0.012439872987195406
8946 0.11891390675793666
8969 0.08928749255000439
8970 0.05815221617158421
8981 0.036599066376049524
9027 0.019057343794733814
9036 0.054903215200001805
9049 0.13364248808951681
9099 0.10496326242444144
9189 0.07306167352071362
9267 0.021241576442869833
9338 0.005038072811987201
9448 0.04731080534139363
9483 0.12895610158854726
9549 0.03287466229000186
9565 0.0694991482095789
9567 0.03165059996038881
9578 0.15182726318844086
9582 0.025830286545503504
9602 0.040679188517534964
9620 0.11045474991894624
9636 0.15288664562859813
9637 0.0945172844036329
9638 0.03370608519964834
9706 0.07306167352071362
9743 0.06447805079427363
9894 0.07850844345109714
10065 0.0429975319983835
10094 0.05398549542586207
10167 0.026199972205533426
10224 0.08666639366245889
10250 0.04783784445198856
10429 0.03925422172554857
10452 0.09913718689028844
10460 0.022567284950677044
10490 0.060287119777027276
10709 0.08828288324275388
10925 0.05538754983302249
10951 0.0415462605532332
10960 0.2143487961710044
10998 0.05158115472482349
11036 0.029646235951298644
11067 0.046169617551093035
11217 0.03016053528519555
11322 0.09567568890397712
11339 0.04414144162137694
11368 0.07808277093601891
11479 0.06673583889802422
11629 0.04724306573921007
11677 0.048964398010556784
11736 0.06844331308515732
11780 0.035759181867207876
11812 0.08674938824096916
11893 0.0025252914145044002
11929 0.08290956503689066
11957 0.040665680041099446
11977 0.03173859122406964
12021 0.07356229376822784
12051 0.02099265248488829
12052 0.091610164438895
12064 0.046427059662473597
12072 0.0344139092719435
12089 0.026294144141796233
12103 0.08828288324275388
12124 0.04162016379135481
12129 0.03303654106491481
12131 0.0502037865177948
12139 0.060915525483138916
12159 0.040679188517534964
12169 0.15616554187203782
12177 0.015195464286695784
12204 0.05929247190259729
12265 0.007912293060748091
