36
84 0.14544671190590164
117 0.19451417595328202
344 0.05692295965959078
496 0.11784690891432315
769 0.0724960889926272
975 0.16394354766607167
1308 0.1567948955590864
1524 0.07413797646142098
2373 0.06695772730183994
2377 0.22018064513212174
2757 0.12070148504678252
2776 0.3036984995913569
3361 0.08600208454347723
3709 0.19137622666060825
3918 0.06214310583289107
4081 0.09641518171699583
4451 0.07773907771670306
4861 0.03405952545481914
6277 0.18009050731295698
6360 0.08960817577612877
6638 0.12719379775853518
6794 0.2877914083776041
7835 0.11925932832082096
8252 0.0821599608842493
8324 0.04691981062906693
8473 0.25928096671211104
9637 0.1742749026887101
9898 0.07991386083067067
9987 0.14811241458429916
10064 0.23204974319154745
10172 0.1567948955590864
11067 0.08512946236934452
11217 0.08341687531066272
11552 0.31514169007573417
12029 0.1486582335224665
12303 0.36729948995444617
