320
54 0.05818889957986535
68 0.04020346033524832
76 0.03731582935096081
84 0.019594941299652283
86 0.034170034738387714
111 0.020481556539506254
201 0.020637975167719227
207 0.0352569929070357
210 0.015372714419127994
220 0.027945841082378783
276 0.03791186062106965
319 0.025118473427637844
390 0.01656053127616426
420 0.1291711863531625
456 0.01316309155325729
479 0.02265789663994945
496 0.015876627475879937
501 0.045395512386433544
547 0.016359904284942214
554 0.03791186062106965
671 0.0433362370032646
674 0.01176561323762941
678 0.0256459585997092
744 0.017354299208868742
938 0.010420914974849288
952 0.009503505994483442
1006 0.06458559317658125
1059 0.030776494647117073
1174 0.026350764964150807
1236 0.06458559317658125
1347 0.0199540713674349
1413 0.017189989619824354
1416 0.033510577252081154
1524 0.00998805182874403
1553 0.05616533949276582
1622 0.016509964146190957
1638 0.02905459023666536
1704 0.03383441672951469
1742 0.01872177983092194
1757 0.049732930599980504
1929 0.016310421709927272
1971 0.013304526936637676
1996 0.03488026802337975
2081 0.03843934579314101
2099 0.02316231060467938
2105 0.04191799615848699
2107 0.026062351549914174
2113 0.032895117361055964
2177 0.026648483625588804
2183 0.02925305978120778
2194 0.16832823628866303
2266 0.014400397204607032
2363 0.03605997549665162
2373 0.009020710876479028
2377 0.05932656379987141
2397 0.05818889957986535
2455 0.047612838534545954
2464 0.02032774501015378
2630 0.007688169346074444
2665 0.02886029931031979
2670 0.024262239229615786
2701 0.03757218008660237
2704 0.02032774501015378
2710 0.048050380100467506
2732 0.0433362370032646
2757 0.01626120304323355
2776 0.08183002825302983
2798 0.02925305978120778
2814 0.038998818789717636
2822 0.020717190058649342
2828 0.014521560583540908
2841 0.02172493333636721
2984 0.02474174854398191
3089 0.02275659788165812
3112 0.02129159184488773
3301 0.0249911820559986
3332 0.016409653613671683
3361 0.09269131085575488
3407 0.021123796710874585
3442 0.012684470617610575
3471 0.034170034738387714
3484 0.025782679294872452
3559 0.028300826313743158
3561 0.026350764964150807
3591 0.023054891489918603
3602 0.036939543406548696
3643 0.025247545155823576
3653 0.03648928444354865
3698 0.0416536865037516
3705 0.06458559317658125
3725 0.02120731292005086
3738 0.038998818789717636
3749 0.0256459585997092
3814 0.019114540301809934
3819 0.020559434454247134
3868 0.038998818789717636
3880 0.030542849809832788
3884 0.045395512386433544
3918 0.008372073146358773
4048 0.03033981164842516
4059 0.016115102712714477
4081 0.02597858420288129
4101 0.02832548171506246
4105 0.012818705393482321
4162 0.03791186062106965
4289 0.0230591980444689
4297 0.0216366218669479
4320 0.014400397204607032
4323 0.10358441196629889
4354 0.06458559317658125
4381 0.017299203653400937
4451 0.010473201109787993
4504 0.11531803737942303
4624 0.01036665626905367
4638 0.06463629922793934
4658 0.07211995099330323
4676 0.01746548703736892
4850 0.03959441112058265
4861 0.06882875452141249
4972 0.014644335939366976
5121 0.03260212519300173
5183 0.030776494647117073
5184 0.031262316190272435
5253 0.05810918047333072
5340 0.022957224872880173
5380 0.02154914748566288
5389 0.059410650306403
5653 0.19375677952974377
5687 0.0303149745745683
5700 0.021904132717027253
5802 0.008604647332428902
5807 0.020797090801322936
5842 0.027484646803914044
5875 0.11621836094666144
5882 0.021814098069910838
6008 0.02131774679115223
6010 0.01774946261640098
6035 0.048050380100467506
6055 0.033427833430307044
6057 0.023835301824916784
6058 0.0640853043928502
6059 0.051792205983149445
6074 0.02010173016762416
6079 0.027335799575750257
6088 0.03151516702435375
6146 0.029455891641184808
6166 0.19375677952974377
6230 0.022086880829947943
6251 0.02832548171506246
6280 0.018345054947266
6297 0.034518320529799015
6398 0.020251790028872903
6436 0.015239928270231998
6457 0.034170034738387714
6511 0.0433362370032646
6585 0.030776494647117073
6628 0.0256459585997092
6638 0.01713586349322766
6657 0.07731155998983774
6658 0.051792205983149445
6794 0.32956175686866135
6817 0.01713586349322766
6825 0.030776494647117073
6835 0.04430855421778556
6852 0.06458559317658125
6923 0.02120731292005086
6948 0.035649753377923685
6952 0.03865968646814806
7006 0.037412902452023354
7025 0.015152453888946971
7035 0.018283735930102463
7176 0.011013032073841167
7181 0.02905459023666536
7262 0.01854090246442014
7272 0.020946402219575985
7322 0.05818889957986535
7351 0.03843934579314101
7448 0.05444707369718341
7470 0.04208205907216576
7471 0.024619515258591546
7484 0.014616685948384694
7537 0.016379524029506362
7542 0.010578670579251498
7552 0.012751343940166016
7557 0.035649753377923685
7561 0.01626120304323355
7660 0.016922478769745
7833 0.02801527346743807
7835 0.38560589080531144
7838 0.032895117361055964
7952 0.01510688928978217
7956 0.08947189184031915
7982 0.0866724740065292
7986 0.02104102953608288
7988 0.026801023927150846
8092 0.014937328107421212
8112 0.019594941299652283
8169 0.02265789663994945
8171 0.04332182550573141
8178 0.026205431596285828
8201 0.06797368991984837
8252 0.04427517376261206
8291 0.027604006516766765
8312 0.01980873799956992
8324 0.025284612433512498
8326 0.014768766743074677
8337 0.03009259084683275
8432 0.034170034738387714
8444 0.022957224872880173
8473 0.01746548703736892
8571 0.05270152992830161
8586 0.021904132717027253
8651 0.030776494647117073
8662 0.0303149745745683
8680 0.03843934579314101
8719 0.024865622593556524
8722 0.03260212519300173
8723 0.0216366218669479
8727 0.022086880829947943
8811 0.08086838415288912
8828 0.020958998079243497
8873 0.018162306834345315
8890 0.02219360196606121
8893 0.030776494647117073
8942 0.00927045123221007
8949 0.025921456017253763
8972 0.023695897250116844
8979 0.05818889957986535
9000 0.01859448845928269
9048 0.03959441112058265
9097 0.035649753377923685
9117 0.02727438297262551
9126 0.0909449237237049
9182 0.02695612805096304
9265 0.0630303340487075
9273 0.01344816373714241
9338 0.05256266820271837
9433 0.0808177313935335
9444 0.021995054419282536
9562 0.05818889957986535
9568 0.017354299208868742
9575 0.011238128065558054
9602 0.0606299491491366
9618 0.0399081427348698
9631 0.05810918047333072
9632 0.025921456017253763
9636 0.11393429770665539
9637 0.21130871912439517
9638 0.05023694685527569
9656 0.01626120304323355
9671 0.01885085155910767
9703 0.04245666909336752
9821 0.016212245484752957
9825 0.036939543406548696
9866 0.0320426521964251
9898 0.03229857983352669
9919 0.02905459023666536
9922 0.023918280977852393
9923 0.017244435076448593
9981 0.03319771752386675
9987 0.0199540713674349
10064 0.34388547809299674
10082 0.04430855421778556
10152 0.05818889957986535
10183 0.05299684752868013
10211 0.035649753377923685
10280 0.028670014669311746
10318 0.005753816048155555
10392 0.01997610365748806
10561 0.030776494647117073
10571 0.044927211427207764
10619 0.012886562156049355
10646 0.021995054419282536
10653 0.01885085155910767
10658 0.040915014126514916
10686 0.030776494647117073
10694 0.036939543406548696
10750 0.01980873799956992
10794 0.025782679294872452
10845 0.017189989619824354
10910 0.09610076020093501
10951 0.0361213237352611
10959 0.017354299208868742
10987 0.02925305978120778
10988 0.010930016718271703
11018 0.04245666909336752
11067 0.011468852036183974
11080 0.012684470617610575
11106 0.016459672587775972
11125 0.02474174854398191
11179 0.029455891641184808
11225 0.0663954350477335
11244 0.025782679294872452
11315 0.03009259084683275
11441 0.05818889957986535
11497 0.009864509446517645
11517 0.048050380100467506
11607 0.05932656379987141
11624 0.02285636618449188
11736 0.012751343940166016
11812 0.02154914748566288
11813 0.03231814961396967
11861 0.02227332107259584
11875 0.033019928292381914
11893 0.011291397072644769
11930 0.06331865243691136
11977 0.011826128065159733
12006 0.019533705363981593
12052 0.02275659788165812
12089 0.019594941299652283
12105 0.018162306834345315
12133 0.038998818789717636
12186 0.027710192864313993
12204 0.0073643298686409085
12265 0.01768921443895458
12275 0.01746548703736892
12303 0.09896699417592764
12304 0.03947384137339059
12317 0.048050380100467506
12341 0.11081863021964608
