221
31 0.08049592258483368
57 0.052082447176207004
76 0.02899830248204798
79 0.031127088468253784
103 0.03171259774508234
132 0.03232302967897735
279 0.04028736519795844
344 0.011918922747936107
365 0.0705541226018851
417 0.07468034240513853
493 0.04979366661416235
505 0.03985918457938807
517 0.04007167714047317
547 0.02542671361101034
587 0.05009248151474185
712 0.05310738206279964
714 0.05310738206279964
744 0.026972211341714916
769 0.015179732209954395
938 0.01619628183730036
958 0.02841675043673382
1064 0.07971836915877614
1068 0.04189546198289268
1162 0.04546537439018778
1328 0.04746997790772607
1347 0.03101280112625187
1356 0.04189546198289268
1362 0.03568032990777056
1374 0.03219884721030983
1413 0.05343367973635529
1492 0.05067052263598792
1564 0.04118409377365408
1742 0.058195124587298065
1759 0.024896833307081177
1814 0.024602607902026213
1840 0.07246936143448794
1916 0.04316558207985105
1950 0.08049592258483368
1980 0.05604474536060219
2110 0.03826387690411341
2194 0.06540432300538718
2337 0.037891310878421146
2356 0.014770436367690768
2373 0.014020071757697847
2480 0.033491883090274996
2609 0.052082447176207004
2748 0.03845385299976908
2757 0.02527331123393854
2782 0.057411777890674656
2805 0.06886476222544337
2806 0.03752817792477748
2819 0.04783311086136973
2908 0.07729537785657183
3008 0.05067052263598792
3097 0.04515691119983571
3239 0.03901736619812384
3270 0.02527331123393854
3273 0.055407174373136366
3300 0.07400031128173885
3301 0.038841524856802756
3361 0.09003855456261987
3436 0.08049592258483368
3442 0.03942864164530762
3591 0.01791606213083509
3596 0.04578061753128435
3616 0.09031382239967142
3661 0.025349807338105167
3741 0.04546537439018778
3826 0.04028736519795844
3830 0.037350001900155895
3878 0.035368513593958935
3882 0.04118409377365408
3913 0.10037952255073085
3918 0.013011953035619285
3933 0.022569542933235754
4134 0.03985918457938807
4143 0.031832623429042334
4178 0.07400031128173885
4196 0.4118409377365408
4200 0.04858817916914951
4244 0.038841524856802756
4289 0.03583881754833576
4410 0.015679002997486043
4451 0.03255509085761568
4624 0.01074130163869084
4676 0.027145020486748016
4861 0.04278971316548067
4868 0.07729537785657183
4875 0.08462214238808712
4972 0.045520723039490014
5001 0.019205651006329708
5208 0.10729738208212976
5250 0.04455920031824502
5362 0.05974278454528525
5384 0.2168449326496512
5447 0.05974278454528525
5540 0.04072872265303934
5541 0.048981162259546206
5681 0.04165439772803092
6055 0.02597692298393471
6057 0.018522522588716107
6079 0.021242775478225694
6080 0.057411777890674656
6122 0.03807638422730785
6167 0.05022916518090703
6398 0.031475518206327026
6410 0.03963651191046546
6452 0.033131299032667226
6473 0.057411777890674656
6484 0.04189546198289268
6584 0.020188077174575998
6729 0.04938521674032891
6817 0.02663271654472311
6905 0.052082447176207004
6934 0.03232302967897735
6945 0.15459075571314365
6952 0.020028413349211002
6998 0.04578061753128435
7035 0.28416750436733823
7042 0.021071001143303285
7150 0.027408201917207314
7225 0.06473854242218995
7262 0.11526576411242176
7272 0.01627754542880784
7282 0.04378164689218749
7401 0.07468034240513853
7464 0.06252756145153934
7483 0.015796729941873384
7507 0.020845122687142167
7544 0.06886476222544337
7552 0.01981825595523273
7561 0.02527331123393854
7589 0.03171259774508234
7606 0.15459075571314365
7768 0.05479674243924136
7789 0.24692608370164457
7861 0.02950161677443174
7901 0.04546537439018778
7911 0.03270216150269359
7952 0.03521889928274914
7993 0.16473637509461633
8092 0.046431465280719494
8124 0.03985918457938807
8166 0.023550083107326408
8171 0.08977490585559265
8176 0.04677018128889562
8252 0.05160966151139827
8258 0.04783311086136973
8320 0.048981162259546206
8324 0.08841954835482187
8326 0.02295375301856787
8341 0.05112589375660266
8447 0.030564546346905867
8448 0.06886476222544337
8487 0.10037952255073085
8515 0.025504034474990486
8811 0.04189546198289268
8819 0.08970988491258554
8942 0.02881644102810544
8972 0.07365676261189405
8981 0.04239009670736685
9109 0.04980098456233666
9175 0.08970988491258554
9237 0.07246936143448794
9267 0.024602607902026213
9338 0.011670483149736843
9357 0.06252756145153934
9445 0.008796771661089118
9470 0.03521511121688712
9625 0.029399531037191975
9632 0.04028736519795844
9692 0.1194855690905705
9821 0.02519722094655672
9894 0.04546537439018778
9924 0.08462214238808712
10004 0.023823291092219128
10180 0.10037952255073085
10183 0.04118409377365408
10195 0.03826387690411341
10254 0.055407174373136366
10269 0.04643268370495902
10318 0.008942633787994888
10392 0.015523521956980665
10411 0.06359049102401347
10456 0.06061232261893651
10560 0.03944341675738033
10561 0.04783311086136973
10619 0.020028413349211002
10686 0.04783311086136973
10709 0.05112589375660266
10750 0.03078692267009075
10790 0.057411777890674656
10801 0.04643268370495902
10819 0.08049592258483368
10861 0.06735357787362324
10881 0.09303840337875562
10951 0.024060040010112315
10959 0.05394442268342983
10963 0.029399531037191975
11233 0.052585761468590765
11300 0.02573852992482197
11319 0.008991586004566973
11416 0.06252756145153934
11505 0.048205676887062
11669 0.09717635833829902
11679 0.056711981271844195
11771 0.04746997790772607
11780 0.041417318189275604
11813 0.05022916518090703
11841 0.10037952255073085
11852 0.08428129438651683
11875 0.02565993802663187
11893 0.023398924152923568
11911 0.05067052263598792
11960 0.03447178501826329
12004 0.10455232728099578
12006 0.015179732209954395
12086 0.05892296224249479
12204 0.011445709170761398
12263 0.05364869104106488
12265 0.03665698622756425
