42
76 0.13524331028122052
119 0.12499759615330379
201 0.1495959290055071
456 0.09541366793454112
642 0.1484621167099149
674 0.08528394032354954
1205 0.19287774608608196
1632 0.12499759615330379
1759 0.11611473306252666
2042 0.08887639136656583
2237 0.2748069984504681
2287 0.14625056573965659
2356 0.1377737686474086
3643 0.1830087468368303
3680 0.10644987975159247
4676 0.12659990806537982
4708 0.1607707320129746
5312 0.12907772185250507
5389 0.10766065170130097
5425 0.1829261975082662
5802 0.06237143910672295
6008 0.051507768399597614
6398 0.14679663672298707
6952 0.09340922361592603
7272 0.0759157929471135
8327 0.14734720216823877
8438 0.19316355563764173
8556 0.10920560083359696
8577 0.2135132656638218
9000 0.13478356054035243
9341 0.09988364682500189
9445 0.04102669526846391
10116 0.1642374830678985
10140 0.1649529265078393
10653 0.4099254837665269
10898 0.11175422619118032
11276 0.12700655566405336
11319 0.04193527730420613
11332 0.12693358572449437
11637 0.10496659671835012
12209 0.27863051474561656
12271 0.14306456722810817
