134
97 0.09023816093867974
107 0.1357680503408795
110 0.04703331357373842
203 0.08639134944582202
344 0.013914695793837879
374 0.037911297487450375
504 0.07076159888245813
628 0.057614849881075784
642 0.0371628611664272
887 0.029505219973351687
952 0.01724368327114511
1548 0.07299753633182438
1632 0.09386775053986819
1895 0.027026121506789205
1905 0.03581175297481195
1936 0.17906012326518056
1958 0.09352834476111387
2044 0.08460404854198758
2074 0.05765456175755645
2100 0.043812112098027
2219 0.06199998787129825
2266 0.02612887165211118
2287 0.07321853669531189
2489 0.07076159888245813
2568 0.1357680503408795
2598 0.06788402517043975
2705 0.06547444194125816
2822 0.03759040756609562
2889 0.060803431986422
3361 0.021023025703773027
3540 0.06878936227840593
3609 0.10666241332957152
3623 0.052020449360864265
3643 0.0458105326911639
3697 0.0586398257839016
3755 0.09023816093867974
3803 0.0760583146406818
3965 0.057182850068242745
4012 0.11718764772311087
4013 0.053822687980846114
4144 0.0654292001910093
4149 0.10558113551294769
4198 0.04319567472291101
4381 0.03138862529422713
4624 0.012539887026125438
4787 0.04534537340170199
4790 0.04279697356311938
4861 0.008325778181957821
4957 0.07423844895153346
5005 0.06622530669882175
5018 0.09839383955251761
5181 0.03468247181927142
5224 0.022075102232940583
5250 0.1560613480825928
5401 0.03702273769091932
5473 0.032101271465582185
5502 0.06702513651835337
5539 0.0654292001910093
5687 0.11001030992985365
5716 0.0939746233027845
5842 0.024934826398862346
5938 0.053078358436542294
6068 0.028893075549831466
6069 0.10558113551294769
6107 0.15115747337102725
6150 0.03517499725596063
6258 0.02679726157597309
6281 0.03542680136357523
6585 0.05584256233426258
6686 0.07423844895153346
7026 0.05672406362666276
7083 0.05102542453120709
7259 0.034086513629595076
7262 0.016820815909583304
7282 0.025556348956264005
7372 0.10558113551294769
7405 0.05627751296027657
7483 0.01844182535008379
7537 0.009906636023269372
7588 0.07423844895153346
7730 0.07557873668551363
7832 0.21228479664737437
7934 0.604629893484109
7941 0.07703571240117248
7945 0.09879176110584
7952 0.013705384848311306
8071 0.08039587448856911
8324 0.03440834219683514
8380 0.04024393916663073
8512 0.057182850068242745
8582 0.050706469028379636
8603 0.04557633785807955
8754 0.034086513629595076
8766 0.055005154964926826
8873 0.032954687113008745
8956 0.049784511911498006
8966 0.06788402517043975
9042 0.15405172119083885
9091 0.08236811109262131
9148 0.050086225616741364
9194 0.07423844895153346
9338 0.02724931207794243
9445 0.01026975375380335
9578 0.058656052351690906
9626 0.08186907677201727
9656 0.029505219973351687
9797 0.09879176110584
9849 0.03252254293259048
9920 0.05584256233426258
10141 0.07294736666946765
10174 0.050086225616741364
10218 0.029865334016215925
10318 0.01044003987501237
10325 0.0368837770792341
10571 0.04075920005502406
10597 0.05677124569770588
10653 0.06840804096200143
10881 0.07241152619456524
10960 0.026348717141934652
10963 0.034322357776407186
11036 0.013362244610861624
11176 0.0871852488956768
11319 0.020994377865121188
11332 0.015886932397890074
11497 0.017898707763188502
11736 0.023136738832310256
11893 0.006829243682013889
11981 0.11718764772311087
12064 0.0941658758826814
12098 0.034086513629595076
12204 0.013362244610861624
12232 0.09670494479883304
12265 0.010698760761826936
12286 0.04165484977041017
