145
88 0.06999430907689722
132 0.13394936613769262
169 0.12392178105075836
210 0.06600812174258447
279 0.05565141515941177
326 0.05040710181886834
374 0.04485793569271517
380 0.06075974410898028
517 0.05535347198112102
547 0.035123483214968575
628 0.03408592427845904
636 0.08032268578162653
641 0.05285624633768187
952 0.020403312113984745
1444 0.1387692697627682
1492 0.13998861815379443
1524 0.021443595552085238
1901 0.05721228871670256
1958 0.02766647907611811
2010 0.12492718796478655
2077 0.07741805343290215
2154 0.04645219872538215
2233 0.08784145596961389
2337 0.052341597974151194
2366 0.2773208153735177
2464 0.04364213862299008
2505 0.10316054969129618
2511 0.12492718796478655
2630 0.0165059209563484
2641 0.07930641953710545
2681 0.06196089052537918
2756 0.05111059043983401
2757 0.1047347372325217
2781 0.10731942897037414
2782 0.07930641953710545
3201 0.06508396883544541
3332 0.035230291279499476
3361 0.07462547559061958
3362 0.05183998009316077
3441 0.0693846348813841
3453 0.06280411769630063
3557 0.08372752879886955
3561 0.056573109157600554
3741 0.06280411769630063
3765 0.035663376238514725
3810 0.08032268578162653
3933 0.031176697646122565
3999 0.09303963925907777
4081 0.055774065074352716
4097 0.05855604750813618
4143 0.043972360400293065
4196 0.34134072893075373
4320 0.030916568990591867
4381 0.037140088265173926
4448 0.05259725117269689
4451 0.08994069818005128
4624 0.01483762052718071
4772 0.033100007053895576
4832 0.11119396824281422
4861 0.019702687432510354
4872 0.032908577081724566
4876 0.06711783998520825
4957 0.08784145596961389
5017 0.08942732996932384
5112 0.04822767080340685
5247 0.04802235447913615
5248 0.1067728589810501
5310 0.09771340587388183
5346 0.07410823624764155
5384 0.07488531027534133
5540 0.05626108935492489
5545 0.1001063857045813
5673 0.08942732996932384
5687 0.06508396883544541
6008 0.015255865978978543
6017 0.08139391141780582
6058 0.06879316266049831
6074 0.043156901766486615
6167 0.0693846348813841
6258 0.03170743066532567
6353 0.11119396824281422
6932 0.033004060871292235
7102 0.04331733056195504
7121 0.05183998009316077
7254 0.0515938545927974
7262 0.019902961079632336
7282 0.03023914067832073
7394 0.05448561727690018
7484 0.06276184929016781
7589 0.043806561541642745
7691 0.11689376941326851
7789 0.3410941849943626
7861 0.040752397554927856
7956 0.04802235447913615
7963 0.08637316598260895
7993 0.05689012148845895
8006 0.07410823624764155
8312 0.08505573926590511
8324 0.04071311993659681
8326 0.03170743066532567
8361 0.06557319981513311
8385 0.047418870831396676
8413 0.14388937455101225
8461 0.08372752879886955
8510 0.07930641953710545
8819 0.12392178105075836
8828 0.044997391452737824
8837 0.038864031450724555
8936 0.06368483371092981
8942 0.019902961079632336
8972 0.05087330798714626
8974 0.06999430907689722
8981 0.05855604750813618
9192 0.1067728589810501
9338 0.040302890229083344
9445 0.012151521683493633
9453 0.05535347198112102
9568 0.03725837427614246
9618 0.04283988943562822
9664 0.030406338699994716
9675 0.029423682044514288
10065 0.06879316266049831
10135 0.05890672653866429
10216 0.05285624633768187
10318 0.07411806005812056
10364 0.04132672321655365
10501 0.05392747197386114
10576 0.04864479879947956
10619 0.02766647907611811
10757 0.09746074852084188
11003 0.08032268578162653
11179 0.06323958243406937
11186 0.11689376941326851
11332 0.056393875105037496
11497 0.021178359355534904
11540 0.08252638238247065
11669 0.06711783998520825
11828 0.03873579250472251
11893 0.004040296616319565
12006 0.04193739526394623
12030 0.04364213862299008
12036 0.13866040768675886
12204 0.015810661971217905
12232 0.11442457743340512
12265 0.012659137356210099
