305
43 0.07830686769714823
79 0.024282490457643947
84 0.04751581275068749
111 0.024832883918643522
127 0.056533927973997374
159 0.02873011456064077
200 0.03648579217449686
279 0.0314284955363165
319 0.030454918484291105
336 0.037314992028093
373 0.024017124400155628
390 0.02007883287673049
435 0.014047959186524746
456 0.015959603652291328
493 0.019422218619044074
593 0.051630024086048304
628 0.019249633023134344
654 0.08125986648939801
677 0.025511217518573024
678 0.031094468414082206
712 0.04142949314021494
769 0.011841830401636869
785 0.037314992028093
846 0.030931121314021377
938 0.025269697778811957
942 0.07564636125949314
952 0.011522535444311957
956 0.021803636800380832
1027 0.06279551246943606
1029 0.024832883918643522
1089 0.053721951325859364
1199 0.06601440951150381
1224 0.08370354519976268
1328 0.03703170910907854
1329 0.052543064336790714
1335 0.03194901160270851
1380 0.043720953721960935
1481 0.03596527610810485
1524 0.012110023530593192
1553 0.022699240870435025
1586 0.03287425563084292
1596 0.03453493859028929
1653 0.07830686769714823
1664 0.023672817922460416
1736 0.026891714964528156
1742 0.022699240870435025
1814 0.038385382058678724
1817 0.06279551246943606
1896 0.030300583932145856
1905 0.02393004942660445
1971 0.01613108712576168
2129 0.02634041737216918
2187 0.08744190744392187
2194 0.025511217518573024
2261 0.03596527610810485
2266 0.017459776139308294
2287 0.02446296336421753
2302 0.04536131137585046
2337 0.02955931441423692
2354 0.07055119008329215
2356 0.023045070888623915
2373 0.010937170015724251
2460 0.03367381552635885
2464 0.024646394974485807
2630 0.00932152869093135
2666 0.02886411709200105
2675 0.026448525243436424
2677 0.26756336678758036
2704 0.024646394974485807
2768 0.027353185629349037
2783 0.03885014602793829
2806 0.029276031495222454
2822 0.05023715603397367
2901 0.02873011456064077
3008 0.0395284796278678
3051 0.053721951325859364
3092 0.07830686769714823
3097 0.03522726728601739
3144 0.04536131137585046
3239 0.03043775916769811
3273 0.0432235794996658
3304 0.10508612867358143
3330 0.029849956148138294
3350 0.03014834923505645
3361 0.02809591837304949
3362 0.029276031495222454
3392 0.05050305428379163
3400 0.07478192122515122
3409 0.056533927973997374
3442 0.01537929921532035
3460 0.045966273712003285
3461 0.07830686769714823
3466 0.04536131137585046
3591 0.06988231619771618
3597 0.025815012043024152
3602 0.08957477344586925
3614 0.06601440951150381
3652 0.03622250761224888
3668 0.03546790188580972
3673 0.038525802227495944
3683 0.05969991229627659
3738 0.047284157241723884
3790 0.039184173150172585
3793 0.056533927973997374
3819 0.02492730707505041
3876 0.02970369161266616
3934 0.047284157241723884
4073 0.056533927973997374
4081 0.015748880331348324
4089 0.0602987419506468
4143 0.024832883918643522
4147 0.04877825036014128
4170 0.029276031495222454
4196 0.4497925692984673
4226 0.02820959849424876
4451 0.012698243266536588
4549 0.06601440951150381
4552 0.01948034382836728
4579 0.045966273712003285
4624 0.016758750488996044
4655 0.02446296336421753
4699 0.02262180749819758
4820 0.021312501261064307
4861 0.10570522441158424
4926 0.022934809100372964
4991 0.040250606151146284
4995 0.030931121314021377
5129 0.03596527610810485
5146 0.024372363050320152
5155 0.039184173150172585
5219 0.07045453457203478
5224 0.029501950820623766
5258 0.07830686769714823
5351 0.030454918484291105
5368 0.05142565595091901
5380 0.052254571279775924
5401 0.024739250923434115
5425 0.01529880190674346
5540 0.09531840604203515
5541 0.15284238439258876
5630 0.047284157241723884
5648 0.03790402684891254
5667 0.03194901160270851
5807 0.025215453753164384
5984 0.04229061620414538
6008 0.008615574544682212
6013 0.019422218619044074
6063 0.03268298468890649
6066 0.018531075014519255
6080 0.04478738672293463
6088 0.03821059609814719
6150 0.04700911589040882
6281 0.023672817922460416
6360 0.014636994007344282
6410 0.04638113952844251
6411 0.05503983485557997
6436 0.036955332855990855
6507 0.028597697895292956
6584 0.015748880331348324
6619 0.04877825036014128
6628 0.031094468414082206
6638 0.020776395004561604
6657 0.018747295803360535
6747 0.04129257596944707
6791 0.03896068765673456
6803 0.07830686769714823
6804 0.037605633761994384
6828 0.02531317557634995
6877 0.0395284796278678
6934 0.025215453753164384
6949 0.14702168619944783
6952 0.01562432530527158
6970 0.037605633761994384
6998 0.03571382557935794
7025 0.03674321605206375
7042 0.016437656374996334
7176 0.02670552372857776
7256 0.0323099808945513
7259 0.04555442770481245
7262 0.011239967962340627
7330 0.07830686769714823
7459 0.0323099808945513
7482 0.024017124400155628
7492 0.04877825036014128
7537 0.0066197901525500815
7561 0.059147736174915665
7660 0.02051767648099452
7681 0.049607450213737435
7744 0.04185177259988134
7782 0.04274737666993554
7818 0.0324949285372902
7833 0.016983573309578025
7835 0.01948034382836728
7901 0.03546790188580972
7911 0.07653365255571908
7952 0.045790907954352596
7954 0.056533927973997374
7971 0.03622250761224888
7982 0.052543064336790714
7993 0.2570243253134099
7996 0.06906987718057858
8043 0.040250606151146284
8098 0.04944643742368033
8141 0.07830686769714823
8171 0.08754265183674466
8200 0.034991699056079455
8201 0.027471589672161303
8220 0.04229061620414538
8234 0.06279551246943606
8252 0.013420369789815074
8282 0.06601440951150381
8324 0.05364861930717182
8369 0.03287425563084292
8380 0.05378342992905631
8385 0.026779260976433204
8444 0.02783451049058658
8543 0.03988371827803232
8556 0.018266545492310916
8571 0.03194901160270851
8577 0.03571382557935794
8617 0.05503983485557997
8708 0.02097443694678468
8754 0.022777213852406226
8833 0.0395284796278678
8841 0.09921490042747487
8872 0.07830686769714823
8890 0.013454327562866537
8902 0.07055119008329215
8972 0.11492045824256308
9027 0.03443828307903194
9099 0.018967777373416064
9102 0.056533927973997374
9117 0.06613770638041208
9267 0.019192691029339362
9268 0.037314992028093
9273 0.01630523970964852
9279 0.07830686769714823
9338 0.03641694866625312
9445 0.03431215934897436
9453 0.0312602355590605
9582 0.04667758160045224
9604 0.04877825036014128
9669 0.039184173150172585
9675 0.016616685436464065
9922 0.02899974393600587
9966 0.03821059609814719
9992 0.07830686769714823
10033 0.07055119008329215
10065 0.03885014602793829
10106 0.03453493859028929
10160 0.08957477344586925
10285 0.04185177259988134
10318 0.013952440161222199
10321 0.02634041737216918
10334 0.022392671621200365
10392 0.04844009412237277
10418 0.0314284955363165
10490 0.054472042884446736
10540 0.053721951325859364
10560 0.030770124613639857
10561 0.037314992028093
10576 0.027471589672161303
10579 0.03821059609814719
10591 0.0395284796278678
10619 0.14061892774744422
10638 0.13638437994410105
10646 0.026667925952050597
10694 0.04478738672293463
10749 0.012988048527695657
10750 0.024017124400155628
10810 0.07055119008329215
10845 0.020842020281436866
10881 0.04838666797770484
10897 0.02634041737216918
10951 0.025025905974767167
10963 0.022934809100372964
10979 0.02342136739371351
10985 0.026233344041851514
11021 0.026557687842293856
11036 0.017857778378690313
11071 0.026667925952050597
11079 0.04229061620414538
11103 0.054487380895940025
11319 0.014028816191894292
11461 0.06279551246943606
11497 0.011960234444449136
11588 0.040629933244699004
11634 0.01419233638495399
11663 0.06601440951150381
11736 0.015460379842814167
11773 0.040250606151146284
11828 0.021875592531530895
11844 0.07830686769714823
11893 0.018253687717757046
11929 0.014982481826711103
11945 0.025815012043024152
11977 0.028677201840852238
11994 0.04800628376500237
12006 0.011841830401636869
12051 0.018967777373416064
12052 0.05518252018477579
12078 0.02393004942660445
12175 0.055424448543907275
12223 0.08125986648939801
12275 0.021176047403671162
