76
41 0.06453528197274705
68 0.1383921521604662
84 0.0899354127000963
337 0.09436217206509859
1269 0.14821509000691502
1471 0.06373601378640369
1665 0.08700252731160091
1945 0.40672825182608224
2227 0.04496770635004815
2356 0.02180924455555461
2382 0.11028403888745122
2705 0.04140496244282195
2853 0.051331434186666025
3085 0.20421950688038207
3089 0.052223275151464174
3270 0.03731723367600042
3318 0.08004543753923613
3591 0.026453909062470138
3609 0.1798708254001926
3657 0.14821509000691502
3670 0.047181086032549294
3725 0.04866787837120757
4297 0.04965308360159308
4624 0.015860037472935712
4861 0.04212068376121611
5013 0.04613071738682207
5297 0.12024270147279005
5323 0.07618421460295868
5354 0.05677892401403891
5525 0.1259316328517415
6003 0.14706699577315277
6014 0.061504678958039016
6041 0.17293036806528472
6122 0.056221573603681414
6616 0.05089921319957223
6778 0.028730255795722862
6932 0.03527827398057914
6994 0.22271406326516352
7035 0.20979334811818545
7262 0.042548831595618196
7272 0.024034562025368356
7459 0.183463859578514
7741 0.13353555436199535
7978 0.2498971529634356
8198 0.24055150454958812
8380 0.05089921319957223
8395 0.07416572672476945
8418 0.09389435326258637
8453 0.06713176538605391
8942 0.042548831595618196
8944 0.058240061481870636
9291 0.04529352959629709
9292 0.0828099248856439
9338 0.017232017711463373
9445 0.03896654229032622
9567 0.16238462189296982
9616 0.058240061481870636
10195 0.05649841536644561
10280 0.06579375671434448
10490 0.05155089825711947
10821 0.08090996954695881
10901 0.08004543753923613
10903 0.08585748665628494
10951 0.023683854402784327
11080 0.029109122666708266
11106 0.03777269409621458
11116 0.06013787613739703
11217 0.025789964616286798
11219 0.054889178740693385
11499 0.11961905405749387
11629 0.026931374222596446
11641 0.14821509000691502
11642 0.29643018001383004
11852 0.1244452983633557
11893 0.012956104845629045
12225 0.06807316896012736
