100
68 0.046236687561128094
160 0.09967918351735416
279 0.059622841069154615
319 0.057775872932407164
344 0.017639278052160572
505 0.05898915989282375
517 0.11860727182238165
644 0.07134145897964966
1113 0.0631104597117321
1492 0.07498928021655792
1575 0.0409592387516795
1596 0.06551605858837624
1597 0.11912905138888857
1702 0.05425254907873292
1706 0.06468353059030472
1814 0.0364103577789587
1906 0.22104469549362638
2194 0.09679440530857708
2227 0.04507100488841899
2266 0.0662457072852304
2337 0.05607682694822935
2373 0.020748850317710076
2768 0.05189159110811527
2799 0.4015269253389964
3342 0.04820851925199239
3345 0.11439244057479772
3361 0.07995093850002677
3481 0.0737024169502673
3616 0.0668294718806324
3741 0.06728597857159313
4059 0.0370669073224025
4079 0.06921701312710027
4081 0.11950848718521494
4143 0.047110339387997927
4196 0.1828498338557149
4320 0.0662457072852304
4624 0.023844706051115782
4626 0.14855556550377566
4763 0.13384230844633213
4827 0.026582387197804296
4861 0.03166308165009325
4926 0.04350951118111349
5156 0.11439244057479772
5384 0.08022931564581978
6055 0.038444260202334976
6057 0.02741220268638492
6167 0.2230082943797945
6525 0.19161818137873926
6620 0.11438856389813784
6817 0.11824438391416608
6945 0.11439244057479772
6952 0.02964082908176521
6970 0.07134145897964966
7035 0.08411011177653625
7150 0.04056246564825641
7176 0.025331457484142526
7262 0.06396986034536441
7272 0.024089773538899358
7507 0.030849509044227286
7625 0.06427919945119842
7789 0.1461742119101696
7963 0.27761092147985755
7993 0.3047497230928582
7996 0.06551605858837624
8171 0.03321534504382011
8222 0.04839720265428854
8312 0.04556276610167083
8324 0.058158015028748455
8352 0.09494024661230796
8361 0.07025266940246708
8385 0.050802801530932695
8651 0.0707900840056729
8942 0.04264657356357626
9027 0.06533269390330897
9182 0.062002726141331316
9267 0.0364103577789587
9273 0.03093258837921399
9338 0.008635801306662116
9445 0.013018685041665074
9473 0.05553941234502353
9568 0.07983445242491119
9600 0.08720238704729426
10002 0.14855556550377566
10183 0.06094994461857164
10392 0.0229738648314855
10702 0.07707884234228828
10951 0.0237382602807215
11036 0.016938950846223474
11079 0.08022931564581978
11080 0.029175991316875146
11185 0.09411004470519181
11350 0.10725023088406274
11470 0.09107247987527879
11497 0.02268970070830177
11669 0.14381507801302496
11845 0.14855556550377566
11852 0.06236558528484473
11893 0.01298586724184989
12051 0.0359836752116719
12265 0.013562525454202496
