220
50 0.025939557702487046
84 0.01701344340680374
343 0.015213239516651272
352 0.01975857361705139
390 0.028757591803413435
435 0.01005998402489998
479 0.019672875580792334
576 0.016713307569684106
587 0.013992049468525964
628 0.013784991693574599
711 0.011676461244176463
785 0.026721904492146457
818 0.030285034129724497
938 0.01809606310735497
942 0.01805721803212267
958 0.01587498026938526
975 0.03835417430312035
978 0.03337522803693058
1246 0.11215377658968681
1252 0.03847120887445408
1275 0.02997077071325896
1413 0.02985065493057794
1524 0.008672195131075722
1564 0.023007439838163894
1575 0.030922660464866608
1704 0.029376966505126844
1718 0.056076888294843405
1742 0.016255314918125444
1872 0.4928515963472539
1896 0.02169876679275412
1902 0.024416797224176803
1905 0.051410153976877156
1971 0.011551747597978146
1979 0.025755349819474957
2032 0.047274048584648745
2091 0.02076721300573343
2102 0.026721904492146457
2183 0.025399171625599962
2227 0.01701344340680374
2278 0.028757591803413435
2561 0.22430755317937362
2675 0.01894024163213393
2768 0.01958808441907558
2798 0.025399171625599962
2819 0.026721904492146457
2853 0.019421147339083216
3008 0.02830702084943261
3060 0.05994154142651792
3089 0.03951714723410278
3162 0.056076888294843405
3190 0.03337522803693058
3216 0.056076888294843405
3359 0.04318096121228395
3361 0.01005998402489998
3400 0.017850871263872147
3449 0.025399171625599962
3544 0.04095860190874226
3591 0.02001756910701701
3597 0.018486571985810923
3683 0.021376064523470715
3725 0.03682679245199532
3729 0.06190629022936424
3891 0.013043630619927594
3945 0.03847120887445408
4078 0.01958808441907558
4081 0.011278042770468764
4143 0.01778325322537834
4226 0.020201376330392797
4289 0.02002130830281246
4381 0.015020153305850019
4391 0.06414602846823927
4410 0.008759054409928933
4416 0.02806045708744461
4446 0.01683201625955092
4451 0.027280288056685434
4502 0.019421147339083216
4624 0.01800184211365426
4699 0.01619986355488045
4700 0.02736326189628976
4719 0.034378121502089284
4861 0.003984069500058903
4886 0.032917235385371925
4904 0.02882414801300713
4905 0.03917616883815116
4972 0.012715046037880366
4978 0.03941496782759693
5108 0.026321186494815595
5129 0.025755349819474957
5213 0.056076888294843405
5235 0.02612810028401434
5247 0.13594803137358252
5297 0.015164530004885157
5401 0.01771620103484281
5571 0.051510699638949914
5752 0.01701344340680374
5882 0.01894024163213393
5998 0.01805721803212267
6008 0.018509281198932522
6114 0.01958808441907558
6150 0.01683201625955092
6162 0.018370007898161844
6230 0.019177087151560177
6280 0.015928220930447674
6410 0.011071442632520367
6436 0.026464346402909768
6584 0.022556085540937527
6710 0.056076888294843405
6747 0.014785160217367158
6760 0.056076888294843405
6772 0.0165963319154053
6794 0.08416008129775461
6817 0.029756664162491415
6931 0.11215377658968681
6947 0.32387930786632935
6948 0.4333440316055497
6952 0.011188846784353215
6961 0.09745203450490511
7025 0.013156222964463648
7026 0.02714372240953039
7042 0.011771287084737514
7272 0.009093429352228477
7427 0.056076888294843405
7483 0.026474467237873677
7536 0.016654606281426024
7537 0.014221635106982104
7542 0.018370007898161844
7583 0.03386099433851477
7602 0.3337522803693059
7833 0.03648668263728195
7835 0.027900415300311572
7844 0.026321186494815595
7952 0.013116661185870425
7968 0.023822993016044684
8151 0.09454809716929749
8156 0.01407639435270717
8224 0.01229689777478999
8277 0.027821254547848423
8326 0.0128230839444283
8338 0.0316820737730965
8349 0.069861879988418
8352 0.017919064781951793
8374 0.025575281791894625
8418 0.03552474420234112
8515 0.014247795326970937
8556 0.01308098588576668
8562 0.034930939994209
8719 0.02158974892044823
8733 0.069861879988418
8763 0.05045369813974899
8833 0.02830702084943261
8837 0.047152045491014614
8882 0.02966836916425942
8883 0.07882993565519386
8890 0.019269748516644498
8936 0.025755349819474957
8949 0.0900259343934498
9054 0.11215377658968681
9099 0.04074945011531525
9267 0.013744214557172256
9273 0.023352922488352926
9338 0.013039400134701682
9445 0.05405735414803501
9575 0.00975758247590043
9578 0.014034110929993421
9628 0.04764598603208937
9636 0.04946212128128468
9637 0.16308467370723911
9638 0.109046442036038
9667 0.056076888294843405
9798 0.02426416994262797
9865 0.01689203669008279
9892 0.03248401150163503
9919 0.025226849069874494
9987 0.017325260573819674
10004 0.013308850246012485
10064 0.02714372240953039
10102 0.03386099433851477
10135 0.023822993016044684
10147 0.05052291480576125
10211 0.06190629022936424
10218 0.014291224647435645
10318 0.004995790607966291
10392 0.008672195131075722
10420 0.014647402841310636
10460 0.014602005042759646
10490 0.019504181139237946
10657 0.02736326189628976
10749 0.027902891580560016
10760 0.015562758042590663
10881 0.017325260573819674
10914 0.018340882699335728
10951 0.004480369905906033
10960 0.012608445485413589
10980 0.01871019645354581
11067 0.009957910160316958
11080 0.011013379407358158
11129 0.02714372240953039
11145 0.01805721803212267
11217 0.03903032990360172
11299 0.03386099433851477
11300 0.028757591803413435
11629 0.010189432559375067
11634 0.010163375007922713
11846 0.02106585713848128
11861 0.019338965182656757
11875 0.014334890641114763
11893 0.014705750489995102
11929 0.010729211683263346
11960 0.019257617377249948
11977 0.010268117545306396
11986 0.03847120887445408
12030 0.017649705300435144
12051 0.013583150038438416
12052 0.01975857361705139
12138 0.01642400935967983
12186 0.024059566746290218
12204 0.01918239113858124
12265 0.005119594289935599
12275 0.015164530004885157
12304 0.03427343598458477
