292
35 0.12964336296427137
79 0.07519797833346024
104 0.024177084593589748
111 0.025634145313180465
159 0.0593142491161789
203 0.029795450834347866
279 0.032442571881380916
319 0.03143758125254541
343 0.021929530413339837
344 0.009598058996872258
352 0.028481523648207142
456 0.03294911702594943
493 0.02004889871092068
571 0.048698954871902615
578 0.04810961383253944
654 0.04194090449871229
682 0.033934981078496525
690 0.06482168148213568
711 0.01683134691293648
712 0.04276626310850546
724 0.0371257368658524
846 0.09578744793325825
906 0.16166705664513442
922 0.04810961383253944
938 0.01304252673600874
943 0.03976888128829252
947 0.0601385164976642
952 0.011894323225745563
965 0.02258143353797868
976 0.08083352832256721
979 0.030532840158342858
990 0.08083352832256721
1023 0.027528397076055075
1055 0.03564924787252003
1108 0.0622443498076515
1201 0.08083352832256721
1224 0.043202167897789044
1328 0.0382265795470042
1356 0.10121261568273528
1472 0.0622443498076515
1524 0.012500767286887782
1536 0.017725691720480226
1538 0.043202167897789044
1672 0.06814443991787997
1711 0.06482168148213568
1814 0.03962393030216644
1898 0.05423842638743573
1974 0.04080391122148838
2002 0.026970312386030995
2022 0.08083352832256721
2053 0.04080391122148838
2096 0.028357991925036047
2127 0.04566897139852098
2129 0.027190321057357518
2194 0.026334366122345167
2196 0.03766304797830522
2302 0.04682494595531028
2337 0.030513079493101797
2456 0.02707979288360527
2609 0.04194090449871229
2650 0.08363000359090046
2656 0.019018999497887414
2666 0.029795450834347866
2679 0.027759406896909432
2841 0.027190321057357518
2936 0.030966082888048543
3049 0.038819022535094526
3085 0.0371257368658524
3120 0.034548405191368224
3144 0.04682494595531028
3244 0.053137583706283936
3270 0.020352068504820287
3273 0.04461823771577333
3361 0.014501232652670264
3365 0.08083352832256721
3393 0.06482168148213568
3409 0.05835805980320824
3481 0.04010369041232367
3544 0.05904087063524747
3591 0.014427429807208101
3616 0.07272783069050363
3638 0.046232502967219966
3652 0.03739126823860633
3676 0.0601385164976642
3721 0.040951200455982745
3737 0.052058118401715245
3903 0.02461298938287334
4025 0.018748492847858157
4048 0.012657487547721386
4081 0.03251407192626421
4095 0.048809834641704145
4101 0.017725691720480226
4124 0.03912704361615656
4183 0.12964336296427137
4195 0.03127826691960296
4196 0.16582344316339312
4205 0.03143758125254541
4268 0.0601385164976642
4297 0.02707979288360527
4395 0.0601385164976642
4410 0.012625972914210446
4451 0.013107966605205109
4581 0.05035213638299246
4624 0.030274108788248183
4655 0.025252288849084117
4755 0.08825333931446533
4861 0.03445766031939774
4868 0.124488699615303
4869 0.10364521557410468
4872 0.0383687952742835
4894 0.05423842638743573
4926 0.023674826940564567
4941 0.014208809286356906
5005 0.09136159499264673
5119 0.04513166028606817
5138 0.0423462129627767
5183 0.03851900291331756
5239 0.06814443991787997
5266 0.0601385164976642
5297 0.021859316786680977
5337 0.02515876521246286
5346 0.043202167897789044
5358 0.053137583706283936
5368 0.05308496354230492
5433 0.024007227032150635
5465 0.04461823771577333
5540 0.09839396340381786
5541 0.03944350467276118
6008 0.01778713181751033
6024 0.0846924259255534
6055 0.041837344637574096
6057 0.014915799719247351
6066 0.03825800267805403
6074 0.05031753042492572
6079 0.017106362429660616
6155 0.02886024957806123
6162 0.013239969253593508
6167 0.040448495301596686
6186 0.0593142491161789
6214 0.018642039504282622
6225 0.1456552098047029
6281 0.024436648461165156
6329 0.08083352832256721
6334 0.06814443991787997
6336 0.0622443498076515
6360 0.01510927335550926
6436 0.019073869463389508
6452 0.013339970796170372
6556 0.05423842638743573
6620 0.03112112019594079
6772 0.023923225890870314
6778 0.0156689035203488
6791 0.08043559758634146
6816 0.05120809131800481
6932 0.01924006090639883
6934 0.026029059200857622
6949 0.4552965270452564
6952 0.048385386080153546
6953 0.08083352832256721
6970 0.038819022535094526
7025 0.018964388965815225
7161 0.05120809131800481
7206 0.032442571881380916
7230 0.029795450834347866
7262 0.023205276761739183
7282 0.017628221892964698
7312 0.01975348347669367
7482 0.024792064381056852
7483 0.02544155191642861
7484 0.027440755116093982
7536 0.024007227032150635
7567 0.06814443991787997
7625 0.034976235806246765
7660 0.021179702773376816
7744 0.043202167897789044
7782 0.044126669657232664
7784 0.08083352832256721
7788 0.09761966928340829
7806 0.06814443991787997
7818 0.033543414562532715
7904 0.05035213638299246
7952 0.009453680791727101
7954 0.05835805980320824
7957 0.05213259307744843
7979 0.04566897139852098
7993 0.19898813179607175
7996 0.07129849574504006
8036 0.03316468863267862
8072 0.06482168148213568
8092 0.01869514353353541
8103 0.04682494595531028
8108 0.053137583706283936
8166 0.018964388965815225
8176 0.03766304797830522
8192 0.11091070302638541
8200 0.036120746237016894
8209 0.07282760490235145
8249 0.046232502967219966
8252 0.027706786732930422
8324 0.023734137151316344
8332 0.03976888128829252
8376 0.032979882993833726
8385 0.02764332445230426
8444 0.02873262279864584
8617 0.056815758061919915
8659 0.036612314295557565
8774 0.02965712455808945
8858 0.04682494595531028
8890 0.013888446825892839
8938 0.08083352832256721
8943 0.0423462129627767
8954 0.04194090449871229
8972 0.02965712455808945
8978 0.044126669657232664
9027 0.01777473683033611
9034 0.04010369041232367
9099 0.019579794398876384
9232 0.03279798780127262
9267 0.01981196515108322
9270 0.041170612052894386
9291 0.024702179833919077
9338 0.0281939873666622
9354 0.0601385164976642
9426 0.05035213638299246
9445 0.007083856080849894
9453 0.03226888280356364
9546 0.02351214670172154
9567 0.0885613059528712
9602 0.03794137725377137
9632 0.06488514376276183
9656 0.020352068504820287
9664 0.017725691720480226
9693 0.056815758061919915
9821 0.02029079458914648
9898 0.013474667436611118
10040 0.056815758061919915
10141 0.02515876521246286
10168 0.04682494595531028
10192 0.03112112019594079
10195 0.06162619822975751
10237 0.034976235806246765
10248 0.09364989191062056
10250 0.04461823771577333
10321 0.027190321057357518
10334 0.023115196775725023
10364 0.024091843571892143
10371 0.08083352832256721
10392 0.012500767286887782
10460 0.04209690031244902
10579 0.03944350467276118
10597 0.019579794398876384
10693 0.14432884149761832
10695 0.04365517129273579
10750 0.024792064381056852
10845 0.021514511897407967
10944 0.048809834641704145
10951 0.006458348861663498
10988 0.013679704288647926
11036 0.01843398001736904
11106 0.020600467455126035
11121 0.05035213638299246
11136 0.036612314295557565
11145 0.026029059200857622
11158 0.04513166028606817
11208 0.08083352832256721
11276 0.043859060826679674
11289 0.124488699615303
11413 0.0601385164976642
11470 0.04955526140296425
11627 0.07282760490235145
11771 0.0382265795470042
11773 0.041549337982748485
11780 0.0333524993726244
11847 0.03766304797830522
11893 0.011776664889974477
11899 0.05035213638299246
11921 0.03127826691960296
11929 0.015465908734412392
11997 0.04744942809297694
12006 0.012223920599963049
12051 0.019579794398876384
12052 0.028481523648207142
12110 0.08083352832256721
12119 0.04810961383253944
12162 0.04744942809297694
12186 0.017340652532192875
12204 0.02765097002605356
12225 0.0371257368658524
12265 0.007379775922295908
12275 0.021859316786680977
12286 0.02873262279864584
12345 0.08083352832256721
