263
46 0.047779480481020896
65 0.05150021060534391
66 0.17358252229483687
67 0.05786084076494562
73 0.06427189110407695
79 0.01991469331824609
86 0.033977390072773166
116 0.024725434572487534
120 0.046364924538601436
159 0.02356230393547332
169 0.028697590002215796
170 0.033321650492166996
210 0.030572091500349573
214 0.024360759450017318
230 0.017764822818573764
330 0.01934542868079031
335 0.020443523967003375
390 0.016467165904003492
395 0.05786084076494562
455 0.026202203970752003
456 0.013088880350659882
493 0.015928659707819794
496 0.01578711783345216
547 0.016267670012586673
594 0.016568564168727408
628 0.01578711783345216
640 0.14023288064727
642 0.020366085114293275
677 0.020922403900194637
679 0.026057689966937116
689 0.11633685085842153
724 0.029496045516759793
952 0.009449926893716057
1012 0.06936723837402632
1029 0.020366085114293275
1215 0.02778828732945315
1230 0.13541874133722664
1524 0.01986348188701455
1628 0.04309191489617853
1632 0.017147213974554827
1824 0.04221730583596319
1929 0.03243693282331006
1958 0.1153251897994432
2091 0.023783433902737284
2126 0.030370654576975135
2139 0.03301055461225382
2152 0.03673128473657684
2167 0.0190067758744978
2187 0.03585667567636149
2227 0.01948446845573189
2356 0.009449926893716057
2392 0.025501371181035747
2630 0.007644824795089876
2670 0.024125452978175466
2674 0.0642214709245473
2677 0.016879660048640582
2740 0.05786084076494562
2781 0.08284282084363703
2900 0.021341492690885
2901 0.02356230393547332
2902 0.03628356425467672
3034 0.049452545055780235
3089 0.06788490051656512
3102 0.029922934095075022
3158 0.07755790057228103
3239 0.012481393541092218
3246 0.033977390072773166
3270 0.03233905046235152
3301 0.02485028615269179
3315 0.038778950286140514
3400 0.06133057190101012
3442 0.012612957795942823
3479 0.04405875035669787
3548 0.024725434572487534
3668 0.08726440847526755
3765 0.016517724982801112
3830 0.023896029788848444
3999 0.04309191489617853
4025 0.014895499593968064
4059 0.01602424858870777
4143 0.020366085114293275
4156 0.02523536851023266
4238 0.0642214709245473
4297 0.043029276771819294
4310 0.0642214709245473
4339 0.020521621881701636
4349 0.03544876631802421
4410 0.020062431251753523
4446 0.01927669090928605
4448 0.024360759450017318
4485 0.028697590002215796
4568 0.03628356425467672
4624 0.006872140585569598
4676 0.017367019683271406
4694 0.03060298216562635
4778 0.03468361918701316
4783 0.0642214709245473
4790 0.023453705631472078
4827 0.02298345404616239
4861 0.045627140046381034
4926 0.018809425266454446
5005 0.03629295997711922
5018 0.026961020332565297
5041 0.053299848905304245
5112 0.022336959842614097
5181 0.0190067758744978
5235 0.029922934095075022
5297 0.017367019683271406
5351 0.024976859877892776
5354 0.0492045178061769
5389 0.029537851737534145
5391 0.22569790222871106
5958 0.566502316658783
5998 0.020679840449257147
6008 0.007065853690630111
6034 0.01934542868079031
6055 0.016619686582777248
6058 0.03186200134063745
6066 0.01519780997815207
6068 0.015834056296859276
6125 0.02142765716985145
6162 0.010519029889038885
6199 0.03364366421939804
6244 0.0414188503214192
6258 0.014685503025242908
6280 0.01824162874348675
6295 0.027120614782811473
6360 0.012004174253284136
6410 0.012679454098429048
6452 0.01059848016533243
6563 0.029922934095075022
6732 0.01934542868079031
6750 0.049452545055780235
6828 0.04151996924641955
6952 0.012813909977715912
6994 0.024125452978175466
7176 0.02190188505933719
7180 0.03769812019709618
7254 0.023896029788848444
7262 0.03687274421334516
7272 0.010414155037954696
7319 0.0642214709245473
7348 0.0642214709245473
7376 0.025367406034099503
7382 0.026649924452652123
7394 0.02523536851023266
7397 0.037201975066736184
7405 0.03084134490713449
7467 0.025637321068887744
7480 0.04068434244955106
7482 0.019697059807335413
7484 0.05086997872394405
7532 0.05786084076494562
7537 0.005429059714823482
7542 0.010519029889038885
7580 0.01941468523283508
7814 0.0642214709245473
7952 0.015021719296307256
8098 0.013517430576709514
8136 0.049452545055780235
8152 0.054140110640622595
8156 0.03224168737365458
8163 0.05150021060534391
8165 0.046364924538601436
8170 0.054140110640622595
8171 0.014359194882714
8225 0.022628300172188375
8312 0.019697059807335413
8324 0.03771309333176642
8327 0.020213140747379076
8341 0.032709660456113086
8369 0.026961020332565297
8380 0.06616375580434128
8577 0.029289824487930802
8716 0.026961020332565297
8737 0.046364924538601436
8753 0.019554786421182295
8881 0.04405875035669787
8882 0.06795478014554633
8936 0.029496045516759793
8942 0.00921818605333629
8986 0.01682707280106729
8988 0.022827796063605195
9000 0.018489655993090087
9099 0.07777980392481515
9115 0.026057689966937116
9267 0.015740418243666076
9292 0.017940734587346015
9338 0.014933236883996056
9393 0.0350582201618175
9445 0.011256112822752278
9542 0.054140110640622595
9572 0.07440395013347237
9573 0.05150021060534391
9575 0.011174769469645046
9618 0.0198415738111503
9626 0.022433049197969113
9665 0.049452545055780235
9684 0.2568858836981892
9806 0.05786084076494562
9849 0.017823086186290894
9896 0.04513958044574221
9898 0.010705495367528973
9921 0.024010024417373436
10004 0.01524182181114427
10011 0.0642214709245473
10065 0.03186200134063745
10137 0.0642214709245473
10144 0.025637321068887744
10167 0.03882937046567016
10183 0.1844432120755797
10184 0.027448379967196117
10216 0.024480714747532786
10269 0.029707007671805424
10276 0.02523536851023266
10318 0.04004963929371515
10380 0.054140110640622595
10428 0.021780641056712728
10486 0.0642214709245473
10530 0.03060298216562635
10576 0.02253015539077746
10723 0.04756686780547457
10749 0.010651831766709686
10750 0.019697059807335413
10760 0.017823086186290894
10801 0.029707007671805424
10844 0.024976859877892776
10910 0.14333844144306268
10924 0.11572168152989123
10951 0.015393290590438485
10959 0.017256458712256326
10979 0.01920846420400609
10987 0.029088136158422515
10988 0.010868395200120673
11003 0.037201975066736184
11036 0.014645622135717674
11103 0.014895499593968064
11106 0.01636687583921912
11154 0.04995371975578555
11176 0.047779480481020896
11180 0.25398494978273706
11332 0.017412793701296107
11471 0.0642214709245473
11497 0.009808895071574062
11499 0.025915416580783997
11519 0.049452545055780235
11634 0.011639499130813922
11745 0.03769812019709618
11778 0.10979351986878447
11779 0.029289824487930802
11821 0.03468361918701316
11887 0.0642214709245473
11893 0.024326766003384497
11908 0.022054585268113762
11952 0.0642214709245473
12064 0.05160502132761487
12177 0.011260132406960279
12183 0.0642214709245473
12198 0.07874236954371104
12204 0.007322811067858837
12227 0.028322989027411465
12232 0.026498244146568928
12265 0.011726323832658576
