77
41 0.08008377013295227
84 0.1116035554090898
105 0.06424624964362008
343 0.049897354073231516
344 0.021838942246176524
554 0.2159280996447955
628 0.09042579138756014
682 0.15442790925537841
724 0.08447404037882143
956 0.051211654539903964
1471 0.07909193422934944
1536 0.04033215026947069
1971 0.07577631830880348
2356 0.027063746750156655
2382 0.13685477694706455
2578 0.051211654539903964
2705 0.1541419852803037
2739 0.08974777304618914
2832 0.06596080527727212
3318 0.19866157624571415
3887 0.04481369006087086
4169 0.04265938067693223
4451 0.02982521005019562
4624 0.039362393917143294
4729 0.12927572745607716
4861 0.026134410922698737
5183 0.08764420809232117
5271 0.09635244996303291
5297 0.09947518701453477
5323 0.09453928058452311
5525 0.15627234637364862
6003 0.18249985315962033
6041 0.07153149626998054
6360 0.034378883095028775
6583 0.09124992657981017
6778 0.0356522375152435
6791 0.045754781534403044
6994 0.13818628587874704
7035 0.15620332090481176
7272 0.02982521005019562
7282 0.04011037231055733
7459 0.07588860495666291
7471 0.07011058092212581
7901 0.08330582440263223
8198 0.37313448563725676
8248 0.18392455778470296
8321 0.15177720991332583
8327 0.0578886300777743
8364 0.05368278537590548
8437 0.27610343501457096
8473 0.049737593507267384
8475 0.09730821100555805
8942 0.026400061677642812
8963 0.1039128879224018
9292 0.1541419852803037
9445 0.0483547529392102
9567 0.13433863705019167
9626 0.06424624964362008
9898 0.03065958273755985
10080 0.10654313447454301
10195 0.07011058092212581
10217 0.10152210117884083
10340 0.09730821100555805
10619 0.03669789390083181
10914 0.060155597830606276
11106 0.04687327085021504
11116 0.07462689712745135
11217 0.03200354186009252
11219 0.13622726169888025
11629 0.03341995133015336
11640 0.3678491155694059
11734 0.10040361186302886
11852 0.07721395462768921
11893 0.010718413148680937
12004 0.0478925882288396
12006 0.027813696091202877
12265 0.016791572151125988
