136
68 0.04261776328268558
132 0.04409200030785481
160 0.09187733965020067
279 0.05495618870982158
344 0.01625865986854248
373 0.041996589346029754
435 0.02456440510015608
450 0.037147591631134826
517 0.10932393518563892
1363 0.06078341955140586
1597 0.10980487530535955
1851 0.08529414742838269
1900 0.10980487530535955
2099 0.049106512832419194
2194 0.044609175852784816
2195 0.06524937667575395
2243 0.04587189367648092
2337 0.051687719483888
2362 0.0511923680746028
2757 0.06895089091429407
2791 0.09885580462024866
2799 0.12336653249722551
2877 0.0962432181134936
2896 0.10543899684206663
2900 0.04550272544923742
3089 0.09649271913934916
3301 0.05298391094376774
3316 0.08268156092162762
3361 0.04912881020031216
3362 0.0511923680746028
3616 0.06159875984087895
3670 0.04358814407966719
3683 0.10439187718428412
3741 0.12403907192602734
4081 0.05507730641817509
4097 0.05782453487913106
4143 0.08684606956544226
4145 0.06475402526646876
4196 0.22471768189820615
4271 0.07558119315487963
4320 0.03053034311598885
4451 0.08881711215640269
4534 0.08037709630373967
4547 0.046059123196899004
4624 0.02930452249455733
4763 0.24673306499445102
4772 0.06537300906867137
4861 0.029184826806202477
4869 0.05852337115140564
5041 0.1136419287231836
5211 0.08394427874532372
5252 0.05143847616962928
5261 0.06736661177322384
5351 0.05325378192000774
5354 0.052455085898298906
5368 0.08992342791907937
5384 0.07394980399504181
5425 0.026751641472931655
5433 0.04066711184311453
5473 0.03750880808603683
5540 0.05555824653789571
5672 0.07474850001675067
5673 0.08831015720861662
5700 0.04643904456295504
6036 0.06427090601486675
6055 0.03543524563075573
6057 0.025266662184674184
6058 0.06793376265969797
6258 0.03131132493496935
6443 0.09393875349560561
6452 0.02259728221111189
6657 0.032781713167841925
6817 0.10898945034716442
6945 0.21087799368413326
6970 0.06575759578400803
7035 0.1162902779951606
7102 0.04277618791812382
7176 0.07004632785841336
7220 0.03231023648461496
7282 0.05972275518171034
7471 0.05219593859214206
7561 0.034475445457147036
7789 0.404199670639343
7835 0.03406352844115279
7838 0.06974107766641749
7839 0.06427090601486675
7952 0.016014089989293906
7963 0.08529414742838269
7993 0.28089710237275767
7996 0.06038814680317586
8156 0.03437165033001989
8169 0.04803710264901299
8252 0.023466995862796765
8321 0.056497563022063775
8324 0.10721202786031066
8326 0.03131132493496935
8352 0.043754658579011035
8385 0.0468264896113099
8438 0.056497563022063775
8473 0.03702865305466273
8769 0.07931925297587397
8819 0.18356052847465412
8936 0.06288924961469855
8972 0.05023777213977382
8981 0.11564906975826213
9099 0.06633449899215307
9453 0.05466196759281946
9568 0.03679292326844918
9575 0.023826002918387854
9600 0.08037709630373967
9656 0.034475445457147036
9658 0.06594706343945735
9821 0.03437165033001989
9882 0.13692818968909146
10172 0.04478465089067637
10318 0.03659606933347763
10364 0.040810448275966055
10464 0.06851784590168754
10619 0.0819625650500465
10914 0.04478465089067637
11142 0.04702312780494462
11497 0.08365515306112431
11629 0.04976098341899661
11659 0.08394427874532372
11669 0.06627936898741929
11692 0.09393875349560561
11780 0.056497563022063775
11847 0.06379942933163978
11857 0.06736661177322384
11875 0.03500284492532086
11877 0.062449560648580794
11893 0.01595929251064591
12024 0.0377533779652854
12083 0.05298391094376774
12177 0.04801601470498898
12265 0.012500992822170444
