34
594 0.11539240259252362
1205 0.09213748949862112
2042 0.16982462191480796
2194 0.14571488690682854
2343 0.20993949388937366
2578 0.12453793975971596
2828 0.10056578051528418
3221 0.21479573315931386
3270 0.11261328055979113
3561 0.18248625762703413
3878 0.1575956671237727
3918 0.057978897354110895
3934 0.2700774912034809
4624 0.023930643749420805
5312 0.12332057464403681
5802 0.05958953723095438
6162 0.07326018835897682
6209 0.12212596535419923
6791 0.33380328819548827
6871 0.2833476682313674
6934 0.1440255444206739
7193 0.19945338192547066
7471 0.17049687970137528
8515 0.11364134137998774
8927 0.4079802190168014
9044 0.2700774912034809
9341 0.09542861887566077
9625 0.13099896591989393
10578 0.13668357628693564
10980 0.1492337427418726
11637 0.10028485814560095
11893 0.026065338115371057
12006 0.06763812728608957
12270 0.09700671723242082
