135
26 0.031326590936552115
198 0.21033349585952443
343 0.02536863674113577
352 0.03294814862181965
422 0.04178539498265855
646 0.04600565009774841
706 0.036367791000696675
769 0.014140941251724715
931 0.21076855201097677
956 0.026036848748104805
1023 0.031845547639422815
1057 0.035645374231929185
1564 0.038365752603781514
1710 0.07945143508049923
1729 0.034308113558287744
1734 0.039966470998952335
1736 0.032112785656764224
1954 0.08424881968155812
2086 0.028784884872450154
2123 0.08424881968155812
2474 0.07200584188058805
2516 0.12830431307679988
2666 0.034468132901520884
2901 0.034308113558287744
3019 0.048518301612845885
3102 0.08713913747504434
3342 0.03034549308602674
3347 0.03880387236092291
3442 0.0367304309081271
3466 0.05416828459039803
3548 0.03600170082747368
3591 0.01669001656618487
3595 0.03414998797956185
3625 0.08424881968155812
3661 0.023615050078130608
3721 0.023686693442585217
3765 0.024050788326405798
3810 0.05416828459039803
3918 0.01212150918750932
3928 0.04947309737720365
4081 0.018806551351660605
4105 0.037119134647468015
4156 0.03674419491851398
4169 0.021688731839500378
4356 0.03606351438281015
4410 0.014606045561704408
4473 0.03753038963872609
4552 0.0232624846241897
4613 0.055654420959766325
4624 0.005003122365366085
4941 0.016437110805181517
4972 0.02120280718178077
5188 0.054890701359165524
5705 0.048518301612845885
5904 0.2823222707192742
6008 0.020576605027102138
6180 0.025866636822595032
6226 0.06572590932308926
6277 0.03512809200182946
6279 0.11509725781134456
6385 0.05824862789871846
6476 0.04947309737720365
6556 0.12548877340270725
6560 0.11023258475554193
6804 0.04490682941116361
7042 0.01962905439709145
7259 0.054398894772268454
7378 0.05416828459039803
7396 0.03463009192037019
7520 0.05646445414385484
7542 0.015316332093180746
7552 0.07384815207499144
7854 0.03463009192037019
8005 0.04490682941116361
8092 0.02162701600017629
8112 0.05674108595091398
8113 0.16084656879187692
8156 0.04694581118872801
8222 0.03046426236101519
8339 0.03925684643361146
8515 0.023758723026503625
8586 0.031713906619335604
8592 0.048518301612845885
8662 0.13167464129881384
8708 0.050093316758106646
8722 0.047202998964620414
8774 0.034308113558287744
8896 0.04021164219796923
9092 0.08424881968155812
9292 0.026122774802811458
9333 0.3881464129027671
9338 0.02174367957445907
9381 0.5287186029417308
9433 0.04680479286191827
9473 0.03496002116365036
9548 0.053482931522119206
9580 0.03309259819581167
9606 0.11649725579743692
9608 0.144195982620472
9632 0.03753038963872609
9664 0.020505529565224084
9898 0.01558783690138022
9925 0.046392965780531904
9949 0.03925684643361146
10012 0.05050140890038357
10105 0.03046426236101519
10306 0.04455975910657365
10364 0.027870055422063056
10392 0.028922409035591512
10749 0.031019399024547183
10873 0.04455975910657365
10951 0.022413545087049104
10960 0.021025046837642752
11056 0.04123995372114916
11096 0.05646445414385484
11106 0.04766228603315449
11139 0.16390144719428013
11217 0.01627112785753851
11242 0.057326782719391754
11319 0.02512880089551864
11332 0.02535406152586427
11366 0.09351027486079252
11424 0.039966470998952335
11736 0.01846203801874786
11810 0.09351027486079252
11893 0.01634825340906238
11929 0.01789135531676497
12006 0.014140941251724715
12104 0.05161550855428051
12105 0.1314815131868687
12113 0.03399371186522516
12186 0.020060106470672925
12265 0.025611335638517103
12277 0.04947309737720365
12291 0.03399371186522516
