186
46 0.06095360973038874
84 0.024856877347724893
104 0.07351431318364007
106 0.029251409777809968
178 0.03710854285845955
188 0.033061016410444684
344 0.019456294446083353
346 0.046859119692991086
374 0.013252416324393283
435 0.01469777651989078
456 0.01669784804417843
547 0.020753118267240928
674 0.014925097283843985
711 0.017059472210422106
763 0.044724744766412965
938 0.03965789967212022
952 0.01205553409248718
958 0.023193566876406637
979 0.015473334988602993
1073 0.11859313371453443
1122 0.02700913868190998
1149 0.040647239681012984
1159 0.04424685590297259
1205 0.08438631919743828
1524 0.02534039530439576
1575 0.022589218421626176
1632 0.15312623842541737
1664 0.02476785295291443
1698 0.02366822587322385
1704 0.04292015647897256
1759 0.04064126681931098
2042 0.015553793391235957
2154 0.05489364298073912
2237 0.048092538531804244
2266 0.01826741410446528
2287 0.025594548202164325
2382 0.02032063340965549
2428 0.03613242342098471
2456 0.05489364298073912
2656 0.07710710142986088
2677 0.021533850946645724
2704 0.07735939445996486
2705 0.02288749319381905
2828 0.01842111414383456
2901 0.030059085280388056
2902 0.04628795024436383
3049 0.03934515993275657
3195 0.03567328020046317
3270 0.02062791224484453
3285 0.025128086037045912
3300 0.030199286375286048
3342 0.026587231705368877
3400 0.07824111326787371
3597 0.02700913868190998
3642 0.177447064328845
3661 0.020690347867514454
3680 0.018629237874311744
3686 0.03934515993275657
3721 0.020753118267240928
3725 0.026902227879492552
3729 0.04522297534044743
3814 0.09698988663950019
3874 0.039657355807500454
3891 0.019056925675546118
3918 0.010620271434490803
4105 0.0325219639956833
4195 0.031702199952578766
4345 0.08192911341096112
4397 0.047459592414744456
4410 0.025594200532337175
4440 0.03288228543490231
4552 0.0203814473204493
4554 0.03380454571690247
4624 0.008766980533234636
4655 0.025594548202164325
4721 0.06095360973038874
4790 0.029920543409006607
4820 0.022298354974969577
4905 0.028618463660750187
5156 0.06308798465696686
5224 0.01543331220944435
5252 0.030777510148622934
5253 0.0737135544176406
5310 0.02886755074922882
5312 0.022589218421626176
5425 0.04801943865193296
5433 0.1703282792315586
5527 0.038173517762375944
5609 0.027671956342356484
5667 0.100280637137338
5695 0.35724212272672307
5699 0.3690734046448662
5802 0.021830600060680848
5926 0.05758581596499747
5942 0.11700563911123987
5973 0.06095360973038874
5998 0.10552738634581268
6001 0.060398572750572095
6008 0.009014105719332264
6041 0.1593183678391423
6066 0.038776536238516075
6068 0.020199945211860176
6107 0.05283917724840085
6162 0.026838836929315678
6214 0.018894706199922087
6409 0.06006364270895346
6450 0.16492065652493693
6452 0.04056232616360601
6666 0.01894852997980052
6952 0.049041182116596006
7102 0.025594548202164325
7176 0.013970421411310273
7208 0.02638184658645317
7220 0.019332389008381676
7262 0.05879947934347726
7282 0.017867147713000187
7328 0.0737135544176406
7356 0.03736584225979786
7425 0.02366822587322385
7452 0.03736584225979786
7471 0.031230727450768683
7537 0.013852004405605684
7589 0.025883616012418696
7605 0.030059085280388056
7837 0.03399804849440658
7939 0.18983836965897782
7952 0.03832724869540056
7968 0.034805723996984665
7986 0.026691291514996777
8012 0.04947138348300958
8051 0.04030789268895406
8098 0.017244561465201817
8128 0.04424685590297259
8192 0.2248278840551685
8286 0.06906804221237663
8438 0.06760909143380495
8439 0.13723006990046047
8473 0.022155589162895943
8556 0.019111502238270777
8727 0.028017990938996817
8754 0.023830820868952527
8888 0.05190214516443894
8890 0.014076685240807508
8905 0.030630254729015306
8957 0.06215539429492382
9182 0.034194803571279124
9338 0.009525372438908249
9390 0.16492065652493693
9445 0.02153960343975909
9473 0.030630254729015306
9522 0.1557064354933168
9580 0.057988220752943326
9582 0.024418374717037207
9600 0.09618507706360849
9624 0.0538577891154747
9656 0.02062791224484453
9658 0.019729262659205316
9664 0.01796593860730335
9721 0.08192911341096112
9849 0.0454748117247442
9923 0.021875176917916763
10312 0.04503164449405484
10360 0.05022691345838236
10653 0.047825946292906
10749 0.013588837506922734
10896 0.045743356633486824
10897 0.16535308631085172
10951 0.0065458827211314265
10979 0.02450477106121336
10980 0.02733585713822279
10981 0.022812209001878667
11154 0.03186367356782846
11198 0.08192911341096112
11217 0.014255963652647348
11219 0.3034118691876094
11319 0.02201662203982703
11332 0.011106992174247016
11497 0.012513479762856642
11780 0.06760909143380495
11893 0.007161768637810909
12051 0.01984517104669047
12186 0.017575680752926707
12265 0.00747979843305273
12270 0.017769183530430808
12275 0.022155589162895943
12286 0.1164882127857046
