383
26 0.019395381444507583
76 0.01672522514444929
106 0.020670599348973435
133 0.027803379169377727
210 0.013780324018692487
215 0.025700216695119828
230 0.01601493405001808
236 0.015169555244997433
237 0.030630514402782413
276 0.13593896543340145
280 0.026044955807765488
287 0.043073057168217126
326 0.04209337745534414
337 0.03685955006983946
343 0.01570660488777821
344 0.006874425375828099
404 0.027803379169377727
435 0.020772458631643946
451 0.0521613729780839
464 0.021143444702631634
478 0.024305278299527385
485 0.04573727965711851
571 0.0174398454550451
576 0.01725532014911209
646 0.028483697254374354
678 0.02298940900341091
707 0.04880714602251595
769 0.008755148305701984
836 0.031604879459619484
838 0.03805877354574566
913 0.02185440702441962
938 0.02802437767515888
942 0.018642813629049106
965 0.01617351797760807
975 0.03959800021006246
979 0.010934280110646049
998 0.05789546183238272
1033 0.028023993351540273
1057 0.022069290315078902
1095 0.0262228667841272
1205 0.011926370782908828
1232 0.05010211399112328
1247 0.03495910641518743
1308 0.018935677541673503
1315 0.04880714602251595
1374 0.018571189445228564
1433 0.0445813198230058
1524 0.017906868853860385
1543 0.03234703595521614
1623 0.033113142114408155
1636 0.05789546183238272
1656 0.05789546183238272
1734 0.024744631536368737
1759 0.014359638558241164
2000 0.17090218352624612
2053 0.02922501756088861
2068 0.03495910641518743
2080 0.023473829972369433
2105 0.018787949659674487
2227 0.01756518939169786
2242 0.0445813198230058
2278 0.02969020053130988
2298 0.022516563649752713
2356 0.01703816103610372
2373 0.008086295976600585
2406 0.03884723096870697
2428 0.025533088959330055
2459 0.03606375040945245
2460 0.024896425548483588
2464 0.0364441705182172
2483 0.032709523453884504
2650 0.019966127840821007
2665 0.051741581210641326
2670 0.021749022904316906
2698 0.03195695563842602
2704 0.0182220852591086
2731 0.02872349785770973
2748 0.02217886200376211
2756 0.021340419283380818
2757 0.04373033429750353
2822 0.018571189445228564
2933 0.022868639828559256
3005 0.040693195269486254
3050 0.05789546183238272
3056 0.040693195269486254
3059 0.02897045773587889
3070 0.3790334538320941
3102 0.026975434599585686
3117 0.03805877354574566
3168 0.036676811688585206
3262 0.03398474135835036
3332 0.014709851342163353
3361 0.04154491726328789
3368 0.0445813198230058
3389 0.02872349785770973
3407 0.037871355083347005
3448 0.03398474135835036
3449 0.0262228667841272
3472 0.01725532014911209
3492 0.0521613729780839
3499 0.0521613729780839
3557 0.03495910641518743
3580 0.025533088959330055
3581 0.025208633979987564
3591 0.04133347778210998
3595 0.021143444702631634
3597 0.01908609153183935
3603 0.03884723096870697
3604 0.02444915221380978
3611 0.0521613729780839
3653 0.032709523453884504
3661 0.05848359370148598
3678 0.04179783926375128
3680 0.013164408662748905
3698 0.03733896831391831
3725 0.03802108536413983
3737 0.018642813629049106
3749 0.04597881800682182
3805 0.019010542682069916
3814 0.051403652922781304
3877 0.035493004013139026
3884 0.040693195269486254
3918 0.007504847713912222
4011 0.05789546183238272
4048 0.04532841151561956
4059 0.0288916232906007
4079 0.026975434599585686
4171 0.03353746802367655
4198 0.021340419283380818
4203 0.03606375040945245
4244 0.02240245781924369
4259 0.02444915221380978
4356 0.033492263127230984
4410 0.009043110552274273
4451 0.04694164637125776
4514 0.02922501756088861
4580 0.03398474135835036
4624 0.018585641869495257
4641 0.05789546183238272
4827 0.020719514320518443
4850 0.035493004013139026
4854 0.04642728412378508
4861 0.03701945589757121
4868 0.0445813198230058
4905 0.020223326014299624
4907 0.01842977503491973
4965 0.024305278299527385
5013 0.036038964556774696
5134 0.04880714602251595
5188 0.03398474135835036
5224 0.021811995779502467
5236 0.02975891515884021
5244 0.04880714602251595
5247 0.0401019503293077
5288 0.03884723096870697
5293 0.025870790605320663
5371 0.06007873430765242
5539 0.032324684691446844
5609 0.01955447368519823
5611 0.0521613729780839
5618 0.05789546183238272
5648 0.028023993351540273
5704 0.03495910641518743
5802 0.007713330585254852
5875 0.1823146906543584
5882 0.4106439473891628
5999 0.02897045773587889
6001 0.042680838566761636
6008 0.012739691469841859
6033 0.05789546183238272
6057 0.02136631002667889
6068 0.014274353869341515
6074 0.018019482278387348
6084 0.04622393483239249
6114 0.04044665202859925
6146 0.05280937640654451
6150 0.01737787856189742
6162 0.018965747270723594
6180 0.01601493405001808
6198 0.02005097516465385
6209 0.031616219477233636
6214 0.013352002677540525
6258 0.013238936568211044
6281 0.0350045600545625
6286 0.05789546183238272
6323 0.03733896831391831
6349 0.0521613729780839
6361 0.026975434599585686
6398 0.018153998112990684
6409 0.0282961061434266
6452 0.009554497819182335
6491 0.030942722834286382
6570 0.021961150977114215
6638 0.015360836403943008
6666 0.013390037418353545
6747 0.015264642976435573
6775 0.08341013750813317
6778 0.02244510228719979
6794 0.1564009070570768
6804 0.027803379169377727
6817 0.030721672807886017
6923 0.019010542682069916
6948 0.09587086691527806
7025 0.04074863786089198
7042 0.04861211974168036
7176 0.01974448314956635
7181 0.10417982323106195
7210 0.05789546183238272
7249 0.03733896831391831
7262 0.04155083425617566
7269 0.02872349785770973
7282 0.012625875289078286
7358 0.03971883021264918
7376 0.022868639828559256
7425 0.01672522514444929
7470 0.018861483846555983
7484 0.01965391370936911
7488 0.02349092870658979
7507 0.024045501995984292
7536 0.017194715178023314
7537 0.004894280915405631
7542 0.009482873635361797
7557 0.03195695563842602
7560 0.026975434599585686
7561 0.02915355619833569
7589 0.018290737450242563
7590 0.0521613729780839
7701 0.05789546183238272
7771 0.0521613729780839
7826 0.024305278299527385
7827 0.043073057168217126
7829 0.05789546183238272
7833 0.025113297191887478
7835 0.0864156773803381
7861 0.01701551954577671
7879 0.04642728412378508
7911 0.018861483846555983
7956 0.0401019503293077
7966 0.030329661555153632
8130 0.0521613729780839
8166 0.013582879286963993
8168 0.03606375040945245
8171 0.025889541528957862
8178 0.02349092870658979
8200 0.025870790605320663
8201 0.020310866953466664
8216 0.03805877354574566
8252 0.019844453744406295
8265 0.030329661555153632
8295 0.034457586712008555
8323 0.05789546183238272
8324 0.02833186632831395
8327 0.0182220852591086
8352 0.01850018006885167
8379 0.05789546183238272
8380 0.03976428385202424
8396 0.05789546183238272
8412 0.01955447368519823
8439 0.032324684691446844
8455 0.019966127840821007
8457 0.02975891515884021
8459 0.04642728412378508
8461 0.03495910641518743
8473 0.01565631572650197
8483 0.017887118789718912
8558 0.08475195751215461
8560 0.022069290315078902
8562 0.03606375040945245
8571 0.023621207644017733
8719 0.022289904497241452
8833 0.11690007024355444
8836 0.04698185741317958
8837 0.016227062122815394
8844 0.03606375040945245
8856 0.040693195269486254
8868 0.03894909025137749
8890 0.009947333239134042
8912 0.034457586712008555
8949 0.023236368881580066
8951 0.05789546183238272
8972 0.021241345745286862
8976 0.028483697254374354
8993 0.04880714602251595
9045 0.03398474135835036
9126 0.027174782596375856
9271 0.05789546183238272
9273 0.024110257785529724
9338 0.010096700919546299
9445 0.005073675835580699
9537 0.034457586712008555
9549 0.021961150977114215
9563 0.015216962489660616
9567 0.021143444702631634
9568 0.015556645345468887
9575 0.02014804176863599
9582 0.01725532014911209
9584 0.0174398454550451
9618 0.05366135636915674
9625 0.016956639997898718
9631 0.026044955807765488
9636 0.10213235583732022
9637 0.2736069534597369
9638 0.06754969094925814
9704 0.0521613729780839
9720 0.027588495878718436
9786 0.05789546183238272
9865 0.0174398454550451
9898 0.009650971700347934
9919 0.026044955807765488
9936 0.036676811688585206
9952 0.04642728412378508
9978 0.030630514402782413
9987 0.017887118789718912
10064 0.056047986703080546
10103 0.025700216695119828
10105 0.018861483846555983
10192 0.022289904497241452
10199 0.0521613729780839
10211 0.03195695563842602
10265 0.05789546183238272
10280 0.025700216695119828
10306 0.027588495878718436
10318 0.005157804101849303
10392 0.03581373770772077
10440 0.04642728412378508
10559 0.02922501756088861
10588 0.0521613729780839
10619 0.011551701095573576
10664 0.04642728412378508
10723 0.021440693742077032
10781 0.030942722834286382
10899 0.05395086919917137
10951 0.0046256683059604
10960 0.01301733738377858
10985 0.019395381444507583
10987 0.0262228667841272
11021 0.019635182047842956
11030 0.0976142920450319
11067 0.010280845195719262
11071 0.01971668557957122
11157 0.03126717781362887
11180 0.032709523453884504
11217 0.02014804176863599
11237 0.021340419283380818
11244 0.023111967416196245
11300 0.01484510026565494
11319 0.005186038059474747
11332 0.015697580865330345
11416 0.03606375040945245
11424 0.024744631536368737
11426 0.03805877354574566
11464 0.04642728412378508
11497 0.017685378489738043
11523 0.04179783926375128
11537 0.0521613729780839
11550 0.0521613729780839
11624 0.020488777929828384
11634 0.010492973268516573
11676 0.04642728412378508
11736 0.022860979053983637
11775 0.11579092366476544
11812 0.019316968141262818
11861 0.019966127840821007
11875 0.044399313472268206
11893 0.0033739239981186316
11929 0.02215432005548882
11930 0.014189939447549857
11945 0.01908609153183935
11957 0.013582879286963993
11984 0.030329661555153632
12006 0.017510296611403967
12029 0.08976517902125976
12030 0.054666255777325805
12052 0.020399344177118223
12078 0.05307738531631236
12137 0.019635182047842956
12193 0.025208633979987564
12204 0.02640596813380817
12224 0.03805877354574566
12265 0.010571245474671132
12304 0.10615477063262473
12340 0.030329661555153632
12341 0.033113142114408155
