91
293 0.1506370047639408
450 0.11913724058026703
496 0.05397620506785667
594 0.056647972523279425
921 0.11392682686852153
975 0.07508937340740299
1024 0.16907840564806434
1298 0.1633581926534148
1356 0.09164348648506311
1363 0.09747023374077511
1413 0.05844127830318965
1671 0.18510520698987404
1698 0.06343182330077861
1744 0.12888999042748156
1895 0.05063859333662565
1929 0.05545098720088616
1980 0.12259408587284241
2278 0.056301291540214515
2480 0.07326122663586414
2630 0.026137679796957275
2679 0.07540469575743515
2748 0.0841151998543882
2763 0.15820011439984794
3017 0.1390998936141898
3270 0.05528365715231868
3442 0.08624748401680374
3814 0.12996845188636286
3882 0.09008741669173129
3903 0.13371575141997535
4130 0.15433236620642962
4143 0.13926341693975144
4230 0.19121172988254273
4394 0.19782639487934806
4410 0.0342967574838082
4624 0.023495870076794993
4823 0.16907840564806434
4861 0.015599933400033052
5001 0.042011061225535884
5051 0.06936916041275344
5401 0.06936916041275344
5525 0.09328077846891353
5648 0.10628335218835876
5882 0.14832397278082335
6057 0.08103352812872258
6249 0.10987289798336838
6277 0.08248499891130417
6398 0.06885056497359397
6409 0.053657681420975926
6452 0.03623623671189774
6585 0.10463169138825656
6794 0.26362826515289023
6853 0.19782639487934806
7025 0.05151421229940491
7272 0.03560602852700553
7561 0.11056731430463736
7826 0.1843596250641246
7952 0.05135930508424915
8092 0.05078284329067443
8166 0.05151421229940491
8199 0.17607938054288882
8252 0.037630880079166255
8324 0.021490197270262985
8448 0.1506370047639408
8890 0.037726098087721045
8936 0.1008470715363832
9116 0.1585218214782912
9445 0.019242342408454443
9637 0.07982133746541814
9664 0.04814945781214467
9675 0.046593388018812854
9987 0.13567680537993096
10325 0.069108791202796
10364 0.06544225319801412
10460 0.05717528425912988
10749 0.03641864600325904
10818 0.17079192350912623
10845 0.1168825566063793
10951 0.05262970849676175
10960 0.04936934705769851
10981 0.061137662715338124
11036 0.025036713860106048
11067 0.03899097023838573
11094 0.10306264896305196
11385 0.11616880253800756
11634 0.03979548379886712
11861 0.0757232194043159
11893 0.0127958905802798
12048 0.12119944250557388
12072 0.08718926753447334
12175 0.07770541383265546
12186 0.04710355063713475
