50
116 0.13621751896777537
237 0.18718845014208557
335 0.112627590248388
374 0.057230309740403995
674 0.1933612526693298
1073 0.1280355523368807
2042 0.06716876316209715
2537 0.1998936393853918
2828 0.07955123370780867
2936 0.13553891879864394
3285 0.10851516522587788
4446 0.10619926626055823
4596 0.12412327315391626
4624 0.018930019972341935
4861 0.025136932564287635
4872 0.08397034016029907
4880 0.35380932974731716
5425 0.06912367979646575
5546 0.2982690365455733
5636 0.23258384565979054
5942 0.12632166096730196
6063 0.14766961375145077
6125 0.11804938305177688
6732 0.10657795682173864
6775 0.16991133047885737
6778 0.0685829799521724
6952 0.07059447308493867
7101 0.14766961375145077
7150 0.09660613343727892
7193 0.07888748298907935
7201 0.2840030579099678
7272 0.11474745628895357
7605 0.12980959237926631
7984 0.14124128976362096
8098 0.14894062634817162
8352 0.11305784776906234
8943 0.18534988558101018
9776 0.08775427180137486
9898 0.058978782112426895
10140 0.12466397299820962
10653 0.10326772314467887
10848 0.11710440313596003
10897 0.11901236366336183
10898 0.08445879761745856
11021 0.11999404409152045
11080 0.06948738606683019
11101 0.11901236366336183
11319 0.031692788895597665
11332 0.1438960081369541
12200 0.1468199306659831
