275
68 0.024845116797443
77 0.07982579571626755
104 0.023875674560206072
117 0.03238910299302241
203 0.029423997949038296
214 0.030279857800748815
390 0.020468304486878818
435 0.014320449192157218
481 0.050569692074542406
496 0.019623020540940374
505 0.0633952233443467
514 0.04685788722086814
619 0.03391217722085558
640 0.04357655283388237
678 0.03169761167217335
679 0.03238910299302241
742 0.04685788722086814
744 0.02144937710270125
745 0.06401356480851918
769 0.012071527853771842
801 0.05938878374163075
931 0.029987377325269952
938 0.012879928619445499
952 0.023492078985164044
956 0.02222656464603141
965 0.022299916111417746
1118 0.06729489919550495
1184 0.020098344048353305
1213 0.04750984257992174
1413 0.02124629553227391
1486 0.05938878374163075
1571 0.04624119035529386
1577 0.1672731706989191
1596 0.035204817074846094
1612 0.1281524718396056
1698 0.0230606055022887
1710 0.03391217722085558
1730 0.04820133390077079
1772 0.06146836412249392
1918 0.10773172486830507
1958 0.14334653051914706
2025 0.08532715324133643
2080 0.03236552739621946
2100 0.059687804613994304
2102 0.03803879555377979
2160 0.06729489919550495
2334 0.07191968026239337
2338 0.050569692074542406
2382 0.019798953801046525
2416 0.04685788722086814
2419 0.029152410986148104
2616 0.10495025986907643
2620 0.0402952184468966
2630 0.057014037230303724
2659 0.06146836412249392
2675 0.026961550565966386
2676 0.07982579571626755
2757 0.06029503214505992
2832 0.02862789956253438
2900 0.026526979393298778
2913 0.07982579571626755
2929 0.10712449733723946
3112 0.02631574903147964
3213 0.06729489919550495
3218 0.06401356480851918
3239 0.015514082077567921
3269 0.020531148246724234
3323 0.03775001776087134
3330 0.030428959447545475
3361 0.0716022459607861
3481 0.039603727126047546
3484 0.03186659422301018
3599 0.02824976172117946
3634 0.054764002674742324
3683 0.030428959447545475
3721 0.04044067146110914
3725 0.026211582886890385
3761 0.06401356480851918
3889 0.037468371017621876
3918 0.0413904939372896
3946 0.05938878374163075
4013 0.03666289902678983
4079 0.03719351160784135
4080 0.054764002674742324
4097 0.033710293834531245
4105 0.015843523419990395
4164 0.18440509236748176
4165 0.1596515914325351
4187 0.03775001776087134
4356 0.04617886220875474
4410 0.03740570362883107
4431 0.019055435112092192
4434 0.044569014480664026
4448 0.06055971560149763
4453 0.030132680099905603
4502 0.02764612280042917
4624 0.017083822049534188
4676 0.02158680182000196
4712 0.057774281150599426
4820 0.02172590248978087
4861 0.005671347460632173
4882 0.0402952184468966
4883 0.03331694059408231
4905 0.02788375876152022
4906 0.057630523582478166
5005 0.04511130572633509
5012 0.049724408128603965
5035 0.030279857800748815
5069 0.030733140502157405
5078 0.12293672824498784
5147 0.06729489919550495
5181 0.02362498065429103
5224 0.015037101908778364
5226 0.1957498704069252
5241 0.041031352147857116
5373 0.038951771766993944
5380 0.05326815967601835
5473 0.04373344099027689
5527 0.03719351160784135
5556 0.03391217722085558
5579 0.04624119035529386
5609 0.05392310113193277
5622 0.023875674560206072
5627 0.025507899033017176
5632 0.049724408128603965
5667 0.032568730540952925
5744 0.06146836412249392
5769 0.06513746108190585
5802 0.010635077985442368
5820 0.05148266828775656
5943 0.12088565534068979
5998 0.025704561035154207
6057 0.029459695897030107
6068 0.019681363960006155
6150 0.023960478769135988
6162 0.052299638670205345
6180 0.02208126187139576
6258 0.018253738938196592
6281 0.024132002506027213
6282 0.17816635122489224
6295 0.033710293834531245
6323 0.05148266828775656
6324 0.06729489919550495
6360 0.014920909594409023
6373 0.050569692074542406
6409 0.019507221439138786
6410 0.015760266746990943
6452 0.01317366451439159
6638 0.021179397313768625
6646 0.03186659422301018
6657 0.07644375769539295
6718 0.054764002674742324
6747 0.021046766591939558
6791 0.01985820647225979
6792 0.0489374676017313
6825 0.03803879555377979
6867 0.022373742346874618
6872 0.06373318844602036
6877 0.0402952184468966
6932 0.019000199587402608
7025 0.01872796438413498
7035 0.022598132145293364
7042 0.01675649963320454
7220 0.018836080014067714
7259 0.02321902629281307
7262 0.03437397304241314
7328 0.07182114991220337
7402 0.07982579571626755
7467 0.03186659422301018
7470 0.02600606176698139
7483 0.05024875613201851
7507 0.016576872085274027
7537 0.020244585128052574
7592 0.1187775674832615
7708 0.05356224866861973
7833 0.017313005786234535
7861 0.046921722161912274
7936 0.06401356480851918
8039 0.08715310566776474
8040 0.04311093252872029
8100 0.02475350093494665
8156 0.020037834020190305
8166 0.01872796438413498
8324 0.0156254994930853
8397 0.04065734770519138
8413 0.041418037096062336
8473 0.02158680182000196
8512 0.038951771766993944
8582 0.06908039058376673
8625 0.028374419940753015
8719 0.030733140502157405
8723 0.05348439093588381
8753 0.024306145026894585
8774 0.05857479230793432
8936 0.03666289902678983
8942 0.03437397304241314
8950 0.07565736372032619
9151 0.028374419940753015
9169 0.035910574956101685
9175 0.03567043738000818
9207 0.05938878374163075
9273 0.016621514465385484
9287 0.03391217722085558
9338 0.04176374932522668
9445 0.013991086622789257
9473 0.029843902306997152
9485 0.06865398140021103
9549 0.030279857800748815
9567 0.05830482197229621
9575 0.013889978725468703
9583 0.06729489919550495
9602 0.037468371017621876
9611 0.1596515914325351
9613 0.16658470297041153
9614 0.44069377570466794
9618 0.02466261508707873
9624 0.05247512993453821
9656 0.020098344048353305
9658 0.03844552992454587
9663 0.03803879555377979
9804 0.02764612280042917
9813 0.035910574956101685
9906 0.034757461166794026
9939 0.056107449354644984
9954 0.05938878374163075
10016 0.038951771766993944
10135 0.03391217722085558
10192 0.06146628100431481
10218 0.020343646267305268
10231 0.057630523582478166
10268 0.12293672824498784
10275 0.06729489919550495
10499 0.07281314216193738
10624 0.035910574956101685
10628 0.026742195467941904
10749 0.013239979314899356
10760 0.022153681883304136
10816 0.025314570446132337
10909 0.027529135994814564
10951 0.012755668287502171
10960 0.0897409988520059
10988 0.027018325258473086
10996 0.05938878374163075
11080 0.01567761338851541
11087 0.03719351160784135
11096 0.04820133390077079
11136 0.03615587717505365
11142 0.02741333689301298
11161 0.03640657108096869
11202 0.03803879555377979
11216 0.057630523582478166
11217 0.013889978725468703
11237 0.029423997949038296
11276 0.04331228021974698
11308 0.07982579571626755
11319 0.00715046743924354
11385 0.04223310615397971
11519 0.06146836412249392
11634 0.014467626893000431
11656 0.03803879555377979
11736 0.04728080024097284
11780 0.03293670159889294
11892 0.029987377325269952
11893 0.011629847975639955
11977 0.01461672853979709
12058 0.07982579571626755
12064 0.021381280700092965
12087 0.03640657108096869
12103 0.04065734770519138
12105 0.022448049538396502
12155 0.06401356480851918
12157 0.026634079838009174
12177 0.027992165745072312
12204 0.01820416791943303
12265 0.007287773989701727
