154
84 0.036706329307260366
95 0.18632496011104704
150 0.048557507069942926
330 0.036444395563601496
408 0.08503738803023693
493 0.030007625303554154
495 0.042261090832292694
517 0.09659508565487417
593 0.07976917815498603
648 0.15605598509195068
682 0.05079122856419285
767 0.09001063327186842
854 0.052026560851559094
871 0.10199327399776151
916 0.09001063327186842
937 0.04069634835992717
942 0.03895826233477421
956 0.03368695287566558
979 0.02284958491076115
1215 0.05234969729439118
1471 0.052026560851559094
1502 0.09316248005552352
1552 0.05517840763521419
1632 0.032303230867296646
1798 0.07802799254597534
2041 0.05517840763521419
2091 0.044805048640396326
2122 0.1350990865601952
2180 0.09001063327186842
2227 0.036706329307260366
2266 0.026975621608881124
2356 0.017802493780025887
2382 0.030007625303554154
2630 0.02880380925581042
2776 0.0766442705376064
2961 0.09316248005552352
3085 0.05556690255420452
3317 0.06107210657845077
3330 0.04611863953289918
3523 0.10469939458878236
3653 0.06835374857667767
3670 0.038513071302848034
3749 0.048041430048989045
3759 0.02830306370964104
3880 0.05721455787784428
3918 0.01568303110457237
4078 0.042261090832292694
4081 0.02433226137565092
4297 0.04053091842428502
4429 0.04657966142339686
4624 0.019419394679881567
4676 0.06543463528688674
4712 0.043781833079931255
4772 0.028880735951291907
4787 0.04681486636254731
4861 0.025786767009262593
4926 0.035434631408057374
5128 0.06162095573500516
5297 0.03271731764344337
5368 0.07945342625540991
5411 0.07536314406093925
5667 0.09872342473304599
5930 0.06678109248716683
6008 0.013311194657141982
6077 0.07536314406093925
6252 0.04882144038521377
6583 0.12004814154976426
6738 0.08734578478683235
6778 0.02345199068216429
6904 0.07802799254597534
6994 0.09089874057541694
7034 0.07305474730434385
7188 0.04004392012566601
7193 0.026975621608881124
7327 0.09316248005552352
7418 0.05267898908582025
7470 0.03941522188326001
7483 0.019039463664736408
7896 0.0766442705376064
8198 0.3927157268204615
8252 0.020734676917550286
8324 0.011841134099332937
8364 0.03531245919390263
8393 0.1090026694820231
8395 0.060540147795836004
8423 0.16600247557521366
8447 0.03683879965932069
8473 0.03271731764344337
8517 0.04729509991979571
8672 0.052026560851559094
8714 0.10959690352254753
8727 0.08274873690268945
8873 0.03402263908046588
8900 0.0766442705376064
8942 0.01736592269161015
8944 0.04754031390854661
9027 0.0266038374658194
9127 0.08117983932963044
9161 0.1461094946086877
9291 0.07394458591717984
9338 0.028132371787952686
9626 0.08452218166458539
9653 0.06162095573500516
9658 0.02913434386900209
9671 0.03531245919390263
9787 0.08734578478683235
9795 0.054798451761273764
9821 0.030369676156368333
9870 0.05678768936628941
9888 0.054426667618212035
10150 0.06107210657845077
10195 0.04611863953289918
10288 0.12098531020791617
10318 0.04311346758476793
10348 0.06338050333504618
10418 0.048557507069942926
10533 0.09872342473304599
10609 0.12098531020791617
10750 0.03710682512666461
10821 0.06604535182008227
10825 0.22385731667497832
10899 0.05637110785078459
10999 0.2180053389640462
11036 0.013795270582944972
11116 0.2945367951153462
11154 0.04705331560992759
11174 0.09001063327186842
11194 0.04729509991979571
11217 0.02105188391551134
11219 0.044805048640396326
11332 0.016401775116711936
11384 0.10199327399776151
11388 0.1090026694820231
11433 0.06835374857667767
11463 0.0766442705376064
11494 0.050205162393582706
11497 0.05543623632159839
11499 0.04882144038521377
11598 0.07101859706171376
11634 0.021927377133120676
11734 0.13209070364016454
11846 0.04544937028770847
11893 0.010575835184943611
11930 0.029653001661230746
11935 0.08300123778760683
11957 0.028384415842605013
11991 0.04634761369297623
12004 0.03150367581858645
12030 0.038079057804065175
12051 0.029305506617282415
12089 0.036706329307260366
12204 0.013795270582944972
12265 0.022090944135482345
12275 0.03271731764344337
