41
41 0.15889532637300086
374 0.059028690528661144
495 0.12747188086196024
682 0.15320128536341757
1215 0.15790208547033602
1471 0.15692741090960807
1481 0.16760612286054052
1524 0.056435381883673044
1552 0.16643430791081448
1759 0.09051182452493933
1920 0.17525055149349855
2382 0.09051182452493933
2619 0.29264094473811353
2630 0.04344038061390597
3317 0.18421143752892746
3551 0.1810502532702976
4078 0.12747188086196024
4101 0.08002358242816421
4589 0.17128837497479568
4624 0.03904973765535517
4861 0.05185364957511709
5297 0.09868505366598623
6403 0.16306903896591143
7484 0.041294251747717295
7507 0.07578193031974144
8198 0.44420480537759643
8342 0.19307057997933677
8364 0.10651276393150753
8476 0.1810502532702976
8672 0.15692741090960807
8873 0.10262228707453687
9292 0.20389017665073011
9626 0.25494376172392047
9671 0.10651276393150753
10080 0.2113937205632272
11116 0.1480682684591988
11217 0.06349867420713466
11332 0.04947257826114997
11893 0.010633276584212287
12089 0.11071708619408424
12265 0.06663278546550608
