65
119 0.10087702991601513
380 0.16555504950106897
594 0.09747283411721251
674 0.06882684838853172
769 0.057134437041204945
949 0.281086600365978
1122 0.12455221281384296
1178 0.12072866575045535
1208 0.15955052948229292
2042 0.21517821142056168
2080 0.07659288077386583
2091 0.13991790018321534
2356 0.11118780687943208
2645 0.16347844591009403
2853 0.13084886036865662
3609 0.1146270939537598
3661 0.0954132096227537
3680 0.08590843371969745
3803 0.12260659551191144
4410 0.059013624037536384
4596 0.1325448648824558
4931 0.11260494605707685
5035 0.14331430537129256
5802 0.05033573222445933
6066 0.0894086896039776
6778 0.07323623990905087
6817 0.100241904508888
6952 0.07538421005775849
7150 0.10316072544576321
7193 0.08423988916839684
7282 0.16478813415967813
7471 0.14402000217743313
7484 0.04275257087725557
7880 0.21609008406402236
7951 0.11715810606983068
7952 0.044186374214849965
7984 0.15082431514941289
7988 0.15678145909061744
8166 0.0886392936318293
8208 0.19985424412117012
8352 0.12072866575045535
8438 0.1558891241143857
9341 0.08060927520981043
9423 0.1960312117488811
9445 0.06621969211113797
9575 0.06574114930663084
9625 0.11065581604818324
9776 0.09370827728937106
9849 0.10485318495927035
9923 0.10087702991601513
10462 0.1998889265583005
10578 0.11545764936544484
10988 0.0639387500131847
11217 0.06574114930663084
11219 0.13991790018321534
11300 0.09687630830263035
11319 0.03384310061422715
11332 0.10243943498539392
11634 0.06847515309302783
11637 0.0847113772040282
12006 0.057134437041204945
12175 0.13370587816549268
12205 0.12920451892779417
12270 0.16388461362470544
12271 0.11545764936544484
