111
29 0.08700002923556778
110 0.04954974911138261
172 0.09184994381102586
373 0.03786507970225459
390 0.03165602153439832
429 0.2236728942902471
435 0.022147826083972495
587 0.030804569611663363
674 0.022490371824717553
717 0.07246981731540583
1057 0.047061044853926676
1413 0.032859252671710346
1487 0.05480371291406184
1536 0.05414512639668826
1674 0.37037270622213325
1816 0.05553884225494668
1818 0.14629678653302092
2042 0.046875486303515325
2105 0.04006384115773486
2118 0.08283869816239862
2373 0.03448679429414325
2454 0.2964427164399595
2622 0.0527660018968206
2630 0.04408859540570327
2650 0.04257621447999662
2704 0.0388571793414246
2806 0.04615620286020297
2895 0.03071245164069978
2896 0.19013239319292768
2901 0.04529551746363601
3759 0.057762837942901005
3790 0.061777247545447826
3792 0.1234575687407111
3810 0.07151604172205711
3819 0.07860012326481869
3830 0.04593706275823099
3887 0.030080753151469762
3892 0.05710792494976792
4187 0.05838370129426819
4205 0.0480148204472754
4356 0.023806548598940096
4446 0.03705697422942354
4552 0.06142490328139956
4699 0.035665241585822884
4795 0.05710792494976792
4827 0.022091376271471383
4848 0.19013239319292768
4972 0.02799314865706039
5001 0.04724236416099179
5219 0.05553884225494668
5224 0.04651238427143574
5622 0.03692581710960377
5802 0.06579230985018565
5842 0.1313446043156709
5918 0.1234575687407111
5955 0.11123007030664589
6079 0.026126657581192547
6251 0.02707256319834413
6280 0.10520159856759406
6344 0.20815488449018216
6452 0.020374223366759717
6666 0.08565963960023786
7002 0.20037031254527923
7004 0.1234575687407111
7193 0.05505370285662904
7272 0.020019881870741774
7328 0.11107768450989336
7507 0.025637581268189377
7758 0.0628801411134039
7777 0.17826128165477295
7901 0.05591822357256177
7971 0.05710792494976792
8156 0.030990261340526393
8362 0.1234575687407111
8390 0.06073926868313921
8510 0.07061119972833341
8625 0.04388351996846354
8719 0.047531487436082126
8753 0.0375915773034757
8942 0.05316235311776853
9319 0.1378597512140053
9341 0.13170242532067641
9385 0.09554299727973455
9397 0.2469151374814222
9656 0.0621676907736325
9901 0.09184994381102586
9920 0.05883032138616814
10065 0.0612506248159576
10105 0.0402206470911256
10112 0.10407744224509108
10135 0.052448145525190816
10361 0.1234575687407111
10472 0.08913064082738648
10619 0.024633103993674948
10749 0.02047678500073721
10898 0.02947089558113684
10951 0.019727755674812338
10980 0.04119193191802425
11056 0.05444732601815138
11226 0.07962244537696064
11266 0.06598294944772294
11285 0.08913064082738648
11637 0.08304275507491997
11736 0.024374629752573353
11745 0.07246981731540583
11893 0.010791945708878101
12157 0.12357579575407274
12205 0.04221982758408616
12223 0.12811322746014026
12229 0.057948109993820524
12265 0.011271179325269321
