35
280 0.17370170084467068
374 0.062457095551422814
495 0.1348754880349133
724 0.17734073950736726
1215 0.16707308855515274
1471 0.16604180458754772
1481 0.17734073950736726
1552 0.1761008651745953
2287 0.24124825292662377
2373 0.053929957686860305
3317 0.1949104961056661
4059 0.09634349435610359
4078 0.1348754880349133
4547 0.12988164143860179
4861 0.027432662974546083
5042 0.19666213801527954
6361 0.1799073458045624
6817 0.10244607168679058
7553 0.23315287187077316
8098 0.16254322182619818
8198 0.4700043610216773
8364 0.11269905896161163
8672 0.16604180458754772
8873 0.1085826219778294
9292 0.32359827393311386
9445 0.03383788126498205
9568 0.1037519808399748
9626 0.1348754880349133
10195 0.14718678320894085
10318 0.03439895816017159
10571 0.13429776457948395
11101 0.12988164143860179
11116 0.1566681203405591
11893 0.02250172130524871
12265 0.035251419364079224
