442
76 0.052835290918309956
79 0.014178491789978827
84 0.01387218831929402
111 0.02899973059815602
132 0.014723246968569826
186 0.04790597668732273
214 0.0173439190019191
297 0.04572320465561919
319 0.03556511737930628
330 0.04131959212340459
337 0.014554998768613771
344 0.03800376124145062
347 0.033707386639585446
374 0.022187825007049383
408 0.03213763629323172
432 0.024190588250251326
495 0.0319429276459085
496 0.011239817606628523
503 0.026839604264578123
517 0.03650556305170256
554 0.08051881279373437
593 0.045219983133361355
637 0.08163910810833257
648 0.14744310139452457
651 0.0411946818681567
674 0.008329435645069785
682 0.019195204230661785
711 0.009520592945774776
724 0.02100004416402696
742 0.026839604264578123
767 0.23812000146457188
769 0.006914418248029274
854 0.03932413092557767
871 0.11563699756148971
887 0.011512076890886923
916 0.06803428613273482
938 0.02213237990047345
952 0.006727982637608275
958 0.02588784769741817
964 0.03005708973895194
965 0.012773109481922845
1023 0.015571342232233271
1050 0.03213763629323172
1162 0.020709628469654122
1215 0.01978418635235724
1228 0.04572320465561919
1468 0.03264939995206266
1471 0.03932413092557767
1480 0.0352083003670724
1502 0.0352083003670724
1524 0.021213046845973187
1536 0.010026475981151282
1552 0.02085322276349382
1575 0.01260664755056795
1595 0.016698131747564068
1622 0.011688186674221751
1632 0.036624460443458316
1638 0.0205691224658119
1729 0.016775449541872076
1756 0.03301003391858635
1759 0.022681179899041483
1798 0.05897724055780984
1894 0.02195784532403855
1905 0.013972702261356891
1912 0.0385456658538299
1920 0.0439156906480771
1929 0.023093842238887212
1950 0.03666615908069421
1958 0.018246017100360126
1971 0.02825671692633745
2041 0.02085322276349382
2052 0.02523815125711661
2080 0.0370771282552418
2091 0.016932885530228363
2099 0.016397698247955204
2110 0.01742932253657606
2113 0.023288013770469632
2154 0.01531759082825027
2161 0.0205691224658119
2162 0.023288013770469632
2166 0.049920194982884865
2181 0.014610601464807402
2196 0.0639119169880037
2266 0.010194724181107334
2269 0.024437156280923487
2287 0.014283869515901564
2289 0.024190588250251326
2298 0.01778255868965314
2356 0.01345596527521655
2363 0.025528566951489452
2373 0.006386189074965051
2382 0.03402176984856223
2386 0.03301003391858635
2428 0.020164873291063125
2435 0.05230250958429484
2481 0.06135955515921982
2598 0.026486368111501037
2630 0.01632845917245909
2666 0.016853693319792723
2675 0.01544323464989003
2677 0.036052996286617484
2679 0.015702012135373363
2686 0.0411946818681567
2694 0.019662065462788834
2704 0.014390974822284694
2705 0.02554621896384569
2768 0.0319429276459085
2812 0.0439156906480771
2832 0.016397698247955204
2840 0.03005708973895194
2853 0.015835348954508454
2895 0.011374529129054959
2933 0.018060612455327325
2961 0.0352083003670724
2984 0.017515857276736328
3008 0.02308059071830674
3046 0.02896567906838598
3062 0.03666615908069421
3120 0.019542185450405154
3158 0.02760911350576923
3221 0.02195784532403855
3239 0.035545078806256306
3240 0.04572320465561919
3317 0.02308059071830674
3342 0.01483786880974973
3442 0.02693981509521053
3460 0.026839604264578123
3465 0.04572320465561919
3484 0.01825278152585128
3523 0.01978418635235724
3551 0.045369026497296724
3597 0.015073327711120452
3609 0.04161656495788206
3665 0.0352083003670724
3668 0.020709628469654122
3683 0.03485864507315212
3725 0.015013662662942665
3737 0.014723246968569826
3759 0.021392791772042275
3790 0.02287955093716265
3805 0.015013662662942665
3884 0.03213763629323172
3887 0.011140576042190185
3918 0.01778096298424546
3952 0.02896567906838598
4048 0.014319327773518523
4059 0.03422593661245234
4078 0.0319429276459085
4081 0.009195735950926298
4089 0.0352083003670724
4143 0.02899973059815602
4191 0.043245464009369856
4198 0.016853693319792723
4226 0.01647152137656447
4244 0.017692443090336074
4277 0.0352083003670724
4297 0.01531759082825027
4317 0.0173439190019191
4325 0.04572320465561919
4356 0.008816889112885447
4382 0.02944649393713965
4410 0.014283675487454317
4431 0.010914711862427541
4432 0.0352083003670724
4451 0.022243427404918473
4547 0.01538011070599851
4589 0.021461408317690854
4623 0.02308059071830674
4624 0.034248889059197485
4655 0.014283869515901564
4676 0.024729293297231735
4683 0.02195784532403855
4699 0.013208822729577489
4712 0.04963856464900495
4772 0.010914711862427541
4787 0.017692443090336074
4795 0.04230048212629236
4861 0.048727139821563896
4872 0.01085158791853602
4873 0.02115024106314618
4905 0.01597146382295425
4926 0.013391583664022615
4941 0.008037163642297462
5001 0.00874823758065801
5005 0.008613061502653604
5034 0.028481511131123856
5035 0.0173439190019191
5042 0.023288013770469632
5069 0.03520710718336567
5146 0.014230968195544653
5184 0.022132076379145327
5224 0.008613061502653604
5297 0.0741878798916952
5368 0.03002732532588533
5389 0.010514904288546787
5393 0.02760911350576923
5401 0.014445193202895643
5425 0.008932936166891055
5431 0.024437156280923487
5473 0.02504996104016754
5500 0.02287955093716265
5503 0.03401714306636741
5622 0.013675683961704536
5667 0.09327478157503884
5670 0.06273625410408122
5672 0.024960097491442432
5697 0.04572320465561919
5777 0.017692443090336074
5801 0.09144640931123837
5807 0.014723246968569826
5930 0.02523815125711661
5931 0.02948862027890492
6008 0.005030614679363481
6010 0.012565686429759951
6013 0.022681179899041483
6034 0.013773197374468195
6041 0.12447791082757197
6063 0.01908352155607626
6077 0.028481511131123856
6079 0.009676154518003436
6084 0.01825278152585128
6087 0.04572320465561919
6119 0.029333362886398588
6143 0.026486368111501037
6162 0.014978285282820013
6180 0.012647867102869343
6258 0.010455510448877643
6360 0.04273254008378929
6373 0.02896567906838598
6410 0.05416368697115022
6469 0.02948862027890492
6507 0.016698131747564068
6583 0.022684513248648362
6584 0.009195735950926298
6638 0.012131290507922462
6657 0.010946504029144067
6747 0.012055321310454416
6778 0.017726121753120248
6877 0.02308059071830674
6901 0.0352083003670724
6952 0.009123008550180063
6994 0.06870555956132733
7025 0.010727140777432257
7034 0.02760911350576923
7035 0.02588784769741817
7042 0.019195821480165576
7102 0.028567739031803128
7111 0.04572320465561919
7188 0.030267085350652683
7193 0.02038944836221467
7262 0.01312598423556711
7312 0.011173489347910874
7327 0.0352083003670724
7341 0.04572320465561919
7358 0.03136812705204061
7404 0.0411946818681567
7425 0.013208822729577489
7459 0.01886572547601104
7482 0.014023545143381758
7483 0.014390925512856314
7484 0.010347845241239346
7507 0.018990044711838537
7537 0.003865280642981495
7542 0.0074891426414100066
7552 0.018054562323716737
7557 0.02523815125711661
7566 0.08715256106638676
7578 0.04572320465561919
7579 0.0352083003670724
7739 0.0173439190019191
7740 0.026486368111501037
7753 0.04357628053319338
7802 0.025832495116797055
7817 0.016252508331353138
7833 0.019833340830866304
7896 0.02896567906838598
7946 0.0385456658538299
7952 0.01069488343658896
8010 0.09203933273882973
8098 0.009623888020303395
8119 0.024190588250251326
8156 0.01147741751321848
8171 0.010223191665659905
8198 0.44524963034026205
8224 0.010026475981151282
8274 0.03067977757960991
8312 0.014023545143381758
8320 0.02231108147711563
8321 0.03773145095202208
8324 0.022375220464699263
8329 0.03520710718336567
8360 0.02803076156528311
8364 0.04003623570104382
8369 0.019195204230661785
8380 0.06280804854149345
8383 0.023288013770469632
8384 0.049920194982884865
8395 0.0457591018743253
8397 0.023288013770469632
8405 0.024437156280923487
8406 0.04572320465561919
8423 0.03136812705204061
8437 0.02287955093716265
8444 0.032505016662706276
8453 0.020709628469654122
8455 0.031536680788182024
8473 0.06182323324307934
8475 0.024190588250251326
8476 0.022684513248648362
8498 0.025528566951489452
8515 0.011617172090598541
8517 0.10724360812686257
8556 0.02133158999862605
8582 0.01978418635235724
8655 0.0385456658538299
8672 0.019662065462788834
8711 0.027213036036110853
8714 0.06212888540896236
8727 0.015636350503600634
8748 0.03213763629323172
8753 0.013922251992376702
8754 0.0398986924551562
8774 0.016775449541872076
8786 0.016853693319792723
8811 0.01908352155607626
8841 0.08689703720515793
8843 0.02948862027890492
8868 0.03076022141199702
8869 0.021461408317690854
8873 0.02571591686506455
8890 0.00785595172877906
8893 0.02178814026659669
8932 0.023952988343661365
8939 0.02615125479214742
8942 0.019688976353350665
8963 0.05166499023359411
8976 0.022495129630039558
8981 0.019308829309711752
9027 0.020108436354530232
9161 0.11043645402307692
9291 0.19561783165899646
9292 0.08941176637345992
9338 0.04518552136301873
9357 0.028481511131123856
9445 0.02003479299104319
9448 0.024960097491442432
9567 0.13358505398051254
9575 0.015912007747074103
9578 0.011442941035491762
9582 0.013627467673723382
9584 0.02754639474893639
9604 0.028481511131123856
9618 0.014126433527545277
9626 0.01597146382295425
9658 0.011010556281091433
9664 0.020052951962302563
9671 0.026690823800695877
9692 0.027213036036110853
9787 0.0660200678371727
9795 0.020709628469654122
9894 0.020709628469654122
9898 0.02286569656140716
10016 0.02231108147711563
10098 0.03401714306636741
10140 0.016110474968680344
10167 0.027645010724475345
10184 0.019542185450405154
10192 0.017603553591682836
10195 0.052287967609728175
10217 0.02523815125711661
10218 0.011652582894729141
10252 0.19272832926914948
10287 0.0411946818681567
10318 0.03666059351675921
10321 0.07690055352999255
10348 0.023952988343661365
10418 0.01835102814970016
10571 0.01590305191651745
10576 0.01604059967834941
10624 0.0205691224658119
10675 0.0385456658538299
10750 0.028047090286763516
10760 0.012689348368366762
10821 0.0748802924743273
10825 0.04230048212629236
10845 0.036508826880304726
10901 0.049386792157051225
10903 0.052972736223002075
10910 0.03401714306636741
10911 0.04572320465561919
10951 0.0073062852226576415
10959 0.01228593151126584
10979 0.027351367923409073
10997 0.017966606842577067
11036 0.005213558398615938
11071 0.015571342232233271
11080 0.008979938365070177
11116 0.0371041358616885
11132 0.02287955093716265
11174 0.06803428613273482
11194 0.017873934687810428
11219 0.11853019871159853
11235 0.11795448111561968
11276 0.012404362742765873
11319 0.012287091528781843
11332 0.0185958539699093
11384 0.0770913317076598
11433 0.05166499023359411
11494 0.01897371599035813
11497 0.013967108206848865
11499 0.05535232433951758
11501 0.0385456658538299
11502 0.03301003391858635
11651 0.13716961396685756
11693 0.024960097491442432
11734 0.3244812673887516
11736 0.009027281161858369
11737 0.03301003391858635
11745 0.026839604264578123
11773 0.023502238777820622
11846 0.017176389890331833
11893 0.029310290277262584
11930 0.011206569303991056
11957 0.021454281554864514
11991 0.017515857276736328
12004 0.07143589652572184
12006 0.013828836496058547
12012 0.028481511131123856
12030 0.014390974822284694
12064 0.012246926754409587
12089 0.05548875327717608
12129 0.052287967609728175
12137 0.01550697444685907
12138 0.02678316732804523
12177 0.024050336954958673
12204 0.010427116797231876
12223 0.023723727018124276
12225 0.02100004416402696
12227 0.020164873291063125
12265 0.016697378516560106
12275 0.012364646648615868
12320 0.04572320465561919
