63
84 0.08713477693083524
105 0.1003208654208097
343 0.07791498757674553
344 0.03410162613638377
374 0.04645580875130561
552 0.13098444686328498
724 0.13190666978079932
1163 0.18879629870299805
1215 0.1242695546580105
1471 0.1235024819924572
1524 0.08882972954725572
1552 0.13098444686328498
1632 0.07668254682198423
2287 0.0897206522381309
2311 0.2587543747748973
2382 0.14246631501407575
2776 0.18194086802899043
3239 0.05581694180982912
3318 0.15510556153382674
3342 0.09320046405860342
3981 0.2587543747748973
4078 0.1003208654208097
4547 0.09660642464569233
4624 0.015366147614480912
4787 0.11113077811189831
4861 0.06121353547261629
4872 0.06816161018459296
5005 0.05410085095813351
5129 0.13190666978079932
5297 0.07766552059109975
6041 0.11169681733107181
6584 0.057760778786746104
6952 0.05730395930773363
6994 0.1078893154506488
7188 0.09505766753135782
7272 0.046572226397501214
7415 0.1970312607143699
7459 0.23700093210301176
7483 0.045196549222409066
7947 0.15194729645355656
8198 0.3495909074082013
8364 0.16765191795581263
8473 0.07766552059109975
8672 0.1235024819924572
8873 0.08076413857836595
9017 0.10075512548123587
9027 0.0631531260912503
9292 0.16046236106418793
9445 0.025168735861262486
9567 0.10488525324890773
9626 0.1003208654208097
10184 0.1227494848519131
10195 0.10947805034969592
10571 0.09989115266968643
10997 0.11285287103942969
11116 0.11653030246940044
11502 0.20734449935161403
11893 0.016736859956466538
11957 0.06737992573581174
12064 0.07692609170750254
12089 0.08713477693083524
12227 0.12666074707272737
12265 0.026220130502889342
