351
79 0.02738530408251209
105 0.03084837230315146
132 0.05687496262489441
147 0.0883129095582693
159 0.032401245042840414
193 0.035832726722363845
230 0.024428951381985843
262 0.02922995436668404
280 0.0397286031392152
326 0.032104318011819094
330 0.0266024908625935
344 0.02097230032427199
374 0.057140100536134726
390 0.02264450365625953
435 0.01584300567245137
450 0.023958630487096007
479 0.030981905999897627
512 0.0883129095582693
514 0.05183983847698499
516 0.05695632830865078
576 0.02632101859968533
593 0.029113651086368895
594 0.022783939512415006
627 0.045393823622715955
646 0.043448624467206536
677 0.028771037735188625
738 0.05925701059369932
740 0.0467233486453192
769 0.06677489012258156
826 0.03434644419834983
938 0.028498656632977425
942 0.028437481312447204
970 0.0883129095582693
975 0.09060333488738802
979 0.05003698355280186
1012 0.09538901181552899
1023 0.030075550229112735
1059 0.0420830970904041
1247 0.106652242001998
1253 0.0680037077330169
1356 0.036859212426789655
1413 0.047010422106136165
1416 0.045821621085327814
1437 0.06375782629245895
1465 0.030327934973902942
1524 0.013657440838292368
1542 0.03920274302664858
1543 0.024670853037338323
1553 0.025599747059032257
1572 0.047694505907764494
1632 0.02357965856450564
1665 0.05183983847698499
1684 0.0651047408021408
1698 0.02551241926007541
1702 0.032251908192385666
1746 0.04309314133766741
1759 0.021903987310004976
1929 0.1115125468761922
1958 0.17620799658721095
1971 0.01819231544190388
2080 0.01790332227885033
2086 0.02718500120088664
2091 0.03270532762641358
2105 0.05731773947615692
2172 0.03869792304665469
2220 0.06058653561630256
2228 0.046264432013823784
2356 0.012994883597068367
2373 0.09867776197180177
2455 0.0325523704010704
2627 0.036859212426789655
2630 0.03153789741957763
2677 0.023211736975026865
2715 0.04274739870771425
2756 0.0325523704010704
2757 0.022235208860580054
2810 0.05414052076203353
2825 0.05925701059369932
2853 0.030585470781765815
2889 0.045821621085327814
2901 0.032401245042840414
2933 0.03488349616671624
2936 0.03383131893678113
3039 0.053326121000999
3089 0.03111686789160736
3102 0.041147942182158
3112 0.029113651086368895
3170 0.04419112194488631
3233 0.05695632830865078
3239 0.03432709226640665
3285 0.027086029583046265
3286 0.041763616315064166
3300 0.0651047408021408
3323 0.041763616315064166
3332 0.02243819688246184
3339 0.04719958692206989
3361 0.01584300567245137
3420 0.0397286031392152
3441 0.08838224388977262
3442 0.017344464165326465
3523 0.03821252410410274
3580 0.07789561753689384
3581 0.07690577956550464
3591 0.01576237398221469
3597 0.029113651086368895
3647 0.04930761177655211
3676 0.06570302544796836
3683 0.03366417984976871
3730 0.05051031345438174
3918 0.057238936907193276
3962 0.03434644419834983
3975 0.03894780876844692
4048 0.05531464857385246
4059 0.02203543450470648
4079 0.041147942182158
4105 0.01752801382459374
4210 0.07444972258728594
4272 0.05594628406138747
4339 0.02821991011942073
4356 0.08514769870968018
4410 0.01379423151749925
4429 0.034000701568396664
4440 0.03544442480556873
4448 0.03349922565005931
4451 0.014320823219281794
4552 0.02196953975138047
4624 0.014175136163997735
4638 0.04419112194488631
4676 0.023881920119633908
4712 0.03195843411434444
4719 0.05414052076203353
4791 0.0651047408021408
4861 0.012548655252859857
4972 0.020024340595871052
5001 0.016896941499920794
5005 0.08317926611145561
5138 0.046264432013823784
5139 0.046264432013823784
5181 0.02613679902739866
5215 0.0680037077330169
5224 0.01663585322229112
5247 0.030585470781765815
5264 0.06058653561630256
5368 0.028998409951299698
5385 0.04930761177655211
5389 0.060927605475757214
5399 0.10512222003527613
5400 0.05501112915314136
5401 0.0558008586881616
5427 0.053326121000999
5473 0.024191599871889242
5654 0.05695632830865078
5752 0.02679368871111124
5807 0.05687496262489441
5842 0.018790948631522034
5875 0.0794572062784304
5882 0.05965622905022075
6008 0.029149414780566808
6014 0.03664712648339837
6034 0.0266024908625935
6066 0.02089897348600424
6068 0.021773895265151694
6074 0.027486660583955574
6155 0.06306127330346516
6360 0.033014614579523024
6361 0.041147942182158
6403 0.03946293403001563
6409 0.021581237834585366
6410 0.0697436210614595
6502 0.0420830970904041
6525 0.05695632830865078
6584 0.017761270310611876
6628 0.03506771573900291
6673 0.04274739870771425
6732 0.0266024908625935
6733 0.047694505907764494
6747 0.04656893621541891
6778 0.0855935951445713
6794 0.26507967449929454
6795 0.1766258191165386
6816 0.05594628406138747
6817 0.02343120018643713
6818 0.043448624467206536
6934 0.05687496262489441
6952 0.017620799658721095
7025 0.02071912982546758
7035 0.025000775531591843
7102 0.02758883779474779
7176 0.01505897612243525
7188 0.02922995436668404
7205 0.022714028992395937
7206 0.03544442480556873
7230 0.0325523704010704
7255 0.05414052076203353
7282 0.01925932961251012
7352 0.11002225830628272
7394 0.03470192732788895
7482 0.0812580887491388
7483 0.027795613033883903
7484 0.07994613044256334
7488 0.035832726722363845
7536 0.026228572643454084
7537 0.03732833059405896
7542 0.014465039835709289
7552 0.017435905265364874
7557 0.0487466831376996
7558 0.03383131893678113
7625 0.03821252410410274
7660 0.023139422641954132
7726 0.0467233486453192
7807 0.06570302544796836
7826 0.03707492394601023
7833 0.01915373220476322
7835 0.02196953975138047
7837 0.03664712648339837
7838 0.04498005486259072
7845 0.0680037077330169
7911 0.1150841509407545
7952 0.0722988903063411
7979 0.049894639321475566
8092 0.020424971596780358
8100 0.02738530408251209
8156 0.04433653075901766
8166 0.02071912982546758
8171 0.01974576821039425
8201 0.061963811999795254
8224 0.019365818148154506
8247 0.0420830970904041
8252 0.03027044596063266
8258 0.0420830970904041
8286 0.07444972258728594
8320 0.04309314133766741
8324 0.04321702374381752
8326 0.040388969041512464
8329 0.034000701568396664
8355 0.15913242483790346
8361 0.041763616315064166
8376 0.036031452350492196
8382 0.0680037077330169
8385 0.03020111162912934
8412 0.029828114525110375
8447 0.08067115529045248
8515 0.04487639376492368
8560 0.03366417984976871
8564 0.05594628406138747
8708 0.023654547903522838
8741 0.04930761177655211
8763 0.0397286031392152
8772 0.07956621241895173
8824 0.06375782629245895
8837 0.024752528510741736
8950 0.0279004293440808
8986 0.023139422641954132
9022 0.053326121000999
9115 0.035832726722363845
9117 0.0372943871574205
9183 0.0467233486453192
9211 0.04419112194488631
9267 0.021645130713299883
9291 0.0269878281801533
9330 0.03774510709061728
9338 0.08727439145027442
9388 0.07690577956550464
9393 0.0482096311693332
9445 0.007739312564650701
9534 0.03020111162912934
9568 0.023729884345719595
9575 0.046100302187102
9580 0.031253288859064456
9595 0.04419112194488631
9618 0.08185426563352387
9633 0.07956621241895173
9636 0.03894780876844692
9637 0.19262590807091456
9675 0.018739963444638
9731 0.04419112194488631
9769 0.0680037077330169
9987 0.02728475521117462
10116 0.030981905999897627
10167 0.026697727666251156
10172 0.028884211736730878
10183 0.03623335772327315
10184 0.03774510709061728
10217 0.1462400494130988
10298 0.0539756563603066
10306 0.0420830970904041
10318 0.023602921856879237
10364 0.05264203719937066
10392 0.027314881676584735
10460 0.045992050911612584
10462 0.0467233486453192
10521 0.04419112194488631
10577 0.0883129095582693
10619 0.05286239897616329
10628 0.029585437496223166
10749 0.04394297928251462
10750 0.027086029583046265
10760 0.024509071121532267
10844 0.03434644419834983
10845 0.047010422106136165
10861 0.05925701059369932
10951 0.028223713142389577
10959 0.07118965303715878
10960 0.039712920587503094
11011 0.16247361460201923
11036 0.010069821544696572
11103 0.02048325722736646
11142 0.030327934973902942
11161 0.04027733379105016
11179 0.04027733379105016
11217 0.015366767395700668
11225 0.045393823622715955
11244 0.03525466458924703
11285 0.06375782629245895
11300 0.02264450365625953
11319 0.007910708294168328
11332 0.023944865372300006
11339 0.04498005486259072
11472 0.05695632830865078
11497 0.02697702344252495
11499 0.03563708223613507
11605 0.045393823622715955
11607 0.08112182927446905
11634 0.016005831371424164
11735 0.06375782629245895
11764 0.03139120079557711
11812 0.05893165392957032
11813 0.08838224388977262
11857 0.043448624467206536
11861 0.030456045887330994
11875 0.022575359282780694
11876 0.03563708223613507
11892 0.033175648521303426
11893 0.025732677093497705
11930 0.021645130713299883
11945 0.029113651086368895
11957 0.02071912982546758
11960 0.030327934973902942
11977 0.03234157114226711
12016 0.03920274302664858
12064 0.11827273951761418
12113 0.032104318011819094
12138 0.02586541616823184
12177 0.030968305165054263
12186 0.01894515197512891
12197 0.06570302544796836
12204 0.070488750812876
12265 0.016125226675378496
12275 0.023881920119633908
12303 0.03383131893678113
12304 0.1079513127206132
