57
343 0.06631869748742872
374 0.07908334000764702
628 0.06009257219622906
854 0.10512128663483124
921 0.12683655807364025
965 0.06829016542582715
1163 0.16069725491642495
1215 0.10577419388207424
1471 0.21024257326966247
1552 0.11148969122953452
1632 0.06526968409310988
1920 0.11739544640210699
1958 0.048775262120374835
2382 0.12126268310395154
3318 0.26404159543367983
3721 0.061921760831123863
4078 0.08538985030276028
4081 0.049164091969127
4101 0.10721112261034632
4144 0.13648595611497705
4547 0.0822282394014258
4589 0.22948259018064904
4624 0.02615832786184216
4787 0.09459089559484458
5297 0.06610635932158038
5399 0.14549180332910194
5515 0.10448036001563035
6778 0.04738547761577258
6952 0.048775262120374835
6994 0.18366373649099696
7035 0.06920340752881304
7188 0.08090998783338334
7272 0.03964076090918546
7459 0.201727467451581
7483 0.038469829343221566
7986 0.07963968345298537
8198 0.2975603841292252
8324 0.023925380255076963
8364 0.07134992365330985
8672 0.10512128663483124
8942 0.03508838768243057
9212 0.33541317226065825
9292 0.2731606617033086
9567 0.08927490842830736
9626 0.08538985030276028
10192 0.0941156566895303
10195 0.18636829520131815
10318 0.02177802601987711
10378 0.32805278763237317
10571 0.08502409281713963
10825 0.11307767016657122
11106 0.06229938094912695
11116 0.09918679470974173
11125 0.09364679702278994
11497 0.03733688070692678
11893 0.007122934796396245
12265 0.04463544067665378
