254
41 0.03642405926940062
69 0.03926495551917879
84 0.025380014640593605
132 0.026937078348313152
157 0.05395122940831017
178 0.03788952843366712
202 0.05210866179554149
280 0.07526492825942788
330 0.02519890466925107
337 0.026629258004481814
373 0.025656931182013225
374 0.02706265277260407
456 0.01704927058613196
569 0.07536818307708941
571 0.02519890466925107
628 0.020563931864814203
711 0.01741850548660899
724 0.03842086165993174
887 0.021062046831355215
895 0.03869565604787381
914 0.06708297442791004
938 0.01349751298488194
974 0.06223643805748953
979 0.01579898645577449
1073 0.030272260548288958
1163 0.05499127895829047
1215 0.07239275126862073
1256 0.11759553155746137
1261 0.051283987972135556
1309 0.07536818307708941
1471 0.035972948018289784
1552 0.07630448590507136
1577 0.04382345314636212
1595 0.061100501012417735
1632 0.022335561409249926
1638 0.03763246412971394
1759 0.062244903037717625
1894 0.04017321730161963
1920 0.04017321730161963
1958 0.05007330175466091
2047 0.0705216467066689
2055 0.04115621171018751
2094 0.04017321730161963
2099 0.030000589094246015
2118 0.05613052434255607
2154 0.056048933381175274
2194 0.02725303584800339
2252 0.04017321730161963
2258 0.0451780742572021
2266 0.018651869699133787
2278 0.021449746637032065
2287 0.05226642099915782
2373 0.023367844854698533
2382 0.020748301012572544
2455 0.030834859890813734
2464 0.07898749857093651
2529 0.07536818307708941
2677 0.04397410379821919
2732 0.05613052434255607
2748 0.09613898771280667
2781 0.10790912827088477
2840 0.05499127895829047
2933 0.033042992063246616
2967 0.05395122940831017
3133 0.03642405926940062
3195 0.03642405926940062
3221 0.04017321730161963
3317 0.04222734848037195
3472 0.02493228329320411
3484 0.03339457709879459
3520 0.030000589094246015
3591 0.014930728155889254
3609 0.025380014640593605
3646 0.07536818307708941
3683 0.031888008652440264
3759 0.019569708681882823
4048 0.013099041772302514
4059 0.02087281286168594
4067 0.05738990168706902
4078 0.0584415344325313
4143 0.026528387959194284
4169 0.01940253071993105
4244 0.03236940375413321
4342 0.05738990168706902
4343 0.07536818307708941
4381 0.022406499477582883
4439 0.06039387044472086
4448 0.03173175767674255
4451 0.013565235712393651
4515 0.04784531569337671
4547 0.05627770124044252
4552 0.020810394811592713
4623 0.04222734848037195
4624 0.013427235318497866
4662 0.04670607030911111
4676 0.02262187520415726
4787 0.06473880750826642
4801 0.07536818307708941
4861 0.04160299468838894
4872 0.019853641971041894
4882 0.04222734848037195
5005 0.03151624271617537
5018 0.03511879691870947
5042 0.08521368321143788
5120 0.04470926791857998
5129 0.03842086165993174
5181 0.024757783414067248
5279 0.07536818307708941
5323 0.0859975586459124
5340 0.05946991057242287
5376 0.0705216467066689
5380 0.027911166985131
5438 0.09820938607577931
5474 0.0705216467066689
5490 0.14353594708013012
5520 0.0451780742572021
5700 0.028370955571962956
5938 0.03788952843366712
5942 0.029867034303356313
5985 0.07536818307708941
6008 0.009203816389650048
6013 0.020748301012572544
6084 0.03339457709879459
6119 0.026833588269530112
6122 0.03173175767674255
6125 0.027911166985131
6170 0.04017321730161963
6251 0.018344049355302452
6360 0.01563635769632516
6361 0.03897691677594162
6436 0.019739258041408275
6630 0.05920863956897553
6638 0.022194935911599236
6657 0.02002729678464545
6817 0.022194935911599236
6952 0.03338220116977394
6994 0.06285050589788296
7035 0.02368169817375173
7064 0.07536818307708941
7193 0.018651869699133787
7215 0.0429987793229562
7254 0.031126411647869265
7425 0.0241663468333555
7459 0.03451599544108175
7470 0.02725303584800339
7483 0.013164537987852701
7484 0.009466007009001486
7507 0.034743445065667726
7542 0.013701843249930236
7585 0.12078774088944172
7605 0.030691708126762248
7740 0.14537527785239698
8031 0.05395122940831017
8044 0.06441573299173543
8098 0.01760749012576583
8124 0.06643498388476694
8198 0.4412478178055037
8224 0.018344049355302452
8324 0.02456209834712556
8327 0.02632916619031217
8364 0.09766498020921335
8415 0.06708297442791004
8425 0.10790245881662033
8444 0.029734955286211433
8473 0.02262187520415726
8476 0.04150270059156284
8512 0.08163896877742058
8517 0.06540290740296541
8582 0.14478550253724146
8672 0.07194589603657957
8753 0.02547160918404665
8763 0.03763246412971394
8785 0.06441573299173543
8804 0.05738990168706902
8837 0.023446549027563185
8868 0.05627770124044252
8869 0.07852991103835757
8873 0.0940976768061698
8923 0.07912021408839467
8954 0.04340400556788884
8969 0.028727788919090717
8986 0.02191855297565418
9001 0.04340400556788884
9017 0.029347255480534573
9027 0.03678961079036121
9040 0.04566602075913081
9077 0.03713434916317293
9267 0.020503102067215496
9291 0.12781955514136967
9292 0.21032264584067042
9330 0.03575362022375713
9338 0.04862921608669511
9357 0.15632598538662446
9461 0.06223643805748953
9567 0.030550250506208868
9568 0.022477861059279958
9613 0.06982893330732236
9625 0.024500719110114064
9626 0.0584415344325313
9656 0.021062046831355215
9692 0.0497879092407422
9743 0.06223643805748953
9859 0.22833010379565402
9865 0.02519890466925107
9898 0.013944728837740639
9921 0.03127489839501797
10001 0.06223643805748953
10018 0.047262125425120975
10080 0.04845842595079899
10179 0.1410432934133378
10184 0.03575362022375713
10218 0.0639573334059252
10318 0.07452532432136544
10450 0.049104693037889655
10464 0.041859533938690595
10571 0.029095603460772074
10759 0.051283987972135556
10781 0.04470926791857998
10825 0.03869565604787381
10844 0.032534275739530924
10881 0.025845171756341732
10883 0.10256797594427111
10897 0.02813885062022126
10951 0.02673458889849337
10960 0.03761760901228884
11006 0.07536818307708941
11026 0.05499127895829047
11036 0.00953852308236227
11116 0.06788427966238518
11196 0.07536818307708941
11217 0.014555994349510536
11219 0.061959493739998844
11276 0.022694538220820057
11319 0.007493327794026257
11332 0.0793852478074059
11497 0.0255536763643517
11502 0.06039387044472086
11624 0.0888129593534633
11734 0.04566602075913081
11736 0.0165159614892238
11824 0.058797765778730686
11826 0.04049198364386325
11846 0.03142525294894148
11893 0.014624990125464952
11915 0.07536818307708941
12004 0.021782721634061305
12006 0.03795104975372078
12019 0.07536818307708941
12064 0.044812998955165766
12204 0.00953852308236227
12227 0.03689286560802273
12229 0.03926495551917879
12232 0.03451599544108175
12265 0.022911654318108814
