97
68 0.054281759362969646
214 0.06615561392145865
391 0.15713054638836463
571 0.05253566554759306
769 0.0263739460532247
818 0.18837804503121164
846 0.06888932683827204
854 0.07499781401831825
975 0.05964236611934993
1181 0.19041262507085321
1385 0.1053105617939808
1477 0.1398572181902367
1952 0.0973746486606616
1989 0.15713054638836463
2099 0.06254640570982087
2107 0.07037753882221005
2110 0.06648137208866807
2183 0.07899357609682622
2243 0.05842650815703617
2428 0.07691569431747788
2670 0.06551660083418895
2701 0.05072906712995039
2763 0.0628279922644057
3102 0.08126060599435161
3273 0.09626690429495416
3314 0.1053105617939808
3332 0.04431185083369813
3361 0.12514961122634982
3721 0.04417751010441545
3814 0.051615998640144094
3918 0.02260754950495582
4081 0.035075668724343326
4143 0.05530742449459202
4230 0.07593830846139753
4389 0.3488077491729851
4772 0.04163242828537337
4778 0.18837804503121164
4861 0.03717238127294791
5389 0.04010742603544337
5488 0.1398572181902367
5882 0.11781151296700262
5941 0.1342964485510492
6057 0.06436371930251623
6258 0.03988087770308377
6409 0.04261949374729734
6452 0.028781900802828667
6554 0.07037753882221005
6672 0.10691887109436705
6674 0.17440387458649256
6747 0.04598310117945715
6794 0.26174498461235635
7301 0.1342964485510492
7471 0.06648137208866807
7561 0.04391098194954623
7625 0.07546362468205223
7818 0.07237221469811117
7826 0.07321704627925787
7952 0.02039696390094115
8171 0.07798946948537246
8201 0.06118431014767416
8252 0.059779290337072195
8324 0.08534671121944103
8326 0.03988087770308377
8515 0.04431185083369813
8754 0.05072906712995039
8828 0.05659668499872732
8949 0.06999707120397947
9000 0.05021167529399755
9115 0.14152781079544982
9273 0.03631478393979741
9291 0.05329664513190688
9636 0.23074708295243362
9637 0.06340089439046107
9638 0.13565747015748894
9656 0.04391098194954623
9665 0.1342964485510492
9987 0.10776605707533894
10181 0.08010132046253365
10229 0.10863818345103372
10291 0.15713054638836463
10318 0.015537332137101663
10364 0.05197980283753908
10578 0.05329664513190688
10749 0.028926785774499895
10824 0.17440387458649256
10881 0.05388302853766947
10951 0.01393433007663132
10963 0.05108006088911999
11067 0.030969944437933054
11364 0.17440387458649256
11382 0.1196487196731283
11634 0.03160895752520277
11861 0.06014582051370284
11893 0.01016358448846702
12078 0.05329664513190688
12265 0.031844744158450636
12304 0.15988993539572063
