200
41 0.04628771377350817
343 0.057680462334946475
344 0.025245432529686744
362 0.04782335530876365
484 0.06080185247443463
495 0.07426753284937057
517 0.04243784622970144
593 0.03504559360821001
628 0.026132655484011003
642 0.03371228944159282
648 0.2056837525529728
938 0.03430529327209202
1050 0.07472023183242656
1149 0.052741653850309066
1163 0.06988294636888169
1215 0.04599837328968068
1471 0.09142888271427335
1524 0.016440161349981382
1552 0.048483890511563404
1632 0.028384043245572838
1707 0.07293111740053837
1736 0.036507289344044395
1759 0.026366951894440827
1798 0.2056837525529728
1838 0.09979585245887863
1896 0.04113505540139361
1920 0.05105214578267721
1936 0.10828959366950704
1958 0.021211059446280007
2055 0.052301335596701415
2058 0.09577792689439264
2096 0.07458901555556122
2110 0.040523298251694165
2152 0.06080185247443463
2227 0.03225293602127875
2287 0.16605048858510332
2382 0.026366951894440827
2454 0.10210429156535442
2464 0.03345911831238772
2630 0.03796378313888021
2851 0.04462898568828115
2901 0.03900303891129164
2932 0.07472023183242656
2984 0.040724492135007104
3239 0.02066063994775411
3270 0.053531320493595144
3306 0.06856125085099093
3317 0.05366253677046046
3332 0.02701000732992705
3400 0.03384047514846466
3460 0.06240226986955533
3520 0.03812476447944078
3551 0.10548330770061813
3597 0.03504559360821001
3599 0.037621185231129894
3633 0.05867888029309597
3759 0.09947678455036031
3805 0.034906871948923696
3918 0.013780288260407652
4059 0.02652518161811176
4078 0.037133766424685286
4084 0.10630677442537566
4103 0.07133070000541766
4122 0.07909009838197398
4144 0.05935409883789866
4145 0.10054600988690317
4169 0.024656746295170593
4273 0.07472023183242656
4624 0.02275111698727464
4787 0.04113505540139361
4790 0.03882327449231715
4827 0.019022429957046297
4861 0.052869107641571676
4872 0.05046003742308418
5001 0.020339714289740025
5069 0.12278516006375689
5129 0.04882525130691562
5323 0.05464287149299902
5340 0.03778719689577496
5389 0.04889445377794992
5525 0.04516201989272725
5672 0.0580324033200079
5842 0.022619627723758827
6034 0.03202278137396095
6041 0.04134457480758924
6057 0.0196162482206709
6068 0.026210353434080635
6251 0.02331162761748162
6360 0.019870691625952886
6403 0.047503555789024855
6505 0.06327050138129212
6583 0.052741653850309066
6584 0.02138015116773536
6638 0.05641067257764589
6657 0.02545069934046436
6921 0.0818595475364007
6982 0.03135252928861701
6994 0.07987045611814551
7193 0.023702805873137972
7282 0.023183441910609774
7394 0.04177248806571837
7459 0.043862945251867735
7482 0.032604841708494384
7483 0.016729501833808877
7484 0.012029406710821363
7552 0.02098849259093178
7740 0.061580993313660244
7817 0.1133615906873249
7896 0.06734540883547424
7947 0.05624328888811972
8012 0.06419138430144351
8068 0.055690867423710294
8098 0.02237560775923731
8171 0.02376899297619826
8193 0.05624328888811972
8198 0.5607379601132065
8252 0.018219043436505045
8258 0.0506575803230556
8312 0.032604841708494384
8324 0.04161803675091281
8326 0.02430913579139069
8327 0.10037735493716318
8329 0.04092838668791897
8357 0.061580993313660244
8364 0.062056354238051385
8476 0.052741653850309066
8514 0.04243784622970144
8517 0.16622809860003493
8672 0.045714441357136676
8723 0.035613507084282764
8873 0.029894844356454807
8900 0.06734540883547424
8932 0.055690867423710294
8956 0.180648079570909
9017 0.03729450777778061
9027 0.023376128419788696
9291 0.09745989494385462
9292 0.029697569945778567
9338 0.06179803350863763
9445 0.009316207099653407
9567 0.03882327449231715
9575 0.018497765313734982
9578 0.026604918893702246
9626 0.037133766424685286
9658 0.051199242559129804
9664 0.02331162761748162
9787 0.07674856248567638
9814 0.040324734429182406
9898 0.035441937556519115
9923 0.028384043245572838
10080 0.061580993313660244
10103 0.04719035054597709
10140 0.03745696832233488
10150 0.05366253677046046
10172 0.03476940570648336
10184 0.04543571947990674
10192 0.04092838668791897
10195 0.040523298251694165
10318 0.018941364308415785
10364 0.031683958788342986
10392 0.016440161349981382
10420 0.02776755624494953
10509 0.05105214578267721
10571 0.07394941651608362
10576 0.03729450777778061
10619 0.021211059446280007
10723 0.039369078698456274
10749 0.017632138606277794
10760 0.08850847429185121
10825 0.049174460160370186
10951 0.025480747278189764
10960 0.023902238708843667
10988 0.017990619340726478
11011 0.04889445377794992
11071 0.0362034808944415
11080 0.04175684050667137
11116 0.04313368923947743
11180 0.06006073397325772
11194 0.04155702465000873
11217 0.018497765313734982
11249 0.04313368923947743
11300 0.027258349364791917
11332 0.08647098418038932
11424 0.04543571947990674
11433 0.06006073397325772
11497 0.01623681271581453
11734 0.1160648066400158
11736 0.04197698518186356
11846 0.03993522805907276
11893 0.021683019379337625
11957 0.02494067822771459
12004 0.02768149416702905
12006 0.016076071362719206
12083 0.04113505540139361
12089 0.03225293602127875
12105 0.029894844356454807
12138 0.031135526796345004
12204 0.02424312035036127
12223 0.055157833219264193
12265 0.019410761612451016
