168
41 0.0566204629833427
65 0.10427912612142279
152 0.07346801748138045
188 0.05247429015050217
210 0.06190326113015594
280 0.17549671164892408
344 0.01544046963563468
373 0.039883180276882306
423 0.24300558055465724
456 0.026502746082615943
464 0.04748974613523657
485 0.051364662437491375
525 0.059724451888091105
628 0.03196621591053253
634 0.07346801748138045
674 0.047378088784316784
717 0.07633225154550408
785 0.06196580944874548
938 0.04196322154404793
942 0.04187314313924805
952 0.019134487156559098
965 0.03632692182720315
1057 0.049569264099973455
1064 0.0516359189680771
1073 0.09411523274323433
1095 0.058898505140996676
1205 0.026787513991253654
1335 0.05305498560896704
1465 0.08931353296216098
1876 0.14197381016020258
1964 0.16773218849801874
2030 0.05524348184706956
2042 0.024686907904465753
2045 0.09388104935379385
2154 0.04356346631072372
2194 0.04236429267816146
2227 0.03945271911748877
2261 0.059724451888091105
2343 0.0610365787094999
2392 0.0516359189680771
2464 0.04092815599257561
2596 0.043920799291642595
2645 0.05626653338046149
2675 0.043920799291642595
2705 0.03632692182720315
2822 0.041712269906214385
2901 0.047709639143564256
2938 0.044102076264571785
2950 0.07098690508010129
3012 0.10427912612142279
3097 0.05849890388297469
3285 0.039883180276882306
3361 0.023328241942021204
3400 0.04139464264443736
3442 0.02553908423494536
3505 0.0913999369525147
3591 0.02320951474991358
3638 0.07437457495076605
3670 0.04139464264443736
3725 0.08539817977268495
3818 0.08100186018488574
3848 0.10013295328858224
3918 0.01685644499890512
3993 0.06058882831247235
4081 0.026152815922048565
4339 0.08310555515266417
4410 0.020311497508583916
4554 0.053654416377660205
4861 0.00923871618296388
4873 0.060151614202851963
4941 0.022857818275133675
5005 0.024495680737928585
5219 0.05849890388297469
5297 0.035165247182837166
5368 0.042699089886342474
5417 0.11715831529033088
5472 0.05031758304307012
5942 0.09285540074969467
6008 0.014307146310665413
6068 0.09618377483426628
6125 0.04338734421155339
6162 0.021299238033800984
6198 0.04503597846640508
6203 0.08386609424900937
6209 0.03550618780067726
6361 0.1211776566249447
6409 0.03177757731217239
6410 0.025673727884593846
6459 0.07971992141616883
6584 0.026152815922048565
6732 0.03917118733234452
6791 0.032349337573377
6886 0.1877620987075877
6952 0.07783793419299972
7176 0.04434757465171489
7181 0.05849890388297469
7201 0.10438121836917158
7262 0.018665251554657723
7272 0.042173768762733634
7282 0.02835865303154007
7351 0.0773942973058933
7482 0.039883180276882306
7483 0.061392023633692734
7484 0.1030030142555925
7536 0.03862060653581159
7537 0.010992918204961054
7605 0.09541927828712851
7620 0.08237884132115889
7679 0.11715831529033088
7773 0.05626653338046149
7952 0.01520820733204625
8224 0.02851545347552927
8251 0.08921144071441216
8279 0.08725376411967414
8444 0.09244477243142755
8515 0.03303941792604206
8615 0.08386609424900937
8986 0.034071947012480404
9230 0.08439825887297286
9434 0.046427700374847336
9445 0.06837511506558493
9568 0.10482414032756082
9575 0.0678809958953075
9620 0.05524348184706956
9923 0.03472017818307882
10105 0.04236429267816146
10106 0.05734921294901743
10116 0.04561971471406659
10174 0.05557827905525057
10191 0.05491461056537625
10312 0.07147401488808354
10318 0.023169621682470526
10392 0.02011007827501636
10530 0.06196580944874548
10628 0.04356346631072372
10749 0.0215681391429036
10794 0.10382238851972951
10848 0.04304003050418257
10870 0.11715831529033088
10898 0.09312483036820352
10925 0.041552777576332085
10951 0.03116878304061697
10985 0.4356346631072372
11036 0.02965488218136979
11067 0.02309154138632887
11087 0.1211776566249447
11101 0.21870636907217306
11106 0.09942038040954149
11217 0.022626998631769164
11237 0.047932165663673636
11319 0.034944679217026084
11332 0.0352579317474744
11605 0.06684073224726075
11637 0.029156232227560055
11736 0.025673727884593846
11812 0.04338734421155339
11886 0.12795299636627425
11893 0.0037890418615253705
11929 0.024880123604054772
11945 0.08573755642079686
11957 0.030508155042645292
11988 0.07971992141616883
12052 0.04581844112544648
12064 0.03483044997465616
12186 0.027896038039844025
12265 0.023743801967279037
12274 0.051911194259864755
12304 0.03973858233043857
