82
104 0.057192103068826626
343 0.05187540122117265
344 0.022704688701603814
517 0.0763336565280752
593 0.06303708936669171
628 0.04700524001821029
1215 0.08273803549170775
1471 0.08222732242444097
1552 0.08720877646387858
1759 0.04742667285018549
1920 0.09182833973484429
1936 0.0973911423778578
2096 0.2683289940477983
2228 0.10017208513981604
2287 0.0597355525224708
2382 0.04742667285018549
2895 0.04756860747366961
3318 0.20653698310038618
3661 0.04828955572826197
3729 0.10554667335144685
3791 0.07288992738666923
4078 0.06679312037922994
4101 0.041931010495481334
4589 0.08975222591752277
4712 0.06919663429739618
4772 0.09129127691902232
4861 0.027170439745247042
4872 0.045381652313351
4972 0.043356848095290876
5042 0.0973911423778578
5129 0.08782278777735399
5297 0.10341861474972547
5323 0.09828703751075549
5930 0.10554667335144685
6008 0.021038175059278578
6122 0.07253276735209835
6403 0.08544543217001972
6630 0.06766984865509676
6994 0.14366431159261295
7035 0.10826372252289797
7220 0.04512019238914974
7272 0.031007550732828813
7459 0.07889700573028809
7707 0.10326849155019309
7752 0.34455468521919375
7817 0.27187382633778195
8198 0.3103411234748863
8324 0.037429525823739464
8326 0.08745048992121819
8498 0.10676120012552905
8517 0.1494986163431809
8560 0.07288992738666923
8672 0.08222732242444097
8766 0.2692566777525683
9027 0.04204702915633523
9291 0.05843424212780265
9292 0.1068350213481368
9338 0.033347143762380425
9445 0.05027164779099784
9567 0.06983206650854037
9578 0.047854708031054884
9626 0.06679312037922994
10080 0.11076675208301934
10114 0.32239816312543995
10184 0.08172598076991469
10195 0.07288992738666923
10318 0.01703507276813474
10428 0.06485061246910274
10571 0.06650701982184466
10750 0.05864686852054651
10997 0.07513686578420169
11116 0.07758528086872157
11204 0.09486728586415473
11219 0.07081381356934771
11433 0.1080322364411142
11497 0.029205423815599464
11629 0.03474479591641982
11852 0.0802748953442731
11893 0.011143315970744144
12004 0.04979116179677949
12204 0.02180325094700602
12265 0.017457229118712596
