130
193 0.052179176201789856
201 0.04109348624035688
207 0.07020227232213241
236 0.10108602847312646
290 0.10312650764573476
373 0.039442343340803626
429 0.05824748793610689
432 0.06803796597985884
642 0.04078203190949504
711 0.02677742981078513
769 0.019447354841610486
921 0.13344976278183956
926 0.08010653008300626
938 0.020749696743540734
975 0.13193546257835326
979 0.02428774680045218
1124 0.09567593804410486
1444 0.06435056858449678
1469 0.1286001733677072
1493 0.1980523266157974
1560 0.115863340506721
1744 0.15097707116297746
1747 0.09284336294399251
1814 0.03151937328551538
1995 0.17125965756083333
2177 0.05306136315675827
2186 0.12256177740594601
2266 0.028673477876298384
2333 0.06873145830460291
2393 0.07449503062339144
2469 0.07548853558148873
2480 0.08581555007185053
2541 0.041410310737284614
2739 0.0627517027205025
2763 0.1389824173924627
2783 0.06380200947222353
3170 0.06435056858449678
3269 0.033075889820773446
3347 0.05336509512331013
3401 0.08822536844247496
3431 0.1286001733677072
3591 0.022952975243806153
3595 0.04696483227340126
3819 0.04093709920615686
3882 0.052762570140808714
4025 0.029827467396900145
4107 0.2785300888319775
4230 0.055994625443616684
4356 0.02479820644727213
4381 0.034445461898417684
4624 0.006880553014347957
4699 0.03715087133111128
4861 0.009136598766370622
5351 0.050014869859516274
5399 0.07653884233320976
5598 0.05635143987059363
5938 0.05824748793610689
6057 0.023729935703891446
6162 0.0210638132063312
6209 0.03511373065625647
6214 0.02965810798969035
6226 0.09038967478474853
6348 0.08453797104711291
6410 0.025389950927495908
6786 0.10312650764573476
6794 0.03860057636802509
7039 0.1980523266157974
7102 0.04017452647822884
7201 0.05161373572351055
7256 0.15918408947027482
7259 0.037406088844994835
7272 0.12512284045309066
7376 0.05079691833447699
7537 0.021742822470391936
7826 0.05398804852993355
7861 0.03779568716221153
7952 0.030080215821524536
8051 0.25307741153673596
8166 0.1810256530496342
8252 0.02203972566370205
8274 0.08628933044691248
8327 0.04047576872651861
8402 0.05635143987059363
8723 0.08616390084313572
8877 0.08628933044691248
8932 0.06736969722202003
8942 0.09229470358811964
8985 0.05671532038710398
9022 0.0776528419237623
9032 0.10841277090509109
9273 0.02677742981078513
9338 0.05233031014407308
9463 0.08293910518311863
9470 0.04511547069140549
9578 0.06436837540519343
9620 0.05463286436103381
9638 0.050014869859516274
9987 0.039731725157774005
10105 0.04189603150004758
10219 0.10312650764573476
10318 0.011456761561292023
10392 0.01988779747319677
10460 0.033486529604526964
10638 0.16798387633085005
10709 0.06549940300179494
10818 0.050014869859516274
10825 0.05948674612760616
10845 0.1369119976496601
10951 0.02054951207782892
10959 0.06911033179903728
10979 0.03846395592005033
10980 0.042907775035925265
10990 0.0776528419237623
10998 0.07653884233320976
11011 0.08872203017942551
11142 0.044163166121880655
11181 0.115863340506721
11217 0.022376897795270242
11300 0.03297464788088819
11310 0.052179176201789856
11319 0.011519476180548376
11540 0.07653884233320976
11607 0.05906430532514046
11802 0.3093795229372043
11808 0.1286001733677072
11893 0.022482964848455737
12138 0.037664901089775604
12204 0.04399065106926697
12304 0.039299343664990036
12305 0.07883876084528257
