53
352 0.10365784598583451
628 0.07231911440486889
979 0.055561782468804756
1174 0.12002952068966491
1215 0.12729520053595797
1471 0.1265094516125312
1552 0.13417358319533168
1920 0.1412809338771721
1936 0.2996789789783672
2096 0.20641651027809133
2227 0.08925628593094542
2287 0.1838102413789187
2382 0.0729675027372713
2895 0.07318587384376461
3318 0.1588819853263884
3551 0.14595645287698347
3661 0.07429507654720058
3778 0.26505438212257854
4078 0.10276342195662352
4624 0.015740274015091534
4772 0.0702273224976154
4861 0.020901309509385336
5041 0.1220804807884949
5129 0.13511825988260973
5297 0.07955647741380498
6630 0.10411229736838257
6638 0.07805501982556684
6994 0.22103228878180062
7220 0.06941890636227953
7459 0.12138564937440662
7817 0.3137151465931413
8198 0.3581025520413412
8324 0.028793280909940478
8326 0.1345454673335207
8364 0.08586690672206199
8517 0.11500427967715494
8672 0.1265094516125312
8766 0.13808676419280846
8956 0.12498068883108426
9291 0.17980602332698267
9292 0.08218460461354207
9445 0.05156306043765873
9578 0.07362604900153057
9626 0.10276342195662352
10571 0.10232324679885757
11067 0.052241398480714386
11116 0.11936751734711375
11204 0.14595645287698347
11629 0.05345601617776948
11846 0.11051614439090031
11929 0.05628781681150013
12004 0.07660534708338108
12265 0.0268585236313884
