37
921 0.19242245801275426
1471 0.15947843958358984
1759 0.09198319436631476
2096 0.13010483621517535
2227 0.11251691491708223
2411 0.31264277167182947
2768 0.1295440773082048
3318 0.20028741548418347
3661 0.09365674046853019
4485 0.16571990659846486
4516 0.29739814704509643
4624 0.0198422671709398
4712 0.134205650102805
4790 0.13543805965362732
4861 0.026348294007467233
5930 0.20470590885158624
6638 0.09839654353710395
7272 0.060138597006178206
7817 0.3954708633600274
8198 0.15047528197173182
8324 0.03629695213661356
8326 0.08480434034728417
8517 0.14497496301320395
8766 0.17407285700726952
8873 0.10429052588252644
8956 0.31510254734025284
9291 0.11333218056996691
9626 0.1295440773082048
10195 0.14136872682032012
11094 0.17407285700726952
11629 0.06738691803436268
11846 0.13931719750265426
11908 0.12735856252798547
12186 0.07955791663701701
12225 0.17033074581120167
12265 0.033857987554729976
12274 0.148047778668623
