126
41 0.0793340238755943
132 0.058670748392371484
152 0.1029400528687856
210 0.04336802047981954
280 0.16393202007950172
344 0.021634485523090878
423 0.11349613145632201
628 0.04478961143437955
666 0.18220265147826448
674 0.06638402847219375
785 0.0868236808258447
952 0.02681037527673167
1057 0.06945420391139955
1064 0.07234990694895652
1073 0.06593499706727464
1205 0.03753344926153535
1327 0.11169993701484672
1335 0.07433823874346238
1465 0.12514207025326313
1487 0.16176216501990637
1958 0.03635432730101526
1964 0.2350187325547352
2030 0.07740466038074838
2042 0.03459017531671655
2045 0.13154186699410883
2154 0.06103915253069109
2194 0.059358924842961555
2343 0.08552168487298693
2392 0.07234990694895652
2464 0.05734667527629159
2705 0.0508996347206492
2901 0.06684858179321197
2938 0.06179382836142009
2950 0.0994636307395808
3285 0.05588250271375676
3400 0.058000295208494076
3442 0.03578420612795125
3725 0.0598280275013967
3818 0.11349613145632201
3848 0.14030175114016996
4081 0.03664413912306256
4339 0.11644373340104296
4410 0.028459548781314802
4502 0.06310236975571264
4861 0.012944869957257722
4941 0.03202733791344906
5005 0.03432223648689481
5219 0.08196601003975086
5417 0.16415691594047768
5472 0.07050271446341774
5942 0.06505238735173667
6008 0.02004652429874817
6063 0.07604603074628088
6068 0.13476834146325056
6146 0.08309812288952349
6198 0.06310236975571264
6281 0.05508137817638117
6362 0.14611118040269086
6410 0.03597286270108901
6459 0.11169993701484672
6584 0.03664413912306256
6657 0.04362078453489241
6721 0.14611118040269086
6732 0.054884890502817536
6952 0.07270865460203052
7176 0.031068904781641385
7181 0.08196601003975086
7262 0.026152903640452856
7351 0.10844137802453016
7482 0.05588250271375676
7483 0.08601971817431599
7484 0.04123518581519289
7536 0.05411344167043272
7537 0.015402778242760118
7605 0.06684858179321197
7620 0.11542549495116793
7679 0.16415691594047768
7773 0.07883811377373734
7952 0.02130905012098712
8224 0.03995455967070726
8251 0.12499902322761801
8279 0.12225601560238314
8444 0.1295294209340246
8515 0.04629333340759648
8942 0.026152903640452856
9230 0.11825501120428542
9332 0.0848943173309988
9338 0.010591766726325091
9445 0.047902054533759814
9568 0.1468748295811692
9575 0.03170392390139792
9620 0.07740466038074838
10116 0.06392027450196404
10174 0.07787376303918352
10312 0.10014614690247176
10318 0.03246422270136453
10392 0.028177329289581693
10428 0.06179382836142009
10530 0.0868236808258447
10628 0.06103915253069109
10749 0.03022029802579754
10794 0.07273561019863618
10866 0.15360083735294125
10897 0.061288288337807494
10925 0.05822186670052148
10951 0.01455742822546322
10985 0.30519576265345544
11012 0.18220265147826448
11036 0.04155107547772712
11067 0.03235482013289493
11106 0.13930332635131665
11217 0.03170392390139792
11237 0.06716037585721502
11319 0.03264193272485392
11332 0.04940181432075378
11605 0.09365420147705991
11812 0.060792378235950524
11886 0.08964096665601431
11893 0.005309033548459577
11929 0.03486090038883128
11945 0.12013157416469165
12052 0.0641987209334205
12064 0.04880284625542515
12265 0.016634369033009015
12274 0.07273561019863618
12304 0.055679898631573535
