265
21 0.058629487864362256
41 0.036319814411700534
104 0.04989777963468152
105 0.02913713802222615
132 0.026859985021660378
201 0.026654483032168858
230 0.023073818001167524
269 0.04831973899995013
330 0.025126785957494773
343 0.022629586950839397
344 0.01980891578935801
408 0.058629487864362256
495 0.08741141406667845
517 0.033299002552534644
593 0.027498646012768847
628 0.020505078343433004
648 0.10759364434919283
667 0.05596988001460121
785 0.039748645285916165
887 0.021001767715879152
938 0.02691776679829113
952 0.012274025780992747
955 0.06689098442834372
966 0.07031981530255936
1050 0.058629487864362256
1087 0.07031981530255936
1149 0.04138392077393358
1215 0.07218556480434725
1552 0.07608610414217612
1632 0.044543275046040574
1638 0.037524760843842084
1665 0.04896415648483058
1707 0.057225653048812046
1762 0.06423137657858267
1798 0.053796822174596415
1870 0.07031981530255936
1905 0.025490747676334226
1920 0.040058242435968665
2055 0.04103842353612732
2096 0.20484284995902433
2100 0.0311853903226568
2129 0.028058317847719068
2222 0.04896415648483058
2252 0.040058242435968665
2287 0.05211683565011005
2356 0.024548051561985494
2373 0.011650483297959285
2382 0.08275567932295796
2481 0.05596988001460121
2566 0.04327978425717295
2630 0.009929471167496753
2677 0.04384825087888834
2705 0.02330230078303184
2763 0.060098810867322744
2822 0.02675679112921001
2984 0.031954613347111395
3239 0.016211442461841058
3270 0.042003535431758304
3317 0.08421298947279864
3330 0.0317967458719872
3435 0.05596988001460121
3520 0.029914728067117837
3523 0.036092782402173625
3551 0.04138392077393358
3597 0.027498646012768847
3661 0.02106533490721417
3688 0.044131490795064746
3721 0.02112924294302704
3737 0.026859985021660378
3759 0.03902740121083297
3791 0.0317967458719872
3797 0.03702807147139594
3805 0.027389797583900328
3814 0.04937385436331116
3819 0.026553045652892873
3972 0.08341397755630665
4053 0.08341397755630665
4059 0.041626150659350394
4078 0.02913713802222615
4081 0.01677600942457171
4101 0.018291549088911403
4103 0.05596988001460121
4115 0.06022102451385131
4143 0.07935739288637908
4145 0.03944688688663827
4169 0.07738800441248132
4188 0.06689098442834372
4364 0.04896415648483058
4381 0.022342372568159585
4382 0.026859985021660378
4410 0.013029031927070502
4416 0.04173973287185847
4429 0.032114599911959925
4451 0.013526412305698435
4503 0.0428757177608539
4624 0.03124054935376498
4738 0.050367991300380784
4772 0.019911979861940755
4787 0.06455352646294257
4805 0.04210649473639932
4827 0.014926015337031218
4861 0.035557652426791875
4872 0.0395936425674752
4941 0.014662397194693868
4972 0.037827083387887914
5005 0.01571302196083367
5041 0.06922844239374487
5042 0.04248490176075582
5069 0.032114599911959925
5128 0.04248490176075582
5129 0.038310901997642845
5196 0.03481454221687434
5323 0.0857514355217078
5340 0.029649854497208118
5351 0.032441163356867635
5382 0.058629487864362256
5389 0.019182600977723983
5399 0.049645417337915054
5400 0.05195952794986983
5425 0.016296577253261207
5500 0.04173973287185847
5515 0.0356512941478818
5627 0.026654483032168858
5667 0.034032700006356685
5672 0.0910706512212299
5802 0.011113126382609641
5894 0.06689098442834372
6008 0.00917747526927298
6034 0.025126785957494773
6041 0.06488232671373527
6068 0.020566044308192182
6077 0.05195952794986983
6117 0.05195952794986983
6119 0.02675679112921001
6122 0.09492282624945127
6162 0.013662628875462704
6281 0.025216739743895534
6436 0.019682764718398544
6498 0.07031981530255936
6505 0.049645417337915054
6583 0.04138392077393358
6628 0.03312242420995211
6630 0.029519592871421425
6657 0.05990993730323505
6994 0.06267062913029799
7094 0.06689098442834372
7176 0.014223618071024728
7188 0.0276084976671018
7220 0.019682764718398544
7272 0.013526412305698435
7277 0.03501828769319148
7394 0.0655538539442917
7459 0.06883442284030854
7483 0.013126861369245176
7537 0.007051527451561975
7552 0.032937386340315636
7589 0.026352724632890966
7660 0.02185582255840334
7739 0.03164094208315042
7740 0.04831973899995013
7800 0.08341397755630665
7817 0.14824927248604058
7896 0.05284280753966347
7947 0.044131490795064746
8098 0.01755709787571373
8198 0.5415199707586856
8222 0.027175038257925423
8224 0.018291549088911403
8272 0.04604258599938435
8324 0.04081967026846322
8326 0.019074247321271866
8327 0.0262538126949049
8329 0.06422919982391985
8364 0.12173183147591166
8366 0.20067295328503118
8385 0.02852578247289576
8412 0.02817347642592222
8438 0.03441721142015427
8447 0.025398709997958024
8453 0.03778108943540289
8476 0.04138392077393358
8517 0.22825504001414657
8556 0.019457874647977613
8560 0.0317967458719872
8571 0.034032700006356685
8577 0.07608610414217612
8672 0.03586999423108327
8714 0.03778108943540289
8766 0.117457740236407
8868 0.028058317847719068
8873 0.023457092830420436
8890 0.028663615602773456
8900 0.05284280753966347
8976 0.04103842353612732
9027 0.036684319732236216
9099 0.020204840298787337
9291 0.07647224302900267
9292 0.1165115039151592
9338 0.058188048405873764
9438 0.03277692697214585
9445 0.036549970315668714
9497 0.06205831873857789
9498 0.053796822174596415
9567 0.03046281636019107
9575 0.07257167706677245
9578 0.020875641458244686
9587 0.0751524809923252
9626 0.0582742760444523
9632 0.033478236307876996
9658 0.06026049364415276
9671 0.024346366295182328
9675 0.017700412068811417
9692 0.049645417337915054
9787 0.06022102451385131
9848 0.058629487864362256
9865 0.025126785957494773
9898 0.01390481933005494
10065 0.04138392077393358
10080 0.04831973899995013
10116 0.05852652855972123
10140 0.029390739507008518
10150 0.04210649473639932
10172 0.027281934222194087
10184 0.0356512941478818
10195 0.0317967458719872
10218 0.021258096307439953
10297 0.06423137657858267
10318 0.014862406895969921
10415 0.04896415648483058
10509 0.040058242435968665
10571 0.05802466496530402
10619 0.01664333102157553
10749 0.01383511842894058
10825 0.07716981986016305
10883 0.05113721432483537
10951 0.006664518773049749
11011 0.038365201955447965
11036 0.009511224038781336
11067 0.014812321437186056
11116 0.03384499817241785
11180 0.04712686226010399
11194 0.0326078628591638
11219 0.061782167029641726
11332 0.04523317084091685
11355 0.06205831873857789
11433 0.04712686226010399
11497 0.012740271151897681
11626 0.053796822174596415
11629 0.01515670937999192
11643 0.039748645285916165
11734 0.0910706512212299
11736 0.016468693170157818
11828 0.02330230078303184
11846 0.03133531456514899
11893 0.017013656012398945
11957 0.01956978927421068
11977 0.015273752744024259
12004 0.021720379963127034
12006 0.012614144894263218
12064 0.022342372568159585
12072 0.03312242420995211
12089 0.025307377596076784
12204 0.04755612019390668
12229 0.03915258007880233
12265 0.007615360555541972
