52
76 0.09397613170680033
159 0.11935142804647066
230 0.08998512956100338
374 0.0526195257982341
435 0.05835841644527262
628 0.07996735223008952
1215 0.1407575330841371
1552 0.14836335145486715
1564 0.1334671856428195
1595 0.11880133911198154
1861 0.1334671856428195
1936 0.16568603380397082
2096 0.11412322951788466
2287 0.20324942356949224
2356 0.047867232032507236
2670 0.12220397772215472
3270 0.08190438135673334
3318 0.1756848350282871
3551 0.16139233968111752
4078 0.1136313522033584
4547 0.10942408259712627
4624 0.017404914962263523
4941 0.057181594791666436
5013 0.10124833748166819
5042 0.16568603380397082
5473 0.08911083471086535
6034 0.09799145896541095
6119 0.10434828411478497
6630 0.11512288035679748
6994 0.12220397772215472
7817 0.1156308851123455
8198 0.3959743305658613
8324 0.0318383660437925
8326 0.07438728243398737
8364 0.09494791565491129
8517 0.5086670552642505
8672 0.1398886858721495
8753 0.09905193018914162
8873 0.09147985553856157
9027 0.07153222894874871
9291 0.09941086612305414
9292 0.09087618507368353
9445 0.02850810224939676
9626 0.1136313522033584
10195 0.12400350461134306
10571 0.11314462553125143
11106 0.08290403219564614
11332 0.044100988600683115
11846 0.12220397772215472
11893 0.009478746123819997
12004 0.08470688314336669
12265 0.029698995034524618
