136
76 0.03545863914999285
104 0.036711912382742455
132 0.03952405994560902
159 0.045033128543105365
201 0.0392216668897285
374 0.01985415598233554
408 0.08627240078736892
517 0.0489989764310751
711 0.05111542136185421
938 0.0198045424760966
979 0.023181433401332455
1012 0.19886576696399408
1215 0.05310998104120126
1471 0.052782151631681984
1524 0.01898190294933063
1552 0.05597977323364354
1710 0.05214432269549829
1756 0.08861432279102276
1894 0.05894509524402905
1920 0.05894509524402905
1958 0.048980817558974356
2055 0.06038741684357508
2096 0.17224179546916418
2230 0.07645765609251459
2287 0.11503369797577812
2382 0.03044343125808263
2481 0.08235882823693755
2630 0.01461106599038893
2677 0.03226101754803129
2840 0.08068724372883919
3270 0.0618075643375658
3317 0.12391813478070522
3389 0.06089581078076771
3441 0.061419382877938106
3551 0.12179162156153542
3599 0.04343763249604039
3647 0.06853057703033104
3737 0.03952405994560902
4059 0.030626124188795536
4081 0.024685643034058794
4143 0.03892439938740524
4144 0.06853057703033104
4169 0.05693763646933134
4410 0.05751606769365453
4429 0.04725614593701256
4547 0.08257477699201243
4624 0.019701425921914862
4772 0.029300175896019787
4787 0.09498953359669751
4861 0.017440848470420784
4872 0.02913072179749806
4972 0.08349296789544598
5005 0.06936441938510104
5042 0.12503177515708258
5129 0.05637391033182289
5382 0.08627240078736892
5500 0.061419382877938106
5515 0.05246033778139152
5520 0.06628858898799803
5746 0.12274240088289337
5752 0.0372394217035818
6119 0.03937221170042422
6125 0.04095331434269311
6281 0.037106049480921804
6360 0.045885625079992505
6436 0.028962889294165843
6583 0.06089581078076771
6828 0.039677234393127966
6994 0.046109439386831985
7176 0.041859675858291125
7193 0.027367393247100864
7211 0.12274240088289337
7213 0.19685813497175417
7272 0.01990391023629843
7396 0.04545576014431897
7459 0.05064440379374373
7483 0.01931597710264374
7507 0.02548906729482816
7536 0.03645399063502469
7725 0.07411573408886077
7739 0.04655916563696857
7740 0.0711017619425372
7817 0.0872586209993201
8036 0.05035922088003314
8098 0.025835002824872704
8169 0.043060448867291046
8198 0.4980240069184447
8222 0.03998765599699014
8324 0.0720786296797869
8326 0.028067465187913154
8327 0.03863208657478501
8364 0.03582530817245622
8366 0.09842906748587708
8517 0.33587382409675065
8766 0.17283728052848138
8785 0.0945154949354457
8873 0.10355026733242109
8890 0.02108903747392858
8942 0.017618131003275136
8986 0.032160510896127405
9291 0.03750924799121679
9292 0.13715592652437447
9338 0.07135235777486881
9393 0.1340090798729357
9568 0.03298116879894236
9575 0.06407287224681822
9626 0.04287485599508952
9848 0.17254480157473784
9859 0.1340090798729357
9898 0.020460730424487105
10183 0.05035922088003314
10184 0.05246033778139152
10216 0.04678842854552089
10218 0.031280965797532236
10318 0.010934902990799135
10571 0.042691206539451534
10951 0.009806738137874511
11011 0.028226905947447676
11080 0.024106341692601806
11116 0.04980240069184447
11339 0.06251588757854129
11433 0.06934646194012167
11499 0.049530482644082996
11502 0.08861432279102276
11624 0.04343763249604039
11846 0.046109439386831985
11893 0.003576476625443027
12004 0.03196120917460475
12006 0.018561522598073223
12016 0.05448624469915213
12064 0.09862938553379164
12089 0.0372394217035818
12177 0.021520772819317358
12204 0.02799124338764602
12227 0.054131922289489875
12265 0.022411774754300385
