52
1471 0.1508457281981992
1759 0.08700406131645518
1861 0.14392125198213493
1920 0.16845876003396312
1958 0.06999096156580062
2096 0.1230621444016501
2287 0.2191693138945146
2356 0.051616522292409824
3270 0.08831969484416465
3318 0.37889135505130395
4081 0.07054892012545909
4451 0.05688324065561309
4547 0.117994928030628
4624 0.018768187400873118
4941 0.061660449893471705
5005 0.0660786903004938
5042 0.17866370153962036
5129 0.1611105893280695
5297 0.09486053899849713
5368 0.11518356917282244
6057 0.06472850065577329
7188 0.11610327864071372
7459 0.14473627416214277
7483 0.0552029908185686
7484 0.03969390330967853
7580 0.1060451095962587
7817 0.12468788993353955
8198 0.28465983921240845
8324 0.06866433093675756
8364 0.1023848883029486
8517 0.13712733786043405
8766 0.1646501366790681
8873 0.19729037181451858
9292 0.3919769273075515
9338 0.02039173856025228
9445 0.03074105254866168
9618 0.10837682116046511
9626 0.12253173987871606
10195 0.13371631047647764
10216 0.13371631047647764
10218 0.08939764520018957
10844 0.13642630881503903
11067 0.0622909331711551
11116 0.14232991960620422
11319 0.031421847526730294
11624 0.12414009475767504
11629 0.12747840709336578
11846 0.13177583228612602
11893 0.01022118659946716
12004 0.09134170781215999
12064 0.09395740177730497
12265 0.032025224233159275
