52
1471 0.1506395365208077
1759 0.08688513508926271
1861 0.14372452540119066
1920 0.1682284930272829
1958 0.06989529061813855
2096 0.1228939302249501
2287 0.2188697304127386
2356 0.051545967445151546
3270 0.0881989702718208
3318 0.37837344682161567
4081 0.07045248650183195
4169 0.08124961661454905
4451 0.05680548670827668
4547 0.11783364025387136
4624 0.018742533084453238
4941 0.06157616595819484
5005 0.06598836705332176
5042 0.17841948535431995
5129 0.16089036656766464
5297 0.09473087371802819
5368 0.11502612425463106
6057 0.06464002298865822
7188 0.11594457656767837
7459 0.14453843352386048
7483 0.055127533611991617
7484 0.0396396455418027
7580 0.10590015607793242
7817 0.12451745351825026
8198 0.2842707364487155
8324 0.06857047336623218
8364 0.102244937956917
8517 0.13693989791004632
8766 0.1644250756961015
8873 0.19702069475316902
9292 0.39144113235262834
9338 0.02036386500474037
9445 0.030699032471159318
9618 0.10822868041553083
9626 0.12236425071424933
10195 0.13353353307415358
10216 0.13353353307415358
10218 0.0892754471728483
10844 0.13623982710428126
11116 0.14213536822435774
11319 0.03137889686763199
11624 0.12397040712597762
11629 0.1273041563081182
11846 0.13159570733182147
11893 0.010207215215358048
12004 0.09121685243723782
12064 0.09382897099900442
12265 0.03198144881583491
