183
76 0.0576168555468185
158 0.07419135142837378
186 0.10448288220425755
215 0.044267436164710884
343 0.02705390143134807
344 0.035522640540769194
374 0.032261081210683176
390 0.025569999512626625
435 0.017889800256723255
476 0.12423628859235646
603 0.07678926418461732
677 0.03248803471402985
769 0.015080338556399559
811 0.05634064329690643
887 0.05021565394929908
956 0.027766503450772712
1471 0.04288294304173126
1632 0.02662596924864129
1759 0.04946762829015111
2078 0.057035857796518395
2096 0.17492265084349498
2272 0.07199484749022769
2287 0.031153103626125726
2382 0.07420144243522667
2464 0.03138670018096313
2525 0.043420707644093975
2677 0.07863154505149715
2679 0.034246071111711296
2705 0.05571627532374243
2763 0.035924369916205436
2768 0.03483374494449847
3089 0.07027385619935429
3221 0.047890036381576205
3270 0.02510782697464954
3315 0.12043089207909333
3318 0.10771253910698024
3442 0.019585235648632703
3447 0.06431464823432433
3540 0.058537147235052524
3591 0.035597503143475304
3609 0.03025522739135863
3624 0.04715915460246893
3750 0.05275964623578072
3765 0.025648506987911105
3975 0.04397956635944067
4025 0.023129536653632335
4048 0.015615219023398035
4079 0.046463940102856975
4143 0.03162419019049199
4297 0.03340764866577924
4381 0.0534210674295161
4410 0.015576340225148373
4451 0.01617096352810652
4624 0.021341939766453086
4767 0.08406805462242324
4861 0.03542461269746682
4872 0.023667301255995057
4972 0.022611331519980394
5047 0.06691256099056785
5224 0.018785077617213583
5347 0.06021544603954666
5354 0.07640413072033773
5401 0.03150495040914767
5438 0.058537147235052524
5485 0.1796911112433901
5752 0.03025522739135863
5823 0.08984555562169505
5842 0.04243718958414811
6008 0.010971765055320028
6034 0.0600786565002177
6041 0.038783740846953595
6114 0.06966748988899694
6162 0.04900143546934878
6180 0.02758498417158676
6192 0.199444517631489
6199 0.05224144110212878
6252 0.08048223880213143
6281 0.030146868916933637
6360 0.037279849076073936
6453 0.08406805462242324
6524 0.49861129407872246
6563 0.046463940102856975
6583 0.04947489832195934
6657 0.04774862637663961
6673 0.04827003412018535
6747 0.026292642453274593
6778 0.01933032597537774
6825 0.04751990983887163
6994 0.11238506209690867
7035 0.028230683607029752
7042 0.06279909814645875
7216 0.07009214923359612
7220 0.023530945471729785
7275 0.199444517631489
7425 0.02880842777340925
7426 0.05634064329690643
7536 0.029617102670502733
7537 0.008430172810022344
7542 0.01633381182311626
7643 0.07996885242764559
7817 0.17723351353338046
7861 0.029308446471001583
8100 0.030923274922362937
8121 0.07009214923359612
8166 0.0233958821788
8169 0.034984530168699
8198 0.161848158605791
8321 0.04114612641076875
8324 0.03904026488162377
8326 0.022803456732457192
8364 0.029106328603886688
8383 0.0507911322929984
8398 0.06211814429617823
8437 0.09980055061006511
8438 0.0822922528215375
8515 0.02533703948905816
8517 0.1559321271917446
8556 0.023262087104527852
8571 0.040686439103585166
8579 0.0997222588157445
8723 0.03340764866577924
8727 0.10230858949617361
8754 0.058012669429604424
8833 0.050338742845497206
8868 0.06708800890008904
8985 0.08795913271888134
9115 0.04046203965144775
9291 0.18284668912739416
9292 0.1950069636330985
9338 0.00579703365581693
9445 0.017478344547550324
9453 0.03980929633296132
9463 0.06431464823432433
9567 0.03641860688488161
9604 0.06211814429617823
9616 0.039185149665051044
9626 0.10450123483349541
9656 0.02510782697464954
9675 0.04232204542170005
9821 0.025032234910263906
10102 0.06021544603954666
10135 0.04236473790807931
10140 0.07027385619935429
10167 0.030146868916933637
10172 0.032615829926864084
10174 0.042621484867226625
10184 0.042621484867226625
10195 0.07602666637505348
10318 0.008884079326539444
10411 0.06317411403219289
10440 0.07996885242764559
10619 0.019897271564220942
10628 0.03340764866577924
10656 0.06317411403219289
10723 0.03693060462539753
10875 0.05385626955349012
10881 0.030809735909535705
10925 0.03186570564555037
10951 0.03983749998732716
10959 0.026795603046349325
10960 0.044843524745870715
10979 0.05965330320930706
10980 0.03327258537284946
11067 0.017708280977537297
11116 0.04046203965144775
11142 0.034246071111711296
11217 0.017352035654360533
11249 0.04046203965144775
11497 0.015231123780600082
11629 0.054360000800811825
11693 0.05443794504027487
11736 0.01968849023609944
11846 0.037461687365636216
11893 0.01743428473577774
11929 0.01907989649393018
11953 0.03782706817283701
11957 0.0233958821788
11991 0.03820206536016887
12006 0.015080338556399559
12029 0.030923274922362937
12047 0.08406805462242324
12051 0.02415509213964006
12265 0.027312723066670895
