221
14 0.06747652857494509
29 0.03937391631038569
79 0.06930431911305043
106 0.03989748110456013
119 0.059673326131690956
129 0.15397199332165892
230 0.030911320850650882
262 0.036986298910264774
337 0.03557234063721143
347 0.041190338061695406
435 0.020047042704459134
455 0.04559261537285288
478 0.046912978444653974
515 0.060350530478166006
594 0.02882979516793451
664 0.13701406844099256
674 0.061071291064844165
732 0.08313771920551144
736 0.046640026573837055
797 0.05497797880983313
952 0.016443154272354484
965 0.031217412568055422
983 0.056915783489696205
1122 0.036839133853624
1162 0.05061422334031506
1178 0.03570823333502549
1205 0.02301975597919536
1583 0.05854097785822267
1596 0.04928284454154039
1742 0.03239279421632405
1814 0.0821663897730555
1825 0.08961190044819635
1914 0.10490313869039121
1994 0.05497797880983313
1995 0.04960542714150025
2042 0.23336068275314506
2086 0.10319611529444528
2091 0.04138388340856997
2129 0.03758890988376966
2162 0.11383156697939241
2167 0.03307235616100454
2202 0.04437314544361014
2266 0.02491585241867427
2356 0.03288630854470897
2435 0.06391352952655555
2450 0.13464648852451713
2458 0.05284584358992992
2473 0.05027082740399752
2578 0.03111472864108476
2602 0.08961190044819635
2630 0.013302222853636466
2705 0.062434825136110844
2828 0.025125491696339375
2832 0.040075888498204384
2841 0.07517781976753932
2844 0.05743934828387066
2984 0.04280866329885549
3176 0.06650851731686139
3221 0.05366485878447733
3269 0.028741333470117265
3471 0.05912167078351603
3561 0.04559261537285288
3605 0.04238844705716388
3680 0.050818724412150774
3738 0.06747652857494509
3803 0.03626367353385507
3887 0.02722750940536765
3918 0.014485526752434709
3966 0.04346048015294967
4014 0.050965167041185755
4025 0.025918612973639146
4033 0.03713483296382969
4169 0.07775583892091745
4198 0.041190338061695406
4200 0.054090678569169034
4410 0.05236384194206678
4624 0.011957729313754913
4655 0.03490970216588508
4708 0.07675127057703302
4782 0.09610796969378081
4803 0.04509359677200575
4820 0.030413857076779505
4861 0.01587851654784473
4873 0.05169107820742388
4876 0.054090678569169034
4907 0.03557234063721143
4926 0.032728960224687006
4931 0.03330545950698451
5013 0.03478041161644496
5017 0.07207003326888582
5018 0.046912978444653974
5040 0.04218241457771039
5174 0.29992486185272466
5181 0.03307235616100454
5297 0.030219131546186245
5301 0.09420540514213707
5389 0.02569837092164079
5425 0.17465639304860134
5455 0.07345936964713755
5670 0.1533270759256531
5727 0.07207003326888582
5802 0.014887931214907642
5816 0.06650851731686139
5839 0.05854097785822267
5842 0.023777240093301902
6014 0.046371662347245025
6063 0.046640026573837055
6066 0.02644464204679292
6125 0.03728476172374259
6155 0.03989748110456013
6193 0.13119170405240185
6210 0.08313771920551144
6222 0.04928284454154039
6446 0.05912167078351603
6514 0.06850703422049628
6570 0.04238844705716388
6621 0.08828008419526033
6666 0.025844860899722537
6747 0.02946314204239272
6764 0.06473254472110296
6791 0.02779928952238332
6817 0.029648810362481917
6867 0.031320761120538256
6952 0.02229658503874307
7184 0.07345936964713755
7188 0.036986298910264774
7193 0.274074376605417
7196 0.08961190044819635
7208 0.035983538355299896
7220 0.026368425693896982
7254 0.041579803604205504
7256 0.046107734096682326
7259 0.032504065019336496
7262 0.016039918307417713
7272 0.036241879928018854
7282 0.04873981758052418
7374 0.04460970229790138
7468 0.07079196769364653
7470 0.03640560598497141
7484 0.06322519871596856
7554 0.060245304250139575
7631 0.05061422334031506
7848 0.08313771920551144
7951 0.06930431911305043
8057 0.11174727232144759
8098 0.11760365918093989
8225 0.03937391631038569
8252 0.019151445609560617
8277 0.05544083138023576
8302 0.0610023473322602
8327 0.03517146697282752
8342 0.05912167078351603
8352 0.03570823333502549
8378 0.05640884263831947
8444 0.07944209020734573
8466 0.08313771920551144
8473 0.030219131546186245
8577 0.050965167041185755
8725 0.05497797880983313
8823 0.03504004816005671
8833 0.11281768527663893
8927 0.050965167041185755
8942 0.06415967322967085
8981 0.047190677541792445
9034 0.05544083138023576
9077 0.04960542714150025
9112 0.05027082740399752
9151 0.039721045103672865
9287 0.04747329192159704
9338 0.045472484719091204
9341 0.023842016229259452
9438 0.0439102928732075
9445 0.009792985794134575
9568 0.03002675216343026
9575 0.11666659038572551
9602 0.10490313869039121
9618 0.034524929436227245
9628 0.04747329192159704
9656 0.028135455530746274
9776 0.11086536938256558
9778 0.08313771920551144
9888 0.05027082740399752
9898 0.018627880815386175
9910 0.05640884263831947
9921 0.041778157653304296
9940 0.0860489013998068
10004 0.026521223947144033
10188 0.07666353796282654
10367 0.08067634973147393
10428 0.037898964200925235
10464 0.05591750246782703
10530 0.053250100514336006
10653 0.03261611667647605
10750 0.06854694153013643
10818 0.04346048015294967
10898 0.05335099706975286
10914 0.036548811389858514
10951 0.01785652275652889
10987 0.05061422334031506
10988 0.01891133137626059
11036 0.0127419093766934
11182 0.11174727232144759
11219 0.04138388340856997
11319 0.010009862413384698
11332 0.01514938985049134
11411 0.08067634973147393
11516 0.08961190044819635
11637 0.025055305668541188
11656 0.053250100514336006
11739 0.0610023473322602
11893 0.01628049901826447
11997 0.06559585202620093
12004 0.05819631878905308
12006 0.05069640577863276
12051 0.10827134047436343
12204 0.0254838187533868
12225 0.051323997773886305
12232 0.046107734096682326
12270 0.04847258094798755
12271 0.034149211028113365
12286 0.039721045103672865
