226
68 0.02827561046816894
104 0.027172312331356693
111 0.028809884008173654
170 0.04713683951789507
214 0.03446075424743571
262 0.030068942029180173
326 0.03302580856178276
352 0.032010015651233584
432 0.048064449372749965
456 0.018515543001179288
457 0.039808669905615705
502 0.08185000218248054
628 0.04466494478960243
641 0.03463044312913253
689 0.05485674116712584
769 0.013738306087739259
775 0.06995561881287214
826 0.035332290517900426
938 0.05863330769911989
975 0.06213594885581817
979 0.017157731858328636
1013 0.06385449483891074
1029 0.028809884008173654
1272 0.05406977206612086
1465 0.2807859418593535
1524 0.042148351483741145
1536 0.01992167541350023
1553 0.0790036105383466
1797 0.09254223562347745
1929 0.06882797555171506
1958 0.01812656964151085
1971 0.01871448964773815
2080 0.018417201511134317
2091 0.03364406896114964
2105 0.029481465552964065
2186 0.04329100863263759
2278 0.023294469063410643
2356 0.013367875866462407
2373 0.02537752768168237
2473 0.04086893361882751
2658 0.07331994750349895
2677 0.04775596737121004
2701 0.02642499724426024
2705 0.02537898077034546
2756 0.10046016420927041
2757 0.02287342627525772
2768 0.031733813431309044
2822 0.029141332174325275
2824 0.07658665369376028
2841 0.030558849777788062
2847 0.07658665369376028
2854 0.09084775585426542
2885 0.04433004418968532
3025 0.09091908028975552
3089 0.032010015651233584
3239 0.035312383127267775
3323 0.04296235779751746
3361 0.016297747617282907
3362 0.03396460412573256
3442 0.017842302487780404
3580 0.040065728099693984
3683 0.06926088625826506
3819 0.028919429085285123
3830 0.03380334721224481
3891 0.021131425192174383
3894 0.05755211079314274
3918 0.011776373333213287
4081 0.018271072223879546
4145 0.04296235779751746
4187 0.04296235779751746
4339 0.02902990647213244
4356 0.052555016356871376
4382 0.0292537226132137
4410 0.07095083738986846
4431 0.021686517512626083
4440 0.4375414376771144
4446 0.02726882589566444
4473 0.036461786473092866
4624 0.014582005234219483
4676 0.024567403103484493
4790 0.03317763502472759
4809 0.062325551533255114
4861 0.038726518277340936
4972 0.02059909943739374
5181 0.026887003822316922
5224 0.0171133522780032
5297 0.024567403103484493
5380 0.060623169761485386
5389 0.020892137041393272
5431 0.0971087142427157
5433 0.05396282323472071
5641 0.04202356223356765
5654 0.11718229270038096
5752 0.05512549643393097
5765 0.06758890002197537
5807 0.0292537226132137
5875 0.04086893361882751
6013 0.04506539533863496
6068 0.11199435795622159
6147 0.048064449372749965
6162 0.014880230013820125
6360 0.03396223338066134
6410 0.017936368222596373
6562 0.10665559572294045
6570 0.03446075424743571
6629 0.05406977206612086
6718 0.062325551533255114
6723 0.053327797861470225
6747 0.047905604841382905
6779 0.06385449483891074
6794 0.38176356253930216
6923 0.0596615031844095
6994 0.06825577896245592
7035 0.05143674606627601
7102 0.08514216141728813
7176 0.03098242811904069
7181 0.08173786723765503
7205 0.023365989985941665
7220 0.021436874922634894
7312 0.022200684312587714
7394 0.03569797708314004
7461 0.04114810598282207
7483 0.04289014617487724
7537 0.00767995320552506
7826 0.03813908584611017
7861 0.02670022341135515
7952 0.08499895548923689
7990 0.048064449372749965
8092 0.021011229753791525
8112 0.027562748216965485
8171 0.020312531186046083
8252 0.06227859772679838
8324 0.0622404753512299
8326 0.06232238101499456
8329 0.03497662403390046
8447 0.11064888031985831
8473 0.024567403103484493
8517 0.07102769225838718
8556 0.021191942852372952
8558 0.04433004418968532
8667 0.062325551533255114
8763 0.04086893361882751
8893 0.04329100863263759
8950 0.02870125563701231
8976 0.044695730754924945
9000 0.05231097106022706
9048 0.05569451665236699
9050 0.05972064230538292
9099 0.06601643222083255
9115 0.03686123382355605
9126 0.042641822632934534
9182 0.07583436551414004
9267 0.02226641110921707
9273 0.037833065728444866
9291 0.055524920146125006
9292 0.1268949038517273
9338 0.08449828625975203
9444 0.030938809037815103
9485 0.07813339140193014
9568 0.024411003445283123
9584 0.054732124829510224
9595 0.04545954014487776
9602 0.042641822632934534
9637 0.09907742568534827
9663 0.04329100863263759
9863 0.04906348177147887
9922 0.06728813792229928
9987 0.02806790980352301
10183 0.037273364139953837
10217 0.10029171930921393
10280 0.04032797973837101
10298 0.027762460073062503
10318 0.008093465583633115
10321 0.030558849777788062
10364 0.02707651105076617
10460 0.02365608059656487
10490 0.03159788533483579
10576 0.03187117994704261
10619 0.05437970892453254
10628 0.09130388578325938
10672 0.05406977206612086
10712 0.08185000218248054
10750 0.027863480151771154
10760 0.0252125552266475
10854 0.07285224851069563
10934 0.03463044312913253
10951 0.02903381865330629
10979 0.027172312331356693
10980 0.030311584880742693
11011 0.08356854816557309
11036 0.02071771145950101
11080 0.017842302487780404
11103 0.04214237671479055
11242 0.05569451665236699
11244 0.03626657956744934
11249 0.03686123382355605
11276 0.02464631528936474
11328 0.07658665369376028
11332 0.012316077537172902
11381 0.07285224851069563
11497 0.013875672603472826
11593 0.07658665369376028
11605 0.046696762980582104
11629 0.016507461622700833
11764 0.09687666820558664
11813 0.04545954014487776
11833 0.10813954413224172
11846 0.03412788948122796
11864 0.053327797861470225
11875 0.023223340038312033
11892 0.03412788948122796
11893 0.015882769423586462
11921 0.035153239201898424
11929 0.017381934574987323
11977 0.0499048073566882
12079 0.06995561881287214
12120 0.05569451665236699
12175 0.03215035231103718
12177 0.031857188727305384
12186 0.03897786971049479
12193 0.03955660344957295
12204 0.02071771145950101
12265 0.0082940346061914
12279 0.06095786514108725
12303 0.06960475922194746
12304 0.08328738021918751
