328
26 0.02175500279943423
50 0.03003889832915806
61 0.04831327921834251
68 0.020211713212873336
103 0.020515968998713646
104 0.03884612746311948
157 0.04188158724907727
202 0.04045122769874219
319 0.050511809384674436
330 0.01956155839377146
344 0.030843042447714828
347 0.023936671860739302
374 0.03151254009550107
408 0.0912877717345737
435 0.01164980686189384
495 0.022683674219748207
517 0.025923744643968627
552 0.029617054319034553
554 0.0381192886308677
571 0.01956155839377146
586 0.050005035493984176
593 0.04281617001381585
600 0.04268896321527081
637 0.038649659844342675
642 0.04118723547453508
646 0.03194899338690904
648 0.08376317449815454
674 0.01182998670012781
724 0.05965115855348066
767 0.19325311687337005
769 0.009820290281217729
916 0.04831327921834251
928 0.03584480466983691
1174 0.026494938493057802
1215 0.028098741786878333
1314 0.04188158724907727
1336 0.03544989527981204
1552 0.029617054319034553
1564 0.026643405182138577
1595 0.02371573356324429
1632 0.13871027951396947
1698 0.018759998140779013
1726 0.02775503693417242
1742 0.01882421272307198
1759 0.016106616821494092
1798 0.04188158724907727
1861 0.026643405182138577
1870 0.05474497118760776
1886 0.04564388586728685
1895 0.014976393037642683
1920 0.031185908531581357
1936 0.06615019430280762
1958 0.012957068691402108
1971 0.013377320292029933
2041 0.029617054319034553
2080 0.013164815505779946
2091 0.04809829120558861
2096 0.13669119177547218
2144 0.03921219389802161
2153 0.046882919668007436
2167 0.01921912211309686
2194 0.021156151790946466
2228 0.03401953572947695
2256 0.05850726980581733
2262 0.043573343524718935
2278 0.016651139280823995
2287 0.04057369396916947
2356 0.009555502739097024
2365 0.05474497118760776
2373 0.009070066093379982
2384 0.05207557783655209
2456 0.02175500279943423
2464 0.020438964655459052
2488 0.05474497118760776
2502 0.04455098060013294
2650 0.0447903711833341
2677 0.017068241865137345
2725 0.05207557783655209
2731 0.032217967875077434
2776 0.041138873357164374
2781 0.01675367038050407
2833 0.03307509715140381
2837 0.08714668704943787
2900 0.02157992269757957
2938 0.02202397728760262
3082 0.028275489418633892
3089 0.022881106563929006
3101 0.03921219389802161
3190 0.038649659844342675
3239 0.02524167467347567
3269 0.016702263212402573
3317 0.03278050192875636
3456 0.027925298043392888
3523 0.028098741786878333
3548 0.02500167042983983
3551 0.09665390362523231
3609 0.019702151539648723
3661 0.01639966128453092
3673 0.03194899338690904
3683 0.024754216562316113
3721 0.01644941459466376
3761 0.05207557783655209
3765 0.016702263212402573
3791 0.024754216562316113
3887 0.03164508906167753
3918 0.008417879457159244
4025 0.015061914104862404
4048 0.010168603512517783
4078 0.022683674219748207
4081 0.013060360705438147
4143 0.04118723547453508
4169 0.06024765641944962
4229 0.04045122769874219
4320 0.014479186419473286
4429 0.02500167042983983
4485 0.029018203310546793
4502 0.02249035535013709
4547 0.04368759489873731
4624 0.01389783411605792
4676 0.017561046346697612
4706 0.050005035493984176
4708 0.022300982040321184
4772 0.015501758062645223
4795 0.03003889832915806
4809 0.04455098060013294
4861 0.050750581803792265
4872 0.015412105480103412
4904 0.033379352937244124
4972 0.029448919643362454
5013 0.04042342642574667
5035 0.024632921108195673
5042 0.06615019430280762
5069 0.02500167042983983
5128 0.03307509715140381
5146 0.020211713212873336
5181 0.03843824422619372
5183 0.03094488276968956
5224 0.012232809924413711
5297 0.08780523173348806
5310 0.04576221312785801
5351 0.025255904692337218
5367 0.050005035493984176
5368 0.021323344964907183
5389 0.014933926281098388
5425 0.01268711597645419
5433 0.01928660582951832
5667 0.026494938493057802
5769 0.026494938493057802
5807 0.02091087838873853
5845 0.01808149883115908
6006 0.05850726980581733
6008 0.021434383055314105
6010 0.017846575647657976
6034 0.01956155839377146
6041 0.12627952346168608
6055 0.03361072788198309
6057 0.011982856222082927
6074 0.020211713212873336
6084 0.051847489287937254
6085 0.050005035493984176
6103 0.05850726980581733
6360 0.0485531459652374
6378 0.05474497118760776
6383 0.05850726980581733
6453 0.10948994237521552
6498 0.05474497118760776
6507 0.04743146712648858
6508 0.03249497262779599
6563 0.06051447422253475
6570 0.024632921108195673
6583 0.032217967875077434
6616 0.022300982040321184
6630 0.022981420731306434
6657 0.07773455645480581
6700 0.05850726980581733
6994 0.1463699145661384
7017 0.031433362399105075
7188 0.021493606074127647
7205 0.033404526424805146
7220 0.015323310830168989
7282 0.014161925768002298
7312 0.015869290071055944
7425 0.018759998140779013
7443 0.03168759666160246
7467 0.025923744643968627
7482 0.039834235980451764
7483 0.010219447311558756
7484 0.007348329274342854
7537 0.016469141685174563
7552 0.012821110653074036
7557 0.03584480466983691
7562 0.04831327921834251
7563 0.05850726980581733
7589 0.020515968998713646
7817 0.1615798187506247
7896 0.041138873357164374
7941 0.04268896321527081
7947 0.03435699001265813
7952 0.015189543950573928
8043 0.033379352937244124
8115 0.05850726980581733
8156 0.01630094790558299
8160 0.046882919668007436
8198 0.5796738191088048
8252 0.01112935437743237
8312 0.019917117990225882
8324 0.01906721452369914
8326 0.02969914285284897
8327 0.020438964655459052
8366 0.05207557783655209
8376 0.026494938493057802
8384 0.03544989527981204
8435 0.046882919668007436
8438 0.026794286069257836
8447 0.019773255106800745
8455 0.02239518559166705
8473 0.017561046346697612
8475 0.03435699001265813
8517 0.22847114352197032
8556 0.030296461456628655
8620 0.04831327921834251
8625 0.02308283125008924
8672 0.027925298043392888
8727 0.02220772527435531
8748 0.04564388586728685
8752 0.046882919668007436
8753 0.019773255106800745
8766 0.09144251271617863
8868 0.04368759489873731
8873 0.05478503600817915
8890 0.011157515158102135
8893 0.03094488276968956
8944 0.025517301417643797
8956 0.027587843760211707
8957 0.024632921108195673
8981 0.027423609913371786
9027 0.014279630984078886
9161 0.03921219389802161
9217 0.05850726980581733
9291 0.0396898154833665
9292 0.126988196092138
9338 0.03775018250233688
9357 0.04045122769874219
9433 0.03250396450096594
9445 0.005690933809282564
9473 0.024278267616923213
9496 0.039811044906509364
9497 0.04831327921834251
9498 0.04188158724907727
9567 0.07114720068973288
9575 0.011299615486652832
9580 0.022981420731306434
9626 0.04536734843949641
9658 0.015637882314802263
9664 0.014240229777917546
9671 0.01895399064428702
9787 0.09376583933601487
9821 0.01630094790558299
9898 0.02165019718318412
10065 0.032217967875077434
10140 0.022881106563929006
10150 0.06556100385751272
10153 0.037141651555453695
10184 0.02775503693417242
10195 0.07426264968694833
10217 0.03584480466983691
10252 0.05474497118760776
10318 0.0173558910912433
10325 0.020438964655459052
10364 0.019354583936546953
10392 0.010042699679803195
10545 0.04831327921834251
10571 0.0451730226825631
10576 0.02278186529591203
10644 0.038649659844342675
10723 0.07214743680838291
10749 0.010770835453857154
10816 0.04118723547453508
10821 0.03544989527981204
10825 0.06007779665831612
10845 0.017284041593979046
10883 0.039811044906509364
10901 0.03507110921288579
10903 0.037617600500846594
10930 0.046882919668007436
10979 0.01942306373155974
11011 0.029867852562196776
11036 0.022213867473412526
11067 0.011531601822492583
11103 0.015061914104862404
11116 0.026348809959491126
11177 0.03435699001265813
11219 0.12024572801397153
11319 0.00581696590111636
11332 0.008803665879082613
11355 0.04831327921834251
11416 0.04045122769874219
11424 0.02775503693417242
11433 0.03668892908053262
11461 0.05207557783655209
11497 0.009918481357381551
11499 0.05240989415213198
11620 0.05850726980581733
11624 0.022981420731306434
11677 0.03668892908053262
11734 0.03544989527981204
11736 0.012821110653074036
11783 0.03584480466983691
11828 0.03628234174061085
11846 0.024394985761023065
11875 0.016600295481783024
11893 0.020814155900354327
11930 0.015916272298561476
11945 0.021408085006907926
11957 0.01523535784834785
12004 0.016909623128973216
12006 0.029460870843653186
12021 0.013780021243608095
12089 0.019702151539648723
12124 0.031185908531581357
12129 0.024754216562316113
12186 0.027861804261454716
12197 0.04831327921834251
12204 0.03702311245568755
12224 0.08537792643054162
12229 0.03048083757205955
12265 0.005928665944337545
12275 0.017561046346697612
