337
26 0.021072633903252667
50 0.029096696202854003
61 0.046797881619221576
68 0.01957775124273903
103 0.019872463720924785
104 0.03762767718929896
157 0.04056792653733387
202 0.039182431741855546
319 0.04892745253895387
330 0.01894798922387477
344 0.03734452185292752
347 0.023185872584524196
374 0.03052411562141167
408 0.08842443328283076
435 0.02256879645638787
495 0.021972176552688644
508 0.03798226155952767
517 0.025110618707802002
552 0.028688083780618694
554 0.03692363643325236
571 0.01894798922387477
586 0.04843657415255714
593 0.041473195115563515
600 0.04134997829410605
628 0.015462781596632594
637 0.03743737198720378
642 0.03989535384773706
646 0.030946879089221887
648 0.08113585307466774
674 0.011458926533377628
724 0.057780136260661266
767 0.1871915264768863
769 0.009512266388913228
916 0.046797881619221576
928 0.03472049409070721
1174 0.02566389645180482
1215 0.027217394742523944
1314 0.04056792653733387
1336 0.03433797145544616
1552 0.028688083780618694
1564 0.025807706324626742
1595 0.022971864252682408
1632 0.1343594834605925
1698 0.018171570764248204
1726 0.026884470559584678
1742 0.018233771187589228
1759 0.015601415583736122
1798 0.04056792653733387
1861 0.025807706324626742
1870 0.05302783670110929
1886 0.04421221664141538
1895 0.014506642475894045
1920 0.03020772920532231
1936 0.0640753228130289
1958 0.03765196918296621
1971 0.01295772635468615
2041 0.028688083780618694
2080 0.01275188700800257
2091 0.04658963693508536
2096 0.13240372656530927
2144 0.03798226155952767
2153 0.04541238682374327
2167 0.01861629382285028
2194 0.020492566496192417
2228 0.03295247665996784
2256 0.056672126805190806
2262 0.04220661907066942
2278 0.016128858514603328
2287 0.039301056726922336
2356 0.009255784190832481
2365 0.05302783670110929
2373 0.008785573783933144
2384 0.05044217172330309
2456 0.021072633903252667
2464 0.019797874701133596
2488 0.05302783670110929
2502 0.04315359151514007
2650 0.08677094671408121
2677 0.03306575646182529
2725 0.05044217172330309
2731 0.031207416905316067
2776 0.03984850865982628
2781 0.016228173616843276
2833 0.03203766140651445
2837 0.08441323814133884
2900 0.02090304537577046
2938 0.021333171719346844
2984 0.024096821232066547
3082 0.027388598496050864
3089 0.022163416220545233
3101 0.03798226155952767
3190 0.03743737198720378
3239 0.02444994259035401
3269 0.016178378889469852
3317 0.031752306477639956
3456 0.02704939124728314
3523 0.027217394742523944
3548 0.024217466336133687
3551 0.09362225071594821
3609 0.019084172515584356
3661 0.015885268394231322
3673 0.030946879089221887
3683 0.0239777741234346
3721 0.01593346113865752
3761 0.05044217172330309
3765 0.016178378889469852
3791 0.0239777741234346
3887 0.030652507047707597
3918 0.008153843678063846
4025 0.014589481083507716
4048 0.009849654403730488
4078 0.021972176552688644
4081 0.012650708544026584
4143 0.03989535384773706
4169 0.058357924334030864
4229 0.039182431741855546
4320 0.014025031274298128
4429 0.024217466336133687
4485 0.028108016373558448
4502 0.021784921335878855
4547 0.04231728682832631
4624 0.013461913706737839
4676 0.017010225373615462
4706 0.04843657415255714
4708 0.021601487922167612
4772 0.015015528865820854
4795 0.029096696202854003
4809 0.04315359151514007
4861 0.04915873560614773
4872 0.014928688332275446
4904 0.032332373884700207
4972 0.028525222828609424
5013 0.03915550248547806
5035 0.023860283230770805
5042 0.0640753228130289
5069 0.024217466336133687
5128 0.03203766140651445
5146 0.01957775124273903
5181 0.03723258764570056
5183 0.029974263473857062
5224 0.01184911477703648
5297 0.08505112686807731
5310 0.044326832441090466
5351 0.024463726269476935
5367 0.04843657415255714
5368 0.02065451547769697
5389 0.014465507734521372
5425 0.012289171034576012
5433 0.037363321680873134
5667 0.02566389645180482
5769 0.02566389645180482
5807 0.02025498635618584
5845 0.017514353310081644
6006 0.056672126805190806
6008 0.02076207073981453
6010 0.017286798743118583
6034 0.01894798922387477
6041 0.12231863134738467
6055 0.03255649150719926
6057 0.01160700113951876
6074 0.01957775124273903
6084 0.050221237415604005
6085 0.04843657415255714
6103 0.056672126805190806
6251 0.01379356976299987
6360 0.04703022468943307
6378 0.05302783670110929
6383 0.056672126805190806
6453 0.10605567340221858
6498 0.05302783670110929
6507 0.045943728505364816
6508 0.03147573310813683
6563 0.05861637311177267
6570 0.023860283230770805
6583 0.031207416905316067
6616 0.021601487922167612
6630 0.022260583926931792
6657 0.0752963290745451
6700 0.056672126805190806
6994 0.14177886587919994
7017 0.030447421418021398
7025 0.014757484578748523
7188 0.020819436165395427
7205 0.032356757778939704
7220 0.01484267882136496
7282 0.01371772184198082
7312 0.015371532840279901
7425 0.018171570764248204
7443 0.030693681351364646
7467 0.025110618707802002
7482 0.03858479262772908
7483 0.009898903432715619
7484 0.007117841078963611
7537 0.015952569467906793
7552 0.01241896282506331
7557 0.03472049409070721
7562 0.046797881619221576
7563 0.056672126805190806
7589 0.019872463720924785
7817 0.17887050877192834
7896 0.03984850865982628
7941 0.04134997829410605
7947 0.03327934632917085
7952 0.014713107682805489
8043 0.032332373884700207
8115 0.056672126805190806
8156 0.015789651265835602
8160 0.04541238682374327
8198 0.5870140821023018
8222 0.020492566496192417
8252 0.01078027029172775
8312 0.01929239631386454
8324 0.01846915097722458
8326 0.028767597519903113
8327 0.019797874701133596
8366 0.05044217172330309
8376 0.02566389645180482
8384 0.03433797145544616
8435 0.04541238682374327
8438 0.025953854671587416
8447 0.019153045843417205
8453 0.0284905390088195
8455 0.021692736678520303
8473 0.017010225373615462
8475 0.03327934632917085
8517 0.22130490210836407
8556 0.029346180587765495
8620 0.046797881619221576
8625 0.022358813596491042
8672 0.02704939124728314
8727 0.021511156254260342
8748 0.04421221664141538
8752 0.04541238682374327
8753 0.019153045843417205
8766 0.08857432064829117
8868 0.06347593024248947
8873 0.05306664484579601
8890 0.010807547779437345
8893 0.029974263473857062
8942 0.009028804317772976
8944 0.024716924007334176
8956 0.02672252157808013
8957 0.023860283230770805
8981 0.0265634391012408
9027 0.01383173510825122
9161 0.03798226155952767
9217 0.056672126805190806
9291 0.05766735305065435
9292 0.14057722937594463
9338 0.047535940026421426
9357 0.039182431741855546
9433 0.031484442941601874
9445 0.005512431592689724
9473 0.02351675382500629
9496 0.038562328966587914
9497 0.046797881619221576
9498 0.04056792653733387
9567 0.06891559275804722
9575 0.010945190979426206
9580 0.022260583926931792
9626 0.04394435310537729
9658 0.015147383435434328
9664 0.01379356976299987
9671 0.0183594784857083
9787 0.09082477364748653
9821 0.015789651265835602
9898 0.02097111562708399
10065 0.031207416905316067
10140 0.022163416220545233
10150 0.06350461295527991
10153 0.035976663988781715
10184 0.026884470559584678
10195 0.0719333223703038
10217 0.03472049409070721
10252 0.05302783670110929
10318 0.01681150503184518
10325 0.019797874701133596
10364 0.018747506741540645
10392 0.009727699679188696
10545 0.046797881619221576
10571 0.043756122583341474
10576 0.022067287760884877
10644 0.03743737198720378
10723 0.06988445540262803
10749 0.010432996697072768
10816 0.03989535384773706
10821 0.03433797145544616
10825 0.058193392405708005
10845 0.016741909170794697
10881 0.01943394136991711
10883 0.038562328966587914
10901 0.03397106641803576
10903 0.03643768428721002
10930 0.04541238682374327
10979 0.01881383859464948
11011 0.028931015469042743
11036 0.021517105796684532
11067 0.011169900816091234
11103 0.014589481083507716
11116 0.02552235139575225
11177 0.03327934632917085
11219 0.1164740923377134
11319 0.005634510553366473
11332 0.008527529496860814
11355 0.046797881619221576
11416 0.039182431741855546
11424 0.026884470559584678
11433 0.03553814163777404
11461 0.05044217172330309
11497 0.009607377597109461
11499 0.05076600185060983
11620 0.056672126805190806
11624 0.022260583926931792
11677 0.03553814163777404
11734 0.03433797145544616
11736 0.02483792565012662
11783 0.03472049409070721
11828 0.03514430734398616
11846 0.023629810979866654
11875 0.016079609485618197
11893 0.02382698815775334
11930 0.01541704142004479
11945 0.020736597557781757
11957 0.029514969157497045
12004 0.016379234740806072
12006 0.028536799166739683
12021 0.013347796160851322
12089 0.019084172515584356
12124 0.03020772920532231
12129 0.0239777741234346
12186 0.026987889015623996
12197 0.046797881619221576
12204 0.03586184299447422
12224 0.0826999565882121
12229 0.02952477354943039
12265 0.005742707005441338
12275 0.017010225373615462
