24
374 0.08811612683643881
1958 0.1086926066365915
2287 0.1701797167020792
3317 0.27498489715167096
3551 0.2702659831694688
3918 0.07061483444618866
6162 0.08922653428314888
7025 0.12780442837947048
7282 0.11879975813815899
7817 0.19363431319844884
8198 0.4420630783827948
8265 0.28537874600118185
8324 0.1066324128931598
8364 0.15899882128896786
8517 0.42590435849848285
9291 0.16647243310036158
9292 0.30436068470359046
9445 0.04773938030734429
9626 0.1902859155694483
11067 0.0967348318230113
11846 0.20464154774355844
11893 0.015873012594213757
12006 0.0823791996489012
12265 0.09946727469234481
