39
330 0.1429500176230277
435 0.08513330393670729
674 0.08645000430036859
711 0.09881285313626942
965 0.13257025045807377
1073 0.17173048732341614
1205 0.19551491072443916
2042 0.09009157394336811
2243 0.15897905325162373
2373 0.0662813300347037
3697 0.23746354029146735
4861 0.03371546105977562
5433 0.14094074652538358
5802 0.06322422672475271
5942 0.16943169300617267
6558 0.23746354029146735
6952 0.09468638236759654
7282 0.1034911174948381
7471 0.18089641032659512
7605 0.17410995736474136
8098 0.0998849377309192
8225 0.1672082827301474
8324 0.04644583349509126
9341 0.10124932859338742
9445 0.04158764204530131
9546 0.13803424710888434
9923 0.12670665407804763
10181 0.2179564121325114
10392 0.07338904535682332
10578 0.14502064990406116
10653 0.5540403769651088
10848 0.15706884417027184
10898 0.11328221114267815
11217 0.08257421011327891
11332 0.0643345569524163
11637 0.1064017762696022
11893 0.01382760232116309
11957 0.11133543806039073
12270 0.2058473674784845
