137
46 0.07690838412115668
84 0.03136323311395642
111 0.032782330013747585
279 0.04148931376164544
330 0.031139427323025437
344 0.012274516418735507
374 0.016721272615652615
417 0.07690838412115668
435 0.03708991960668474
455 0.04217645624263251
711 0.021524835813115567
1242 0.18601655859804755
1329 0.06936303011222443
1564 0.04241279567845133
1575 0.028502008249414547
1632 0.027601064425272933
1759 0.02563961489348577
1814 0.025336611455882178
1896 0.04000033767029031
1898 0.34681515056112217
2167 0.030594313817230878
2194 0.03367781021673792
2202 0.04104835863977955
2243 0.06926220446740054
2247 0.06936303011222443
2253 0.046821805647909914
2272 0.0746314399039906
2278 0.026506423007989447
2356 0.04563330953844024
2373 0.043315055719656735
2630 0.012305515170121255
2679 0.07100045870555913
2768 0.036109424953072455
2789 0.08714679154296985
2791 0.0746314399039906
2841 0.06954490326804283
2853 0.035801686746880175
2901 0.03792713322968522
3060 0.05524926647764773
3089 0.03642371126958546
3201 0.04852148316681709
3222 0.08714679154296985
3670 0.03290697969537181
3675 0.08289746853002256
3697 0.1551831635503758
3721 0.02618530384777229
3759 0.02418317499235897
3891 0.024045128196772455
4059 0.025793479822426642
4081 0.06237112782317724
4101 0.022668572273558646
4196 0.4241279567845133
4451 0.050289527715215464
4624 0.01659264257068009
4861 0.05875509030586102
4900 0.10337428337364887
4926 0.06055329563766571
5130 0.0746314399039906
5149 0.05363629469810744
5293 0.04619316185571718
5425 0.04039243887781284
5465 0.05706021306972308
5540 0.25166303305661936
5541 0.30265490921198684
5545 0.0746314399039906
5605 0.10337428337364887
5700 0.035059274230913665
5769 0.04217645624263251
5908 0.10337428337364887
5925 0.09313587595183573
6017 0.06068089229047764
6024 0.05415462506036426
6034 0.062278854646050874
6230 0.0353517768508
6251 0.022668572273558646
6410 0.020409521334915103
6570 0.039212369544479354
6618 0.057716805592324484
6729 0.050858594064379314
6772 0.030594313817230878
6817 0.027427287131325657
6818 0.15257578219313794
6932 0.024605229408365008
6934 0.03328736723011181
6949 0.04852148316681709
7176 0.035254435003537234
7408 0.05044248486866447
7483 0.01626801558617628
7484 0.058487867065059186
7537 0.008738902260149065
7542 0.016931988023802073
7625 0.04472950008009359
7818 0.042897130859732235
7922 0.0666699766993435
7979 0.05840394807331155
7985 0.06795521301413765
7993 0.21206397839225666
7996 0.273541105635679
8324 0.040469995894418194
8352 0.033032690238102826
8404 0.0746314399039906
8515 0.026264931531792598
8774 0.03792713322968522
8838 0.05265120310026449
8943 0.05415462506036426
8957 0.039212369544479354
8988 0.036744830429802616
9027 0.022731293809900622
9034 0.051286766061592715
9047 0.08289746853002256
9093 0.10337428337364887
9267 0.025336611455882178
9270 0.05265120310026449
9338 0.030046661947873227
9453 0.04126719078468541
9898 0.06892853096301306
10110 0.03315947985448111
10145 0.059882270792683726
10167 0.031250906339832275
10195 0.0394054559490574
10248 0.059882270792683726
10334 0.029560962527777537
10643 0.042652978199920574
10987 0.046821805647909914
11036 0.01178718480786444
11158 0.057716805592324484
11203 0.0746314399039906
11470 0.06337394570335857
11673 0.10337428337364887
11847 0.04816554065149839
11893 0.009036381205640234
11929 0.0197786396971588
11997 0.06068089229047764
12137 0.035059274230913665
12177 0.018124905915491905
12204 0.03536155442359332
12228 0.07265906110820938
