68
57 0.23842427585200104
90 0.09819981934159752
201 0.07341852465566594
230 0.06355575059454541
593 0.07574373203371867
952 0.03380822893239097
975 0.2357187938645284
1239 0.22975989294010135
1759 0.17095998097495052
2096 0.32241716148735905
2099 0.08239871685046601
2202 0.0912341655840369
2356 0.03380822893239097
2455 0.0846900999605457
2620 0.1159803669137775
2679 0.0789028821216753
2841 0.07728532188049168
3361 0.12365419638054492
3362 0.08589869649834443
3441 0.11497013854198533
3609 0.06970798584858633
3737 0.07398457025722806
3814 0.0679989842523511
3826 0.18442846667344112
3880 0.2173092034072184
3891 0.053442750942733284
4025 0.05329040806337697
4048 0.035977434663621154
4081 0.13862619583450034
4105 0.04560187859209965
4134 0.0912341655840369
4772 0.05484661558330236
4820 0.06253293168315861
4861 0.016323647934716648
5425 0.0897763169840902
5667 0.093741477615605
5882 0.23280756236570138
6409 0.11229395383282108
6657 0.05500637177003817
6794 0.13792927430019641
7272 0.03725786893597151
7483 0.036157324601880134
7484 0.025999050511606062
7651 0.13873627211904227
7941 0.15103739496229535
8252 0.07875331543204545
8324 0.08994869536728624
8438 0.1896011925783919
8868 0.07728532188049168
8957 0.1743069849568381
9109 0.11399007078930166
9278 0.1159803669137775
9338 0.026712708836482416
9445 0.020135036147924352
9631 0.10336019557710455
9664 0.05038321494188407
9804 0.159145803880563
9987 0.07098557241034023
10364 0.06847826037877212
10572 0.13873627211904227
10780 0.14555303749628598
10988 0.03888296673466514
11219 0.17017608437094248
11276 0.06233213698020646
11861 0.07923618276708397
11884 0.22975989294010135
11893 0.01338951952469246
12051 0.055653285935052955
