197
57 0.06312882536864489
68 0.03786859903407829
110 0.048832076448715754
137 0.057538078720680265
214 0.046152159525507865
220 0.10529141937474852
230 0.03365596784235788
326 0.044230383765198666
327 0.08163887232779299
330 0.03665047111511686
343 0.03300800286561827
478 0.05107842856508853
496 0.029909148858532665
508 0.0734678368098423
630 0.1096190272205114
673 0.07458984207890243
769 0.01839926339449692
975 0.16643328252607298
979 0.022978788338052582
1029 0.038584134087998066
1033 0.058893443838616714
1057 0.046379418287215306
1205 0.025063703059405532
1564 0.04991899583763465
1742 0.03526898270494845
1759 0.03017730401103345
1929 0.030726351147860542
2000 0.05985952835213818
2080 0.04933110958931174
2096 0.08536805495437073
2105 0.03948356125569741
2167 0.07201776726421172
2281 0.0734678368098423
2298 0.09463875901700962
2301 0.0834705699191739
2343 0.057108796472731004
2373 0.05098093751162527
2381 0.0998379916752693
2382 0.0603546080220669
2455 0.044847669238018986
2701 0.03539013335347862
2748 0.04660968718618406
2756 0.044847669238018986
2757 0.06126726134725801
2900 0.08086414359971723
2901 0.08927892517059385
2948 0.10256999697162084
3070 0.07241387486720925
3089 0.0428699655887441
3269 0.03129330511919495
3281 0.07846920336450809
3361 0.17461631687769044
3362 0.0454876819171239
3472 0.03626268445654015
3661 0.030726351147860542
3697 0.06088247325227212
3721 0.06163913757037545
3765 0.03129330511919495
3797 0.10801988493129079
3814 0.03600888363210586
4021 0.10256999697162084
4048 0.019051861912764277
4078 0.042500057001609644
4145 0.057538078720680265
4203 0.0757892864413002
4320 0.05425631158366879
4356 0.023461737385395844
4410 0.038008853110685956
4431 0.029044042640764788
4451 0.0789196651477489
4624 0.03254867004841054
4638 0.18264741975681636
4861 0.025932578790499518
4941 0.021386888310011176
5051 0.03843865166823335
5139 0.06373888963774385
5235 0.05668985938885329
5260 0.10256999697162084
5278 0.07458984207890243
5345 0.0757892864413002
5348 0.09756863041695503
5389 0.08394046467815516
5505 0.19513726083391006
5672 0.06641880656095174
5882 0.3287555155545692
6008 0.04015938920741991
6013 0.0603546080220669
6014 0.05048904847178971
6114 0.042500057001609644
6162 0.019928604709085244
6214 0.056119440934678445
6251 0.02668044741846203
6252 0.049097502180108936
6311 0.06958847552423664
6436 0.0287097044961349
6452 0.020079125542943842
6657 0.029128641580012618
6794 0.18260122714865618
6934 0.03917855259539076
6952 0.048552642100541846
6998 0.05549041502645551
7042 0.02554003553285
7102 0.03800936942028408
7176 0.02074687563090626
7217 0.10256999697162084
7262 0.034928237286057665
7376 0.04805928043566223
7397 0.07048021189432803
7443 0.059369776312061175
7471 0.046379418287215306
7483 0.019147122686503416
7484 0.01376780542696556
7537 0.02057101959781992
7552 0.02402159051928227
7557 0.06715870748810913
7560 0.05668985938885329
7561 0.06126726134725801
7746 0.09756863041695503
7827 0.09051960016806447
7835 0.06053523230056529
7952 0.028459079312902102
8171 0.027203907753557396
8178 0.04936704320272957
8201 0.04268402747718537
8252 0.02085192155599737
8324 0.04763236009997254
8326 0.027822107915968817
8380 0.0417830461998252
8385 0.041608320631518245
8439 0.06793150350116268
8473 0.032902318359553734
8476 0.06036347806365288
8571 0.049640829139962726
8819 0.054368409757395375
8836 0.04936704320272957
8942 0.017464118643028832
8949 0.048832076448715754
8986 0.031879373459419796
9000 0.07005837028321789
9053 0.05842981509077167
9180 0.12166942402406775
9236 0.0834705699191739
9273 0.10133717168817574
9287 0.05168849283418748
9388 0.05297686346571459
9445 0.03198754429425692
9549 0.046152159525507865
9578 0.030449660198053282
9620 0.05168849283418748
9632 0.09766415289743151
9636 0.05365871743507461
9637 0.132691151295596
9638 0.09463875901700962
9726 0.07707765707282731
9898 0.020281868921842312
9923 0.03248589012158689
9987 0.07518086467281272
10063 0.06088247325227212
10105 0.03963809603063111
10211 0.06715870748810913
10298 0.03718135351630811
10334 0.03479265023150398
10364 0.03626268445654015
10460 0.03168181397312784
10576 0.04268402747718537
10686 0.05797823002038039
10801 0.056280780568755025
10951 0.03888404242405019
10981 0.03387743641326767
10988 0.020590487340569206
11033 0.09368926913134935
11036 0.02774655242357277
11067 0.021605571038801515
11103 0.02821995245605789
11217 0.021170922207167334
11225 0.18761833582603824
11319 0.021797296150430173
11497 0.01858323387007264
11607 0.05588110669760631
11736 0.09608636207712908
11826 0.058893443838616714
11860 0.2433388480481355
11875 0.062204517432641285
11893 0.0035452121510020193
11929 0.023279055693519825
11930 0.029820675142349665
12006 0.01839926339449692
12016 0.054009942465645396
12029 0.037728959345912576
12030 0.07658875317074068
12105 0.06843004152463081
12137 0.0825281020224119
12186 0.05220178432330968
12204 0.02774655242357277
12265 0.022215857813588757
12304 0.11154406054892434
12341 0.06958847552423664
