408
68 0.017483420530619985
210 0.0267407460597215
276 0.09892118690419467
330 0.033842054657173305
352 0.059377451686030966
374 0.018172531431815398
390 0.028806946476476858
435 0.010077249282226334
449 0.034437122302951505
478 0.023582220346811174
495 0.019621702098506142
496 0.013808649924864243
547 0.014228978504298686
571 0.016921027328586653
576 0.016741991467715243
642 0.01781377339740604
677 0.01830037338621841
711 0.023393001499918537
720 0.04735518177647612
736 0.023445012875124575
818 0.030337010246793163
913 0.02120426006431627
937 0.037790393399185204
942 0.01808820839106867
952 0.008265646311601036
965 0.015692371839185308
975 0.07683999785881292
979 0.021217992217601882
1004 0.0355857128727275
1013 0.039482613020707484
1057 0.02141275078994082
1074 0.04325506972031777
1089 0.038537234359109857
1142 0.04055439495039828
1149 0.027869002249805177
1247 0.16959553814831257
1248 0.04325506972031777
1468 0.020055669494540275
1481 0.025799551951512432
1524 0.008687078621959185
1542 0.024935660706954178
1575 0.015487865448037024
1698 0.016227666264331534
1702 0.020514448167325533
1871 0.045046118411752455
1889 0.04735518177647612
1929 0.04255782354183037
1971 0.01157157306632427
2053 0.02835560223861755
2099 0.02014535133969071
2105 0.018229026768554018
2107 0.045335306798405785
2152 0.03212805893822784
2161 0.025270144172495575
2174 0.022305496858760206
2183 0.07632828742064493
2212 0.05617312919384238
2235 0.05060962380279742
2238 0.0376915643292728
2286 0.04735518177647612
2287 0.01754841231597964
2289 0.029719286941743594
2337 0.02120426006431627
2350 0.05617312919384238
2356 0.04959387786960622
2373 0.0313829467261744
2396 0.04055439495039828
2454 0.02697625618098579
2455 0.020705562949419526
2460 0.024155781550698623
2465 0.04735518177647612
2466 0.06998177911870662
2485 0.05617312919384238
2514 0.04325506972031777
2525 0.024458702090637566
2578 0.0156407546732713
2634 0.038537234359109857
2656 0.02643350446535408
2679 0.019290667898869834
2705 0.015692371839185308
2759 0.05617312919384238
2763 0.060708139681402394
2788 0.0313630573425574
2804 0.032973728968064886
2814 0.033919107629662514
2828 0.012630084491524548
2829 0.029719286941743594
2832 0.02014535133969071
2877 0.039482613020707484
2895 0.013974149430206318
2932 0.039482613020707484
2933 0.022188320447227013
3000 0.0753831286585456
3008 0.02835560223861755
3011 0.05060962380279742
3058 0.039482613020707484
3059 0.0562172306324722
3089 0.019792483895343656
3102 0.02617294214198705
3112 0.018518299215359916
3159 0.034437122302951505
3252 0.03692656273360236
3269 0.014447696169048549
3273 0.031006267864593273
3280 0.027869002249805177
3300 0.020705562949419526
3301 0.04347201378178175
3330 0.04282550157988164
3332 0.014272247836243765
3361 0.010077249282226334
3389 0.027869002249805177
3393 0.045046118411752455
3442 0.022064561822957716
3449 0.10177104989419324
3474 0.05060962380279742
3495 0.04735518177647612
3544 0.020514448167325533
3563 0.05617312919384238
3580 0.0247735048557482
3581 0.024458702090637566
3587 0.09471036355295225
3591 0.04010384776284151
3606 0.032973728968064886
3609 0.017042642407289105
3611 0.05060962380279742
3612 0.05617312919384238
3621 0.05617312919384238
3648 0.03002220748168253
3661 0.014185941180610125
3678 0.04055439495039828
3721 0.014228978504298686
3725 0.036889995738065576
3749 0.022305496858760206
3765 0.014447696169048549
3775 0.039482613020707484
3781 0.04735518177647612
3867 0.049871321413908355
3878 0.019792483895343656
3882 0.046093851843329904
3887 0.013686726948061069
3891 0.013066016504295357
3918 0.007281585928690292
4013 0.025799551951512432
4016 0.033919107629662514
4048 0.017591974470056723
4078 0.019621702098506142
4160 0.04735518177647612
4170 0.021001048156137903
4253 0.05060962380279742
4323 0.045046118411752455
4410 0.008774086971407028
4451 0.00910903577837753
4489 0.04055439495039828
4503 0.05774723382381309
4530 0.032973728968064886
4624 0.009016368717363735
4638 0.0281086153162361
4756 0.039482613020707484
4861 0.08380904876380847
4867 0.04735518177647612
4872 0.013331691308547632
4876 0.027190307309768375
4904 0.028873616911906545
4905 0.039243404197012284
4908 0.05060962380279742
4941 0.019748074748095944
5013 0.017483420530619985
5047 0.0753831286585456
5051 0.03549321225963322
5091 0.05617312919384238
5113 0.0376915643292728
5121 0.02835560223861755
5142 0.05617312919384238
5169 0.05060962380279742
5200 0.038537234359109857
5224 0.010581555255961512
5236 0.08662085073571964
5243 0.029719286941743594
5247 0.01945447851590739
5253 0.025270144172495575
5310 0.019792483895343656
5353 0.04325506972031777
5373 0.1370511178850996
5469 0.08360700674941553
5630 0.06783821525932503
5832 0.10121924760559484
5875 0.176891009207469
5882 0.037945494927267065
5971 0.02430581286540329
5984 0.030337010246793163
5998 0.01808820839106867
6008 0.03090174567123176
6010 0.04631262829527882
6066 0.013293195111790735
6068 0.013849705981836623
6136 0.029145725737856145
6155 0.020055669494540275
6162 0.009200767538399946
6249 0.0281086153162361
6251 0.09854401674427715
6252 0.022667653399202892
6277 0.021102011017393597
6280 0.047866672315145804
6299 0.033919107629662514
6301 0.039482613020707484
6360 0.020999582273266947
6436 0.03976464800538732
6446 0.029719286941743594
6452 0.037081043894809616
6584 0.011297398498081035
6662 0.045046118411752455
6672 0.034437122302951505
6681 0.033432507640850144
6705 0.034437122302951505
6747 0.02962106993794076
6778 0.010888691364084345
6794 0.3203571738933941
6899 0.029719286941743594
6934 0.01808820839106867
6948 0.031006267864593273
6952 0.011208049431041207
7014 0.05060962380279742
7042 0.011791489333575817
7070 0.03692656273360236
7101 0.0937800515004983
7119 0.20243849521118967
7176 0.009578552167329593
7178 0.034437122302951505
7181 0.07581043251748673
7200 0.04735518177647612
7220 0.013254882668462439
7230 0.020705562949419526
7255 0.034437122302951505
7256 0.02317744004343959
7259 0.01633914641248748
7358 0.038537234359109857
7376 0.022188320447227013
7396 0.020802854342300937
7452 0.025619174885585242
7482 0.017228591456527616
7488 0.022792096847572583
7507 0.023330172130965297
7536 0.016683189434481358
7537 0.018994723625696167
7542 0.018401535076799893
7560 0.02617294214198705
7561 0.014143133390405642
7566 0.026767765455361234
7618 0.08651013944063554
7640 0.045046118411752455
7647 0.04735518177647612
7660 0.014718276003349063
7726 0.029719286941743594
7818 0.023310111520861574
7826 0.023582220346811174
7835 0.013974149430206318
7861 0.03301864938956747
7952 0.03941751722269746
7985 0.03692656273360236
8051 0.02763633547687367
8132 0.05617312919384238
8166 0.026357604166626705
8171 0.02511935331452982
8176 0.02617294214198705
8193 0.029719286941743594
8216 0.07385312546720472
8224 0.012318002093034644
8229 0.0376915643292728
8249 0.03212805893822784
8252 0.038508201806666094
8282 0.04735518177647612
8326 0.01284509131973526
8380 0.019290667898869834
8421 0.130159046288123
8439 0.0313630573425574
8440 0.028873616911906545
8453 0.05088552494709662
8497 0.04179167638543115
8510 0.03212805893822784
8646 0.04179167638543115
8680 0.033432507640850144
8716 0.023582220346811174
8721 0.032973728968064886
8751 0.045046118411752455
8754 0.01633914641248748
8776 0.017104148008157922
8777 0.02510116021229625
8792 0.05617312919384238
8811 0.04689002575024915
8817 0.027410223577019922
8857 0.05617312919384238
8890 0.009651409929051473
8893 0.026767765455361234
8903 0.033919107629662514
8936 0.051599103903024864
8944 0.022072830085828703
8973 0.04325506972031777
8974 0.02835560223861755
8978 0.03066466560334122
8980 0.03622817099438618
9008 0.033432507640850144
9145 0.033432507640850144
9265 0.027410223577019922
9267 0.06883901402736367
9268 0.026767765455361234
9273 0.011696500749959269
9285 0.05617312919384238
9296 0.05060962380279742
9388 0.024458702090637566
9444 0.038260267429670536
9445 0.02461369502715834
9567 0.020514448167325533
9580 0.019879257082503345
9582 0.08370995733857621
9583 0.04735518177647612
9584 0.033842054657173305
9595 0.0281086153162361
9636 0.27250855341323016
9637 0.1633645646942
9638 0.1966204636737746
9834 0.039482613020707484
9952 0.045046118411752455
9981 0.028873616911906545
9986 0.04735518177647612
9987 0.017354994724620782
9989 0.03622817099438618
10064 0.027190307309768375
10065 0.055738004499610354
10110 0.018018714955766207
10127 0.02430581286540329
10179 0.04735518177647612
10197 0.045046118411752455
10264 0.05617312919384238
10287 0.05060962380279742
10312 0.015437542765092939
10318 0.010008729078231695
10385 0.032973728968064886
10392 0.008687078621959185
10396 0.03499088955935331
10429 0.02544276247354831
10439 0.045046118411752455
10460 0.029254130915516628
10461 0.032973728968064886
10495 0.039482613020707484
10531 0.05617312919384238
10559 0.0567112044772351
10560 0.0662184902574861
10571 0.019537654821251284
10578 0.017166128560453704
10592 0.04179167638543115
10623 0.0355857128727275
10646 0.038260267429670536
10658 0.10675713861818249
10686 0.026767765455361234
10735 0.06887424460590301
10749 0.009316926463510074
10760 0.015589467331755343
10825 0.025984075977819966
10845 0.029901885552561132
10867 0.03692656273360236
10914 0.018372359892402112
10934 0.02141275078994082
10951 0.008976118512046828
10980 0.018742307474358323
10981 0.046922264019813906
10988 0.009506349806646358
10997 0.022072830085828703
11011 0.02583611894704922
11020 0.04055439495039828
11036 0.006405104184863902
11067 0.009975000235303663
11071 0.019130133714835268
11142 0.019290667898869834
11158 0.0313630573425574
11225 0.028873616911906545
11296 0.10121924760559484
11300 0.08642083942943057
11339 0.028610431312709916
11354 0.05617312919384238
11374 0.05617312919384238
11410 0.04325506972031777
11424 0.024008503260077755
11443 0.05617312919384238
11497 0.008579627999360675
11532 0.039482613020707484
11609 0.05617312919384238
11634 0.02036163541613666
11697 0.05617312919384238
11734 0.03066466560334122
11735 0.04055439495039828
11812 0.018742307474358323
11813 0.0562172306324722
11827 0.1107796882008071
11861 0.01937215531590921
11875 0.028718985252146657
11893 0.024551648260259223
11899 0.03499088955935331
11930 0.12391022524925462
11957 0.013178802083313353
11977 0.020571480015701773
11991 0.0215190628294269
12030 0.03535999254672469
12078 0.017166128560453704
12105 0.015796612806117615
12186 0.02410085852269932
12204 0.006405104184863902
12265 0.025641903484064674
12304 0.08583064280226851
