48
210 0.10469050127358354
594 0.11347416569048102
674 0.08012559877557415
711 0.09158402117317999
983 0.22402070526316695
1205 0.09060583292117788
1856 0.37079277496662233
2042 0.08350076284282507
2080 0.08916651826490936
2202 0.17465284192779695
2343 0.20644954415848182
2578 0.12246767112517655
2828 0.09889401541694977
3221 0.21122505525946583
3661 0.11107642920050322
3933 0.09889401541694977
4410 0.06870141627336383
4941 0.0773140674515606
5389 0.10114886987407717
5425 0.0859310149805631
5802 0.058598944724654795
6066 0.104086195401791
6791 0.10941809218433583
6817 0.11669781210724302
6871 0.2786374105272406
6952 0.0877594297940861
6982 0.12971912600310812
7256 0.18148018839616395
7282 0.09592003868982855
7471 0.16766260812908473
7848 0.32723032783624123
8352 0.14054772024463677
8927 0.20059905995124316
9341 0.09384225188679879
9445 0.03854522330578766
10392 0.06802013777063706
10653 0.12837713921890714
10898 0.10499484727485901
10951 0.03514166524817828
10988 0.0744350605863542
11067 0.07810461028318297
11219 0.16288709702810072
11332 0.059628046747843305
11637 0.0986177629877828
11893 0.012816019207635686
12265 0.040155405138812904
12270 0.0953941165710208
12271 0.2688228069489238
