46
29 0.11217089319661283
119 0.08500056534176882
343 0.0863666931667632
674 0.05799458041724735
769 0.048142371489618085
952 0.046844293749189296
1122 0.10494964525183915
1205 0.06558013099330222
1208 0.13443977501978754
1622 0.08138024121852414
1623 0.18208088923201138
2042 0.0604375103536319
2343 0.14942733500611322
2392 0.12641301208434969
2578 0.08864159906593047
3661 0.08039666478839498
3723 0.14519277848458403
4624 0.017032966280946384
4931 0.0948826911646747
5040 0.24034383997121098
5802 0.04241367632981503
6008 0.03502618904838013
6360 0.05950596986218267
6791 0.07919636724413082
6871 0.40335323439733833
6952 0.06351991606103825
7389 0.14621503808091477
7848 0.23684797184250583
7868 0.2552920272162195
8208 0.0842001581053408
8927 0.14519277848458403
9341 0.06792263779304951
9776 0.39480031050831027
9778 0.23684797184250583
10318 0.028361475154017483
10578 0.09728642365130213
10860 0.20167661719866917
11187 0.13606454193605666
11319 0.028516726627683675
11497 0.048623737226299535
11512 0.20927567992026477
11637 0.07137913318043752
11893 0.018552364485862494
12017 0.22983586742766407
12265 0.0290643178721549
12270 0.06904587109927268
