36
8 0.18901352212519937
343 0.11551500696223953
594 0.10985130944030312
674 0.07756745239435174
769 0.06439017373357162
952 0.12530800289251354
1416 0.2209260200220364
1583 0.22306100463710934
2042 0.08083485859299873
2450 0.128262210933154
2895 0.10592473299777153
2900 0.14149632361803158
3737 0.13710950020975346
4410 0.0665080064004864
4624 0.02278150461002364
4800 0.2209260200220364
5425 0.08318752078686595
5622 0.1273541221592365
5971 0.1842392448227621
6066 0.10076306611263466
6281 0.12872138910043282
6871 0.2697414360283801
8444 0.15135067008137953
8942 0.0611175354913756
9340 0.25710848714901935
9341 0.0908461779636276
9776 0.4224347043507023
9782 0.29928012886656463
10364 0.1269051103915756
10749 0.14124551235639757
11101 0.1432265108757442
11637 0.09546922272890675
11893 0.012406845938933894
11977 0.07796641000997337
12034 0.2857038925901628
12270 0.09234849672136974
