255
26 0.07704899984523791
41 0.033380799808446916
104 0.022930015197637085
105 0.026779348602554685
201 0.0489951821894684
247 0.03403174441005246
337 0.024404362070700025
343 0.0207983912910761
344 0.00910298501104019
373 0.0235132739366415
374 0.024801546357210096
390 0.019657603045747988
455 0.03127875965927691
484 0.08769560213593586
495 0.026779348602554685
571 0.023093515907576384
587 0.01912887255156775
628 0.03769159762105786
642 0.02431191979886239
648 0.1483306823364966
744 0.020599817680734187
769 0.011593403003031159
856 0.06147813793545033
938 0.012369784914081902
952 0.022561612941890134
983 0.03904700570552621
1050 0.05388516513568856
1215 0.03317213932427644
1468 0.02737161955449344
1471 0.03296737926535771
1524 0.011855969761815743
1552 0.034964592354255204
1587 0.052655118077577584
1622 0.019597579091709227
1632 0.020469407280967047
1707 0.0525949292217376
1736 0.026327559038788792
1759 0.03802952753527505
1763 0.04185058797907044
1782 0.03625482826820616
1798 0.0494435607788322
1880 0.06462950637835572
1894 0.036816712670275316
1929 0.019360719178374276
1936 0.03904700570552621
1991 0.06147813793545033
2034 0.06907111073521209
2055 0.03771757710503076
2167 0.06806775206464784
2186 0.036532168251352325
2287 0.143698558403889
2356 0.011280806470945067
2382 0.03802952753527505
2450 0.023093515907576384
2464 0.02412934316907623
2502 0.0525949292217376
2630 0.009125974199338862
2840 0.05039671335202504
2899 0.06462950637835572
2933 0.03028222348797771
3082 0.033380799808446916
3221 0.036816712670275316
3239 0.01489960574387018
3269 0.019717957711945934
3317 0.07739843907233006
3342 0.024878650183847918
3380 0.11069582794502632
3400 0.024404362070700025
3520 0.027494015735138065
3546 0.05144077386772969
3551 0.07607023312312264
3584 0.05039671335202504
3589 0.03127875965927691
3623 0.03403174441005246
3683 0.029223739870513552
3723 0.034964592354255204
3759 0.017934643774543416
3797 0.03403174441005246
3805 0.07552021105434265
3814 0.022689250688215944
3918 0.02981333530367376
4059 0.0382577451031355
4078 0.026779348602554685
4095 0.046292192335926796
4129 0.1051898584434752
4145 0.03625482826820616
4187 0.03625482826820616
4191 0.03625482826820616
4286 0.045628089361323086
4350 0.03127875965927691
4356 0.05913310132655204
4382 0.02468646377711344
4410 0.011974717203271095
4431 0.03660138821343442
4451 0.012431849353216218
4485 0.03425761517930867
4547 0.02578782700868516
4554 0.031632156248327346
4624 0.028712551007639024
4676 0.020731799327924523
4701 0.06147813793545033
4772 0.01830069410671721
4787 0.05932982804820104
4805 0.03869921953616503
4820 0.020865390547053803
4861 0.070807343296662
4872 0.036389708417846785
4941 0.040427729606762615
4972 0.017383049973704334
4978 0.05388516513568856
5013 0.02386106010600269
5042 0.03904700570552621
5146 0.04772212021200538
5184 0.03710884582812586
5190 0.0988871215576644
5252 0.028799647778403246
5323 0.03940619671111157
5382 0.05388516513568856
5389 0.017630336867482395
5894 0.06147813793545033
6008 0.016869660248697845
6034 0.023093515907576384
6041 0.029816010822452308
6077 0.04775494117275139
6122 0.029080543789564345
6125 0.025579166524514675
6150 0.04602292102227472
6162 0.012557043221068957
6280 0.021775859843629175
6398 0.024039183448565586
6505 0.045628089361323086
6584 0.015418487711375597
6630 0.027130855045072306
6679 0.057036533578593965
6923 0.025173403684780882
6935 0.07666408353497385
6952 0.015296545700353284
6994 0.11519859111361298
7002 0.03110624673640327
7042 0.016092814059753376
7193 0.01709349097735167
7220 0.01809002714865087
7272 0.024863698706432437
7318 0.057036533578593965
7356 0.034964592354255204
7371 0.048566745407970444
7376 0.03028222348797771
7452 0.034964592354255204
7459 0.031632156248327346
7461 0.03472382784483407
7483 0.012064630245986224
7484 0.008675114506479158
7542 0.012557043221068957
7552 0.015136039617060252
7580 0.023176190595883387
7585 0.05534791397251316
7687 0.07666408353497385
7740 0.044409685470037076
7817 0.13625287922754878
7844 0.03598433689059963
7854 0.028391364090837864
7861 0.02253163150550723
7896 0.048566745407970444
7986 0.04995204554693219
8043 0.03940619671111157
8092 0.017730836143065518
8098 0.032272740315418824
8100 0.023773072932526663
8166 0.017986193724752908
8193 0.04056035206511948
8198 0.684337428200872
8246 0.04140340980000906
8252 0.013138826528162756
8322 0.04775494117275139
8324 0.015006610177384827
8326 0.017530751234319686
8327 0.02412934316907623
8364 0.15663373691979846
8376 0.03127875965927691
8414 0.03472382784483407
8417 0.0494435607788322
8437 0.03836213619540692
8447 0.02334343574072629
8476 0.03803511656156132
8498 0.04280374055226328
8515 0.019478508960643463
8517 0.17981532558696925
8556 0.03576667055395254
8625 0.02725057584550976
8672 0.03296737926535771
8868 0.02578782700868516
8873 0.08623574019234735
8942 0.022008333831661946
9001 0.03977756597721061
9027 0.016857904602843223
9291 0.07028407707479027
9292 0.10708334419021912
9338 0.053479447143181244
9444 0.026108464851378025
9445 0.013436932560084519
9567 0.05599550498768138
9575 0.0666991465448891
9578 0.01918637580279292
9625 0.022453664313707496
9626 0.026779348602554685
9658 0.09230698207374956
9813 0.034488241470325615
10080 0.044409685470037076
10110 0.024591620377687078
10140 0.027012428548908094
10167 0.023176190595883387
10172 0.025074268671507735
10184 0.03276637648454264
10218 0.01953788224531054
10318 0.027319469402697538
10437 0.04140340980000906
10509 0.036816712670275316
10571 0.026664642379546903
10643 0.031632156248327346
10750 0.0235132739366415
10825 0.07092520569642975
10835 0.06907111073521209
10951 0.012250446241880661
10959 0.020599817680734187
10960 0.017237313754957354
10979 0.022930015197637085
11011 0.052891010602447185
11021 0.026000539404943193
11036 0.008741571803559842
11080 0.04516997989164679
11103 0.017781433665834182
11106 0.03907576449062108
11116 0.03110624673640327
11194 0.02996922093116154
11217 0.013339829308977823
11310 0.03110624673640327
11319 0.013734508454503608
11332 0.020786441849982296
11497 0.035127969213120974
11736 0.015136039617060252
11828 0.02141666883804382
11846 0.028799647778403246
11893 0.013403060432333084
11908 0.026327559038788792
11911 0.03869921953616503
11921 0.02966491402410052
11957 0.035972387449505816
11977 0.014037794270990021
12006 0.023186806006062318
12024 0.021137562167658316
12089 0.09303797598032497
12119 0.045628089361323086
12159 0.03598433689059963
12204 0.026224715410679528
12265 0.013998244775821112
