42
352 0.13463572893292297
374 0.0618081093008877
628 0.09393149733222857
1215 0.165337046615491
1471 0.16431647862994475
1552 0.17427101639285753
1759 0.09477365486438999
1785 0.3221273009966611
3317 0.19288519808402804
3551 0.1895751666327498
4129 0.2621443910947566
4350 0.1559000368744957
4547 0.12853205259290873
4624 0.02044421476706546
4861 0.054295225116549085
4941 0.06716682081922144
5042 0.19461863883482736
5323 0.19640892373185445
6008 0.0420409997627925
6403 0.17074729074503112
6630 0.13522599195230206
6994 0.14354361232779614
7817 0.13582270606137023
8198 0.46512058656336175
8324 0.03739807948749016
8364 0.11152801283677038
8517 0.14937301539967787
8753 0.11634868301682458
8873 0.2149086987836969
9291 0.1167702974479456
9292 0.10674526413292824
9626 0.13347400856334862
9898 0.06369644036129567
10318 0.03404152157620005
10571 0.13290228818212363
11067 0.06785360720198118
11497 0.05836177388220549
11846 0.14354361232779614
11893 0.022267907875220472
11977 0.06996737301361781
12006 0.05778400343753368
12265 0.03488512492984158
