343
36 0.03184627167829222
76 0.039777490567660945
105 0.02404850017960769
132 0.0221690391872025
201 0.021999426968341926
232 0.05301372667446623
326 0.02502759918371902
344 0.008174699837623473
362 0.03097127168785417
374 0.05568096529138656
408 0.04839017642573184
435 0.024701499386439237
450 0.01867745642817016
493 0.017075715943202806
496 0.016923981341227246
500 0.04619505417989302
503 0.04041284099768362
517 0.027483518396849187
552 0.0313990462572716
593 0.022696161615893492
594 0.017761701268125183
628 0.016923981341227246
642 0.043665379343377636
711 0.01433531601764517
742 0.04041284099768362
767 0.10244036241256188
814 0.04525746268459245
916 0.05122018120628094
938 0.033325094550615254
956 0.019169422187792825
1168 0.06202752141487826
1213 0.04097512346122772
1215 0.02978938025481811
1356 0.028734377553375608
1376 0.04041284099768362
1436 0.05301372667446623
1465 0.023642782267397817
1468 0.04916074752539678
1471 0.05921100157817261
1524 0.031940839395837625
1536 0.015097032564229193
1538 0.03679543489096335
1552 0.0313990462572716
1595 0.02514265622624249
1632 0.018382020861621662
1643 0.04723151349225683
1664 0.020812777486848715
1688 0.03800150642218773
1698 0.019888745283830472
1742 0.019956823513963995
1769 0.049703760119912566
1798 0.04440150871170773
1887 0.03475283143658542
1920 0.06612458984003942
1933 0.029247742636192935
1958 0.027473333088261182
2036 0.05122018120628094
2041 0.0313990462572716
2055 0.03387129288492734
2091 0.02549612892274337
2114 0.04723151349225683
2133 0.0350651517951004
2166 0.03758283621713452
2180 0.05122018120628094
2253 0.03118283392761452
2259 0.03937638168531982
2266 0.03070073338525858
2269 0.03679543489096335
2287 0.021507461208719263
2358 0.03184627167829222
2373 0.01923158338130315
2382 0.03415143188640561
2455 0.025376887887106556
2502 0.04723151349225683
2525 0.029976762396390143
2585 0.06202752141487826
2630 0.0081953446825424
2677 0.03619039963129035
2686 0.06202752141487826
2714 0.049703760119912566
2715 0.03332463753347552
2739 0.033594168503110415
2781 0.017761701268125183
2853 0.023843549745849606
2936 0.026373919230883693
3008 0.03475283143658542
3082 0.029976762396390143
3085 0.03162011769544603
3179 0.07516567243426904
3261 0.04157150393115863
3270 0.017333926698707754
3317 0.03475283143658542
3342 0.022341627210364177
3361 0.024701499386439237
3380 0.049703760119912566
3442 0.013521243373753013
3456 0.029605500789086307
3479 0.04723151349225683
3548 0.026505965038902304
3551 0.034156450966654504
3591 0.024575783112135794
3623 0.030561326330373666
3661 0.017386392236368703
3671 0.04839017642573184
3739 0.05122018120628094
3749 0.027337778472081298
3791 0.026243622425446506
3819 0.0219157050588024
3862 0.05301372667446623
3939 0.03207774741674204
3971 0.06890024495199026
3977 0.030561326330373666
4001 0.03162011769544603
4030 0.028406438353273066
4059 0.017178188380138
4078 0.02404850017960769
4081 0.013846173407702772
4143 0.021832689671688818
4226 0.024801445200872824
4339 0.021999426968341926
4350 0.0842672391081538
4355 0.03889641991131525
4384 0.0905149253691849
4410 0.01075358452842069
4431 0.016434464185224783
4451 0.011164100211726407
4454 0.05803885370085415
4485 0.09229249116768394
4589 0.03231480141731658
4624 0.003683508930237655
4729 0.04839017642573184
4772 0.016434464185224783
4787 0.026639807443582544
4803 0.027781640150551335
4855 0.05122018120628094
4861 0.06847798470390742
4876 0.03332463753347552
4941 0.012101691707026982
4988 0.024801445200872824
4992 0.04220638646586892
5001 0.013172367627777681
5128 0.0350651517951004
5146 0.021427806805953985
5186 0.04097512346122772
5190 0.13320452613512318
5224 0.012968830746487213
5226 0.04220638646586892
5252 0.02586277751003613
5271 0.036066415130766145
5297 0.05585296572302972
5368 0.022606322955034012
5390 0.04041284099768362
5401 0.02175036898214929
5473 0.01885907263264883
5503 0.05122018120628094
5525 0.029247742636192935
5630 0.04157150393115863
5648 0.03332463753347552
5842 0.02929776178135604
5931 0.04440150871170773
5978 0.03889641991131525
6013 0.017075715943202806
6021 0.05122018120628094
6034 0.020738533625054022
6041 0.0535509920170744
6047 0.06202752141487826
6079 0.01456954767850924
6114 0.02404850017960769
6122 0.02611502889505355
6198 0.023843549745849606
6280 0.01955524673631048
6319 0.06884619390945146
6436 0.01624528018175681
6452 0.011361698978605185
6459 0.04220638646586892
6484 0.028734377553375608
6502 0.03280676717693924
6508 0.03445012247599513
6563 0.03207774741674204
6584 0.013846173407702772
6630 0.024364161433041313
6632 0.04041284099768362
6638 0.01826628699739829
6691 0.06202752141487826
6747 0.018151898906287364
6778 0.013345258984683648
6892 0.03679543489096335
6952 0.027473333088261182
6961 0.07976193482918584
6994 0.10345111004014453
7002 0.027934158942012212
7025 0.016152035265671688
7028 0.04619505417989302
7188 0.06836048488353928
7262 0.019764013978035955
7272 0.033492300635179224
7282 0.015014017177115608
7312 0.03364821954564921
7394 0.027052620390354123
7397 0.03988096741459292
7463 0.03988096741459292
7464 0.04288508762533935
7483 0.032502985820553734
7484 0.007790461816807567
7507 0.014296813952865795
7536 0.02044703777977034
7537 0.005820017705789777
7585 0.049703760119912566
7592 0.05122018120628094
7697 0.04839017642573184
7707 0.037181259439481
7740 0.03988096741459292
7817 0.17130171517198367
7826 0.02890254002424249
7833 0.014931696487576081
7854 0.02549612892274337
7947 0.03642417328365952
7952 0.008051732424051513
8062 0.06884619390945146
8098 0.014490849138834971
8100 0.021348792204495773
8169 0.02415259919328096
8198 0.5866173377822566
8222 0.022429070141619725
8225 0.024257811586503086
8246 0.037181259439481
8321 0.028406438353273066
8322 0.04288508762533935
8324 0.020214446189612354
8326 0.03148607387462563
8364 0.060283229647592584
8380 0.023642782267397817
8392 0.06884619390945146
8405 0.0735908697819267
8423 0.04723151349225683
8438 0.028406438353273066
8498 0.038438790190019244
8517 0.16147849426262442
8556 0.016059665901631416
8577 0.0313990462572716
8603 0.0267754960085372
8672 0.029605500789086307
8708 0.01844040242759562
8714 0.03118283392761452
8716 0.02890254002424249
8753 0.06288890296793437
8791 0.06202752141487826
8837 0.01929635640048034
8867 0.026373919230883693
8868 0.11579044950908468
8873 0.03872088608806616
8942 0.04941003494508989
8963 0.03889641991131525
9017 0.04830519838656192
9099 0.016676178188251872
9161 0.08314300786231726
9202 0.02890254002424249
9203 0.06884619390945146
9291 0.1472725202878644
9292 0.19232684560115174
9319 0.038438790190019244
9338 0.036019373920808055
9445 0.006033344572349725
9498 0.04440150871170773
9567 0.05028531245248498
9578 0.017229827685034487
9580 0.024364161433041313
9618 0.02127040720814472
9626 0.02404850017960769
9656 0.017333926698707754
9821 0.03456347898824123
9825 0.03937638168531982
9865 0.020738533625054022
9923 0.018382020861621662
9931 0.04619505417989302
10004 0.032678834814487454
10016 0.033594168503110415
10024 0.06884619390945146
10116 0.02415259919328096
10140 0.04851562317300617
10150 0.03475283143658542
10172 0.0225172973248782
10195 0.0787308672763395
10306 0.03280676717693924
10318 0.049067083340099106
10321 0.023158089901816937
10392 0.010646946465279208
10395 0.05520884892030505
10476 0.02502759918371902
10509 0.03306229492001971
10571 0.023945491227988103
10675 0.05803885370085415
10821 0.07516567243426904
10826 0.06202752141487826
10835 0.06202752141487826
10844 0.0267754960085372
10845 0.0916199186583464
10951 0.011001195847610605
10960 0.015479523011717348
10962 0.06884619390945146
10988 0.023302102323727918
10996 0.05122018120628094
11011 0.07916233617492614
11036 0.007850142070591955
11084 0.025739036696173397
11103 0.03193631159987977
11116 0.027934158942012212
11163 0.029073627205995607
11180 0.03889641991131525
11194 0.026913082377104068
11217 0.023958976171831552
11319 0.012333919466713396
11494 0.028569041476722498
11497 0.052576271020672735
11499 0.05556328030110267
11502 0.049703760119912566
11505 0.03306229492001971
11574 0.06884619390945146
11735 0.049703760119912566
11770 0.020233947895780917
11828 0.019232684560115173
11846 0.05172555502007226
11892 0.02586277751003613
11893 0.036108813473921406
11929 0.026344735255555363
11930 0.01687391881591259
11932 0.05520884892030505
11949 0.04157150393115863
11974 0.028569041476722498
11977 0.012606277436300087
11979 0.05122018120628094
11991 0.026373919230883693
12004 0.017927037344778296
12029 0.021348792204495773
12051 0.016676178188251872
12052 0.024257811586503086
12089 0.04177517189233902
12156 0.028406438353273066
12177 0.012070998187607304
12204 0.023550426211775864
12225 0.03162011769544603
12265 0.006285380518430761
12291 0.02502759918371902
