71
374 0.041149764344165424
435 0.045637718086433764
593 0.08386543741866341
740 0.13459232784578679
769 0.03847064974502958
887 0.06405124220441646
952 0.03743335364704604
1149 0.12621278212002365
1215 0.11007585545882463
1471 0.10939639555336164
1552 0.23204758526665636
1698 0.07349164811061193
1759 0.06309711796424267
2080 0.05157271239216293
2287 0.0794730259926891
2630 0.03028292529062862
2768 0.08886251432987986
3082 0.11076825823306201
3318 0.13738986527507266
3342 0.0825553840491606
3623 0.11292830233445633
3918 0.03297675352953989
4001 0.1168406819900857
4078 0.08886251432987986
4145 0.12030521146445892
4350 0.10379301116302
4787 0.09843775092086479
4861 0.0180739691266314
4872 0.060376393648211714
4941 0.04471741458718348
5515 0.10872940350827429
6008 0.02798948637322546
6429 0.25439615140839605
6584 0.05116351430095966
6630 0.09002892605814303
6778 0.049312566642638514
6952 0.0507588713851551
7282 0.05547885758305377
7817 0.09042619828094245
8198 0.516102788269226
8324 0.024898385911514765
8329 0.09794318483503758
8364 0.07425160707739437
8517 0.09944753936981951
8650 0.14550114375688408
8672 0.10939639555336164
8727 0.08699800069022237
8900 0.1611601228179123
9027 0.05593996372260507
9291 0.07774174419394596
9292 0.21320224062553253
9338 0.01478850428317749
9626 0.08886251432987986
9675 0.053982759731230436
9767 0.214461543554193
9865 0.0766317328595717
10191 0.10743104954233848
10195 0.09697379281169127
10220 0.1332703622865759
10571 0.08848188209206723
10803 0.19589300834173437
11036 0.02900735418132634
11067 0.04517465390618234
11219 0.09421170155446705
11332 0.03448805858154918
11846 0.09556651849103265
11893 0.03706306388706132
12006 0.03847064974502958
12089 0.07718250167767281
12228 0.17880835453112062
12265 0.023225345124076372
