228
110 0.03718627686777185
132 0.08950496948173976
169 0.08280453689993122
202 0.05771455146243686
210 0.022053314220404113
215 0.04112929083098079
262 0.030666407534453106
337 0.029494053935533497
343 0.025136033989915835
344 0.011001473019953072
347 0.03415209768748403
374 0.014987036822044787
495 0.03236435968922443
547 0.04693902455673561
571 0.02790982209516207
587 0.02311832602415172
769 0.02802256846355409
894 0.05680115859874297
895 0.042858564303772904
938 0.014949585749053555
1029 0.029382332213670672
1250 0.10877482689931349
1465 0.15909173205007804
1468 0.06616030536707866
1471 0.039842945263176804
1632 0.02473843817856152
1710 0.039361476004989474
1759 0.02298041909513607
1781 0.06512327436516925
1782 0.04381601359905184
1919 0.06689108919116056
1936 0.047190518193571444
1958 0.01848674194418849
2080 0.01878314862679555
2091 0.03431257171863953
2154 0.031039360238563206
2192 0.14422032499238846
2333 0.04951912513622722
2356 0.01363349361587411
2373 0.012940887733065266
2630 0.02205851351244657
2650 0.06390550620451418
2651 0.0689318816361367
2677 0.024352435748925847
2679 0.0318183464100156
2705 0.051766514854908074
2757 0.023327917928925083
2900 0.030789561403684985
2902 0.05234662100468061
2933 0.03659778240688406
2984 0.03549389783262557
3112 0.030544388740068564
3239 0.05402105256692987
3318 0.10007673203821102
3361 0.1329726519383992
3390 0.07920004403371617
3551 0.04596759284512675
3591 0.016536987303681933
3599 0.032789175135916615
3606 0.054387413449656745
3624 0.04381601359905184
3659 0.14269125357044582
3673 0.045583828425043146
3765 0.023830268808908074
3813 0.05680115859874297
3819 0.17696432361320097
3867 0.04112929083098079
3918 0.012010368158737345
4081 0.018634115771854223
4143 0.029382332213670672
4339 0.05921345298398207
4355 0.10469324200936123
4356 0.017866425629648366
4410 0.11577699233697943
4433 0.14859962418778588
4440 0.0743725537355437
4446 0.055621307001155834
4503 0.047624620870019285
4616 0.04636281459649555
4624 0.02974349511520178
4700 0.045210875720933054
4861 0.00658266809393606
4905 0.03236435968922443
4941 0.016286400412880753
4972 0.06302520164262627
5005 0.01745339209901747
5113 0.06216908905649922
5146 0.02883744273612406
5181 0.02742124467816036
5337 0.02883744273612406
5340 0.03293386450477116
5391 0.06512327436516925
5401 0.029271545412571893
5470 0.09265288755134032
5473 0.15228271339910537
5515 0.03960002201685808
5751 0.07810841936486039
5807 0.02983498982724659
5833 0.039842945263176804
5842 0.03942879153790487
6008 0.02038793998416315
6119 0.0594407324133642
6162 0.045527694060606465
6196 0.055144130573850446
6258 0.021186905887461038
6281 0.02800973913904816
6409 0.06792542604387573
6411 0.06512327436516925
6436 0.02186282250983951
6616 0.0636366928200312
6696 0.04255420732552811
6747 0.024428741121397757
6868 0.07920004403371617
6994 0.2436420397746375
7005 0.06090728278297549
7035 0.026229393365151347
7042 0.07779630944301312
7176 0.031598044460073284
7181 0.08336198677274494
7216 0.06512327436516925
7241 0.18650726716949767
7259 0.02695005809658609
7262 0.013299159043407125
7282 0.040411588969893955
7296 0.06216908905649922
7394 0.07281458139263891
7483 0.014580789047323767
7484 0.01048436727867667
7502 0.06512327436516925
7536 0.02751752834236183
7537 0.031330211035374075
7553 0.05594673663644555
7554 0.024975559958760336
7631 0.041965712864640306
7817 0.09880159351431349
7835 0.04609838598503644
7912 0.06689108919116056
7952 0.010835984046704284
8112 0.028110416015658866
8156 0.023257684631720725
8169 0.03250445565764877
8198 0.18796830589499083
8224 0.020317516206809806
8262 0.07429981209389294
8274 0.06216908905649922
8295 0.11028826114770089
8324 0.1269543690899816
8337 0.04317008327595692
8351 0.09265288755134032
8369 0.03889690393540579
8385 0.03168529056165812
8473 0.02505555383037814
8517 0.21731700652257452
8708 0.024817007818509533
8714 0.041965712864640306
8721 0.054387413449656745
8754 0.02695005809658609
8833 0.046770198907721855
8950 0.17562927247543136
8976 0.045583828425043146
9063 0.07429981209389294
9085 0.06512327436516925
9099 0.022442723042821664
9182 0.03867059166425719
9291 0.11325638446917186
9292 0.07764977228236211
9444 0.031553558674047154
9445 0.024358941190952287
9557 0.14859962418778588
9582 0.02761451738767936
9625 0.027136525199892528
9626 0.09709307906767328
9628 0.039361476004989474
9671 0.02704296335837206
9865 0.02790982209516207
9899 0.07134562678522291
9906 0.04034258740750354
9920 0.04415119467847098
10102 0.05594673663644555
10116 0.03250445565764877
10127 0.16036163757165187
10167 0.05601947827809632
10217 0.05114225059336399
10228 0.04636281459649555
10312 0.025462938141604448
10318 0.024762844703305704
10364 0.05522903477535872
10476 0.03368202657504921
10491 0.055144130573850446
10619 0.03697348388837698
10848 0.030666407534453106
10875 0.05003836601910551
10925 0.029606726491991035
10934 0.03531854499789445
10943 0.1669526996452333
10944 0.05594673663644555
10951 0.02961071640763587
10959 0.04979209306742619
10960 0.020832270072029892
10997 0.036407290696319455
11011 0.02130726076611741
11067 0.049358790673931036
11070 0.07134562678522291
11142 0.0636366928200312
11156 0.08451338082452606
11217 0.03224387869594632
11249 0.03759366117899817
11319 0.016598931451747248
11497 0.042454140600604165
11629 0.033670924969014644
11736 0.05487828375222203
11846 0.03480600568209107
11892 0.03480600568209107
11893 0.02429753661336584
11929 0.035454622174366915
11930 0.022708841459811814
11957 0.0652120018063967
11977 0.016965469540447062
12006 0.014011284231777044
12021 0.15728724005920294
12054 0.07810841936486039
12064 0.024817007818509533
12072 0.0735821102328061
12177 0.03249018643441007
12186 0.09938088578298403
12204 0.0316940540599188
12265 0.008458835867636861
12304 0.05662819223458593
