326
90 0.03329457524589026
106 0.027812854048383292
201 0.04978499166250202
214 0.029549326391028044
234 0.07665117988304422
293 0.0534427671412339
326 0.056637785088081476
390 0.01997448646997176
456 0.015876664205330737
464 0.02844908034190897
496 0.019149595832241833
594 0.020097481421174263
711 0.016220504048692182
736 0.032513136568979646
744 0.04186377948421466
763 0.04252522555282359
769 0.011780290348017064
850 0.0534427671412339
975 0.1864806547937638
1013 0.05475380184604038
1025 0.05475380184604038
1033 0.03770704582777191
1133 0.03629618148673787
1143 0.02871411500167517
1144 0.19102721187523644
1294 0.05795597080724166
1332 0.0451255760680767
1347 0.02406760519352108
1363 0.0345803410866599
1413 0.04146741542939987
1494 0.16426140553812113
1524 0.012047089721196056
1543 0.021761908659047015
1553 0.02258127663239777
1575 0.042956605496966116
1622 0.019913494921051416
1666 0.0451255760680767
1702 0.02844908034190897
1737 0.0599853792620259
1742 0.02258127663239777
1787 0.03864824818034151
1818 0.03077037734120426
1832 0.07789991972766748
1833 0.07789991972766748
1895 0.035930966050338575
1905 0.04761137775606597
1918 0.035044196946033376
1933 0.033094012525536586
1971 0.016047256507268116
1999 0.11796916977486692
2080 0.01579233857605827
2091 0.028849037015179192
2096 0.027328824318824337
2110 0.029694830813658635
2129 0.026203530536057482
2150 0.0345803410866599
2183 0.03528358100721201
2192 0.04041878613435851
2219 0.04121419084801712
2239 0.07789991972766748
2266 0.017369040541570437
2292 0.04852475777995465
2358 0.03603426517124977
2373 0.04352132533600493
2464 0.02451831169539619
2480 0.05198301282898162
2481 0.05227000663481687
2630 0.009273086232628689
2675 0.0263110765884193
2701 0.02265884440154894
2757 0.019613451691615307
2879 0.06567134343445069
2933 0.03077037734120426
3031 0.0534427671412339
3167 0.05475380184604038
3179 0.04252522555282359
3191 0.04252522555282359
3239 0.015139789558586239
3269 0.020035814062179462
3300 0.02871411500167517
3361 0.08384972545704417
3362 0.02912388875318976
3363 0.03629618148673787
3410 0.0599853792620259
3426 0.0599853792620259
3441 0.038980539418315044
3443 0.0599853792620259
3484 0.031097781233400974
3490 0.03577837045711377
3543 0.0534427671412339
3591 0.013903829848588924
3595 0.02844908034190897
3604 0.03289699977485992
3683 0.05938966162731727
3814 0.023055004713995228
3826 0.03126516679110601
3878 0.027447872831471806
3897 0.032513136568979646
4000 0.05475380184604038
4025 0.018068072966390014
4048 0.012198122293842381
4059 0.03887446552643167
4198 0.02871411500167517
4289 0.055625708096766584
4347 0.0599853792620259
4349 0.04299895363442104
4356 0.015021583883165384
4410 0.012167751388703211
4451 0.012632252575486665
4514 0.03932305659162231
4772 0.018595703961210266
4787 0.03014311675885836
4861 0.011069041228258598
4872 0.01848815790884845
4879 0.0902511521361534
4904 0.040041430341600084
4963 0.062469174473249414
4975 0.050240598180032625
5013 0.024245703870270523
5051 0.024610685087182015
5120 0.041634275790475544
5125 0.1403690942009169
5129 0.03577837045711377
5181 0.023055004713995228
5247 0.05395826568618308
5271 0.04080938515274562
5340 0.0276898590971808
5389 0.017914540465641574
5395 0.062469174473249414
5490 0.044554634007607834
5500 0.038980539418315044
5609 0.0789332297652579
5627 0.04978499166250202
5665 0.04934964841768458
5752 0.04726888085204606
5777 0.06028623351771672
5857 0.04636362080755055
5875 0.035044196946033376
5879 0.07789991972766748
5882 0.1578664595305158
6008 0.017141601628969806
6010 0.042817032251961464
6013 0.01932128452906873
6034 0.023465786747572916
6057 0.07187237925372991
6066 0.018434772051941058
6125 0.02599150641449081
6186 0.028580808859528836
6230 0.05328018708393252
6252 0.03143510795204301
6398 0.04885339717411834
6409 0.0761463619915569
6484 0.032513136568979646
6587 0.08008286068320017
6629 0.04636362080755055
6638 0.04133684696328627
6696 0.03577837045711377
6766 0.05227000663481687
6772 0.023055004713995228
6794 0.28058890327430325
6807 0.1401767877841335
6817 0.020668423481643133
6818 0.03832558994152211
6849 0.07789991972766748
6925 0.10048119636006525
6932 0.09270900523993739
6994 0.029263902295254576
7025 0.036552267574563556
7102 0.04867166669834288
7176 0.013283369747257103
7179 0.044554634007607834
7220 0.036763282042192584
7230 0.02871411500167517
7272 0.02526450515097333
7293 0.05227000663481687
7312 0.019036590497889225
7470 0.02537863989832755
7482 0.047784622674408486
7483 0.012259113842762726
7484 0.008814958615852455
7537 0.026341552748198358
7552 0.015380034780248684
7561 0.17652106522453778
7631 0.03528358100721201
7660 0.02041104947588054
7739 0.029549326391028044
7743 0.05227000663481687
7854 0.028849037015179192
7924 0.06567134343445069
7952 0.03644235208280189
7956 0.05395826568618308
7985 0.05120911571153183
8112 0.02363444042602303
8166 0.018276133787281778
8171 0.01741754140187095
8178 0.031607683964413276
8222 0.02537863989832755
8229 0.05227000663481687
8252 0.04005187897639331
8324 0.0381212972978858
8329 0.02999167320056287
8447 0.07115920597450193
8449 0.23369975918300243
8473 0.04213199790534695
8500 0.05624013040716369
8510 0.044554634007607834
8517 0.09135698741275036
8556 0.01817161724634566
8603 0.0302966492596068
8620 0.05795597080724166
8625 0.0276898590971808
8633 0.02406760519352108
8692 0.05475380184604038
8722 0.03932305659162231
8848 0.07018454710045845
8863 0.0642841424285364
8884 0.05475380184604038
8927 0.03552822667559233
8931 0.04121419084801712
8942 0.033544667067807246
8949 0.03126516679110601
8974 0.03932305659162231
9139 0.0642841424285364
9188 0.05795597080724166
9273 0.04866151214607655
9278 0.03932305659162231
9291 0.023805688878032985
9292 0.06528572597714105
9332 0.03629618148673787
9338 0.02264230984183379
9433 0.05848698892567828
9445 0.020480306805059804
9448 0.04252522555282359
9485 0.06699763644161617
9489 0.05795597080724166
9575 0.013554869300382261
9616 0.061220434628626155
9618 0.02406760519352108
9631 0.035044196946033376
9637 0.056637785088081476
9638 0.0302966492596068
9650 0.03741020344086767
9669 0.038980539418315044
9673 0.03967644912468859
9795 0.03528358100721201
9804 0.02697913284309154
9821 0.01955440152751333
9849 0.021619202475797957
9921 0.02912388875318976
9987 0.02406760519352108
10039 0.15579983945533496
10105 0.02537863989832755
10132 0.03435546616917529
10141 0.024245703870270523
10144 0.031097781233400974
10146 0.05795597080724166
10172 0.02547846953455512
10216 0.029694830813658635
10218 0.019852835752793948
10254 0.04299895363442104
10303 0.05795597080724166
10312 0.021408516125980732
10318 0.020819897421408586
10325 0.04903662339079238
10334 0.022276300573353832
10460 0.020284560275762864
10476 0.08495667763212221
10479 0.04934964841768458
10490 0.027094480298405523
10491 0.04636362080755055
10493 0.04121419084801712
10508 0.06699763644161617
10597 0.09434602470092093
10618 0.03329457524589026
10619 0.046629384734946246
10724 0.06567134343445069
10749 0.012920551766156111
10766 0.04775680296880911
10780 0.04934964841768458
10844 0.0302966492596068
10859 0.07789991972766748
10934 0.029694830813658635
10951 0.006223962609787524
10985 0.026097013648305325
11036 0.017764974428483144
11080 0.015299375515499836
11083 0.07789991972766748
11123 0.04852475777995465
11125 0.029842262503167544
11142 0.02675196312509826
11145 0.10033765267511789
11147 0.07018454710045845
11148 0.06567134343445069
11157 0.08414167759276865
11217 0.027109738600764523
11252 0.07789991972766748
11257 0.09379550037331803
11258 0.07018454710045845
11300 0.03994897293994352
11319 0.013955910731218869
11497 0.011898079064406274
11624 0.05513641676000597
11634 0.01411858113660998
11654 0.07789991972766748
11715 0.07018454710045845
11770 0.06868453406131213
11780 0.0321420712142682
11828 0.021761908659047015
11846 0.05852780459050915
11861 0.026864968459450866
11893 0.011349266432213012
11908 0.02675196312509826
11917 0.0923111320236128
11945 0.05136171130475665
11957 0.018276133787281778
11962 0.0599853792620259
11977 0.014264085559240566
12006 0.011780290348017064
12030 0.04903662339079238
12051 0.018869204940184188
12061 0.0599853792620259
12180 0.06844686195844978
12204 0.017764974428483144
12265 0.007111949260224579
12303 0.05968452500633509
12304 0.09522275551213194
