327
23 0.03411291086322405
34 0.06990927832870487
79 0.02167844831289776
84 0.021210120365492593
104 0.020909671656111975
111 0.022169817854125362
117 0.028365502600243474
124 0.06298531570729464
169 0.031239206731733762
186 0.036623332540525515
188 0.02821062869891176
189 0.06206647447597418
220 0.030249371202898168
273 0.03698661499471435
313 0.02564911142919534
337 0.022254115118414533
344 0.008300928980237817
362 0.031449512742386915
390 0.03585117774149001
435 0.012541463061953253
450 0.05689758979094198
455 0.02852281556068563
474 0.04595630310993552
548 0.039032340488525295
576 0.02083595053525355
587 0.017443444356988996
593 0.06913986914740432
632 0.056061353085884405
634 0.0394970366720158
677 0.022775407297705046
769 0.010571918425738533
791 0.04354729516193574
816 0.06990927832870487
854 0.060125304746608224
856 0.056061353085884405
887 0.017601587499566453
938 0.01127989400708436
992 0.03560660825645765
1205 0.028802394803502787
1208 0.029522565895831195
1210 0.06990927832870487
1242 0.031449512742386915
1373 0.05410232889986509
1390 0.16414749393853714
1444 0.03498208199860535
1458 0.031449512742386915
1524 0.010811350657539277
1553 0.02026498562040359
1554 0.04285811387877232
1564 0.02868264563504742
1587 0.024007860887275172
1891 0.06990927832870487
1901 0.057690149372034795
1902 0.030439646794693662
1918 0.031449512742386915
1979 0.032108377867115054
2002 0.2565794943963673
2018 0.04354729516193574
2025 0.03736360941610389
2154 0.04684018666682687
2160 0.0589350572173747
2167 0.020690120696592346
2181 0.022339129814853777
2238 0.04690837236869226
2258 0.03775539165150013
2283 0.04354729516193574
2337 0.02638938830477372
2363 0.039032340488525295
2373 0.048821366838139896
2377 0.06421675573423011
2382 0.017339389597997596
2392 0.02775991315666378
2422 0.04796083610604452
2521 0.04690837236869226
2537 0.0394970366720158
2578 0.019465425683363485
2596 0.023612198610448446
2598 0.04049678700716137
2629 0.038163169353144
2653 0.053832334990102496
2658 0.02821062869891176
2665 0.031239206731733762
2670 0.026262136054761177
2709 0.050471257783345984
2757 0.017601587499566453
2768 0.024419843668558996
2781 0.036071935049243366
2783 0.03468387577807402
2798 0.03166434180792252
2822 0.022424874260099804
2853 0.024211728504835824
2855 0.04285811387877232
2895 0.017391281488913297
2938 0.023709654666743837
2947 0.06990927832870487
3102 0.032573074050605576
3142 0.06298531570729464
3152 0.02259860327442096
3169 0.04285811387877232
3239 0.01358681454087959
3301 0.027051164449932545
3361 0.012541463061953253
3377 0.04690837236869226
3407 0.02286499683578011
3410 0.053832334990102496
3566 0.050471257783345984
3599 0.024740379186512288
3637 0.07996881949456407
3661 0.052964589542144704
3677 0.06467604798654354
3681 0.039032340488525295
3759 0.016354438030799025
3760 0.04160783839948425
3805 0.02295539714992292
3882 0.02868264563504742
3890 0.02852281556068563
3915 0.0352894652216537
3918 0.009062169486883275
3962 0.027188948241813816
3978 0.06990927832870487
4025 0.016214727130483643
4047 0.06298531570729464
4048 0.010946890953276991
4059 0.03488688871397799
4081 0.028119956546028252
4100 0.06990927832870487
4105 0.013875330380825066
4169 0.016214727130483643
4170 0.02613648450446156
4205 0.027188948241813816
4317 0.053036565129153265
4356 0.026961467798617467
4451 0.011336490002884357
4494 0.039032340488525295
4547 0.02351568417328343
4554 0.028845074686017397
4577 0.26858259508600907
4624 0.026182713304131022
4676 0.037810277320005956
4685 0.056061353085884405
4715 0.052011094595964466
4738 0.042213427843063936
4861 0.02980087861823821
4874 0.032813788506467795
4941 0.0122885592616411
5051 0.022086226014541625
5052 0.04508713197455423
5149 0.18136399751460136
5219 0.031449512742386915
5224 0.013169088177139925
5247 0.024211728504835824
5310 0.02463238714512748
5340 0.024849551492155245
5370 0.03103323723798709
5380 0.023325408581487933
5389 0.03215388667720474
5496 0.33696979016969475
5497 0.03698661499471435
5634 0.04354729516193574
5651 0.06298531570729464
5692 0.2701181310053293
5802 0.027941743151841496
5916 0.06990927832870487
5930 0.03858830442933275
6001 0.025768743596042414
6010 0.019212521883051333
6057 0.05160001379165155
6066 0.03308762357678404
6068 0.01723640758758158
6090 0.04508713197455423
6150 0.02098394089442436
6251 0.015330152497004302
6295 0.029522565895831195
6331 0.06990927832870487
6398 0.021921112064607166
6423 0.1178701144347494
6436 0.0164961307120032
6437 0.025184415245704823
6573 0.053832334990102496
6620 0.02691525532570005
6638 0.018548344784501018
6778 0.01355132900964651
6817 0.018548344784501018
6911 0.038163169353144
6933 0.04428757203751413
7043 0.038163169353144
7101 0.029178077739824768
7102 0.021839567395137618
7153 0.0589350572173747
7176 0.023841636706443896
7206 0.02805811937719511
7208 0.022511361090730386
7230 0.025768743596042414
7231 0.030062652373304112
7281 0.06990927832870487
7382 0.11604075454380743
7394 0.05494070364666675
7396 0.02588982588505756
7474 0.04690837236869226
7484 0.015821515541633444
7537 0.023639548655786522
7561 0.035203174999132905
7619 0.17967075628681048
7660 0.03663474221228248
7818 0.14505094317975928
7833 0.01516226339313139
7835 0.034782562977826594
7952 0.016352125545287376
7971 0.03233802399327177
8031 0.04508713197455423
8092 0.016168587711098765
8103 0.04049678700716137
8156 0.017548594449355456
8171 0.0625236972732165
8182 0.0589350572173747
8240 0.13981855665740975
8247 0.033313350926183954
8251 0.09592167221208904
8252 0.02396235207718549
8324 0.006842195453771877
8326 0.01598613210829351
8350 0.04285811387877232
8352 0.022339129814853777
8412 0.04722439722089689
8502 0.0589350572173747
8558 0.03411291086322405
8633 0.021598852939275395
8753 0.021286666077501525
8804 0.04796083610604452
8820 0.0589350572173747
8836 0.028365502600243474
8927 0.03188389276744215
8942 0.010034599413732049
8948 0.052011094595964466
8981 0.029522565895831195
8986 0.01831737110614124
9075 0.04049678700716137
9151 0.04969910298431049
9267 0.01713447643233706
9273 0.058226695798206815
9316 0.1178701144347494
9338 0.032511613285790546
9368 0.053832334990102496
9433 0.017495881047148765
9445 0.012253016209323762
9578 0.017495881047148765
9580 0.024740379186512288
9595 0.03498208199860535
9616 0.027470351823333374
9624 0.04595630310993552
9631 0.031449512742386915
9650 0.033572824385751134
9663 0.033313350926183954
9675 0.014834720392226957
9795 0.03166434180792252
9796 0.11849111001604741
9828 0.053832334990102496
9848 0.04913739046447417
9898 0.023307266075376618
9919 0.031449512742386915
9922 0.02588982588505756
9929 0.03775539165150013
9938 0.04913739046447417
10004 0.016591721551873197
10015 0.04913739046447417
10080 0.04049678700716137
10081 0.12105864252417911
10088 0.06298531570729464
10144 0.02790790351583459
10216 0.026648861764340902
10218 0.017816416565102054
10255 0.06990927832870487
10270 0.0394970366720158
10290 0.056061353085884405
10298 0.0213638028819416
10318 0.03114046862300319
10325 0.0880133115646647
10364 0.02083595053525355
10499 0.03188389276744215
10571 0.024315244110323528
10579 0.03411291086322405
10619 0.04184634139711234
10624 0.031449512742386915
10643 0.028845074686017397
10653 0.040809393041437936
10714 0.04913739046447417
10735 0.04285811387877232
10749 0.011595216692628202
10750 0.021441539978833236
10794 0.02790790351583459
10845 0.03721386487894329
10875 0.03775539165150013
10951 0.005585535080346825
10960 0.01571854914804777
10963 0.020475291631056745
10980 0.023325408581487933
10981 0.019465425683363485
10985 0.023420093333413435
11011 0.06430777335440949
11021 0.023709654666743837
11048 0.06990927832870487
11080 0.013730030851220187
11121 0.13064188548580724
11154 0.027188948241813816
11319 0.012524372952502815
11332 0.018954966677334935
11419 0.04354729516193574
11487 0.038163169353144
11540 0.0832156767989685
11710 0.031449512742386915
11718 0.06298531570729464
11768 0.02351568417328343
11812 0.023325408581487933
11875 0.017870853574687224
11893 0.018333192787590755
11908 0.048015721774550345
11929 0.013375767961108903
11945 0.04609324609826955
12004 0.018203856628494594
12007 0.02821062869891176
12029 0.02167844831289776
12119 0.04160783839948425
12129 0.026648861764340902
12177 0.012257391790062062
12196 0.036623332540525515
12205 0.023907466408679662
12293 0.03998440974728203
