216
6 0.0405743641874711
69 0.03996591661349841
206 0.16474311308019102
269 0.04932350960706054
387 0.04753987077373286
456 0.03470727102866572
462 0.0450482567839724
471 0.04550742130885007
485 0.0336328781733922
517 0.03399073973282784
521 0.07178060472648846
571 0.051297515020531315
635 0.17842317160477394
711 0.03545892405096702
744 0.02287913761435924
763 0.04648125417685129
785 0.0405743641874711
931 0.03198625905235095
956 0.023708130487712996
979 0.016081031212702105
1261 0.10439902757057253
1308 0.027848675770143803
1448 0.05984742814810932
1487 0.037797274504156715
1575 0.02347638222634464
1661 0.07671366184786743
1688 0.04699905214465022
1816 0.03830428185851344
1902 0.03707430445897102
1979 0.03910675392385381
2076 0.05713257090666523
2105 0.02763141257061231
2201 0.09296250835370258
2287 0.02659974264224038
2289 0.0450482567839724
2330 0.0459845968153421
2376 0.05219951378528626
2450 0.025648757510265657
2456 0.02852476168849138
2598 0.19729403842824217
2630 0.01013574114139073
2633 0.06828054499798837
2645 0.07368511239520534
2781 0.021967106114270128
2819 0.0405743641874711
3041 0.0614720266009516
3091 0.042981194448351204
3109 0.041890935659749405
3219 0.0633474878766094
3239 0.016548211032591707
3342 0.05526282514122462
3429 0.03755147996546305
3453 0.07713187058954234
3520 0.030536161985738643
3544 0.09328690799022461
3545 0.044605792901193486
3568 0.07671366184786743
3599 0.03013281844489212
3918 0.022074739098094646
3933 0.019144580773178033
3962 0.033115080205593256
4033 0.028295199861823595
4101 0.018671528776591118
4244 0.032947264912460215
4271 0.04699905214465022
4286 0.10135345387588746
4293 0.06828054499798837
4339 0.027208190216213082
4446 0.025557622882948786
4570 0.28649898321325257
4616 0.042606813652353887
4624 0.0045556464621214305
4661 0.05219951378528626
4733 0.04932350960706054
4805 0.042981194448351204
4822 0.04550742130885007
4839 0.041890935659749405
4879 0.04932350960706054
4926 0.02493810788725542
4946 0.06828054499798837
4984 0.07178060472648846
5005 0.016039436588056333
5051 0.0538003264712982
5112 0.029615020477093176
5171 0.07178060472648846
5224 0.016039436588056333
5313 0.034739678658435545
5319 0.11989774984049523
5346 0.04550742130885007
5371 0.04417885731134393
5525 0.03617267605131443
5622 0.025467165842770215
5641 0.03938645396296338
5659 0.09101484261770014
5687 0.03996591661349841
5700 0.028877436116806637
5753 0.055972987623611914
5760 0.09864701921412108
5777 0.032947264912460215
5796 0.043367462315014274
5835 0.0633474878766094
6003 0.04224361008806467
6013 0.02111870132477822
6034 0.051297515020531315
6055 0.04406977153021712
6079 0.05405745683805993
6150 0.05111524576589757
6230 0.029118363115583988
6233 0.04932350960706054
6251 0.018671528776591118
6277 0.03198625905235095
6281 0.025740579952595776
6386 0.06828054499798837
6404 0.09864701921412108
6406 0.06556568775654428
6410 0.016810805741207538
6451 0.0450482567839724
6528 0.17029355739549296
6583 0.04224361008806467
6666 0.11815626130931635
6698 0.031682082812714375
6719 0.038833339814028235
6772 0.07559928397053944
7083 0.11122291337691306
7090 0.04810585262969357
7205 0.02189970197588897
7206 0.034173696802474826
7264 0.04810585262969357
7282 0.018568857991269783
7396 0.03153279976361935
7483 0.013399552362176138
7484 0.03853997966199221
7507 0.017681843898714036
7552 0.016810805741207538
7700 0.10135345387588746
7739 0.06459647105363406
7823 0.03804813732697224
7839 0.03996591661349841
7865 0.08514677869774648
7878 0.036391896682409726
7952 0.009958126076597316
7966 0.044605792901193486
8049 0.05713257090666523
8081 0.05984742814810932
8098 0.017921820433379455
8224 0.018671528776591118
8364 0.3479297610862823
8376 0.034739678658435545
8380 0.02924063968109586
8603 0.033115080205593256
8653 0.07178060472648846
8657 0.04932350960706054
8723 0.02852476168849138
8725 0.041890935659749405
9095 0.048699454056786176
9125 0.04699905214465022
9140 0.10135345387588746
9148 0.036391896682409726
9171 0.05141431129823026
9202 0.03574574046146487
9230 0.02763141257061231
9284 0.05394053815872913
9338 0.044547613831784884
9385 0.032947264912460215
9546 0.0743002412537837
9575 0.014815849112956261
9595 0.042606813652353887
9607 0.08514677869774648
9626 0.14871209332929175
9656 0.1500663371112873
9664 0.018671528776591118
9671 0.09940850316750922
9675 0.054204335296131334
9683 0.05219951378528626
9815 0.04998131390535138
9923 0.02273429761971179
10103 0.037797274504156715
10141 0.053002457230512334
10218 0.02169970159501306
10267 0.05841443075523042
10318 0.015171151262182351
10410 0.0919691936306842
10411 0.05394053815872913
10620 0.04932350960706054
10643 0.035132177724138056
10790 0.048699454056786176
10909 0.08809247296283297
10951 0.02040889267195507
10959 0.02287913761435924
10960 0.019144580773178033
10988 0.028819297583251302
11011 0.019581090941202188
11021 0.028877436116806637
11153 0.03830428185851344
11228 0.05394053815872913
11257 0.10252109040742449
11319 0.022881297825032672
11434 0.05841443075523042
11479 0.06556568775654428
11634 0.030864003654117844
11647 0.06556568775654428
11736 0.016810805741207538
11893 0.01240506383913753
11914 0.17029355739549296
11932 0.06828054499798837
11964 0.25544033609323946
11977 0.015591042207544318
11991 0.09785526853225224
12004 0.06651476551527362
12021 0.01806811176537711
12072 0.033810493238185614
12098 0.02476674708459457
12138 0.02493810788725542
12177 0.014929025890565563
12180 0.02493810788725542
12265 0.046641349969571484
