191
41 0.043581310468006264
68 0.031152527037782922
319 0.03892719263850335
343 0.02715396734928136
484 0.057246819808042096
496 0.024604701316096402
594 0.05164521819737011
628 0.024604701316096402
642 0.03174116051465535
677 0.032608200192704245
887 0.025200694828105136
952 0.01472799729068639
1002 0.10009110762640866
1106 0.042019566804925336
1215 0.04330888747648954
1312 0.07446576751221405
1465 0.03437273914700735
1471 0.04304155680285702
1536 0.02194861655261692
1552 0.04564907861771724
1698 0.02891498326510705
1759 0.024825298614430148
1798 0.1291050655053959
1936 0.05097899655681511
1958 0.019970866818069786
2025 0.05349454522752235
2055 0.04924332093143424
2096 0.035113929587621225
2110 0.038153935425202755
2129 0.033668075708490175
2196 0.04663579911657402
2287 0.1250733260545401
2356 0.01472799729068639
2360 0.054639297993181866
2516 0.06866689691705163
2630 0.023829381991246318
2665 0.04472606323366577
2666 0.036893845142294615
2768 0.0699251732898011
2840 0.06579694985636439
3082 0.043581310468006264
3317 0.050524933828828195
3361 0.0359119407076233
3589 0.040836928521411596
3623 0.0444311708351286
3670 0.03186185131213302
3797 0.0444311708351286
3918 0.06487283255704539
4025 0.023215087283824827
4078 0.03496258664490055
4105 0.019865706236719897
4129 0.06866689691705163
4145 0.04733358504852599
4162 0.05875366215753554
4169 0.023215087283824827
4277 0.07707328932707427
4339 0.031983569277681416
4349 0.05524797600679967
4350 0.16334771408564638
4410 0.015633953386289878
4431 0.119465117106486
4547 0.033668075708490175
4624 0.010710439251417788
4772 0.0238930234212972
4787 0.038729923654012906
4788 0.06866689691705163
4827 0.0179102046359527
4861 0.0284445119012181
4872 0.023754840948974076
4972 0.04538993086637631
4988 0.1081717367334483
5001 0.038300936945347024
5042 0.05097899655681511
5069 0.03853533868466156
5129 0.0459704803373322
5146 0.031152527037782922
5271 0.052434669711736444
5351 0.03892719263850335
5389 0.023017818299334386
5515 0.04277913155703
5571 0.0459704803373322
5622 0.02993697326303873
5978 0.16964710162827035
6008 0.011012346992989721
6034 0.030150436548594905
6057 0.01846930285011872
6077 0.06234790447125253
6119 0.03210633204540924
6122 0.03796698146072435
6214 0.023083272759701977
6258 0.022887801270925174
6360 0.01870886916562937
6428 0.10009110762640866
6493 0.05295479156237312
6502 0.04769567463235993
6630 0.10626451946330247
6632 0.05875366215753554
6747 0.026389892656120753
6772 0.029622635892605057
6778 0.019401824232942712
6982 0.029519373533339204
6994 0.03760024919721104
7025 0.04696483591491468
7193 0.02231692294794919
7312 0.04891900877498251
7459 0.04129831610212032
7484 0.011326057518750729
7537 0.00846135400518977
7542 0.016394226690730727
7580 0.030258374982653678
7586 0.06579694985636439
7740 0.05798040494423494
7817 0.1423112463655937
7818 0.041534714453363576
7861 0.029416851412402054
7947 0.05295479156237312
8010 0.06716005456755818
8098 0.021067324980387412
8100 0.03103765272840551
8198 0.6091754860396816
8322 0.06234790447125253
8324 0.029388499120718604
8326 0.04577560254185035
8327 0.031502792086320106
8341 0.05097899655681511
8364 0.08764195787875435
8470 0.08437900227173016
8498 0.055883715096848294
8517 0.19563610359550437
8672 0.04304155680285702
8766 0.04698043686831355
8863 0.04129831610212032
8868 0.06733615141698035
8873 0.1125876728037534
8923 0.04733358504852599
8988 0.07115562318279685
9027 0.02200934604780294
9291 0.061174331782160474
9292 0.16776706954488435
9338 0.04072932848836289
9445 0.00877149638413579
9567 0.073106621221922
9575 0.017416216688662403
9578 0.025049351885384465
9625 0.029315058992458808
9626 0.03496258664490055
9675 0.021239292278266826
9735 0.08437900227173016
9898 0.016684838786770826
9966 0.04884042739801944
10080 0.05798040494423494
10116 0.07022785917524245
10145 0.05798040494423494
10173 0.05654903387609011
10181 0.0459704803373322
10191 0.042268299589556434
10195 0.07630787085040551
10202 0.11750732431507108
10218 0.02550827172825139
10220 0.15730400913520934
10318 0.01783387882693686
10571 0.034812828474149675
10825 0.04629927124575875
10826 0.09017787286689258
10899 0.04663579911657402
11011 0.09207127319733754
11036 0.01141282284832815
11052 0.05193280156444143
11080 0.019657676756178445
11106 0.02550827172825139
11116 0.040611699069312106
11332 0.054276732791764995
11411 0.07226113923076864
11432 0.07707328932707427
11497 0.01528746006858904
11734 0.054639297993181866
11736 0.019761313257695617
11770 0.029416851412402054
11828 0.05592235651496145
11846 0.03760024919721104
11892 0.03760024919721104
11893 0.0204152316547452
11957 0.02348241795745734
12006 0.015136117125868372
12016 0.0444311708351286
12021 0.021239292278266826
12078 0.030587165891080237
12089 0.06073426849837518
12124 0.04806717018471885
12137 0.033945788796100766
12265 0.00913791543466601
