75
107 0.12525192882999034
203 0.3187991025914243
374 0.03497482009079844
495 0.0755277825046456
952 0.03181609494165432
1174 0.08821780513121147
1885 0.15197632672091757
1936 0.11012716545701563
1958 0.08628396410048904
2287 0.20264184962894638
2382 0.10725749632926755
2568 0.12525192882999034
2666 0.07969977564785607
2810 0.13255524267597663
2938 0.07333124917731117
3030 0.19480637510599205
3453 0.09793418638059007
3609 0.06560047556425694
3741 0.19586837276118013
3803 0.1403342036419491
3814 0.0639921760833822
3892 0.10001780830147172
4081 0.04348590414571303
4146 0.11677310664783976
4446 0.06490092833825026
4552 0.05378924384609802
4624 0.01156859094160141
4790 0.07896413734171154
5005 0.04073048300911653
5041 0.08972519429090219
5802 0.05761374310216152
5803 0.12215981542841933
6034 0.0651323552570883
6107 0.13944934061624692
6122 0.08201801392008125
6258 0.04944327758003915
6289 0.08725224688616738
6484 0.09024445608038444
6570 0.08201801392008125
7016 0.10303438291430425
7035 0.06121078669050656
7180 0.1269223545115763
7817 0.15371363927722015
7832 0.13056130252838033
7861 0.063547631015208
7934 0.41834802184874076
8012 0.13056130252838033
8321 0.1784290314700724
8324 0.021162127698307744
8447 0.06583722269363015
8473 0.058471430870430705
8514 0.08631595253078748
8672 0.09298034421436843
8753 0.06583722269363015
9023 0.19480637510599205
9063 0.1733913509134548
9099 0.05237394223357962
9445 0.05684576583562823
9625 0.0633277343630472
9866 0.10727325947451904
10141 0.06729711707194118
10216 0.0824218804449159
10318 0.01926278131157024
10624 0.09726974466025506
10951 0.01727542094234042
10960 0.04861567409912866
10980 0.07214281999859228
11067 0.0383957336867917
11219 0.16014853862863887
11319 0.0774729051670066
11497 0.033024672082643376
11624 0.07651916218805284
11893 0.012600548383432341
12064 0.057914742850807645
12204 0.024654503129513238
