52
434 0.1885252140888919
435 0.04811777724444058
952 0.039467568665234265
1215 0.11605763204303213
1471 0.11534124871475797
1552 0.24465758776161037
1785 0.22611587986707624
2287 0.08379177404127462
2794 0.22611587986707624
2832 0.09619187747830278
3317 0.13539493902926705
3342 0.08704163456383635
3551 0.13307147662270366
3687 0.13307147662270366
3918 0.03476878658950526
4350 0.10943336345636723
4570 0.10027773738406136
4861 0.019056150412933685
4941 0.04714746232443655
4988 0.09662493736481052
6630 0.09492130613142251
6672 0.1644335406920581
6778 0.05199232557088456
6952 0.05351722585832198
6994 0.10075982414522061
7482 0.08226466396964224
7817 0.09534016704567469
8198 0.43531920599781865
8324 0.026251421790357173
8364 0.15657322229061424
8517 0.10485174867511952
8785 0.20653828750331102
9000 0.0772219484564586
9027 0.05897987073693179
9291 0.08196641038524116
9292 0.07492938116819446
9445 0.023505547224445433
9578 0.06712637136219571
9938 0.1885252140888919
10167 0.08108532808337002
10334 0.0767005065056271
10571 0.09329019221801414
10899 0.12497297273780775
11067 0.047629549085595774
11202 0.1278131898338778
11332 0.10908665836078463
11411 0.38728571415774615
11846 0.10075982414522061
11893 0.01563086260129396
11908 0.09211085633174193
12021 0.11383261550755067
12274 0.10707413306570997
