148
8 0.08688090795216065
57 0.0507748149284732
90 0.04182525152073159
203 0.25249835785244434
230 0.027069655239983902
374 0.015829197881901156
587 0.024417405633936004
607 0.07847491416664443
942 0.06302299292216725
979 0.03696389781789546
1184 0.024638775059693478
1416 0.0507748149284732
1543 0.05467541162569293
1632 0.026128556156052828
1684 0.03607119397892062
1736 0.03360630307241071
1971 0.020158855749842712
2006 0.06713577695879776
2044 0.14129975123372202
2147 0.07064987561686101
2154 0.03278354361691601
2287 0.030571116864491092
2310 0.09785929725764167
2356 0.014399595519100306
2568 0.056687570125952734
2620 0.04939833953014853
2624 0.057443585413299136
2704 0.03080034948486757
2841 0.03291735207035136
3019 0.0507748149284732
3111 0.056687570125952734
3112 0.0322607583666624
3454 0.05285015355659561
3591 0.01746624416211674
3643 0.03825477021902385
3658 0.057443585413299136
3725 0.03213305997523296
3803 0.4128386129313365
3878 0.034480517513947546
3918 0.012685262368842274
4118 0.07064987561686101
4143 0.09310020847306397
4146 0.05285015355659561
4200 0.04736827739062339
4410 0.015285350797111063
4624 0.036650670490307645
4772 0.023360261833605726
4861 0.006952565546280848
5005 0.03686828831158684
5041 0.04060858216669943
5051 0.061832781242401595
5250 0.08688090795216065
5389 0.02250457185052303
5502 0.05597034231612138
5515 0.04182525152073159
5687 0.04593287701391305
5810 0.05824282446513533
5998 0.03151149646108362
6013 0.02427174935147041
6079 0.020709433829498664
6107 0.12622630803444493
6162 0.04808601506416196
6227 0.07064987561686101
6251 0.021459210938433303
6436 0.04618270414283476
6445 0.09785929725764167
6452 0.016149736311661667
6484 0.2042179701471528
6664 0.04108262338297457
6679 0.07280534556272109
7035 0.027703292040257933
7083 0.12782863084754997
7150 0.026720065114455224
7237 0.06878272262114579
7259 0.028464452820460198
7272 0.015868865643761474
7425 0.028270243077950168
7537 0.033090738085809014
7542 0.016028671688053987
7589 0.030916390621200798
7817 0.03478450506606658
7934 0.5680183861550021
7952 0.011444886521404022
8006 0.05230173516134861
8012 0.11818106215129431
8056 0.08249753710821972
8071 0.06713577695879776
8252 0.03354259965162201
8324 0.03831093410275523
8339 0.04108262338297457
8346 0.04939833953014853
8364 0.028562578673525216
8473 0.026463491371309638
8659 0.08864775353221604
8672 0.04208182526387718
8719 0.03767608584512475
8795 0.09785929725764167
8866 0.09785929725764167
8873 0.027519304166291416
8966 0.056687570125952734
9091 0.06878272262114579
9099 0.023703838742224273
9148 0.04182525152073159
9151 0.03478450506606658
9193 0.05597034231612138
9444 0.06665327243274567
9445 0.008575911411165111
9470 0.0343309666051921
9506 0.06878272262114579
9546 0.028464452820460198
9578 0.024490806729931078
9658 0.023565393287692527
9796 0.055288115467439045
9814 0.0742408034609479
9849 0.027158435707615367
9865 0.029478148485172065
9875 0.056687570125952734
9898 0.016312803776982448
10141 0.03045789457237224
10298 0.029905139729058852
10428 0.033188872770214733
10619 0.019525560649571824
10653 0.028562578673525216
10897 0.03291735207035136
10968 0.11488717082659827
11067 0.05213239108345581
11170 0.08816710571214305
11213 0.08816710571214305
11217 0.017027873568956593
11268 0.055288115467439045
11319 0.01753166911496061
11424 0.04182525152073159
11634 0.017736018639476693
11893 0.017108586114010813
11929 0.03744691074626475
11957 0.045917623927276614
11960 0.03360630307241071
11962 0.07535472540711864
11991 0.03748839340717366
12064 0.05242308166188631
12083 0.03786633199994499
12098 0.056928905640920395
12129 0.07460637406991096
12157 0.03265100350913694
12177 0.017157947778364397
12193 0.04260954361584999
12204 0.011158342135966854
12265 0.008934160127130351
