258
20 0.06835442326799003
105 0.02650148390167566
106 0.02708760940200757
107 0.043948886958751175
201 0.024243402095486265
203 0.3915151685588631
210 0.01805830726770791
337 0.024151140423394103
374 0.024544203493417432
429 0.03436353058067436
456 0.015462666213711807
464 0.05541449107002069
495 0.02650148390167566
504 0.09162372156033717
515 0.04097380464977947
571 0.02285389570675897
587 0.018930389812925358
632 0.06084023577204955
635 0.039745244520057336
674 0.013821050287238448
677 0.024716869528176373
683 0.04651150230240152
744 0.04077214459139986
787 0.06395890535947704
850 0.05204919995502357
938 0.02448287003788128
952 0.011163755904770194
979 0.02865746693929605
1143 0.027965369182775934
1292 0.05204919995502357
1308 0.024814096018782938
1487 0.03367862825994609
1491 0.06835442326799003
1536 0.016636952927453624
1587 0.02605438214319806
1632 0.02025701504485589
1736 0.02605438214319806
1902 0.03303443791251223
1936 0.15456740318394793
1958 0.10596479247943336
2006 0.05204919995502357
2044 0.0547736195119383
2108 0.08678566542994805
2139 0.03899731480646104
2149 0.050907020210914505
2227 0.023018151592117637
2279 0.07528092219229075
2287 0.04740251015504996
2330 0.04097380464977947
2464 0.023878975140279476
2568 0.043948886958751175
2628 0.06835442326799003
2630 0.00903128234821269
2677 0.019940937814432468
2694 0.03262530705462963
2711 0.06835442326799003
2763 0.0546624609285671
2938 0.025730755691691906
2965 0.048062812904393196
2982 0.06084023577204955
2985 0.06084023577204955
3051 0.05204919995502357
3239 0.014745006221877292
3332 0.019276398366160883
3384 0.06835442326799003
3429 0.10037885146151697
3442 0.014900430834518669
3591 0.013541275249040583
3667 0.04286391410748483
3683 0.08676153590061066
3803 0.24620507284473986
3819 0.024151140423394103
3867 0.03367862825994609
3887 0.018485581529050207
3903 0.0462024447027544
4048 0.011880045519914187
4072 0.04893053036759608
4143 0.0481193146801873
4144 0.04235960545616451
4146 0.16389521859911788
4161 0.039745244520057336
4169 0.03519386412549733
4178 0.027965369182775934
4230 0.03303443791251223
4244 0.02935710846152898
4289 0.02708760940200757
4451 0.03690856641720777
4485 0.03390215537571512
4605 0.06835442326799003
4624 0.024355394778211293
4711 0.06395890535947704
4772 0.01811080461503046
4820 0.08259555822536632
4861 0.021560812473555967
4876 0.036723801423236405
4926 0.02222068326511055
4973 0.06835442326799003
5005 0.02858334255231662
5051 0.023968939814580082
5107 0.06395890535947704
5146 0.023613475804106027
5207 0.05204919995502357
5224 0.01429167127615831
5250 0.03367862825994609
5292 0.04515464859208586
5293 0.03390215537571512
5354 0.029064099245326006
5401 0.023968939814580082
5425 0.014822439987080056
5473 0.020782726824622632
5500 0.03796408754765152
5502 0.043392832714974024
5515 0.032426389895029474
5571 0.03484541796022403
5627 0.024243402095486265
5704 0.045811860780168585
5802 0.040431471299804046
6008 0.025041928921207268
6013 0.018817465031025393
6041 0.029506637467202133
6068 0.01870570444286421
6101 0.06084023577204955
6150 0.022772691723792524
6162 0.02485350063698398
6180 0.020986632792887313
6220 0.06395890535947704
6251 0.016636952927453624
6289 0.03061540984731768
6452 0.03756182884525758
6463 0.04286391410748483
6484 0.1899919675160075
6486 0.05644471786353656
6657 0.018163557424902933
6664 0.031850643218885935
6666 0.017546859543994774
6747 0.04000684059771299
6925 0.04893053036759608
7176 0.012936994190894975
7180 0.0445350124590831
7205 0.0390267251554585
7259 0.044135990185135365
7262 0.010889986784197805
7408 0.037020824963142615
7425 0.021917427657750895
7459 0.03130393842030813
7483 0.023878893321040054
7484 0.017170201624450133
7542 0.02485350063698398
7554 0.02045118168683546
7580 0.022935712555770565
7811 0.050907020210914505
7817 0.02696782165240099
7823 0.03390215537571512
7833 0.0164547523186396
7837 0.03148312731052056
7911 0.024716869528176373
7934 0.48930530367596076
7952 0.008873021420169167
8069 0.050907020210914505
8071 0.10409839991004714
8166 0.017799567514629043
8201 0.02661620117362353
8224 0.016636952927453624
8288 0.0547736195119383
8324 0.014850900368679872
8326 0.034697701465097104
8414 0.03436353058067436
8447 0.1386073341082632
8564 0.048062812904393196
8582 0.032827942506510006
8603 0.029506637467202133
8754 0.022067995092567683
8811 0.03166532791933458
8817 0.037020824963142615
8833 0.07659534656845621
8903 0.045811860780168585
8956 0.032231057024116855
8965 0.04893053036759608
8966 0.08789777391750235
9017 0.02661620117362353
9091 0.1599781448283272
9099 0.01837717381527954
9148 0.032426389895029474
9193 0.043392832714974024
9250 0.06835442326799003
9338 0.030872648360467984
9388 0.03303443791251223
9462 0.06084023577204955
9546 0.022067995092567683
9618 0.023440021207090884
9626 0.05300296780335132
9628 0.032231057024116855
9629 0.06835442326799003
9652 0.036153107499939725
9658 0.018269839462834205
9675 0.08049644154082775
9789 0.03509463999448546
9796 0.08572782821496966
9814 0.028778801700112783
9865 0.04570779141351794
9876 0.043948886958751175
9948 0.050907020210914505
10004 0.018006062920631276
10082 0.05204919995502357
10141 0.04722695160821205
10216 0.02892051196687022
10218 0.019335155588793403
10298 0.023184934590032
10334 0.021695426431355438
10350 0.04651150230240152
10418 0.030449900051711044
10460 0.019755622514881117
10597 0.01837717381527954
10619 0.06055130998824763
10649 0.037326216454862775
10653 0.02214407035941196
10818 0.029506637467202133
10934 0.02892051196687022
10960 0.017058457984357234
10981 0.02112473250805877
10997 0.029812028958922297
11036 0.008650868542981766
11080 0.014900430834518669
11103 0.017596932062748667
11142 0.02605438214319806
11156 0.03460179689794805
11219 0.02809677298603797
11319 0.03397999519205373
11322 0.041877718076614834
11497 0.011587826181742573
11569 0.04651150230240152
11588 0.03936483071482642
11634 0.013750426708231824
11659 0.04651150230240152
11736 0.014978986837953958
11811 0.03864185079598698
11893 0.008842659457538758
11917 0.029968012672161377
11957 0.035599135029258086
11991 0.029064099245326006
12006 0.011473108909794704
12051 0.01837717381527954
12064 0.060964054858990174
12078 0.023184934590032
12083 0.02935710846152898
12088 0.0547736195119383
12089 0.023018151592117637
12098 0.022067995092567683
12137 0.025730755691691906
12176 0.04235960545616451
12180 0.02222068326511055
12181 0.06084023577204955
12204 0.017301737085963532
12205 0.02594542965789851
12229 0.03561096048197845
12256 0.04235960545616451
12265 0.020779496772902195
12286 0.02696782165240099
