342
42 0.05212073022819845
81 0.05212073022819845
106 0.061963480108682224
111 0.0366913170985135
116 0.022272536798468783
132 0.03725657529231483
150 0.023218263723015758
159 0.02122479505551267
163 0.05212073022819845
201 0.018485765222223876
202 0.03603565049750346
215 0.10272076708835039
236 0.015157735532353844
280 0.026024662273216127
327 0.03881696224298407
336 0.02756699965893554
344 0.013738138014041971
373 0.0177430041965237
374 0.009357564205691182
390 0.014833533359673095
392 0.02973572780627241
456 0.011790392132691169
464 0.04225394058947473
496 0.014220949761529348
514 0.033958261354775116
571 0.017426256792853097
587 0.014434555854356369
678 0.022971496269393484
711 0.0120457358580257
736 0.024145036051294724
769 0.008748326527775466
823 0.05212073022819845
902 0.04303949579148678
922 0.03443073827995174
965 0.016160916003994222
1068 0.04829007210258945
1384 0.04303949579148678
1413 0.01539734928945824
1465 0.03973330058316644
1471 0.02487702691806345
1524 0.008946458149749328
1543 0.016160916003994222
1575 0.01595030344373265
1632 0.015446116957816844
1643 0.2778151765203797
1698 0.01671219329533348
1759 0.01434844991106707
1844 0.033958261354775116
1877 0.057850351233477565
1887 0.029202246207081946
1894 0.02778171551826896
1902 0.025188992085088957
1926 0.06316050756185707
1929 0.014609506211480716
1958 0.01154270031833989
2041 0.026384114374839868
2049 0.021030289709451533
2080 0.011727769895229945
2091 0.021423987725663392
2102 0.02756699965893554
2105 0.018773310590660727
2113 0.02946468398920859
2129 0.03891874215961967
2133 0.02946468398920859
2134 0.044546583248263195
2161 0.052049324546432255
2172 0.025349503843240067
2174 0.022971496269393484
2181 0.018485765222223876
2224 0.03351133652354808
2262 0.03881696224298407
2266 0.03869599992263487
2278 0.014833533359673095
2287 0.018072374294230854
2298 0.04499803868843373
2373 0.024239986051681248
2428 0.025513194257769704
2502 0.4365667059605966
2503 0.09753823359353181
2578 0.016107757648377293
2617 0.04639110922291932
2630 0.0068864165386985
2663 0.10810695149251036
2666 0.021323791398149546
2677 0.01520510583855706
2698 0.06386411126274356
2806 0.0216280992271467
2900 0.03844860076359561
2901 0.04244959011102534
2967 0.037309874786207654
2984 0.04432316165267433
3097 0.026024662273216127
3133 0.025188992085088957
3178 0.03308734123770495
3239 0.011243171323244382
3289 0.057850351233477565
3300 0.12794274838889727
3317 0.029202246207081946
3332 0.01469838981853354
3361 0.031134409929294504
3367 0.03802911916500655
3523 0.050063075760888635
3551 0.02870111727467261
3559 0.025349503843240067
3561 0.02360280262935925
3571 0.02870111727467261
3591 0.010325317959804046
3624 0.027357720232425824
3668 0.02620243462609266
3683 0.022052094512989832
3687 0.02870111727467261
3693 0.05212073022819845
3721 0.014653828547217803
3723 0.052768228749679735
3862 0.044546583248263195
3887 0.014095386398178958
3918 0.014998000273684498
4027 0.048769116796765904
4044 0.048769116796765904
4048 0.01811723713078656
4059 0.028869111708712737
4081 0.023269434354751664
4169 0.067088924537526
4172 0.08607899158297357
4226 0.02084025614916918
4266 0.037309874786207654
4289 0.020654493369560743
4339 0.018485765222223876
4355 0.03268403706607092
4411 0.03351133652354808
4422 0.04639110922291932
4433 0.04639110922291932
4451 0.00938101413861093
4528 0.04639110922291932
4589 0.027153608730942518
4624 0.0061903868111043234
4762 0.1735510537004327
4855 0.04303949579148678
4861 0.03288054340036365
4972 0.013117166476386962
5042 0.02946468398920859
5120 0.03091861309036808
5138 0.030306029492224336
5181 0.017121200189380997
5224 0.010897500227224776
5252 0.10866038323023944
5292 0.03443073827995174
5297 0.015644116743080517
5368 0.05698719052353917
5370 0.051360383544175194
5377 0.04303949579148678
5380 0.038603833750330385
5389 0.01330376798521437
5399 0.03443073827995174
5400 0.03603565049750346
5401 0.018276485795714163
5423 0.05740223454934522
5473 0.0475409277020304
5480 0.041765271502782586
5490 0.0661746824754099
5667 0.02360280262935925
5694 0.057850351233477565
5777 0.022385002421926033
5807 0.018628287646157416
5845 0.032215515296754586
5875 0.026024662273216127
5998 0.018628287646157416
6008 0.0063648825211051795
6017 0.033958261354775116
6023 0.025349503843240067
6057 0.04269932393614268
6079 0.02448511392287576
6100 0.03968788236005424
6252 0.023344466110432838
6258 0.013228621142121373
6280 0.01643195982105804
6292 0.057850351233477565
6336 0.044546583248263195
6360 0.010813294787910538
6361 0.026954416060791794
6409 0.014137029286304097
6484 0.024145036051294724
6508 0.028947884728294883
6584 0.011634717177375832
6681 0.03443073827995174
6695 0.06886147655990348
6778 0.01121380683122534
6779 0.0406614882176402
6791 0.01439139076509116
6817 0.015348867650124753
6868 0.049450702359584355
6923 0.018995730174513056
6952 0.01154270031833989
6994 0.21732076646047888
7066 0.05212073022819845
7163 0.03001596128054785
7176 0.029593648162773895
7181 0.026024662273216127
7188 0.019147405912784327
7205 0.029758153404978782
7229 0.0472056052587185
7262 0.04151845895491748
7398 0.057850351233477565
7417 0.057850351233477565
7418 0.050377984170177914
7452 0.026384114374839868
7483 0.009103912354393971
7484 0.013092399936184195
7507 0.024026766382489156
7537 0.004890467422321436
7554 0.015594170392870425
7557 0.03193205563137178
7560 0.05390883212158359
7580 0.017488642717736636
7636 0.03968788236005424
7660 0.015157735532353844
7817 0.02056315436495222
7882 0.05212073022819845
7952 0.006765741463965136
7977 0.03546534881155153
8103 0.03351133652354808
8156 0.029043136385295175
8169 0.020295041267937002
8171 0.01293468454453364
8195 0.04639110922291932
8198 0.023472625201802825
8222 0.018846787481666082
8252 0.019828991475602784
8312 0.0177430041965237
8324 0.016985874536468246
8327 0.018207887096535532
8357 0.03351133652354808
8361 0.027357720232425824
8364 0.01688500995512963
8394 0.03546534881155153
8413 0.03001596128054785
8444 0.02056315436495222
8473 0.015644116743080517
8512 0.02822864034949599
8515 0.02939677963706708
8517 0.4070633572873576
8556 0.04048403812955604
8571 0.02360280262935925
8682 0.0472056052587185
8727 0.01978357325249058
8754 0.01682700202717619
8763 0.026024662273216127
8776 0.017614845105153713
8811 0.04829007210258945
8868 0.09729685539904917
8893 0.05513399931787108
8942 0.008303691790983496
8971 0.0406614882176402
8976 0.02846150351756821
8978 0.03158025378092853
8985 0.025513194257769704
8990 0.057850351233477565
9022 0.03493186721236107
9099 0.014012724751222415
9127 0.03881696224298407
9161 0.03493186721236107
9230 0.018773310590660727
9291 0.08839338139009495
9292 0.16160916003994225
9338 0.03362944613207579
9568 0.015544524022548606
9575 0.03019851442821798
9578 0.01447794753305459
9626 0.02020756853833371
9638 0.022499019344216865
9675 0.024551641946742444
9771 0.0406614882176402
9865 0.017426256792853097
9898 0.009643451920737576
9936 0.0366482340956472
10150 0.11680898482832779
10167 0.03497728543547327
10174 0.024725351179792177
10192 0.022272536798468783
10194 0.11570070246695513
10276 0.022731882512289085
10318 0.06699920862089537
10325 0.018207887096535532
10392 0.008946458149749328
10420 0.015110635143890053
10464 0.028947884728294883
10545 0.04303949579148678
10550 0.05212073022819845
10643 0.023869474007384067
10760 0.032109877930166335
10801 0.02675991071473065
10822 0.03546534881155153
10845 0.01539734928945824
10933 0.041765271502782586
10951 0.04159857697788143
10960 0.01300719462185999
10963 0.016943427836504467
10975 0.057850351233477565
10979 0.03460575987625641
10988 0.00979019120271971
11011 0.01330376798521437
11036 0.0065963483270220155
11071 0.019701322864312223
11132 0.028947884728294883
11142 0.01986665029158322
11185 0.0366482340956472
11194 0.06784389288122626
11203 0.041765271502782586
11217 0.03019851442821798
11237 0.021323791398149546
11319 0.015545991711028518
11414 0.048769116796765904
11424 0.049450702359584355
11474 0.03443073827995174
11494 0.04801221360198657
11497 0.07068639405903006
11581 0.05212073022819845
11634 0.010484797423753318
11688 0.057850351233477565
11734 0.03158025378092853
11780 0.023869474007384067
11812 0.019301916875165193
11828 0.032321832007988445
11846 0.02173207664604789
11853 0.057850351233477565
11892 0.02173207664604789
11893 0.011799532943006511
11930 0.01417888302539435
11957 0.02714459173977213
11977 0.02118570500486317
12007 0.023344466110432838
12013 0.057850351233477565
12021 0.024551641946742444
12024 0.01595030344373265
12051 0.02802544950244483
12131 0.03351133652354808
12177 0.010143065945086136
12186 0.024820463993651645
12204 0.013192696654044031
12227 0.025513194257769704
12263 0.03091861309036808
12265 0.015844512963440333
