277
68 0.02086307551478918
103 0.02117713654311185
104 0.020049010249264577
106 0.04786511271423495
107 0.038829901833084754
201 0.02141963058930861
203 0.37062117447218024
337 0.021338115176332228
374 0.021685395880791065
435 0.060126224267222264
456 0.013661638614868956
503 0.03934775785208058
571 0.02019196817498252
587 0.016725456068724217
642 0.04251457533067136
682 0.028140811635815097
720 0.05650923580365053
769 0.010136768494404607
850 0.0459867237739391
887 0.03375417978684354
913 0.025303176697161513
938 0.010815603146620799
942 0.02158477266672065
952 0.019726895303519405
965 0.01872580586354314
979 0.025319563361914935
1118 0.05650923580365053
1136 0.05650923580365053
1162 0.030361008239825214
1184 0.01687708989342177
1224 0.03582568872687294
1422 0.06703174783336197
1543 0.01872580586354314
1548 0.041754848253401186
1622 0.017135272728076547
1895 0.015459036826452338
1896 0.025937713524674524
1902 0.02918672280501441
1905 0.04096889802840255
1933 0.028476916409684132
1936 0.13656402943402493
1958 0.04012390731729608
2052 0.03699997416168374
2074 0.03297861268029662
2091 0.024824176728259126
2100 0.05012136530192949
2174 0.02661728947972086
2219 0.035464211744227675
2287 0.04188126124081245
2373 0.009362366853186426
2525 0.05837344561002882
2568 0.038829901833084754
2630 0.01595871164323724
2677 0.03523659921220733
2681 0.029953372116216417
2705 0.03745161172708628
2756 0.02470807829814535
2763 0.0724434043279604
2822 0.021501845713956566
2938 0.022733743371867957
2940 0.06703174783336197
2942 0.03297861268029662
2951 0.03620134484343577
3019 0.03477977755767363
3030 0.060392781911503435
3085 0.030786767364511997
3112 0.02209800274831087
3279 0.035464211744227675
3319 0.06703174783336197
3350 0.025807398545581613
3383 0.060392781911503435
3420 0.030155021737138826
3429 0.059124757843154484
3453 0.030361008239825214
3609 0.020337092212138898
3643 0.02620378627892273
3683 0.0255519699893677
3697 0.033542187178517625
3725 0.02201053179140743
3755 0.051616546338398864
3759 0.015681274249211296
3803 0.26103374545093283
3814 0.05951548863034136
3819 0.021338115176332228
3827 0.031942142619020036
3867 0.029755880517157482
3876 0.025426765550126813
3965 0.032708791930222046
4046 0.06703174783336197
4048 0.010496306806218016
4072 0.04323130395993347
4081 0.02696251315048272
4146 0.03620134484343577
4149 0.060392781911503435
4169 0.031094627957304166
4178 0.02470807829814535
4289 0.023932556357117475
4381 0.017954404379972703
4448 0.025426765550126813
4451 0.010869869598936408
4582 0.06703174783336197
4624 0.02510500863052231
4676 0.01812698568355453
4711 0.05650923580365053
4759 0.049870269881792
4772 0.016001332775044955
4782 0.05765049164473829
4861 0.01428712345847627
5005 0.1010162907114885
5013 0.02086307551478918
5018 0.08442243490744529
5051 0.02117713654311185
5112 0.023314406194357887
5207 0.0459867237739391
5224 0.012627036338936063
5250 0.08926764155147245
5293 0.029953372116216417
5312 0.018481767102689037
5323 0.03445506838682891
5473 0.036724081007163005
5500 0.033542187178517625
5502 0.03833861449468181
5539 0.03742573328637053
5571 0.030786767364511997
5622 0.020049010249264577
5627 0.02141963058930861
5673 0.08646260791986694
5687 0.031463142650117654
5700 0.022733743371867957
5716 0.053753815989644904
5802 0.026791635184277924
5845 0.018664210775302982
5853 0.11301847160730107
5872 0.06703174783336197
6034 0.02019196817498252
6068 0.01652694112405694
6069 0.060392781911503435
6074 0.02086307551478918
6079 0.014185566268433921
6107 0.08646260791986694
6122 0.025426765550126813
6150 0.02012022249709989
6162 0.010979333684245139
6180 0.018542196345487785
6220 0.05650923580365053
6230 0.02292341299971871
6261 0.06703174783336197
6289 0.027049453153768378
6396 0.03742573328637053
6409 0.016380709226947666
6436 0.047451404186180005
6452 0.01106226063700922
6484 0.11190832439276302
6657 0.032095882310309125
6664 0.028140811635815097
6666 0.015503073700403994
6679 0.099740539763584
6757 0.03742573328637053
7119 0.060392781911503435
7176 0.011430146454428294
7180 0.03934775785208058
7254 0.024941699714516243
7259 0.019497606023598565
7262 0.009621566029439366
7272 0.010869869598936408
7356 0.030571522278976006
7372 0.060392781911503435
7483 0.042195156587648684
7537 0.005666630747275692
7581 0.049870269881792
7588 0.04246465464873147
7660 0.01756341118533353
7739 0.025426765550126813
7746 0.053753815989644904
7817 0.04765344198125847
7832 0.04047588414592784
7850 0.04497758041654033
7854 0.024824176728259126
7858 0.08995516083308067
7934 0.5620069514791352
7941 0.04406469920822905
8012 0.08095176829185569
8051 0.03297861268029662
8071 0.0459867237739391
8098 0.02821788366814352
8127 0.05650923580365053
8156 0.01682627808612543
8171 0.01498754102968206
8324 0.03280282183198364
8326 0.030656256277614858
8364 0.0586944610711926
8385 0.02292341299971871
8430 0.05650923580365053
8447 0.10205243615954923
8495 0.029953372116216417
8515 0.01703116297247705
8659 0.030361008239825214
8708 0.017954404379972703
8714 0.030361008239825214
8766 0.031463142650117654
8786 0.02470807829814535
8828 0.02175281212091107
8873 0.01885019726401506
8956 0.056953832819368264
8966 0.15531960733233902
8986 0.01756341118533353
9017 0.023516055815280296
9042 0.029372709293726488
9071 0.05650923580365053
9091 0.047114850067786374
9099 0.016236676389246987
9139 0.027657784757787972
9141 0.060392781911503435
9148 0.028649497713265956
9193 0.03833861449468181
9319 0.03742573328637053
9338 0.042863432206027195
9445 0.0058743353699035605
9546 0.019497606023598565
9567 0.024480019828474826
9575 0.011663767870799181
9619 0.06703174783336197
9626 0.046829400676243325
9656 0.01687708989342177
9658 0.016141843899571386
9814 0.025426765550126813
9818 0.03477977755767363
9849 0.018603009268588308
9865 0.02019196817498252
9866 0.03325625540157939
9922 0.024824176728259126
9948 0.04497758041654033
9989 0.04323130395993347
10018 0.03787130214554829
10141 0.02086307551478918
10218 0.03416615279221632
10220 0.03511588233154266
10280 0.029755880517157482
10298 0.020484449014201274
10318 0.005971739631855933
10321 0.022547756883155884
10428 0.022733743371867957
10460 0.01745456906847933
10490 0.023314406194357887
10619 0.06687317886216014
10649 0.03297861268029662
10653 0.019564820357064198
10697 0.060392781911503435
10749 0.01111794685905524
10794 0.026759188418958416
10818 0.026069826008363512
10848 0.022186279900510614
10909 0.02311691459529895
10951 0.010711258590305684
10960 0.030143118280928315
11036 0.007643251047749583
11106 0.01708307639610816
11319 0.03602657456607308
11497 0.01023812397156324
11524 0.035464211744227675
11698 0.03699997416168374
11736 0.013234296218302865
11780 0.027657784757787972
11854 0.05650923580365053
11893 0.0019531757368616257
11899 0.041754848253401186
11949 0.04047588414592784
11957 0.01572634728868341
11993 0.03169964857282328
12021 0.014224109592930651
12064 0.10772642627983622
12098 0.03899521204719713
12180 0.0196325097074274
12204 0.015286502095499166
12225 0.030786767364511997
12232 0.08297335427336391
12286 0.023826720990629234
