492
68 0.01638262074328181
90 0.022496867980430088
103 0.03325847104072098
159 0.019311815181246184
193 0.02135704955125789
195 0.03334514758437504
201 0.05045895809902408
210 0.012528540977481416
214 0.019966234433690597
236 0.013791576616001163
326 0.038269681004199606
332 0.04053162258558622
343 0.028559683021489694
344 0.006249963346353327
435 0.00944276051914931
450 0.014279841510744847
456 0.010727730147001463
457 0.023064766084975392
464 0.019222807315902785
493 0.03916569447598878
495 0.05515881230240312
496 0.02587844573086816
513 0.023365649280684454
571 0.031711274441456425
576 0.06275149561780004
587 0.013133576750853207
593 0.05205702265032055
628 0.01293922286543408
667 0.03531840937796103
674 0.019177610870000063
677 0.03429627241669197
769 0.03183937740886934
814 0.03460157419185287
878 0.025896282827423945
913 0.019869186934399683
932 0.02680904715853218
938 0.008492895706355995
952 0.030980882369993305
958 0.014900981607822763
965 0.014704340947109398
975 0.18000489958913066
979 0.009941027238522587
983 0.02680904715853218
1012 0.028426916374163436
1055 0.023213703166538254
1057 0.020064550563640118
1058 0.03699668917413345
1059 0.025082400142024865
1070 0.06669029516875008
1106 0.022097424903192615
1111 0.032268875143236044
1122 0.017352340883440183
1143 0.019401889034379862
1159 0.028426916374163436
1231 0.052636328797009004
1232 0.022775458231053678
1294 0.03916036814703365
1308 0.034431180528909026
1353 0.02236134941597117
1356 0.021968856356331355
1362 0.056129423478638314
1363 0.023365649280684454
1374 0.01688421169556743
1413 0.11207675286622078
1419 0.04437358135465883
1423 0.028426916374163436
1457 0.04220990238175864
1524 0.0162802369457828
1542 0.023365649280684454
1553 0.030515962163615826
1571 0.03049097697889049
1575 0.04353813236611051
1622 0.02691076627104032
1632 0.014053966371741082
1664 0.015912400334252324
1684 0.038803778068759724
1698 0.03041186379879004
1702 0.019222807315902785
1709 0.025684407497058283
1736 0.01807607930715252
1744 0.030897620704683472
1745 0.05361809431706436
1746 0.051368814994116566
1759 0.013055231491996258
1814 0.02580189516523089
1895 0.012139127675814994
1905 0.03217061253474963
1916 0.0679046197869999
1952 0.029388360984227688
1955 0.03699668917413345
1958 0.010502362668627765
1971 0.01084299794864241
1974 0.026570262758883075
1980 0.029388360984227688
1985 0.032268875143236044
2049 0.038269681004199606
2080 0.010670752019630893
2086 0.016202825484000462
2091 0.019493054718370033
2092 0.04053162258558622
2107 0.04248088274590452
2130 0.049412535851990444
2146 0.029388360984227688
2214 0.04742311558938383
2243 0.01763353538507377
2266 0.011736116443133795
2278 0.02699318923717516
2292 0.03278777583122154
2356 0.030980882369993305
2363 0.029388360984227688
2364 0.1266297071452759
2373 0.029406998082617236
2376 0.032268875143236044
2382 0.026110462983992517
2395 0.04437358135465883
2400 0.04437358135465883
2464 0.03313363917339348
2480 0.12293571516399944
2578 0.014655973726774496
2629 0.08620182519534983
2677 0.01383467746084244
2679 0.03615215861430504
2701 0.01531039297921891
2702 0.04742311558938383
2709 0.03800098903884673
2748 0.020164168931813265
2757 0.03975793925179548
2760 0.04053162258558622
2763 0.09480967284488656
2768 0.018386270767467707
2829 0.027848086469958486
2841 0.017705507961499486
2853 0.01822957599894399
2933 0.02079128841983159
2938 0.017851552877350203
3000 0.03531840937796103
3070 0.06265502705465113
3085 0.024175147776602502
3089 0.018546299716182008
3108 0.04437358135465883
3148 0.027310638110817805
3164 0.03699668917413345
3197 0.029388360984227688
3206 0.04437358135465883
3239 0.020459660135958666
3269 0.027076066326626822
3270 0.013252646417265158
3286 0.02489198296271066
3290 0.04437358135465883
3295 0.02757456262359636
3351 0.028733941731783275
3361 0.03777104207659724
3362 0.019678769755085476
3390 0.022496867980430088
3448 0.030897620704683472
3481 0.02611430031970038
3508 0.04742311558938383
3524 0.03460157419185287
3540 0.030897620704683472
3574 0.0739933783482669
3580 0.023213703166538254
3581 0.02291872116912467
3591 0.028184107069935793
3597 0.017352340883440183
3604 0.022228229536540318
3605 0.019966234433690597
3661 0.013292758922169433
3698 0.03394715493940846
3750 0.027848086469958486
3775 0.03699668917413345
3805 0.017283654772804902
3814 0.031156150424412807
3826 0.06337684062563254
3830 0.019585339027608305
3876 0.03993246886738119
3903 0.032054456330654145
3933 0.011834862852945088
3939 0.07357508516661412
3945 0.07222166782461731
3965 0.025684407497058283
4023 0.03800098903884673
4025 0.012208446847082922
4048 0.05769518949526482
4059 0.013133576750853207
4081 0.03175825828629541
4120 0.025684407497058283
4156 0.02068306961979876
4169 0.04883378738833169
4178 0.038803778068759724
4200 0.025478337706804688
4212 0.08106324517117244
4216 0.03916036814703365
4230 0.06875616350737401
4263 0.031327513527325566
4289 0.037585828986521366
4317 0.019966234433690597
4320 0.011736116443133795
4356 0.010149959474801882
4381 0.014098601973620995
4410 0.008221648559524418
4451 0.025606524461180825
4466 0.04742311558938383
4468 0.04437358135465883
4519 0.03460157419185287
4624 0.005632450428086503
4658 0.029388360984227688
4679 0.03394715493940846
4782 0.0679046197869999
4809 0.036110833912308654
4826 0.03460157419185287
4861 0.02243777768687491
4876 0.025478337706804688
4905 0.036772541534935414
4926 0.015416325390165358
4931 0.01568787390445001
4972 0.011934923000720798
4988 0.018961934568977313
5001 0.010070928167832944
5005 0.009915314130257919
5013 0.01638262074328181
5026 0.04053162258558622
5035 0.019966234433690597
5051 0.03325847104072098
5112 0.0183075153165329
5181 0.015578075212206404
5183 0.025082400142024865
5192 0.04742311558938383
5224 0.009915314130257919
5297 0.014234120538079915
5312 0.029025421577407003
5337 0.04914786222984543
5354 0.04032833786362653
5399 0.031327513527325566
5401 0.01662923552036049
5406 0.03916036814703365
5473 0.01441869610401949
5627 0.03363930539934939
5777 0.02036745365377296
5793 0.03278777583122154
5802 0.021037991163155963
5882 0.1955599352949515
6001 0.019401889034379862
6010 0.014465556547460292
6013 0.013055231491996258
6057 0.05827628370937628
6068 0.012977693930602083
6079 0.02227828318405937
6125 0.017562245023428492
6162 0.008621464253217255
6209 0.02874425163996624
6251 0.011542429941080984
6252 0.02124044137295226
6266 0.03460157419185287
6279 0.021595833950906997
6281 0.015912400334252324
6287 0.036110833912308654
6299 0.06356695193301652
6360 0.00983869808392913
6398 0.01650491737024515
6409 0.012862866099527337
6410 0.010392161769007306
6452 0.02605974662522642
6628 0.06270326133622559
6638 0.013965482094190141
6650 0.03800098903884673
6747 0.013878026726910204
6768 0.04742311558938383
6772 0.015578075212206404
6778 0.05101556091270085
6794 0.3949824825764247
6817 0.027930964188380283
6899 0.027848086469958486
6922 0.052636328797009004
6923 0.05185096431841471
6932 0.012528540977481416
7025 0.012349031815803303
7099 0.03334514758437504
7176 0.017950925238258978
7205 0.027076066326626822
7206 0.02112561354187751
7212 0.032268875143236044
7215 0.02705566193561086
7220 0.012420322177448585
7244 0.03800098903884673
7272 0.017071016307453883
7277 0.022097424903192615
7312 0.012862866099527337
7315 0.04437358135465883
7376 0.02079128841983159
7423 0.036110833912308654
7425 0.01520593189939502
7448 0.04437358135465883
7482 0.016143836343632704
7483 0.008283381410962394
7537 0.013349076317970948
7542 0.008621464253217255
7547 0.023213703166538254
7561 0.21204234267624253
7571 0.03531840937796103
7602 0.031327513527325566
7655 0.029738241596496556
7660 0.027583153232002326
7698 0.028426916374163436
7798 0.028733941731783275
7826 0.19887682412873353
7833 0.022832044625470605
7835 0.02618860421781543
7861 0.015469856412173572
7911 0.017148136208345984
7952 0.07387138394003176
7971 0.02434805370972499
7973 0.15790898639102702
8064 0.03178347596650826
8098 0.011078972656393427
8156 0.013212746711796204
8166 0.12349031815803303
8177 0.04053162258558622
8215 0.04053162258558622
8224 0.023084859882161968
8252 0.03608362932181891
8280 0.04053162258558622
8324 0.025758243984780157
8349 0.03278777583122154
8352 0.016819652699674694
8387 0.030897620704683472
8412 0.01777817593590468
8421 0.03049097697889049
8447 0.09616336899196244
8473 0.02846824107615983
8488 0.052636328797009004
8491 0.03394715493940846
8515 0.013373631495381904
8558 0.025684407497058283
8586 0.017851552877350203
8633 0.06504912378608477
8727 0.018000489958913065
8771 0.04742311558938383
8811 0.04393771271266271
8836 0.02135704955125789
8853 0.03460157419185287
8867 0.020164168931813265
8868 0.017705507961499486
8870 0.03394715493940846
8873 0.014802018642625217
8890 0.027131199223059763
8942 0.007555284315824505
8949 0.04225122708375502
8953 0.04437358135465883
8974 0.026570262758883075
9017 0.018465859624890342
9049 0.02705566193561086
9109 0.05222860063940076
9143 0.06789430987881692
9144 0.032268875143236044
9148 0.022496867980430088
9149 0.03800098903884673
9160 0.020164168931813265
9188 0.03916036814703365
9222 0.04220990238175864
9267 0.05160379033046178
9270 0.02680904715853218
9273 0.032880179620657826
9278 0.026570262758883075
9338 0.06425672700106708
9368 0.04053162258558622
9388 0.06875616350737401
9393 0.028733941731783275
9422 0.04437358135465883
9445 0.00461279107271393
9575 0.0274767378370738
9578 0.013173057559842521
9580 0.018627609446931395
9595 0.0263388267495027
9618 0.016262280946521192
9631 0.02367907283251553
9637 0.07653936200839921
9638 0.040942388578866194
9664 0.011542429941080984
9675 0.02233881507131325
9709 0.04437358135465883
9731 0.0263388267495027
9771 0.03699668917413345
9798 0.045550916462107356
9804 0.01822957599894399
9813 0.02367907283251553
9821 0.013212746711796204
9842 0.027848086469958486
9865 0.015855637220728212
9921 0.019678769755085476
9987 0.016262280946521192
9989 0.03394715493940846
10005 0.028426916374163436
10012 0.028426916374163436
10023 0.028131934376749854
10064 0.025478337706804688
10108 0.03278777583122154
10116 0.018465859624890342
10135 0.02236134941597117
10142 0.025896282827423945
10183 0.043191667901813995
10184 0.022496867980430088
10192 0.0202651244991795
10236 0.03916036814703365
10237 0.022775458231053678
10254 0.029054035862181762
10276 0.02068306961979876
10280 0.023365649280684454
10318 0.06096060436825898
10321 0.07082203184599795
10325 0.049700458760090216
10334 0.015051911291554313
10364 0.01568787390445001
10385 0.030897620704683472
10392 0.0244203554186742
10410 0.028426916374163436
10429 0.02384082265455658
10457 0.06453775028647209
10460 0.08223665348388709
10476 0.038269681004199606
10515 0.04978396592542132
10560 0.04136613923959752
10571 0.0183075153165329
10597 0.012749765068332
10619 0.06301417601176659
10631 0.03278777583122154
10670 0.03178347596650826
10683 0.03278777583122154
10692 0.04742311558938383
10709 0.05361809431706436
10749 0.01746061904504435
10760 0.01460791556427045
10780 0.20007088550625024
10818 0.061413582868299295
10845 0.08405756464966559
10862 0.019869186934399683
10897 0.017705507961499486
10951 0.021027399225464885
10981 0.07327986863387248
11011 0.03631411863426835
11036 0.012003645682268726
11067 0.018693898654776765
11099 0.02611430031970038
11103 0.012208446847082922
11104 0.029738241596496556
11110 0.028131934376749854
11123 0.03278777583122154
11129 0.025478337706804688
11145 0.03389865930151797
11179 0.024006127700885872
11202 0.025082400142024865
11217 0.0274767378370738
11257 0.02112561354187751
11300 0.02699318923717516
11319 0.004714946488251909
11385 0.027848086469958486
11494 0.021842448727985676
11497 0.008039433209639972
11508 0.03278777583122154
11524 0.027848086469958486
11569 0.032268875143236044
11607 0.024175147776602502
11629 0.009564266826473218
11678 0.03699668917413345
11704 0.04220990238175864
11736 0.010392161769007306
11770 0.030939712824347144
11812 0.017562245023428492
11861 0.018152436073059264
11875 0.01345538313552016
11883 0.04053162258558622
11893 0.024539536230352255
11917 0.02079128841983159
11921 0.02036745365377296
11926 0.032268875143236044
11974 0.0873697949119427
12004 0.013706108913981182
12024 0.014512710788703502
12051 0.012749765068332
12064 0.014098601973620995
12089 0.015969595110579188
12101 0.03699668917413345
12109 0.07304416112917496
12113 0.019134840502099803
12138 0.030832650780330716
12176 0.029388360984227688
12186 0.011291704162619964
12204 0.01800546852340309
12265 0.014416455150050828
12291 0.019134840502099803
12303 0.14114918252269287
12304 0.048255918802124445
12341 0.03010519617033585
