93
105 0.056132667587520224
106 0.057374137234909285
132 0.10349146916739219
203 0.059233316071021544
344 0.019080928340062475
374 0.02599348061052047
1062 0.22589930078969056
1465 0.11037132693915958
1471 0.06910350841608946
1632 0.08581257532951922
1933 0.0682684492929381
2287 0.10040303234413338
2365 0.13547105464453585
2382 0.07971436719130638
2502 0.11024516401087175
2578 0.0894883918311585
2698 0.08870099639854033
2704 0.05057794419561599
2768 0.056132667587520224
2853 0.055654283718083904
3133 0.06997008654924333
3239 0.03123132787202993
3317 0.08111812047260884
3361 0.05765686190892207
3548 0.06186874497382511
3741 0.07278523143742212
3918 0.02083075364171669
4001 0.07380591481467152
4081 0.03231896556745772
4169 0.03727197849385303
4339 0.0513498352041516
4350 0.06556396290896459
4355 0.18157970708525734
4433 0.257730830711927
4554 0.066304723767421
4588 0.1288654153559635
4624 0.01719568212507675
4670 0.09851579282969158
4861 0.01141696370649695
4972 0.07287383874140335
5226 0.09851579282969158
5368 0.052766417960945486
5409 0.16069694527819992
5781 0.12374168346335566
5842 0.06838520119128863
6360 0.03003721505158868
6409 0.039269898508461576
7035 0.0909843935073156
7176 0.027401786148785114
7262 0.023066029451702243
7580 0.048580024181007445
7817 0.057120415369572596
8198 0.3912141330689438
8252 0.05508105465456281
8283 0.09308792940236447
8324 0.04718343264456484
8394 0.09851579282969158
8517 0.3769140933230978
8556 0.03748557626838313
8571 0.06556396290896459
8625 0.057120415369572596
8868 0.2702716079406256
8873 0.09038013228445381
8942 0.023066029451702243
9291 0.24553950095948732
9292 0.044891859415999096
9338 0.03736640590486174
9445 0.014082696334129608
9575 0.05592370564261433
9626 0.056132667587520224
9658 0.1160917814167894
9821 0.04033807227530051
9825 0.09191015354111924
10195 0.12251279896025609
10318 0.057264824376749665
10643 0.066304723767421
10816 0.10192129261529578
11011 0.03695526181484425
11021 0.05450019181477276
11080 0.031560532008246836
11142 0.05518566346957979
11319 0.014394573389307348
11332 0.021785414724035994
11497 0.07363235932768941
11734 0.0877237597611812
11828 0.044891859415999096
11846 0.06036745252379122
11892 0.06036745252379122
11893 0.014047196350247029
12016 0.07133454307438558
12021 0.03409982634748871
12204 0.018323363705525453
12265 0.014670984579791992
