707
11 0.02175578838408419
15 0.01220421469857548
36 0.011937533277725348
51 0.017316155627557922
69 0.012113161037474056
71 0.02175578838408419
73 0.012913583342920202
81 0.02325093525876239
90 0.02205984210177031
95 0.019872126092049143
103 0.03261238943762424
104 0.007718774074540883
111 0.008183955162189087
119 0.013780952945711824
141 0.015359471426312376
154 0.02325093525876239
158 0.01919981791959297
178 0.05844422252392265
201 0.008246456419715921
203 0.009512493226763962
210 0.018427740872810735
215 0.011455873195007031
233 0.025806905723253608
236 0.013523660393442776
262 0.07687451499086617
277 0.02069496479427117
301 0.04351157676816838
303 0.02370551950621436
320 0.014244814969275751
325 0.04351157676816838
326 0.018763125626468258
327 0.017316155627557922
330 0.015547624398937766
337 0.016430146742897906
343 0.007001220108491615
344 0.006128551080192211
352 0.009093008939443956
373 0.03957556235907533
374 0.016697549598683616
390 0.039703226216641505
410 0.02175578838408419
411 0.013937346460844676
429 0.01168884450478453
433 0.02069496479427117
435 0.018518649461646712
450 0.007001220108491615
456 0.005259666220184869
460 0.02325093525876239
464 0.018849383590215818
479 0.009053570211482141
486 0.025806905723253608
493 0.006400809783077876
496 0.01268786453204918
508 0.015583023865288727
522 0.06388869753472544
523 0.07742071716976083
524 0.10088333721709682
525 0.03555827925932154
533 0.025806905723253608
547 0.0065370384749527345
571 0.03886906099734442
587 0.012878442884019823
594 0.013315900969455723
628 0.01903179679807377
634 0.0145802721199609
646 0.012696609827925854
660 0.025806905723253608
674 0.014103798850446943
686 0.025806905723253608
693 0.025806905723253608
703 0.02325093525876239
711 0.005373574455938488
744 0.013868751266305771
747 0.02069496479427117
751 0.025806905723253608
753 0.025806905723253608
769 0.011707823710215793
854 0.011097583241254129
862 0.01168884450478453
867 0.025806905723253608
887 0.012995199493981842
920 0.025806905723253608
929 0.014760185163066701
937 0.0173615594091622
938 0.004163956032279533
942 0.01662007067614257
946 0.025806905723253608
952 0.018986903361672584
956 0.007185632829902899
965 0.00720934664740891
978 0.04607841427893713
1023 0.01757742765400745
1029 0.008183955162189087
1059 0.012297573758885339
1070 0.01634869109805476
1073 0.28016797330435333
1100 0.014760185163066701
1106 0.010834079318156645
1151 0.01813899432977995
1167 0.02325093525876239
1205 0.026580902602191706
1232 0.044666040873739786
1258 0.017316155627557922
1274 0.025393219655851708
1293 0.01919981791959297
1317 0.03839963583918594
1330 0.016643847455101748
1352 0.012491696784561631
1353 0.010963478065656658
1355 0.016075418994639098
1373 0.019971793940747773
1374 0.008278108853665426
1375 0.02325093525876239
1416 0.013390049782647868
1432 0.025806905723253608
1466 0.025806905723253608
1524 0.015963975817246626
1542 0.022911746390014063
1558 0.02325093525876239
1571 0.014949328463592171
1575 0.014230785758531051
1638 0.011609540675973362
1698 0.0670974313629906
1702 0.009424691795107909
1704 0.01351944853014788
1729 0.01893666238195692
1742 0.007480789186949887
1745 0.013144126278613376
1772 0.019872126092049143
1781 0.01813899432977995
1814 0.006325166393901542
1818 0.010193697630106332
1838 0.012113161037474056
1858 0.027307107411490703
1863 0.02325093525876239
1905 0.007886415938555928
1909 0.02175578838408419
1918 0.011609540675973362
1926 0.028175753981221057
1929 0.006517266385148387
1939 0.02175578838408419
1971 0.005316180520438341
2033 0.025806905723253608
2042 0.014697899060856537
2068 0.015583023865288727
2080 0.010463461174460958
2086 0.007944034078221876
2110 0.009837387534609731
2111 0.02069496479427117
2139 0.013265038288388502
2151 0.017704671044914768
2153 0.037262778918260644
2221 0.02325093525876239
2244 0.025806905723253608
2246 0.013265038288388502
2278 0.026468817477761003
2285 0.019872126092049143
2289 0.013653553705745352
2308 0.017316155627557922
2336 0.02325093525876239
2337 0.00974160329439412
2356 0.007594761344669034
2370 0.017316155627557922
2373 0.007208933871971771
2382 0.006400809783077876
2512 0.016643847455101748
2526 0.02069496479427117
2541 0.008310035338071285
2550 0.025806905723253608
2565 0.02175578838408419
2582 0.33548977440229694
2596 0.017432815729936654
2605 0.019872126092049143
2607 0.01582100875287972
2610 0.02175578838408419
2629 0.014087876990610529
2630 0.0030720142332066446
2656 0.0060720042435109195
2679 0.00886246600375078
2692 0.02175578838408419
2694 0.03329274972376239
2739 0.012592730115932328
2748 0.009886229121675258
2749 0.025806905723253608
2756 0.009512493226763962
2768 0.009014548832387705
2805 0.017704671044914768
2809 0.11426948845133268
2814 0.015583023865288727
2828 0.005802478950829589
2895 0.006419965597136866
2900 0.008575915218669641
2933 0.010193697630106332
2936 0.029658687365025773
2964 0.02175578838408419
2976 0.012491696784561631
2984 0.009886229121675258
2994 0.025806905723253608
3008 0.013027053400797507
3019 0.013390049782647868
3025 0.025827166685840404
3099 0.051613811446507216
3152 0.016684481319863064
3179 0.014087876990610529
3190 0.015359471426312376
3239 0.010031104606377838
3243 0.01634869109805476
3244 0.01696470068208962
3269 0.006637521147632978
3270 0.012995199493981842
3285 0.01583022494363013
3308 0.011455873195007031
3315 0.015583023865288727
3323 0.01220421469857548
3330 0.019674775069219462
3347 0.010709067823897281
3363 0.012024301655469681
3390 0.011029921050885155
3399 0.034632311255115844
3416 0.07742071716976083
3432 0.016075418994639098
3440 0.01582100875287972
3442 0.005068420390334862
3449 0.03506653351435359
3460 0.015148700580423549
3472 0.015383120065677425
3520 0.0092551223377851
3544 0.009424691795107909
3556 0.02175578838408419
3557 0.015583023865288727
3581 0.011236750169072319
3591 0.03224270052451393
3595 0.009424691795107909
3605 0.009789184417966333
3606 0.015148700580423549
3609 0.01565936853410139
3630 0.013653553705745352
3670 0.008215073371448953
3677 0.011937533277725348
3721 0.013074076949905469
3732 0.014087876990610529
3746 0.017704671044914768
3759 0.0060372163825402605
3765 0.019912563442898934
3782 0.01813899432977995
3797 0.011455873195007031
3803 0.025124189198328033
3805 0.008473950586393934
3877 0.01582100875287972
3891 0.006002753646520882
3894 0.03269738219610952
3903 0.007857941002359073
3918 0.0033452863366223054
3927 0.0145802721199609
3933 0.01740743685248877
3948 0.02175578838408419
3998 0.02175578838408419
4025 0.011971284624543372
4029 0.025806905723253608
4048 0.004041028452126933
4078 0.03605819532955082
4088 0.03269738219610952
4105 0.005122057494762052
4143 0.008183955162189087
4177 0.025806905723253608
4179 0.025806905723253608
4218 0.02325093525876239
4286 0.03071894285262475
4335 0.025806905723253608
4382 0.008310035338071285
4404 0.02175578838408419
4410 0.0120929012783331
4414 0.024983393569123262
4451 0.04184848359633518
4454 0.02175578838408419
4463 0.019872126092049143
4502 0.026813170291221017
4533 0.02069496479427117
4547 0.0086807797045811
4552 0.006419965597136866
4570 0.03859297693633704
4600 0.02276275199270691
4624 0.013807585037806387
4631 0.025806905723253608
4632 0.025806905723253608
4708 0.00886246600375078
4716 0.01696470068208962
4719 0.01582100875287972
4772 0.006160437400477106
4778 0.013937346460844676
4782 0.011097583241254129
4789 0.01696470068208962
4791 0.009512493226763962
4795 0.011937533277725348
4803 0.02082782293370059
4861 0.034836341192899814
4869 0.02205984210177031
4872 0.02449923696035951
4905 0.009014548832387705
4933 0.014408730217598403
4935 0.02325093525876239
4941 0.018145213220407276
4960 0.02325093525876239
4988 0.009296789288615959
5005 0.004861349239663362
5047 0.017316155627557922
5051 0.00815309735940606
5112 0.017951872123256173
5113 0.017316155627557922
5149 0.013390049782647868
5156 0.019872126092049143
5175 0.019872126092049143
5184 0.012491696784561631
5224 0.004861349239663362
5232 0.02175578838408419
5240 0.025806905723253608
5264 0.017704671044914768
5265 0.025806905723253608
5293 0.011531906526119308
5307 0.02325093525876239
5310 0.009093008939443956
5337 0.008032185349630936
5340 0.009173174833931473
5368 0.008473950586393934
5380 0.008610539753943726
5389 0.005934779631204467
5393 0.015583023865288727
5401 0.040765486797030306
5425 0.0050418916002745355
5438 0.015148700580423549
5444 0.013027053400797507
5461 0.16396048795727894
5472 0.019971793940747773
5515 0.011029921050885155
5587 0.039744252184098286
5667 0.01052915478079148
5681 0.010709067823897281
5687 0.012113161037474056
5709 0.04650187051752478
5734 0.02325093525876239
5802 0.006876435179056529
5807 0.01662007067614257
5842 0.016473341515179967
5844 0.015583023865288727
5845 0.014371265659805798
5867 0.06975280577628719
5938 0.01168884450478453
5942 0.21192018183203887
5971 0.022333020436869893
5984 0.027874692921689353
5998 0.008310035338071285
6001 0.009512493226763962
6008 0.0028393591336864916
6013 0.006400809783077876
6057 0.028572102081612365
6066 0.012214246844856369
6079 0.005461375887594542
6134 0.019872126092049143
6141 0.02175578838408419
6142 0.04351157676816838
6143 0.014949328463592171
6150 0.015492380905965728
6154 0.02069496479427117
6180 0.007138657851793344
6186 0.01893666238195692
6209 0.014092931804169416
6216 0.025806905723253608
6249 0.012913583342920202
6250 0.01813899432977995
6251 0.022636411627830928
6258 0.01770377040334058
6287 0.017704671044914768
6360 0.004823785391087968
6410 0.010190282839361377
6415 0.02069496479427117
6416 0.02175578838408419
6436 0.030447610121326067
6452 0.008517835997803732
6459 0.01582100875287972
6584 0.005190219988491643
6616 0.01772493200750156
6623 0.02325093525876239
6638 0.013694187570506665
6666 0.017905830043470263
6667 0.025806905723253608
6673 0.024983393569123262
6698 0.009602436366575928
6705 0.01582100875287972
6732 0.015547624398937766
6772 0.03818863582807555
6775 0.0743601479946057
6776 0.02325093525876239
6778 0.005002452872312722
6791 0.012839931194273731
6804 0.012393357999100952
6828 0.008342240659931532
6869 0.011029921050885155
6906 0.014087876990610529
6952 0.01544751445181124
6961 0.014949328463592171
6995 0.032150837989278196
6998 0.011769891413710301
7016 0.024595147517770678
7017 0.024983393569123262
7025 0.018163707868357512
7026 0.03747509035368489
7042 0.005417213851809039
7043 0.014087876990610529
7048 0.025806905723253608
7054 0.05589416837739097
7082 0.3096828686790433
7099 0.01634869109805476
7101 0.05385521917970086
7150 0.007046465902084708
7163 0.013390049782647868
7164 0.017704671044914768
7176 0.017602209191126088
7185 0.011455873195007031
7206 0.01035761287842898
7208 0.008310035338071285
7256 0.021296232511575145
7262 0.0037042573923191063
7277 0.03250223795446994
7344 0.012297573758885339
7380 0.017316155627557922
7382 0.042836271295589125
7396 0.01911438114596567
7426 0.0145802721199609
7466 0.015583023865288727
7467 0.020604321834948168
7470 0.008407507601165437
7482 0.007915112471815065
7484 0.011680977682593973
7488 0.010471082936306287
7496 0.023063813052238615
7507 0.021436568029295378
7509 0.10622802626948862
7526 0.017704671044914768
7537 0.021816260233430855
7542 0.012680974543488016
7552 0.010190282839361377
7553 0.015583023865288727
7554 0.006956522762272743
7597 0.025806905723253608
7605 0.00946833119097846
7613 0.025806905723253608
7660 0.03380915098360694
7747 0.018631389459130322
7776 0.019872126092049143
7778 0.025806905723253608
7833 0.01679138068474452
7839 0.024226322074948112
7858 0.017316155627557922
7860 0.017704671044914768
7861 0.007584668898943412
7893 0.01813899432977995
7911 0.016815015202330873
7942 0.018631389459130322
7952 0.009054544097949127
7986 0.016815015202330873
8040 0.013937346460844676
8058 0.019872126092049143
8073 0.025806905723253608
8092 0.005968610014490086
8097 0.02325093525876239
8139 0.01634869109805476
8140 0.025806905723253608
8156 0.01295607488324412
8193 0.013653553705745352
8210 0.02175578838408419
8222 0.008407507601165437
8224 0.005659102906957732
8239 0.02276275199270691
8252 0.008845666494449029
8273 0.029520370326133402
8279 0.017316155627557922
8312 0.007915112471815065
8320 0.012592730115932328
8324 0.0025257862366326695
8329 0.009935726320070408
8376 0.01052915478079148
8384 0.014087876990610529
8387 0.015148700580423549
8420 0.025806905723253608
8428 0.04650187051752478
8453 0.01168884450478453
8457 0.013265038288388502
8473 0.006978803711715735
8476 0.012803500961821155
8500 0.018631389459130322
8505 0.025806905723253608
8506 0.025806905723253608
8510 0.029520370326133402
8543 0.013144126278613376
8551 0.07742071716976083
8556 0.00601994475417842
8564 0.01634869109805476
8571 0.01052915478079148
8601 0.014087876990610529
8659 0.01168884450478453
8662 0.012113161037474056
8668 0.01634869109805476
8672 0.022195166482508258
8708 0.006912360726487238
8754 0.015012972113781546
8770 0.02325093525876239
8833 0.026054106801595013
8837 0.021699641860425337
8843 0.016643847455101748
8867 0.009886229121675258
8871 0.01919981791959297
8882 0.04096066111723605
8939 0.014760185163066701
8942 0.01111277217695732
8944 0.010140639363434633
8965 0.016643847455101748
8986 0.006761830196721388
9000 0.0074299265058826655
9022 0.015583023865288727
9027 0.011349522089537793
9037 0.02325093525876239
9040 0.014087876990610529
9076 0.012803500961821155
9095 0.029520370326133402
9115 0.010471082936306287
9124 0.02175578838408419
9149 0.037262778918260644
9199 0.013792720633563538
9267 0.006325166393901542
9273 0.005373574455938488
9320 0.051613811446507216
9332 0.012024301655469681
9338 0.02250302532355632
9349 0.10322762289301443
9351 0.025806905723253608
9358 0.0743601479946057
9386 0.051948466882673766
9389 0.04138992958854234
9390 0.017316155627557922
9424 0.025806905723253608
9434 0.1013531304414099
9444 0.008788713827003724
9445 0.031662278482822714
9483 0.05759945375877891
9485 0.022195166482508258
9504 0.025806905723253608
9522 0.01634869109805476
9567 0.009424691795107909
9575 0.004490495437593486
9580 0.018265748080586622
9581 0.02175578838408419
9582 0.015383120065677425
9610 0.025806905723253608
9618 0.00797318431630026
9625 0.007558423336803943
9652 0.012297573758885339
9654 0.02175578838408419
9664 0.016977308720873198
9675 0.005476214885139715
9701 0.15484143433952166
9729 0.016075418994639098
9750 0.41731464793303197
9795 0.01168884450478453
9813 0.011609540675973362
9814 0.009789184417966333
9821 0.01295607488324412
9823 0.016643847455101748
9832 0.025806905723253608
9840 0.02325093525876239
9849 0.007162070539421782
9865 0.015547624398937766
9890 0.019872126092049143
9898 0.0043019212374493885
9978 0.013653553705745352
10004 0.006124809240089878
10032 0.02175578838408419
10097 0.01813899432977995
10105 0.008407507601165437
10106 0.02276275199270691
10108 0.032150837989278196
10144 0.010302160917474084
10167 0.00780164241393776
10192 0.019871452640140817
10195 0.019674775069219462
10216 0.009837387534609731
10235 0.01813899432977995
10237 0.011166510218434946
10239 0.01351944853014788
10254 0.014244814969275751
10318 0.01609364050097091
10334 0.014759511711158375
10348 0.01351944853014788
10392 0.019954969771558285
10396 0.016075418994639098
10446 0.03839963583918594
10465 0.013265038288388502
10472 0.018631389459130322
10474 0.025806905723253608
10508 0.0776830826887789
10509 0.04957343199640381
10565 0.03392940136417924
10592 0.03839963583918594
10594 0.014087876990610529
10628 0.008645492488756434
10645 0.013792720633563538
10653 0.007532363257218461
10714 0.01813899432977995
10749 0.008560713861767485
10758 0.051613811446507216
10760 0.007162070539421782
10781 0.013792720633563538
10814 0.0725559773191198
10816 0.008183955162189087
10845 0.006868721330616688
10848 0.008541612776762908
10874 0.015148700580423549
10881 0.00797318431630026
10886 0.02325093525876239
10898 0.03696262440286264
10914 0.00844057944539221
10936 0.02325093525876239
10951 0.010309459679635253
10959 0.006934375633152886
10979 0.007718774074540883
10980 0.01722107950788745
10981 0.014371265659805798
10988 0.01746952514507847
10997 0.010140639363434633
11025 0.014408730217598403
11026 0.01696470068208962
11029 0.02069496479427117
11036 0.011770461942826526
11049 0.010771043835940174
11056 0.02276275199270691
11071 0.008788713827003724
11080 0.005068420390334862
11082 0.016643847455101748
11142 0.00886246600375078
11156 0.023539782827420603
11163 0.04359284449769101
11194 0.010088333721709681
11202 0.012297573758885339
11207 0.01634869109805476
11221 0.1731615562755792
11224 0.025806905723253608
11233 0.02703889706029576
11268 0.0145802721199609
11296 0.02325093525876239
11300 0.019851613108320752
11302 0.025806905723253608
11315 0.012024301655469681
11319 0.009246707154045812
11378 0.01919981791959297
11497 0.027591404977497905
11605 0.013265038288388502
11629 0.004689235323662272
11634 0.009354486977967784
11698 0.014244814969275751
11710 0.023219081351946724
11745 0.015148700580423549
11773 0.013265038288388502
11780 0.021296232511575145
11782 0.025806905723253608
11795 0.038410502885463466
11821 0.013937346460844676
11828 0.00720934664740891
11829 0.09599908959796484
11837 0.025806905723253608
11857 0.012696609827925854
11875 0.0065969989166181535
11877 0.023539782827420603
11893 0.009775524412055033
11897 0.02325093525876239
11901 0.025806905723253608
11921 0.019971793940747773
11926 0.01582100875287972
11929 0.004937644773350767
11930 0.006325166393901542
11937 0.01919981791959297
11945 0.00850762649089133
11955 0.017704671044914768
11960 0.00886246600375078
11974 0.010709067823897281
11977 0.023627233028136446
11991 0.04943114560837629
11993 0.01220421469857548
12006 0.00780521580681053
12021 0.005476214885139715
12024 0.007115392879265526
12030 0.07310246076833071
12043 0.017704671044914768
12049 0.019872126092049143
12051 0.012502087156609328
12064 0.013824721452974476
12138 0.022675270010411832
12157 0.008610539753943726
12175 0.009132874040293311
12177 0.00452479787950022
12186 0.0332170519608308
12204 0.017655692914239792
12222 0.025806905723253608
12265 0.030628866643438956
12270 0.09515115721355227
12271 0.08675057532411522
12275 0.006978803711715735
12291 0.009381562813234129
12321 0.025806905723253608
