404
57 0.024618938232667545
68 0.014767971606211424
85 0.04274915689477214
104 0.05676693522657233
106 0.016940710035556666
137 0.02243866249338384
158 0.035300774762874035
186 0.024856850699297477
201 0.015161930278889839
214 0.017998389135671113
236 0.012432297314427984
249 0.04274915689477214
287 0.035300774762874035
326 0.017248936275368266
330 0.02858585374627877
337 0.015104229423450261
343 0.012872439475738866
344 0.011267950675920785
390 0.012166388347211383
456 0.009670419445862081
496 0.011663950406807334
503 0.027852392630975935
505 0.018841103987385907
552 0.021640115938541184
576 0.028283396168802783
628 0.023327900813614667
642 0.030094031001729603
711 0.02963955319811273
712 0.02510341640206235
736 0.01980363532643478
738 0.03183747429935287
769 0.007175332764241231
785 0.02261031241078794
811 0.02680728037336841
836 0.025901962956905004
878 0.023343979909847247
932 0.024166783412180457
937 0.015960476833732494
938 0.015311694583104317
942 0.015278826443526877
952 0.006981862034544429
979 0.008961252921348334
1023 0.016158924452393576
1029 0.015047015500864801
1141 0.038049750991787624
1174 0.019358898241470305
1205 0.009774326607507265
1224 0.025359288639701525
1233 0.04000018066585855
1308 0.015518844768099307
1355 0.029556256602281995
1356 0.01980363532643478
1374 0.01522012642669851
1411 0.03653688020233739
1458 0.04269059031906155
1524 0.007337839309266455
1530 0.02278642126264501
1539 0.04000018066585855
1558 0.04274915689477214
1578 0.04744856279775665
1663 0.02149110313596162
1694 0.04274915689477214
1695 0.08549831378954428
1742 0.013754174922022381
1746 0.023152986727991414
1759 0.0117685253786627
1788 0.04274915689477214
1814 0.011629447484549481
1926 0.025901962956905004
1995 0.021062762212776368
2000 0.046687959819694494
2080 0.009619057006337334
2100 0.017739256590399318
2107 0.01914701194726678
2110 0.018087015359660494
2124 0.038049750991787624
2144 0.028650939185818586
2181 0.015161930278889839
2214 0.04274915689477214
2227 0.01439565322614448
2228 0.024856850699297477
2233 0.030058694542686042
2278 0.024332776694422766
2356 0.006981862034544429
2381 0.019467377509195943
2392 0.07536441594954363
2428 0.02092579170393361
2455 0.01748966486232586
2460 0.02040401049907783
2483 0.02680728037336841
2492 0.02680728037336841
2525 0.041319765473434016
2615 0.04744856279775665
2630 0.011296407389791532
2656 0.011163983692817145
2665 0.021202557053920483
2666 0.01748966486232586
2725 0.038049750991787624
2756 0.01748966486232586
2757 0.03583945006068522
2762 0.038049750991787624
2763 0.03418614343841541
2783 0.023540509890370428
2814 0.028650939185818586
2822 0.01522012642669851
2923 0.04274915689477214
2938 0.03218425551694464
2943 0.031191289428161257
2975 0.034255662505266515
3044 0.035300774762874035
3086 0.04744856279775665
3148 0.024618938232667545
3164 0.03335034508880311
3190 0.028239915793354945
3239 0.009221591731117812
3283 0.025625197606918126
3297 0.04744856279775665
3315 0.2292075134865487
3332 0.012055544304578145
3361 0.034048378807337555
3390 0.020279606832741992
3427 0.035300774762874035
3428 0.02748582716562953
3429 0.06277737511180083
3452 0.04923787646533509
3471 0.02510341640206235
3481 0.023540509890370428
3548 0.03653564199402578
3557 0.028650939185818586
3591 0.042343865436987434
3599 0.016791697232977108
3604 0.02003744503373143
3605 0.05399516740701335
3614 0.04000018066585855
3721 0.03605698613189351
3725 0.015580200929757477
3759 0.011100022750596218
3797 0.021062762212776368
3805 0.015580200929757477
3818 0.029556256602281995
3830 0.01765503427016424
3903 0.028895212088564527
3918 0.03075320817649908
4025 0.011005198693108793
4027 0.04000018066585855
4073 0.034255662505266515
4105 0.009417412118297799
4119 0.04274915689477214
4143 0.015047015500864801
4174 0.02680728037336841
4203 0.029556256602281995
4226 0.017093071719207705
4289 0.016940710035556666
4320 0.021158841081084716
4356 0.009149593076525287
4401 0.04744856279775665
4410 0.007411333899864369
4431 0.011326576847018236
4437 0.04744856279775665
4451 0.023082779739716015
4568 0.02680728037336841
4624 0.020309294660192944
4683 0.02278642126264501
4686 0.03653688020233739
4699 0.02741451127449656
4712 0.017170556100769438
4730 0.04744856279775665
4758 0.03335034508880311
4772 0.011326576847018236
4827 0.016980798585257216
4861 0.016855283666083427
4905 0.016574144570210263
4957 0.030058694542686042
4959 0.03653688020233739
5196 0.01980363532643478
5228 0.04744856279775665
5247 0.04929868028399744
5293 0.021202557053920483
5310 0.033436802560564714
5333 0.04744856279775665
5343 0.030601368859889518
5354 0.018176815475020026
5357 0.058176996140878574
5401 0.014990280361485737
5431 0.025359288639701525
5609 0.032051965500005504
5648 0.20670504209997667
5777 0.01836006472731737
5793 0.029556256602281995
5807 0.015278826443526877
5842 0.010095958910558917
5845 0.03963450181445672
5866 0.038049750991787624
5875 0.04269059031906155
5882 0.032051965500005504
6008 0.01044088831143466
6010 0.013039850687414804
6057 0.0437772094293132
6084 0.01894154744808883
6119 0.03044025285339702
6125 0.01583133369877208
6162 0.015543488589600815
6214 0.010942711526428171
6241 0.04744856279775665
6281 0.01434409549029412
6403 0.021202557053920483
6410 0.00936792423732273
6436 0.011196191874964628
6437 0.05127921515762312
6452 0.02349133293488632
6556 0.03183747429935287
6614 0.04274915689477214
6619 0.029556256602281995
6628 0.05652331196215773
6662 0.038049750991787624
6753 0.1600007226634342
6768 0.04274915689477214
6782 0.04744856279775665
6783 0.0948971255955133
6794 0.08545284927062587
6906 0.025901962956905004
6934 0.015278826443526877
6952 0.009467263884017614
6970 0.04557284252529002
7024 0.04000018066585855
7025 0.011131927795787564
7042 0.01992017287100254
7102 0.014822869149809795
7176 0.008090853056356824
7181 0.021345295159530774
7185 0.021062762212776368
7205 0.01220374276452369
7206 0.019043501393278636
7208 0.015278826443526877
7220 0.022392383749929256
7230 0.01748966486232586
7241 0.03183747429935287
7242 0.04744856279775665
7256 0.09788810372281474
7259 0.013801421173090647
7262 0.08172774747193438
7272 0.03077703965295469
7273 0.034255662505266515
7277 0.019919532329683028
7312 0.0347853577841416
7460 0.061202737719779035
7470 0.030916077786656882
7507 0.029559946721641556
7536 0.01409202892751847
7537 0.0040111364175109574
7552 0.01873584847464546
7561 0.03583945006068522
7616 0.026491883525176743
7739 0.017998389135671113
7788 0.028650939185818586
7812 0.04000018066585855
7833 0.010290874458501218
7835 0.0472149809918058
7861 0.027890336207756425
7879 0.038049750991787624
7901 0.02149110313596162
7952 0.022196906458231577
8064 0.028650939185818586
8092 0.010973883119690313
8166 0.022263855591575128
8171 0.07426273568892704
8177 0.10961064060701217
8252 0.03252727519143749
8291 0.020279606832741992
8321 0.019577620744562946
8324 0.004643909198094486
8329 0.09133910498506446
8335 0.03653688020233739
8367 0.03653688020233739
8373 0.030601368859889518
8374 0.021640115938541184
8380 0.08147262582182527
8390 0.023343979909847247
8391 0.02748582716562953
8393 0.04274915689477214
8402 0.020791533661456838
8407 0.04744856279775665
8411 0.027138068396368356
8455 0.01636335630979185
8514 0.01894154744808883
8515 0.02411108860915629
8603 0.036907161650013794
8651 0.02261031241078794
8672 0.02040401049907783
8719 0.01826782099701289
8723 0.015895597777949143
8836 0.03850425475969911
8843 0.030601368859889518
8888 0.060117389085372085
8890 0.0244571846011219
8922 0.04274915689477214
8942 0.006810645622661198
8944 0.01864457400686273
8956 0.02015744479631296
8966 0.02748582716562953
8981 0.02003744503373143
8986 0.012432297314427984
9027 0.010433612564111513
9036 0.030058694542686042
9049 0.024389092167454773
9099 0.011493165316190726
9119 0.3321399395842966
9240 0.5129898827372658
9265 0.023152986727991414
9267 0.011629447484549481
9268 0.02261031241078794
9300 0.04744856279775665
9332 0.022107874470383895
9338 0.05240713012099268
9354 0.035300774762874035
9445 0.012474481706199572
9580 0.016791697232977108
9582 0.028283396168802783
9586 0.04000018066585855
9595 0.023742907296263153
9600 0.027852392630975935
9602 0.022271251281707902
9636 0.04185158340786722
9637 0.08624468137684134
9638 0.036907161650013794
9656 0.011946483353561741
9821 0.023821032219144403
9825 0.027138068396368356
9865 0.014292926873139385
9878 0.04744856279775665
9888 0.021345295159530774
9922 0.01757184537872338
9961 0.04744856279775665
9981 0.024389092167454773
9987 0.014659492338485788
10013 0.04000018066585855
10051 0.04744856279775665
10063 0.023742907296263153
10065 0.023540509890370428
10103 0.021062762212776368
10318 0.016908433516510148
10325 0.02986803211713172
10334 0.027136830188056744
10360 0.029088498070439287
10392 0.022013517927799365
10420 0.01239366581622319
10491 0.028239915793354945
10509 0.02278642126264501
10510 0.0800003613317171
10554 0.031191289428161257
10648 0.28469137678653994
10709 0.024166783412180457
10749 0.007869861920286225
10760 0.013168178990382005
10794 0.01894154744808883
10814 0.03335034508880311
10845 0.08840179106465813
10848 0.01570460459609331
10860 0.060117389085372085
10899 0.022107874470383895
10934 0.03617403071932099
10960 0.021336869273174373
11036 0.010820582456531665
11059 0.035300774762874035
11062 0.04744856279775665
11142 0.01629452516436505
11202 0.02261031241078794
11217 0.008256222464195207
11244 0.01894154744808883
11249 0.019252127379849555
11260 0.023152986727991414
11315 0.022107874470383895
11401 0.04744856279775665
11448 0.04274915689477214
11552 0.031191289428161257
11557 0.035300774762874035
11577 0.04744856279775665
11624 0.033583394465954215
11629 0.008621625510406083
11634 0.01719915465940416
11663 0.04000018066585855
11812 0.01583133369877208
11861 0.01636335630979185
11880 0.04744856279775665
11893 0.017973273856247435
11929 0.027235052967653266
11930 0.03488834245364845
11977 0.043441017768457296
12020 0.04000018066585855
12021 0.010068565703226909
12029 0.01471351501149886
12051 0.011493165316190726
12072 0.018841103987385907
12124 0.02278642126264501
12138 0.02779382605526535
12175 0.016791697232977108
12177 0.07487361823670782
12191 0.026491883525176743
12200 0.019689686264470253
12204 0.02164116491306333
12256 0.026491883525176743
12265 0.012995588657906149
12304 0.028999920092909363
12317 0.035300774762874035
