157
57 0.05886803222036102
203 0.04182073755205794
232 0.08736584090895685
236 0.059455438082843294
344 0.01347178495633421
374 0.01835228217467474
435 0.020353853624176233
484 0.06489169718277782
517 0.04529243361104816
593 0.03740294013197835
769 0.01715743044501707
887 0.057132111899472274
938 0.018306421697554375
952 0.016694809309944096
1013 0.07974629818286413
1116 0.11345751377213269
1215 0.049092459998145634
1468 0.04050809400405591
1471 0.048789429346326046
1552 0.10349033173429087
1595 0.08286945444823744
1707 0.07783683873032127
1759 0.05628105685386303
1798 0.07317303252504793
1861 0.046549781945372896
1929 0.028652518383223143
2055 0.055819391904597476
2110 0.0432491033081929
2154 0.038009054383691766
2167 0.03357851361078701
2221 0.10222044190904318
2287 0.035443979365094254
2356 0.016694809309944096
2382 0.028140528426931516
2630 0.013505807356756131
2665 0.0506988887988689
2768 0.03963157417119611
2782 0.06489169718277782
2825 0.07612876904586732
2899 0.09564717625122698
2964 0.19129435250245397
3082 0.049401263008171464
3152 0.036675837650376714
3287 0.06955550338805115
3317 0.057272154456685084
3493 0.08441010438813747
3551 0.11257865644841006
3701 0.0641007272468676
3791 0.0864982066163858
3918 0.029414442372845694
3922 0.07612876904586732
3971 0.05677329454715557
3977 0.05036461576341394
4078 0.03963157417119611
4129 0.07783683873032127
4169 0.052630571240294
4350 0.046290389725961896
4431 0.027083754972499378
4624 0.01821110542720236
4700 0.05536269500414223
4772 0.027083754972499378
4787 0.04390201038408154
4820 0.030879327400728858
4861 0.09672918036294811
4872 0.026927119281992422
4941 0.01994340973041973
4951 0.0685092263197746
4988 0.12261724943637815
4995 0.04481558547387653
5146 0.03531271008228337
5297 0.06136324336795948
5370 0.05036461576341394
5389 0.026091672863175836
5515 0.04849195920488544
5842 0.024141139996589758
5938 0.05138885113169271
5978 0.0641007272468676
6008 0.012482962175662613
6068 0.02797339635026896
6077 0.07067399290468379
6111 0.11345751377213269
6232 0.05036461576341394
6493 0.06002650120941557
6638 0.03010257199256053
6778 0.021992790291919948
6879 0.09098337004595365
6932 0.027005247952970823
6952 0.022637824186239153
6994 0.1278644294871191
7002 0.04603508259359557
7193 0.02529717826851688
7205 0.029181206576882335
7459 0.04681339210883032
7483 0.017854814003812086
7586 0.07458363206806128
7817 0.040328957729991136
7861 0.033345248178418434
7946 0.09564717625122698
8043 0.05831843152496163
8171 0.025367817455883734
8198 0.41431574334236015
8207 0.11345751377213269
8224 0.024879687355370564
8237 0.10222044190904318
8324 0.011104369884607964
8364 0.06623058317468256
8476 0.05628932822420503
8517 0.0443523634504308
8650 0.12978339436555564
8651 0.0540650692134448
8672 0.048789429346326046
8727 0.03880002431960198
8844 0.07067399290468379
8870 0.07317303252504793
8873 0.09571717513644941
9000 0.03266493852099202
9003 0.08736584090895685
9017 0.039803127812825655
9202 0.0476309603572715
9291 0.03467184925448968
9292 0.09508554283585974
9338 0.06595488646698439
9433 0.02839450230810659
9445 0.009942863011566081
9567 0.04143472722411872
9575 0.039484039924661624
9626 0.03963157417119611
9735 0.4782358812561349
9898 0.018912972104391003
9938 0.07974629818286413
10138 0.09098337004595365
10220 0.11887384208318855
10318 0.020215457702496952
10334 0.03244436820896757
10429 0.05138885113169271
10571 0.039461816935779374
10597 0.027482096090142457
10825 0.10496437355079076
10899 0.15859096615133428
10988 0.01920076074787233
11011 0.026091672863175836
11084 0.04241755345659876
11103 0.026315285620147
11116 0.04603508259359557
11332 0.04614373322663119
11385 0.06002650120941557
11411 0.08191106476777332
11497 0.017328984086646616
11634 0.020563039337522862
11736 0.022400286341709614
11835 0.11345751377213269
11846 0.04262147649570636
11893 0.03305932938154433
12021 0.024075638219193854
12089 0.06884486812069912
12138 0.033229862155009476
12265 0.020716429078733785
