150
29 0.047951446864530296
41 0.05925633992560687
73 0.06809902086564841
105 0.04753769211299001
117 0.05521863888820555
132 0.043822481712006485
192 0.08477277487353214
237 0.07200121097352563
344 0.03231855301534181
374 0.022013385989206397
435 0.048828503390722304
467 0.08099726755697298
674 0.02479185073826567
711 0.02833722827201888
744 0.03656802131464281
818 0.07349777534592535
958 0.038526479067596466
1029 0.04315760533337889
1083 0.10913367745534211
1205 0.028034564734920248
1287 0.13609119673891037
1465 0.04673569227718683
1622 0.03478888507888385
1623 0.15567393351769918
1684 0.05016357253688894
1704 0.14258803046349602
1729 0.049930686643286426
1788 0.12261243709712624
1794 0.09825153451531629
1861 0.055836015811207736
1971 0.028034564734920248
2002 0.09081434808561986
2030 0.4625220447197109
2036 0.10124910850866466
2042 0.025836168222953856
2186 0.06485053062071357
2356 0.020025263226561597
2399 0.11472786815044879
2450 0.04099474058588844
2575 0.06587422695851433
2630 0.016200086049810606
2705 0.1140541942694981
2788 0.2279507694369776
3239 0.0264492195448499
3270 0.03426470941464546
3361 0.024414251695361152
3442 0.02672801628732436
3520 0.04880634231864816
3557 0.08217615817177382
3580 0.06001901570414122
3597 0.04486446701395111
3648 0.072735099567391
3695 0.0768882059268547
3732 0.07429158922509638
3758 0.13609119673891037
3918 0.03528234077090722
4025 0.031564932048173205
4035 0.09131572640063372
4048 0.06393037631129912
4105 0.02701086839711948
4106 0.05747107422102095
4339 0.04348720203225198
4410 0.021257067451406233
4570 0.1017588949505626
4596 0.04774346905642959
4658 0.07598358981232586
4691 0.10913367745534211
4861 0.03867524055922814
4934 0.145470199134782
5051 0.04299487852860387
5224 0.025636038775289843
5310 0.047951446864530296
5345 0.08477277487353214
5450 0.10913367745534211
5476 0.08946234945411
5477 0.10479448604241785
5532 0.08217615817177382
5609 0.045965463288344846
5802 0.0181312378719645
6008 0.014973193090978344
6074 0.0423572561694236
6158 0.12261243709712624
6183 0.10913367745534211
6747 0.03588162983257135
6778 0.026380140467968015
6952 0.027153852421425446
7193 0.030343722070222345
7262 0.03906836619280725
7418 0.05925633992560687
7470 0.044336495948179726
7484 0.015399736885855322
7537 0.02300935257697208
7636 0.0933645395619872
7872 0.08099726755697298
7971 0.06295187835759603
7984 0.054327838575105133
7988 0.056473638170388
8171 0.03042845309618795
8224 0.05968589146916347
8252 0.023323550527371766
8324 0.013319584894684999
8439 0.07598358981232586
8637 0.11472786815044879
8668 0.08621385920917514
9053 0.06535564316769839
9338 0.04746735124884526
9341 0.02903595277005872
9433 0.03405893247120588
9548 0.07783696675884959
9568 0.10970406394392843
9575 0.023680363101495763
9578 0.03405893247120588
9776 0.0337542932430014
10081 0.047132557882345674
10266 0.05552487733839312
10318 0.012124123559075235
10364 0.040560988631620554
10420 0.03554731088697344
10658 0.08621385920917514
10879 0.0933645395619872
10889 0.10124910850866466
10897 0.045777580283822734
10898 0.06497340729312141
10914 0.04451089837005276
10951 0.010873265633460983
11136 0.06164043276671485
11178 0.2024982170173293
11184 0.13609119673891037
11217 0.023680363101495763
11237 0.05016357253688894
11244 0.10865567715021027
11263 0.2095889720848357
11332 0.07379861903696662
11497 0.020785949772861318
11597 0.09131572640063372
11634 0.024665167946947633
11637 0.06102710987490533
11736 0.026868928061124977
11750 0.057815255589963865
11828 0.07603612951299872
11892 0.05112405119972502
11893 0.011896304306357668
11960 0.04673569227718683
11991 0.05213444675746377
12051 0.032964509986643555
12089 0.04128937864219113
12098 0.039585011924374774
12204 0.015517709379293107
12265 0.012424578733251436
12270 0.029516118886819726
