340
51 0.04285105351613281
111 0.04050449859326582
132 0.02056425090254672
159 0.02343060291785486
170 0.03313539980587744
210 0.015200604709002682
230 0.035331053406996764
335 0.020329255306454085
337 0.04065851061290817
341 0.053837495595639176
343 0.017325419336711594
352 0.022501819749568643
390 0.016375123015804252
400 0.06386250632172746
603 0.09835226212618983
619 0.05426107219396209
628 0.015698876060083047
738 0.04285105351613281
744 0.017160004087992117
769 0.009657505032766113
853 0.04751241804867707
937 0.021481705505740148
943 0.03141939347923481
952 0.018794213439889632
1100 0.036525975969170704
1168 0.05753742877476537
1192 0.12772501264345493
1224 0.03413186059966435
1242 0.028729301093375216
1289 0.05753742877476537
1318 0.06386250632172746
1373 0.02471138598472085
1413 0.016997534074898353
1450 0.023322611621860462
1451 0.04045693814662646
1468 0.022801032063956214
1501 0.06386250632172746
1524 0.019752455359849385
1536 0.02800835551898396
1556 0.053837495595639176
1577 0.03345561364394315
1612 0.5638873854324375
1617 0.04610576873786737
1628 0.04285105351613281
1684 0.023539887553516964
1703 0.04751241804867707
1729 0.02343060291785486
1742 0.018512174681702454
1816 0.028729301093375216
1818 0.07567684630527294
1854 0.03168390933353091
1872 0.029540960957889387
1895 0.014728138068417943
1971 0.01315557222298152
2039 0.05753742877476537
2052 0.03525062616117927
2055 0.03141939347923481
2058 0.05753742877476537
2080 0.012946590005152244
2129 0.021481705505740148
2167 0.01890053788812887
2177 0.026350132750978635
2195 0.030431927420538168
2249 0.036525975969170704
2301 0.08762496973910176
2302 0.03699403538532288
2356 0.009397106719944816
2378 0.030200898422208595
2379 0.08396266613086785
2419 0.06996783486558138
2454 0.030668957838360773
2464 0.020100159809140383
2516 0.04381248486955088
2607 0.03915112033700662
2622 0.02729495780680137
2630 0.022806282608126085
2644 0.01726994708071308
2656 0.04507786561610497
2665 0.028537185407790752
2675 0.04313974393898122
2679 0.021931311613257336
2694 0.02746239659650048
2757 0.04823743799835302
2895 0.06354812125546615
2941 0.06386250632172746
3059 0.03195632233934563
3170 0.03195632233934563
3239 0.012411629046280504
3242 0.05753742877476537
3269 0.01642539949566139
3323 0.030200898422208595
3324 0.04751241804867707
3361 0.06874016867791109
3442 0.012542457925410064
3472 0.019033754239606692
3591 0.01139838686234703
3594 0.049176131063094916
3599 0.022600471067255063
3668 0.028925548614217166
3715 0.03413186059966435
3725 0.020969880259839264
3759 0.01493986817056522
3774 0.04381248486955088
3791 0.024343880291398664
3819 0.04065851061290817
3830 0.023762463417374285
3882 0.05240350585738966
3918 0.0248350234752897
3933 0.014358980214553467
3968 0.05753742877476537
3975 0.028164678257500256
3982 0.04610576873786737
4014 0.029126109610918324
4025 0.014812241502576264
4081 0.012843866691369263
4082 0.04381248486955088
4099 0.028537185407790752
4101 0.01400417775949198
4105 0.025350379673356127
4170 0.02387582087524649
4226 0.023006100424547607
4339 0.020406916694449873
4410 0.029925439051753475
4416 0.03195632233934563
4431 0.015244794422528503
4446 0.01916894423833137
4448 0.02422459548157382
4453 0.048213699747152124
4463 0.09835226212618983
4481 0.049176131063094916
4526 0.04285105351613281
4552 0.015887030313866537
4580 0.07497481464517755
4583 0.03413186059966435
4614 0.051212351227803266
4624 0.0034168644479146363
4652 0.06386250632172746
4676 0.03453989416142616
4699 0.05534707364173465
4712 0.04622077815957827
4795 0.029540960957889387
4802 0.05753742877476537
4820 0.0173812308746722
4861 0.018148843230811708
4872 0.030313255917556077
5034 0.07956138238181051
5048 0.05753742877476537
5064 0.051212351227803266
5069 0.2950467871185542
5089 0.04751241804867707
5241 0.032826042790044516
5401 0.020175887696120304
5556 0.13565268048490522
5563 0.03915112033700662
5601 0.04285105351613281
5609 0.02156987196949061
5622 0.05730329665449009
5684 0.037487407322588776
5761 0.07131251103694365
5807 0.02056425090254672
5833 0.05492479319300096
5842 0.027176934420443742
5964 0.053837495595639176
6013 0.0158396267890287
6041 0.02483725222866456
6082 0.030431927420538168
6119 0.06145573413585967
6150 0.03833788847666274
6162 0.020920467971729854
6177 0.06386250632172746
6199 0.03345561364394315
6209 0.01743738587041218
6251 0.02800835551898396
6279 0.0786052587860845
6281 0.01930616724542142
6289 0.02577056288799391
6290 0.04751241804867707
6373 0.04045693814662646
6398 0.020025055204016533
6520 0.09221153747573474
6548 0.02997557443063581
6646 0.12747010892646737
6698 0.04752492683474857
6732 0.01923729780146277
6851 0.06386250632172746
6872 0.1019760871411739
6906 0.03486226295475286
6923 0.020969880259839264
7002 0.05182408207990967
7025 0.02996562033972117
7042 0.01340559219176656
7102 0.01995056370454751
7262 0.027499983570807567
7282 0.0139271717496708
7312 0.015606234066295228
7397 0.03699403538532288
7413 0.06386250632172746
7484 0.007226520287808511
7488 0.025912041039954835
7492 0.03978069119090526
7510 0.04381248486955088
7521 0.053837495595639176
7537 0.016196142288595262
7580 0.01930616724542142
7620 0.04045693814662646
7795 0.06386250632172746
7835 0.015887030313866537
7862 0.06386250632172746
7952 0.06721990066107786
8051 0.03141939347923481
8088 0.04751241804867707
8098 0.013441875174002933
8100 0.07921352218331923
8108 0.041981333065433925
8171 0.014278934455575203
8178 0.025912041039954835
8215 0.049176131063094916
8220 0.03448975580446236
8224 0.01400417775949198
8229 0.04285105351613281
8230 0.04610576873786737
8272 0.03525062616117927
8320 0.031162329775626666
8397 0.03252683047565694
8412 0.02156987196949061
8510 0.036525975969170704
8515 0.032451869096418146
8556 0.014897127305493175
8571 0.026055747285690774
8586 0.04331779721488521
8657 0.03699403538532288
8714 0.05785109722843433
8746 0.03800898688049301
8753 0.019445485341031805
8754 0.03715152978066584
8775 0.03856219613387905
8805 0.06386250632172746
8879 0.053837495595639176
8950 0.06052766308836091
9027 0.014042925834742665
9151 0.0681006016882991
9175 0.028537185407790752
9184 0.04381248486955088
9338 0.04454930358237233
9423 0.03313539980587744
9445 0.016789795514314487
9485 0.08238718978950144
9549 0.09689838192629528
9613 0.02665433285341619
9614 0.07834785397197092
9620 0.027130536096981045
9650 0.030668957838360773
9653 0.03252683047565694
9656 0.016079145999451004
9664 0.02800835551898396
9675 0.02710319566954124
9720 0.030431927420538168
9726 0.04045693814662646
9789 0.029540960957889387
9804 0.022117545791702813
9860 0.03856219613387905
9898 0.021291314438726783
9901 0.04751241804867707
9920 0.030431927420538168
10053 0.041187340501714964
10083 0.051212351227803266
10103 0.056698062308014524
10105 0.06241637565005682
10106 0.028164678257500256
10110 0.06145573413585967
10133 0.051212351227803266
10183 0.02620175292869483
10231 0.04610576873786737
10266 0.026055747285690774
10298 0.019515950231801096
10312 0.017550743328284383
10318 0.005689397521592009
10334 0.03652430942583482
10364 0.019033754239606692
10392 0.019752455359849385
10418 0.02563124479238352
10446 0.04751241804867707
10464 0.03195632233934563
10476 0.023215883410927285
10509 0.030668957838360773
10628 0.021394382753146514
10632 0.04381248486955088
10643 0.026350132750978635
10646 0.02174880236924882
10649 0.03141939347923481
10680 0.053837495595639176
10682 0.05753742877476537
10724 0.053837495595639176
10750 0.01958696349299273
10760 0.017723464409309136
10766 0.03915112033700662
10813 0.04381248486955088
10845 0.016997534074898353
10848 0.02113731904953837
10925 0.020406916694449873
10951 0.01530725010641751
10959 0.051480012263976346
10960 0.028717960429106935
10988 0.03242293957998276
11036 0.02184564109392893
11071 0.02174880236924882
11145 0.06169275270764016
11161 0.029126109610918324
11266 0.03413186059966435
11300 0.016375123015804252
11319 0.005720541435817317
11499 0.05154112577598782
11624 0.022600471067255063
11736 0.02521716509633764
11875 0.03265024404978068
11893 0.024190792040618126
11908 0.021931311613257336
11929 0.08553185792742991
11957 0.02996562033972117
11960 0.021931311613257336
11977 0.03508117559242335
12006 0.009657505032766113
12021 0.02710319566954124
12024 0.017607954537696504
12049 0.049176131063094916
12051 0.015469011059205178
12060 0.053837495595639176
12073 0.06386250632172746
12087 0.029126109610918324
12089 0.01937556041641612
12103 0.03252683047565694
12177 0.022394388252733967
12186 0.013699977657054427
12192 0.04381248486955088
12204 0.04369128218785786
12205 0.02183960071053815
12229 0.05995114886127162
12265 0.017491169676889348
12291 0.023215883410927285
12296 0.03915112033700662
