225
41 0.04617962558546859
61 0.07890541210717092
76 0.061277785667917736
94 0.10605853346276957
108 0.08505001101958254
113 0.08166839421631573
119 0.0283177625945417
127 0.07656934401975019
150 0.042566638706764644
152 0.05992048388574504
156 0.19110854448235212
201 0.06778085552129073
338 0.0505392878946505
344 0.050372961934075006
390 0.02719469736404272
404 0.050932931989570406
435 0.019026504229869935
455 0.04327162375173991
513 0.14124046373019236
591 0.07890541210717092
630 0.09555427224117606
638 0.0947852568847807
655 0.19110854448235212
674 0.019320774555115362
679 0.04303296613320844
683 0.06501953408231059
942 0.06830343555566062
1178 0.03389042776064537
1205 0.02184788504547414
1444 0.053070899928358166
1465 0.03642203979435303
1702 0.03873261679826531
1729 0.155647845770232
1742 0.030743768308385218
1755 0.06718814802865564
1757 0.08166839421631573
1823 0.16205508382623304
1889 0.08940967332876444
2042 0.020134631612365343
2060 0.10605853346276957
2080 0.06450246451522552
2146 0.11843099768153957
2161 0.09542336237239295
2264 0.10605853346276957
2266 0.023647456556236787
2274 0.047711681186196474
2302 0.06143719321116392
2358 0.04905963102185264
2455 0.03909345397794245
2464 0.03338098666195703
2705 0.029628222028957173
2714 0.07656934401975019
2781 0.027362151505118414
2828 0.023846423688798177
2844 0.05451527286071708
2853 0.03673132492868625
2936 0.04062939483585676
3101 0.0640414885763955
3102 0.09883244532830306
3170 0.053070899928358166
3175 0.04739262844239035
3201 0.0497814076979892
3300 0.11728036193382736
3314 0.0640414885763955
3330 0.04042867076797688
3361 0.019026504229869935
3369 0.05992048388574504
3472 0.03160997237993859
3559 0.04647389591071402
3591 0.018929670382362238
3624 0.05015561055153516
3661 0.026783982644312886
3670 0.10128435893186338
3678 0.07656934401975019
3680 0.02411584315050393
3721 0.026865239919812354
3918 0.013748109389011696
4048 0.033214795753504556
4382 0.03415171777783031
4397 0.12287438642232784
4450 0.10605853346276957
4552 0.026384105999203305
4556 0.07454574979798902
4676 0.028680760681904328
4872 0.025171103142281548
4877 0.0697197600623633
4931 0.03160997237993859
4941 0.018642826886754598
4944 0.057278254969861886
5035 0.04023057061934391
5224 0.01997866681647424
5235 0.09883244532830306
5236 0.05451527286071708
5297 0.028680760681904328
5298 0.08940967332876444
5354 0.04062939483585676
5368 0.20895215756589564
5380 0.0353866995299355
5389 0.024390139246453845
5411 0.06606508279815665
5802 0.014130028573812793
5807 0.03415171777783031
5845 0.029530765451463457
5998 0.03415171777783031
6008 0.011668902460536564
6058 0.05261849482312563
6091 0.0697197600623633
6162 0.03474329900644106
6258 0.02425237061060522
6260 0.07656934401975019
6295 0.04478833307715879
6360 0.01982429082371297
6398 0.03325625801075742
6410 0.041878963138911235
6446 0.05611195306075418
6584 0.02133022556952931
6778 0.06167567949179346
6815 0.08940967332876444
6892 0.05668388680706211
6932 0.07573241026882166
6952 0.02116152870053684
7176 0.07233972613902163
7256 0.08752103846470187
7262 0.04567011374525105
7353 0.062256551973165784
7367 0.10605853346276957
7470 0.03455229913337609
7482 0.03252870491161492
7484 0.012001316389036926
7542 0.01737164950322053
7554 0.028589192756348934
7566 0.0505392878946505
7589 0.033506750417530026
7631 0.04803759580269063
7955 0.0711641329947222
7968 0.04505656035496961
8171 0.09485395641317522
8220 0.057278254969861886
8225 0.037369501141405886
8239 0.09354798749653673
8291 0.04532962081590946
8322 0.06606508279815665
8324 0.01038021322549845
8329 0.08166562653380002
8369 0.04452477085881919
8380 0.03642203979435303
8408 0.10605853346276957
8476 0.05261849482312563
8682 0.04327162375173991
8754 0.030849374628249368
8763 0.047711681186196474
8800 0.05611195306075418
8819 0.04739262844239035
8823 0.03325625801075742
8836 0.04303296613320844
8879 0.08940967332876444
8890 0.01822249174317708
8942 0.12178696998733612
8944 0.04167494355170281
8963 0.05992048388574504
8980 0.1368023017711548
9291 0.06482154177569502
9338 0.036992235952432555
9341 0.02262828634239054
9389 0.08505001101958254
9448 0.05789688966398388
9496 0.06501953408231059
9575 0.07381828193424794
9600 0.062256551973165784
9776 0.05261076285915926
10004 0.025171103142281548
10063 0.053070899928358166
10318 0.03779426722696418
10452 0.06065987177312869
10461 0.062256551973165784
10509 0.10186586397914081
10611 0.08505001101958254
10646 0.03611894077933119
10658 0.06718814802865564
10679 0.05992048388574504
10723 0.03927714647639568
10781 0.05668388680706211
10794 0.04233874801271635
10816 0.03363356660169976
10820 0.1423282659894444
10825 0.04905963102185264
10896 0.059215498840769785
10898 0.0759525721359622
10951 0.03389499496424921
10960 0.023846423688798177
10985 0.1421213785571648
10987 0.04803759580269063
11036 0.02418650932472458
11067 0.03766690271415597
11104 0.05992048388574504
11112 0.0497814076979892
11142 0.03642203979435303
11156 0.04837067394830546
11158 0.059215498840769785
11215 0.18936826813415747
11217 0.018454570483561986
11332 0.11502541669398765
11375 0.06606508279815665
11429 0.07890541210717092
11497 0.032397795042831815
11634 0.019222048176156865
11637 0.023779810633971745
11780 0.043760519232350935
11893 0.009271022803772476
11930 0.02599451010667761
11935 0.0727608131947593
11957 0.024882438308341977
11984 0.11112164315312628
11991 0.04062939483585676
12006 0.016038531521523038
12051 0.02568988787871122
12137 0.03596963468912049
12138 0.031062821052191342
12177 0.018595543086857923
12186 0.022751996789163894
12195 0.10605853346276957
12204 0.01209325466236229
12265 0.019365434810150427
12270 0.023002489195936504
12286 0.037698958585636246
