46
119 0.09421444435237122
262 0.11679066096604611
674 0.12856213714557319
739 0.317913275621319
1178 0.11275494699389951
1208 0.14901275834365532
1274 0.17360251425415527
2042 0.06698880687573579
2356 0.051922114740222805
2806 0.13192178698688176
3269 0.09075575096509458
4820 0.09603703466361536
5066 0.17080070967690053
5073 0.3528614157160929
5425 0.06893848596334745
5777 0.1365385598702815
5787 0.3528614157160929
5802 0.09402245578692026
6023 0.15462070018772683
6258 0.08068870602603229
6952 0.07040533875201453
7176 0.06016936437012433
7282 0.07695221850129669
7471 0.13450796967427361
7484 0.07985781724916813
7537 0.029829676421310108
7941 0.2319607148596659
8039 0.19262550391160468
8208 0.09332727468788163
8224 0.07737770210989887
8873 0.09922920866756058
9329 0.2717143473659777
9341 0.07528530607872265
9445 0.06184610612178115
9923 0.09421444435237122
10312 0.09697364689210777
10392 0.10913883221294858
10578 0.10783206335726332
10653 0.20598210348287307
11219 0.13067679759888892
11332 0.09567365786794957
11634 0.0639526015582955
11637 0.07911647815410733
11893 0.010281700506521755
12270 0.07653029546671548
12271 0.21566412671452664
