56
237 0.11273552500369013
576 0.06350815890771322
674 0.03881771252179603
921 0.11055980916068389
1025 0.2995423891651319
1205 0.21947487624918302
1575 0.05875082554617069
1861 0.17484990798016906
1895 0.04914200956306742
1929 0.053812176914017296
1958 0.042516004483976036
2099 0.07641827894847138
2181 0.0680898624587037
2903 0.21308408991041566
2984 0.0816292413212424
3049 0.1023302614614835
3195 0.18556061768924179
3239 0.1242381875669935
3891 0.049563915621731874
4101 0.04672643848006612
4694 0.3046181522828366
4803 0.08598624225305503
4827 0.03812905806983348
5473 0.05837023225666973
5634 0.26546507071669356
6807 0.09585838905857987
7205 0.05480510403578119
7272 0.034553720375787064
7338 0.12682105423556297
7481 0.12866689613994933
7484 0.048224117324469545
7537 0.018013387606173346
7582 0.21308408991041566
7731 0.29237009327853064
7988 0.08842330791280827
8324 0.041710142805394174
8754 0.06198002840830839
8942 0.030585546508391435
8988 0.07574164962040178
9445 0.03734730024454101
9546 0.06198002840830839
9923 0.05689372154929247
10151 0.21308408991041566
10318 0.018983283977605948
10553 0.11388460728723747
11319 0.019087198981904644
11462 0.341750986050365
11497 0.03254549373073011
11629 0.038718374532519285
11778 0.2732176473362128
11779 0.09718238316246625
11795 0.1057167557929464
11828 0.05952658895590206
11893 0.006208859052264266
11929 0.040769457373664594
12265 0.019453720118093692
