208
104 0.06015224824593715
107 0.058249905241949805
111 0.0318886974664366
132 0.03237996758040276
203 0.07413066485536905
216 0.12329279712218696
374 0.03253091549445975
390 0.051567738099439785
404 0.048290592506235096
479 0.03527714359909466
495 0.03512509719512429
540 0.07743153578015594
566 0.158035178179897
590 0.048290592506235096
628 0.12359533548856319
678 0.03992939762392685
769 0.03041294344738972
952 0.014796454895603108
993 0.09059703109126675
1068 0.08393852397161683
1090 0.07481189387220429
1213 0.0598480230953563
1336 0.05489326840077486
1456 0.07743153578015594
1468 0.07180389721263261
1521 0.050759780148407874
1632 0.053697342003454294
1748 0.09059703109126675
1861 0.04125664068199988
1902 0.04378388194292487
1936 0.15364786025314375
1938 0.09059703109126675
1958 0.1404458576323695
2000 0.0989444203024725
2108 0.05751291030872651
2258 0.05430672773333042
2266 0.02242065484468804
2287 0.2827230362646499
2299 0.053200932169794095
2568 0.058249905241949805
2630 0.011970071995007164
2704 0.031649221071324236
2705 0.028091145370889074
2810 0.06164639856109348
2853 0.03482574780318009
3085 0.04618415697772341
3201 0.141596423745404
3270 0.025317830863379947
3442 0.039498096276684526
3550 0.07481189387220429
3551 0.049888710359641576
3560 0.11805351330628366
3609 0.0305082845521007
3643 0.03930908901827359
3661 0.07618338515258304
3737 0.03237996758040276
3755 0.07743153578015594
3803 0.0652640972534926
3814 0.08928097701735331
3829 0.0637025074143543
3890 0.041026743759936854
3891 0.023389668101291443
3892 0.046514476148116955
3933 0.022609299800816298
4030 0.04149027592881261
4081 0.04044727805008912
4105 0.019958044566372155
4134 0.03992939762392685
4135 0.07743153578015594
4170 0.03759428483729707
4381 0.02693394277185516
4410 0.01570662199038324
4485 0.04493395566506014
4552 0.0250153301936307
4624 0.010760222735505046
4861 0.007144181402721534
5005 0.03788439504129699
5069 0.03871445584084644
5122 0.06898606938885654
5250 0.08927538513828415
5293 0.04493395566506014
5400 0.06263770546234705
5433 0.05972964500928206
5471 0.04523645633480938
5472 0.07781989053177595
5502 0.05751291030872651
5520 0.05430672773333042
5525 0.04271907999091761
5633 0.06485258113648958
5667 0.08205348751987371
5687 0.04719880791513467
5691 0.06747222304444123
5802 0.02679395924425387
5807 0.03237996758040276
5853 0.08477120660791901
6034 0.06058115922606023
6066 0.04759268772824239
6084 0.04014226449647399
6107 0.06485258113648958
6122 0.03814345682023316
6125 0.03355087995897464
6150 0.030182951760759275
6162 0.016470429141855487
6198 0.03482574780318009
6224 0.1684304091403144
6257 0.05374319467863958
6280 0.028562277778553254
6295 0.04246476802288736
6360 0.018795830369417014
6444 0.07259701819806177
6452 0.016594830361340303
6604 0.19455774340946871
6719 0.04586126134203103
6757 0.056143469713438136
6785 0.1196960461907126
6910 0.07743153578015594
6952 0.020063693947481354
7150 0.05491296443003383
7193 0.02242065484468804
7259 0.029248946036525694
7262 0.014433600988825424
7282 0.021929384730721882
7369 0.14519403639612355
7480 0.1274050148287086
7537 0.01700136690990474
7593 0.04554546289151356
7733 0.05751291030872651
7756 0.05168708582537877
7817 0.07148636357086924
7832 0.0607190928841226
7835 0.0250153301936307
7844 0.04719880791513467
7904 0.06263770546234705
7934 0.06485258113648958
8071 0.06898606938885654
8092 0.023256627788794896
8169 0.03527714359909466
8179 0.14962378774440857
8324 0.029525100603065
8326 0.045988373365458274
8327 0.031649221071324236
8364 0.08804932884767662
8378 0.050759780148407874
8385 0.03438810226190099
8427 0.06485258113648958
8719 0.07742891168169289
8753 0.03061838663181407
8868 0.03382456920721016
8873 0.11311099462892552
8925 0.09059703109126675
8939 0.05751291030872651
8956 0.12815723997275286
8957 0.03814345682023316
8966 0.058249905241949805
8992 0.07743153578015594
9042 0.08812577175258766
9091 0.07067840561983732
9099 0.024357127277411534
9148 0.042977974402327326
9183 0.053200932169794095
9193 0.11502582061745302
9338 0.017536561537820152
9438 0.03951289741552153
9472 0.07743153578015594
9503 0.048673768576561166
9546 0.029248946036525694
9567 0.03672321504853078
9568 0.05403944726038641
9575 0.017497169479302195
9580 0.03558615015579884
9620 0.04271907999091761
9626 0.24587568036587004
9656 0.050635661726759894
9670 0.07067840561983732
9859 0.10978653680154972
9966 0.049067443917427116
10141 0.03129732794628516
10195 0.03833127977052037
10460 0.02618412476674596
10612 0.07481189387220429
10615 0.06485258113648958
10649 0.04947221015123625
10653 0.02934977628255887
10862 0.03795805745957713
10881 0.06213486204844427
10950 0.09059703109126675
10951 0.008034140809695684
10960 0.045218599601632596
10980 0.03355087995897464
10981 0.02799874472386241
11011 0.02312480804682552
11106 0.025626837420084127
11217 0.03499433895860439
11219 0.03723949517941995
11319 0.00900742492940387
11330 0.15486307156031187
11332 0.013632254487545209
11501 0.08477120660791901
11634 0.018224831348803722
11727 0.06164639856109348
11893 0.03223019524755504
11921 0.03890994526588797
12006 0.01520647172369486
12051 0.024357127277411534
12064 0.05386788554371032
12066 0.11649981048389961
12098 0.029248946036525694
12265 0.018360779256032814
