161
104 0.030785335310512196
169 0.04599352251376565
230 0.0569432330865444
344 0.01222146795263865
571 0.031004847776404797
627 0.05290589511639682
639 0.06906325436336747
744 0.02765686324979717
836 0.11237536240364474
1068 0.042958919762574724
1142 0.07430889494381086
1205 0.02120290065655823
1353 0.04372641887964073
1384 0.07657599857793579
1543 0.028753549691555323
1632 0.02748177710832688
1854 0.05106511298966533
1887 0.0519567230726796
2094 0.049429310657500385
2098 0.06310005380445352
2110 0.03923515196944367
2133 0.05242365315309429
2154 0.03448143223530123
2181 0.03288992831670369
2227 0.031227686315062248
2233 0.06520464681064501
2294 0.05886909567531076
2298 0.04003032195485169
2356 0.01514536326242064
2358 0.047611312520120845
2406 0.06906325436336747
2455 0.03793935290719379
2679 0.03534680312815234
2701 0.029938651919775527
2731 0.05106511298966533
2748 0.039429950342914556
2901 0.03776321832072678
3005 0.07234504044879303
3269 0.026472897404067514
3272 0.07234504044879303
3279 0.05445543877205117
3300 0.03793935290719379
3313 0.10292751651296315
3361 0.03692962299900844
3369 0.0581515356968402
3397 0.10484730630618858
3442 0.02021474131828075
3495 0.08677015726599249
3574 0.5787603235903442
3581 0.08963265886906319
3591 0.01837083634151412
3661 0.07797983036055765
3690 0.06411473625575415
3759 0.02407865923834211
3890 0.04199417644986953
3977 0.04569027337465857
4059 0.10272801837004462
4143 0.03264065010856975
4152 0.09273335782490645
4169 0.023872962707881033
4170 0.03848077829919734
4356 0.019847701109199353
4410 0.0160769925869586
4638 0.051504162375123
4676 0.027834058913584033
5013 0.06407067155396175
5139 0.05392057756769744
5183 0.0980945751273487
5389 0.02367010346153897
5401 0.03251757774028339
5648 0.04982152222571053
5875 0.04630315631205062
5882 0.17382134535541288
6008 0.02264883572271243
6057 0.01899269095096856
6155 0.11024560760827842
6186 0.03776321832072678
6214 0.023737412788112502
6249 0.051504162375123
6334 0.08677015726599249
6437 0.03707904555792353
6638 0.0819262525548473
6794 0.21626277401032115
6817 0.0819262525548473
6932 0.048997779207440854
6934 0.033143504636122784
6952 0.020536806644876372
7121 0.03848077829919734
7176 0.017551035531080374
7181 0.04630315631205062
7255 0.06310005380445352
7272 0.016690728181810114
7282 0.04489298284102607
7483 0.0161977078653793
7484 0.0232940368017349
7496 0.04599352251376565
7542 0.01685881072198495
7561 0.07774451680781161
7884 0.2603104717979775
7977 0.06310005380445352
8112 0.031227686315062248
8252 0.01763990022552732
8324 0.010073772786520956
8412 0.03476426907108258
8457 0.05290589511639682
8461 0.06215088176073632
8828 0.03340152988915677
8836 0.0417625643846229
8905 0.03848077829919734
8946 0.07061279801902183
8974 0.0519567230726796
8975 0.06310005380445352
8986 0.026968688020732923
8999 0.06411473625575415
9154 0.08253919913684975
9278 0.0519567230726796
9338 0.017950083093417512
9368 0.07925741305142418
9388 0.22408164717265797
9505 0.07925741305142418
9568 0.02765686324979717
9575 0.035819524297934155
9631 0.04630315631205062
9636 0.04539315090182851
9637 0.26192007682444896
9638 0.04003032195485169
9671 0.030041859797256064
9922 0.038117622510313365
9944 0.06041863933096512
9987 0.03180001776181282
10280 0.04569027337465857
10298 0.03145395327315019
10312 0.05657323922228127
10334 0.029433204849597102
10464 0.051504162375123
10560 0.04044463279421518
10749 0.03414330361101255
10845 0.05479001905625273
10951 0.016447180344588846
10960 0.023142439253749373
11001 0.05618768120182237
11080 0.02021474131828075
11225 0.05290589511639682
11244 0.041088840689531156
11332 0.013953710382409848
11494 0.0427117364283401
11607 0.04727320424598024
11824 0.07234504044879303
11861 0.035496114686601854
11875 0.05262255941938695
11893 0.005998218289289118
11929 0.01969315962921778
11930 0.02522711073683348
12006 0.015565048507904702
12007 0.04153454334910605
12177 0.018046573016323748
12200 0.0427117364283401
12204 0.011736242509827919
12265 0.01879373630884844
12303 0.039429950342914556
12304 0.09436185981945057
