81
132 0.06449571452388507
203 0.07382821162661293
216 0.2455795246335123
374 0.03239818930827367
450 0.10867551702637183
478 0.0840852846475542
540 0.15423122998570993
566 0.10492692960354479
642 0.06351718306162213
1213 0.1192076861347175
1471 0.08613038711807673
1663 0.09071927466311322
1958 0.0799273361789612
1995 0.08891114142704534
2287 0.2502840229633122
2337 0.0756063770513405
2356 0.02947217067289261
2455 0.07382821162661293
2620 0.10110536033174625
3136 0.27481842447065696
3550 0.1490133224559843
3560 0.11757185478703051
3643 0.07829741574698092
3803 0.06499781963444407
3878 0.07057251682609891
3890 0.16343741832446623
4030 0.08264199107603411
4081 0.12084675927681868
4134 0.07953297123812156
4624 0.010716321009885317
4872 0.04753577237540041
5122 0.13740921223532848
5224 0.0377298266501721
5293 0.08950125011109042
5425 0.03913104915714512
5691 0.13439387253741197
6013 0.09935572682820765
6063 0.0835960546622997
6107 0.12917596500768633
6180 0.05540443814764974
6436 0.04726190179536283
6471 0.14078007522834218
6719 0.09134829464780236
6757 0.11182880853808604
6785 0.238415372269435
7083 0.08721048727199633
7180 0.11757185478703051
7484 0.06799366410558255
7537 0.03386400261254996
7817 0.21358409728649072
7844 0.09401247340978185
7934 0.12917596500768633
8169 0.07026642559587788
8224 0.08784267953140756
8326 0.09160148146014738
8364 0.11692011659736593
8397 0.10201398449505268
8515 0.05088944146148961
8719 0.07711300160071775
8753 0.06098692713276818
8758 0.18045479012493812
8873 0.05632475079680991
9267 0.049090781141230076
9445 0.03510525340107018
9453 0.15991393597773762
9472 0.15423122998570993
9568 0.053818966230896284
9575 0.03485156200082497
9618 0.061881351713935155
9626 0.13992714697413997
9675 0.04250191215015882
10460 0.052154586993345915
10649 0.09854072691261459
11067 0.035567080699351786
11217 0.03485156200082497
11319 0.03588269848631711
11330 0.15423122998570993
11893 0.017508379636607722
11921 0.0775023852564799
12066 0.2320489821491922
12265 0.018285867247900957
