378
6 0.029679390534883898
25 0.03143994197405826
33 0.04496564076840874
57 0.03231601001730968
68 0.019385154382019935
76 0.03598561451324974
104 0.018628756753202077
105 0.021756024443350598
131 0.08545813288641821
132 0.08022290867874704
159 0.06855359552390522
201 0.03980456721112337
207 0.034000170375854157
210 0.014824716071727135
216 0.03818297061184651
236 0.06527694098815645
246 0.04496564076840874
344 0.029581714977003067
435 0.01117338753820673
450 0.05069096145989026
455 0.0254114269097643
456 0.012693860666557427
478 0.026147342351750622
493 0.015447936073911622
505 0.04946349021548062
545 0.049945944970735436
552 0.02840586368252429
577 0.06228328030185354
619 0.18521746440212097
628 0.03062133180769163
682 0.052294684703501244
683 0.03818297061184651
713 0.06228328030185354
769 0.00941868911223249
811 0.03518853383908652
826 0.024223063446531936
894 0.07636594122369302
937 0.020950494467528953
938 0.010049435740348151
942 0.02005572716968676
952 0.009164730067376451
965 0.017399286952453234
979 0.02352594871777784
1024 0.04796007754116873
1055 0.027468207114924863
1265 0.04094319633475302
1347 0.03848551848841048
1374 0.019978674686191567
1465 0.4277796495221717
1468 0.022237196016965236
1492 0.03143994197405826
1524 0.019264006138900794
1542 0.02764800123496393
1543 0.017399286952453234
1553 0.03610879156194576
1575 0.017172535673572985
1604 0.049945944970735436
1612 0.024997421739871743
1632 0.016629714626558698
1729 0.022851198507968407
1734 0.026619993574068204
1755 0.03945649746420612
1756 0.04496564076840874
1769 0.08993128153681748
1797 0.03172248971313804
1814 0.01526537569795742
1838 0.029234322484414866
1844 0.03656039877765005
1857 0.049945944970735436
1872 0.028810456364759963
1895 0.014363932837499404
1896 0.02410030969000703
1901 0.025698532654705557
1918 0.02801886765703489
1926 0.034000170375854157
1929 0.0157289964717579
1958 0.01242718884222479
1971 0.012830254236615633
1985 0.07636594122369302
1999 0.03143994197405826
2006 0.042729066443209104
2068 0.03760860963961732
2099 0.022336632875471316
2100 0.0232854068789325
2118 0.04179140987560967
2144 0.03760860963961732
2167 0.018433155335490295
2174 0.02473174510774031
2177 0.051397065309411114
2194 0.040581940212345013
2196 0.02901986617352746
2224 0.07215845440807082
2226 0.06228328030185354
2227 0.03779286250814029
2228 0.032628305437290624
2250 0.04796007754116873
2251 0.06228328030185354
2258 0.03363687478048392
2261 0.028605861003634905
2278 0.015970190265202255
2330 0.06727374956096784
2356 0.009164730067376451
2373 0.008699145372956725
2381 0.02555382204757899
2419 0.022745877678173612
2428 0.027468207114924863
2438 0.05611461263629449
2464 0.058809337102957486
2525 0.027119162133088005
2541 0.04011145433937352
2586 0.03656039877765005
2644 0.01684288664474599
2650 0.04295866713880974
2656 0.04396315618170381
2675 0.02103648070407484
2677 0.016370235422428405
2701 0.03623282699421119
2705 0.03479857390490647
2735 0.03818297061184651
2757 0.031363064651833555
2781 0.03213705670281236
2812 0.029910559538476357
2853 0.021570611356745838
2885 0.030391731112090994
2902 0.03518853383908652
2938 0.021123305843977144
3239 0.012104707682434178
3270 0.015681532325916778
3300 0.045915561390079546
3323 0.02945407454449156
3330 0.0237418918729173
3361 0.06704032522924039
3415 0.06228328030185354
3420 0.02801886765703489
3441 0.0311660894054308
3453 0.028210262264812516
3463 0.04796007754116873
3472 0.018563077442181254
3505 0.08755455461035275
3506 0.12282958900425905
3507 0.05250617337253133
3511 0.18684984090556064
3518 0.035622742210050615
3609 0.018896431254070145
3643 0.0730426022832002
3661 0.0157289964717579
3721 0.01577671511825677
3741 0.028210262264812516
3744 0.03760860963961732
3759 0.014570427165077844
3798 0.03879697310284968
3810 0.03607922720403541
3814 0.03686631067098059
3819 0.019826542669670367
3876 0.023625556801308213
3891 0.014487253604075155
3903 0.01896462703796225
3915 0.03143994197405826
3918 0.008073629935651944
3943 0.10501234674506266
4002 0.05611461263629449
4016 0.03760860963961732
4025 0.014445956517209717
4032 0.06228328030185354
4048 0.009752758059824285
4081 0.025052513450322514
4101 0.013657875004111312
4169 0.043337869551629146
4320 0.027774119008255403
4372 0.05611461263629449
4434 0.1043235860075819
4448 0.07087667040392463
4453 0.09404289147729938
4572 0.04796007754116873
4584 0.04094319633475302
4624 0.013329481626717888
4658 0.03477452866919396
4772 0.04460343911554735
4787 0.02410030969000703
4861 0.0752252081795681
4972 0.014122302440613453
5005 0.011732548666860578
5010 0.04016883804141321
5013 0.019385154382019935
5041 0.025845635280728398
5156 0.04796007754116873
5196 0.05199042067045885
5224 0.011732548666860578
5242 0.043777277305176374
5243 0.032951959513886894
5271 0.06525661087458125
5310 0.04389076556763166
5347 0.03760860963961732
5366 0.1390125171209168
5370 0.02764800123496393
5473 0.017061290396926762
5525 0.026459637771731565
5556 0.026459637771731565
5579 0.07215845440807082
5622 0.037257513506404154
5700 0.08449322337590857
5802 0.008297913440835167
5842 0.02650488873277598
6008 0.006852607697236477
6013 0.015447936073911622
6034 0.037523175341181214
6055 0.01611810790164281
6057 0.01149281683131516
6074 0.019385154382019935
6119 0.019978674686191567
6125 0.020780974937336147
6138 0.043777277305176374
6199 0.032628305437290624
6251 0.013657875004111312
6280 0.017691100185602646
6281 0.018828754074312688
6360 0.02328378154676654
6409 0.015220314810549525
6410 0.02459358162676679
6436 0.014696663412842648
6446 0.032951959513886894
6638 0.016525013345390978
6646 0.02486359205627937
6742 0.05250617337253133
6804 0.029910559538476357
6872 0.04972718411255874
6892 0.033287829798647056
6905 0.03231601001730968
6934 0.02005572716968676
6952 0.01242718884222479
6973 0.09592015508233746
6982 0.01836889869352374
7102 0.03891443111018529
7150 0.034012369838011224
7176 0.021240890727843322
7220 0.014696663412842648
7262 0.035759932469259514
7272 0.010099858006957736
7282 0.01358277323985456
7338 0.037069080438858426
7342 0.05250617337253133
7351 0.037069080438858426
7380 0.04179140987560967
7471 0.0237418918729173
7482 0.019102606642940147
7483 0.0098015225996432
7484 0.01409563810180364
7537 0.010530423645734505
7552 0.012296790813383396
7566 0.029679390534883898
7705 0.04796007754116873
7758 0.03172248971313804
7889 0.03363687478048392
7939 0.10823768161210624
7951 0.019313672019799104
7952 0.007284183467604545
7985 0.04094319633475302
7986 0.06087291031851752
7989 0.04179140987560967
8045 0.025698532654705557
8092 0.014404850179693238
8098 0.013109477336001691
8103 0.03607922720403541
8171 0.027851674740983712
8182 0.26253086686265664
8198 0.025271274308499205
8222 0.020290970106172507
8225 0.02194538278381583
8252 0.01067421897918693
8322 0.03879697310284968
8324 0.030479100021860914
8326 0.014242297601211
8361 0.02945407454449156
8412 0.02103648070407484
8429 0.05611461263629449
8432 0.032951959513886894
8437 0.0311660894054308
8439 0.03477452866919396
8444 0.04427771586152263
8466 0.046337505706972267
8495 0.027831502710295098
8512 0.030391731112090994
8514 0.02486359205627937
8535 0.04496564076840874
8571 0.0254114269097643
8582 0.026949642602895205
8727 0.021299539449365804
8774 0.04570239701593681
8800 0.032951959513886894
8828 0.02021186286307686
8871 0.046337505706972267
8890 0.02140245624718017
8912 0.037069080438858426
8950 0.09838483807584672
8957 0.023625556801308213
8972 0.022851198507968407
9033 0.03879697310284968
9042 0.027291973509536202
9077 0.02764800123496393
9099 0.030172970253914303
9267 0.01526537569795742
9338 0.09051596814800576
9485 0.053566583696655665
9546 0.018116413497105594
9549 0.023625556801308213
9563 0.016370235422428405
9568 0.06694264952327698
9578 0.03117471355558309
9580 0.02204159459925346
9600 0.03656039877765005
9613 0.05199042067045885
9614 0.07641042657176059
9618 0.03848551848841048
9656 0.015681532325916778
9658 0.029996740967729744
9675 0.013216486716460878
9857 0.09989188994147087
9865 0.056284763011771814
9898 0.010382405746037522
9923 0.016629714626558698
9996 0.05611461263629449
10021 0.05611461263629449
10022 0.06228328030185354
10140 0.02194538278381583
10153 0.035622742210050615
10181 0.028605861003634905
10191 0.0263021202747132
10216 0.0237418918729173
10318 0.022194828295702296
10383 0.049945944970735436
10392 0.009632003069450397
10485 0.04496564076840874
10536 0.03363687478048392
10547 0.037069080438858426
10576 0.043700399982951665
10619 0.02485437768444958
10628 0.041730662156803405
10687 0.04094319633475302
10723 0.023065654818855807
10760 0.017285189155649576
10808 0.029234322484414866
10844 0.024223063446531936
10881 0.03848551848841048
10899 0.02901986617352746
10909 0.04295866713880974
10951 0.009952482856692141
10969 0.1498378349122063
11011 0.028646405521369624
11036 0.007101810154314561
11080 0.012232301355462815
11093 0.042729066443209104
11217 0.010837517253446553
11234 0.05611461263629449
11319 0.011158161689753737
11523 0.04496564076840874
11764 0.022138857930761317
11780 0.051397065309411114
11818 0.025698532654705557
11893 0.016333331032950864
11945 0.06159780150917539
11957 0.01461230727177709
11960 0.02138898247610858
11965 0.02013345260915414
11977 0.011404556541799187
12006 0.00941868911223249
12024 0.017172535673572985
12051 0.015086485126957152
12064 0.016682530842409348
12068 0.26253086686265664
12087 0.02840586368252429
12120 0.07636594122369302
12132 0.04796007754116873
12154 0.06228328030185354
12175 0.02204159459925346
12177 0.021840607910169424
12204 0.035509050771572806
12265 0.022744851641216993
12286 0.022138857930761317
