293
25 0.034365423649531344
75 0.045680094017716555
104 0.020362159650806202
132 0.021921909441003237
133 0.032693732417903416
169 0.030421219677553804
207 0.03716388090304267
216 0.041735890045739014
234 0.0669874241281246
236 0.017837737530292053
263 0.05242275524320542
344 0.024250716691125045
347 0.05018799718454035
352 0.023987397214003683
390 0.034912427935149586
435 0.012213069498273778
541 0.06807872977697568
552 0.031049024848272606
566 0.1783218207342741
624 0.06807872977697568
642 0.04317861877501467
678 0.027033030115672728
682 0.028580348461478312
711 0.0141755128354138
744 0.01829291314363518
801 0.05064920335402041
903 0.06807872977697568
1095 0.03083522274928462
1164 0.05242275524320542
1213 0.04051835256665046
1278 0.05459340732599795
1329 0.045680094017716555
1364 0.04914968659783256
1374 0.021837687235989448
1465 0.023379223944826968
1487 0.03022064341868943
1543 0.038036575755399676
1725 0.04051835256665046
1726 0.05819395961197907
1736 0.023379223944826968
1759 0.03377072821119623
1811 0.05064920335402041
1818 0.02689101877730708
1838 0.03195457161189718
1861 0.027931601185981224
1887 0.034365423649531344
1894 0.032693732417903416
1958 0.12225183135495224
2011 0.04785074610050908
2020 0.04914968659783256
2100 0.05090422068249992
2108 0.07787486558445539
2110 0.025951071192414545
2144 0.04110808487502021
2194 0.08871616678350834
2227 0.041309482444095186
2268 0.06807872977697568
2287 0.21267706414430768
2356 0.01001750676444827
2362 0.02545211034124996
2429 0.05242275524320542
2540 0.061336068551486815
2586 0.039962338156554
2630 0.008103986936529603
2721 0.057391864579509275
2732 0.045680094017716555
2757 0.03428139290451682
2781 0.035127404794589756
2900 0.02262330172485539
2938 0.02308882614369518
2949 0.04785074610050908
2985 0.05459340732599795
3008 0.034365423649531344
3048 0.03638525714671791
3128 0.057391864579509275
3201 0.09586371483569153
3347 0.028250567594761286
3454 0.036766780709435176
3550 0.20259681341608163
3560 0.039962338156554
3624 0.032194771566738827
3643 0.05322613665545923
3645 0.06807872977697568
3654 0.036766780709435176
3667 0.038462821400366144
3782 0.04785074610050908
3809 0.04785074610050908
3829 0.04312791837220679
3878 0.04797479442800737
3887 0.01658755705442239
3892 0.03149126481620899
3915 0.034365423649531344
3918 0.008824879936392704
4030 0.05617955418486266
4081 0.027383645902282355
4134 0.027033030115672728
4135 0.05242275524320542
4144 0.03801029311427093
4169 0.04737045152432955
4170 0.07635633102374986
4244 0.05268567946247332
4259 0.028749528445925873
4356 0.02625549175350376
4364 0.039962338156554
4373 0.06807872977697568
4381 0.05470451317169864
4382 0.021921909441003237
4451 0.011039648212315456
4479 0.06807872977697568
4589 0.06390914322379436
4624 0.0036424469509896847
4656 0.05459340732599795
4671 0.05459340732599795
4683 0.032693732417903416
4772 0.01625126071263766
4820 0.018528745394783427
4827 0.012181941139191192
4861 0.038694071537081605
4883 0.028414060584652002
4898 0.04475295433975979
4934 0.03638525714671791
4990 0.03801029311427093
5005 0.07694556289412205
5023 0.09570149220101816
5129 0.03126763188878205
5183 0.06488210634948074
5224 0.051297041929414706
5293 0.06084243935510761
5341 0.04312791837220679
5347 0.04110808487502021
5425 0.03990159604961182
5433 0.040438208147843525
5438 0.039962338156554
5500 0.03406608914229338
5515 0.029096979805989534
5525 0.028921702921365953
5667 0.027775956202899736
5691 0.045680094017716555
5700 0.04617765228739036
5755 0.061336068551486815
5998 0.021921909441003237
6008 0.007490241769971487
6034 0.020507350464249154
6055 0.017617895316914156
6058 0.033775691341161596
6088 0.06643935386213026
6125 0.022714641399818967
6162 0.01115082203852304
6198 0.04715550672870903
6209 0.018588607761621176
6224 0.03801029311427093
6230 0.023281458258457444
6251 0.014928738133674272
6252 0.027471943838436538
6257 0.03638525714671791
6294 0.030024119483946312
6295 0.028749528445925873
6352 0.037577883974773484
6396 0.03801029311427093
6436 0.016064185641107027
6444 0.04914968659783256
6452 0.011235044243536827
6490 0.05459340732599795
6508 0.03406608914229338
6557 0.06807872977697568
6584 0.027383645902282355
6604 0.08781308425706308
6616 0.023379223944826968
6622 0.11478372915901855
6628 0.027033030115672728
6631 0.04312791837220679
6657 0.03259719415625385
6681 0.04051835256665046
6719 0.031049024848272606
6757 0.03801029311427093
6785 0.08103670513330093
6804 0.032693732417903416
6816 0.08625583674441357
6825 0.03244105317474037
6900 0.04051835256665046
6952 0.054334147268867664
7016 0.03244105317474037
7262 0.01954369429178224
7362 0.05064920335402041
7392 0.045680094017716555
7443 0.03321967693106513
7444 0.04670499938204286
7459 0.05617955418486266
7481 0.04110808487502021
7484 0.015407235019029249
7507 0.014137439973064748
7536 0.060657312221765285
7537 0.005755138958165147
7554 0.036702674733562625
7558 0.02607991551196877
7691 0.057391864579509275
7756 0.034993228820250154
7817 0.3387842527028913
7832 0.04110808487502021
7833 0.01476524514378355
7835 0.033871794453152144
7854 0.025211910386408312
7901 0.03083522274928462
7952 0.03184790239265581
7972 0.06807872977697568
7986 0.022179041695877085
8006 0.03638525714671791
8031 0.04390654212853154
8118 0.06934852482294017
8171 0.015221634356268976
8225 0.023987397214003683
8244 0.061336068551486815
8252 0.03500236014910278
8307 0.06807872977697568
8324 0.03997821060504287
8326 0.015567541161881571
8364 0.07948162840896299
8376 0.027775956202899736
8385 0.023281458258457444
8413 0.03532300968696718
8438 0.05617955418486266
8455 0.02347798219320056
8582 0.029457302625307834
8651 0.03244105317474037
8672 0.029275472959087587
8705 0.03943639364339228
8719 0.026210489337068016
8725 0.0334937120640623
8753 0.04145856522589534
8819 0.030421219677553804
8843 0.04390654212853154
8868 0.022899934695740188
8870 0.04390654212853154
8956 0.028921702921365953
8957 0.02582391116061666
9027 0.014970044369465895
9081 0.057391864579509275
9103 0.09570149220101816
9153 0.05459340732599795
9169 0.030626018903236144
9182 0.08524218175395601
9218 0.16378022197799386
9330 0.029096979805989534
9338 0.02374523155306334
9472 0.31453653145923255
9474 0.09340999876408572
9548 0.07787486558445539
9568 0.01829291314363518
9626 0.23780419109622025
9632 0.027323427916804508
9656 0.05142208935677524
9664 0.014928738133674272
9671 0.019870407102240747
9675 0.014446278735003492
9869 0.06807872977697568
9923 0.07270842786975158
10018 0.07692564280073229
10192 0.026210489337068016
10330 0.05242275524320542
10392 0.010528259446164707
10521 0.03406608914229338
10649 0.0334937120640623
10808 0.03195457161189718
10959 0.01829291314363518
11174 0.05064920335402041
11187 0.029096979805989534
11219 0.025211910386408312
11319 0.024392853774014865
11330 0.15726826572961627
11588 0.03532300968696718
11634 0.01233858870963893
11643 0.03244105317474037
11656 0.03244105317474037
11727 0.041735890045739014
11811 0.034674262411470085
11813 0.03406608914229338
11828 0.019018287877699838
11893 0.04562470370201318
11929 0.013025528432754053
11977 0.012465748741436812
12001 0.04785074610050908
12064 0.05470451317169864
12066 0.11830918093017684
12078 0.02080439961874258
12137 0.02308882614369518
12157 0.045429282799637934
12175 0.024092561523795755
12201 0.03638525714671791
12204 0.007762632476641963
12265 0.03729188478501827
12275 0.03682022921704626
12286 0.024198875193063664
12293 0.038937432792227694
