40
344 0.04160334600949576
390 0.08984108621926856
921 0.18179529448399448
1726 0.1497520754687107
1759 0.08690311972989301
1936 0.17845641699196135
1958 0.13981951694966988
2100 0.13099319496644896
2227 0.10630279798434807
2287 0.32837255246999403
2337 0.1322607210875075
2401 0.3503776387567559
2456 0.2347578804358761
2586 0.20567231098997188
3097 0.15762151002213295
3892 0.16207463100315758
4081 0.1409341393886835
4134 0.13912964139311906
4589 0.16445911058473886
4624 0.018746412663183006
5005 0.13200405240605145
5525 0.14884998606186894
6055 0.09067320411568223
6249 0.17532635985506717
6396 0.19562581137250562
6616 0.12032476676032634
6657 0.08388323310364156
6952 0.06990975847483494
7272 0.05681724506329596
7817 0.249086455593142
8118 0.17845641699196135
8324 0.06858466699463678
8364 0.10226610197379438
8944 0.13767839173537647
9218 0.28097335560215114
9626 0.12238957929402113
9675 0.07434999226005413
11893 0.020418656080990926
11977 0.0641568904659088
12186 0.0751640688562503
