269
97 0.15698027295474568
104 0.06097461617769437
110 0.02727339271238338
132 0.02188176560460314
216 0.08331892490826348
263 0.05232675765158189
330 0.02046979699637028
344 0.008068769432196423
390 0.06969699120603436
450 0.01843542790466693
495 0.047473743866735064
540 0.10465351530316377
552 0.030992167256681597
563 0.09552624172584846
566 0.17799527427091105
590 0.0326338630051123
628 0.016704674915238985
642 0.021549774614937654
678 0.02698352669347846
769 0.010276244072965113
887 0.01710930806813909
913 0.02565133254300167
938 0.010964419064355179
956 0.01892101861280046
964 0.04467100184003474
979 0.012833972338993697
1020 0.03595217706117743
1090 0.0505564535258765
1278 0.05449343479312544
1413 0.018086535621733697
1431 0.10898686958625088
1468 0.024261853326480384
1481 0.031210373979632316
1543 0.01898346121083366
1632 0.05443146206333459
1726 0.029043696838088762
1736 0.023336411445134448
1812 0.06122374872332666
1814 0.016655261116325128
1936 0.03461076621277963
1958 0.1084692989963323
2100 0.02540550193077704
2108 0.03886612979117946
2110 0.025903549074911082
2228 0.03559905485418221
2266 0.015151451674401925
2287 0.04245752113523841
2337 0.05130266508600334
2356 0.00999916250690213
2360 0.07419165133094817
2362 0.02540550193077704
2382 0.03370888658229657
2435 0.03886612979117946
2572 0.06122374872332666
2586 0.03988915832842636
2630 0.016178293509070466
2670 0.025527639271137294
2677 0.017860716361716666
2757 0.03421861613627818
2810 0.04165946245413174
3049 0.0326338630051123
3109 0.033432377712638656
3128 0.05728676745607772
3168 0.04304894167065302
3175 0.030365511735272875
3201 0.09568816729520804
3239 0.013206819876349588
3269 0.01747774540532951
3270 0.01710930806813909
3323 0.03213581586097825
3377 0.04559644372138067
3429 0.029969138719434706
3442 0.013346030727306063
3478 0.06122374872332666
3483 0.06122374872332666
3550 0.30333872115525906
3591 0.012128661081526547
3596 0.030992167256681597
3643 0.026564333947910728
3695 0.03839238751713449
3802 0.06795406265352785
3814 0.04022292295779551
3819 0.02163171426180532
3826 0.02727339271238338
3878 0.047886942030658984
3887 0.033114363180330814
3890 0.027725092319684345
3892 0.06286719477199294
3983 0.04165946245413174
4081 0.05466700085097804
4134 0.02698352669347846
4143 0.021549774614937654
4169 0.015761235270573794
4205 0.052857060936047875
4244 0.026294600199396116
4364 0.03988915832842636
4429 0.05232498433580109
4431 0.016221501080927694
4446 0.020397064142945717
4448 0.02577662190109151
4453 0.05130266508600334
4485 0.030365511735272875
4502 0.02353457731364197
4552 0.033809767749740906
4589 0.031896055765069355
4658 0.03794068790983353
4772 0.016221501080927694
4827 0.012159633326386681
4861 0.014483705319000785
4934 0.03631862774045181
4941 0.011944874070374622
5005 0.038402329324793844
5027 0.06795406265352785
5077 0.06122374872332666
5078 0.05232675765158189
5122 0.04661947225862757
5132 0.05232675765158189
5224 0.038402329324793844
5247 0.04706915462728394
5293 0.030365511735272875
5323 0.03492914852393053
5341 0.04304894167065302
5401 0.021468520663528112
5425 0.02655235163575869
5473 0.018614690667605883
5480 0.049059682714584635
5525 0.028868740923981
5667 0.08317527695905304
5672 0.037095825665474084
5695 0.04232936878438342
5699 0.06122374872332666
5755 0.06122374872332666
6034 0.06140939098911083
6041 0.026428530468023938
6074 0.021150138352377213
6084 0.02712737807314693
6100 0.04661947225862757
6101 0.05449343479312544
6102 0.06795406265352785
6122 0.02577662190109151
6125 0.022673045896895498
6209 0.018554567933526073
6230 0.023238824789233493
6251 0.014901400331604111
6281 0.020543078782182173
6295 0.028696881737863365
6360 0.012701864307498126
6396 0.03794068790983353
6444 0.09811936542916927
6604 0.043826139595675294
6616 0.023336411445134448
6622 0.05728676745607772
6666 0.015716386273836404
6719 0.030992167256681597
6757 0.07588137581966706
6785 0.04044415455388088
6791 0.016904883874870453
6816 0.08609788334130604
6884 0.06122374872332666
6900 0.04044415455388088
6952 0.05423464949816615
7150 0.018554567933526073
7176 0.011587418102749226
7208 0.04376353120920628
7246 0.05232675765158189
7272 0.011019432189028682
7451 0.05232675765158189
7483 0.010693933871307378
7484 0.00768951049197479
7537 0.011489200066572891
7542 0.011130402431515458
7558 0.02603215745218577
7631 0.0307787566763479
7705 0.05232675765158189
7817 0.19323649385367841
7832 0.041032806932723015
7835 0.016904883874870453
7901 0.0307787566763479
7952 0.00794739547015574
7986 0.022138426993779787
8006 0.03631862774045181
8098 0.014303072027167314
8117 0.041032806932723015
8118 0.06922153242555926
8119 0.07190435412235487
8169 0.023839621998340298
8171 0.015193760196812898
8244 0.06122374872332666
8252 0.023292175420874816
8295 0.04044415455388088
8312 0.020841865142119387
8324 0.019952500855486003
8326 0.015539033571006049
8327 0.021387941026541613
8364 0.11900412010625712
8378 0.034302493002521806
8390 0.033432377712638656
8438 0.05607667706832785
8473 0.018376401640638623
8651 0.03238164647320288
8753 0.04138264547701168
8754 0.0197658808571599
8819 0.030365511735272875
8889 0.06122374872332666
8950 0.042937041327056225
9040 0.037095825665474084
9081 0.05728676745607772
9103 0.09552624172584846
9153 0.10898686958625088
9182 0.02836202819200653
9218 0.21797373917250176
9338 0.031602331750615976
9453 0.02712737807314693
9472 0.5232675765158188
9568 0.01825941479740327
9580 0.02404844274614669
9613 0.05672405638401306
9626 0.18989497546694026
9656 0.01710930806813909
9671 0.01983402001770952
9821 0.0170577971222342
9889 0.05232675765158189
9923 0.03628764137555639
10007 0.06795406265352785
10018 0.03839238751713449
10218 0.03463625763189096
10318 0.006053907024810164
10460 0.01769473299455639
10509 0.0326338630051123
10530 0.03238164647320288
10619 0.013558662374541538
10638 0.029588313810250604
10649 0.033432377712638656
10723 0.02516574183486814
10810 0.06122374872332666
10844 0.026428530468023938
10879 0.04661947225862757
10881 0.020994778389483132
10951 0.01085863879237094
10960 0.015278934344118603
10988 0.011500073071200956
11035 0.04165946245413174
11145 0.02188176560460314
11217 0.023648508006649725
11219 0.05033148366973628
11315 0.03166207358693328
11319 0.03043523136903382
11330 0.05232675765158189
11332 0.01842483607298616
11624 0.02404844274614669
11634 0.01231599404068909
11656 0.03238164647320288
11804 0.05728676745607772
11813 0.03400370664258459
11893 0.01980050210327158
11921 0.026294600199396116
11957 0.01594273196669429
11977 0.012442921214508662
12006 0.010276244072965113
12011 0.04304894167065302
12021 0.014419824422176002
12064 0.03640289145306171
12066 0.0393641769353135
12157 0.0680191376906865
12159 0.031896055765069355
12177 0.0119145782875105
12204 0.015496834779442085
12229 0.031896055765069355
12265 0.03101966262016346
