271
26 0.024699723485142808
68 0.022947536808956965
76 0.02129932001990298
79 0.022862918234045064
116 0.028385854599833713
145 0.07372899070822053
220 0.06380428068107366
276 0.1298371547886815
326 0.026802638212541238
343 0.020002122604728372
344 0.00875447623384
450 0.020002122604728372
456 0.015026593503107546
464 0.02692585547608794
496 0.018124285340952458
515 0.039818275725436884
565 0.07372899070822053
634 0.041655080976534635
636 0.042709455802489915
769 0.011149548300504991
826 0.057349003171268106
887 0.018563305361322953
952 0.010848919560854261
956 0.02052898018189071
975 0.025213725714843788
1059 0.07026706038496762
1205 0.015188051926792774
1232 0.06380428068107366
1237 0.062155158654872124
1275 0.03940508724053567
1315 0.062155158654872124
1524 0.022804125324398683
1542 0.06545767070309112
1543 0.02059672932815824
1575 0.020328308287188415
1586 0.03095240250599825
1638 0.03316785537191606
1684 0.027176699610915952
1742 0.04274445316067501
1971 0.015188051926792774
2000 0.10882066661547367
2084 0.039818275725436884
2096 0.0258655803666195
2107 0.029752004754440405
2129 0.04960107445988515
2150 0.06545767070309112
2243 0.024699723485142808
2278 0.03781001912439637
2298 0.028674501585634053
2337 0.02783125518718726
2373 0.020595550050150416
2379 0.04846726966691281
2406 0.04947135821153216
2428 0.03251600072014034
2455 0.054353399221831904
2630 0.026329755835647506
2677 0.019378570452649835
2701 0.08578256481809801
2756 0.08153009883274785
2757 0.09281652680661477
2812 0.03540718079719336
2822 0.0236501275007017
2979 0.04947135821153216
3000 0.04947135821153216
3040 0.05322891302988305
3070 0.043881212967479766
3102 0.03435280597123808
3173 0.11824888139525488
3239 0.014329172707644873
3361 0.0925869362361591
3435 0.04947135821153216
3442 0.014480214089658851
3561 0.03008124892318622
3571 0.10973681388654963
3580 0.03251600072014034
3605 0.027967191988575325
3661 0.0558584757785161
3697 0.036893437613564395
3725 0.024209637170224438
3826 0.029591162608267843
3918 0.009557309499794898
4025 0.017100669532285638
4048 0.046180034506044375
4081 0.029656378444496114
4143 0.023381135289142273
4145 0.034866808200939056
4206 0.046707362245832225
4451 0.035867683921290174
4502 0.025534612123581758
4624 0.003944755407224563
4638 0.036893437613564395
4712 0.026680845457946384
4772 0.03520010006074352
4861 0.005238190493136883
5001 0.014106594936983985
5035 0.027967191988575325
5051 0.023292976147590645
5156 0.05677363321682871
5174 0.04947135821153216
5224 0.01388862255569037
5247 0.025534612123581758
5252 0.05539410022387458
5253 0.03316785537191606
5310 0.07793476429860496
5419 0.05322891302988305
5539 0.041164994661616265
5609 0.02490232503566831
5627 0.023559698139135398
5673 0.04755060864427902
5777 0.02852918954474024
5866 0.05912444069762744
5875 0.19900713223149633
5877 0.07372899070822053
5882 0.2241209253210148
6001 0.027176699610915952
6008 0.008111901730095501
6013 0.018286781456189928
6034 0.022209378124152426
6057 0.0544193421580012
6058 0.03657893796218321
6074 0.04589507361791393
6079 0.015602867557567535
6089 0.042709455802489915
6114 0.025754098311098088
6126 0.062155158654872124
6162 0.012076295447353287
6180 0.020394775106640735
6214 0.017003572476865524
6237 0.07372899070822053
6258 0.01685958450509145
6278 0.1064578260597661
6280 0.020942168666791924
6360 0.01378130458924061
6398 0.02311884067985951
6409 0.07206932221967773
6452 0.0121675077568548
6507 0.02692585547608794
6511 0.04947135821153216
6657 0.017651315123929652
6775 0.03540718079719336
6791 0.018341508623092816
6794 0.2876960349580799
6817 0.019561791695793085
6835 0.05058132660152371
6869 0.03151191217552099
6890 0.07372899070822053
6939 0.045199801163480297
7005 0.04846726966691281
7026 0.07137625921026053
7121 0.027564533195642504
7181 0.03316785537191606
7220 0.05219234543953878
7244 0.05322891302988305
7255 0.045199801163480297
7262 0.03174861354413319
7282 0.016078860283845718
7312 0.01801733055491943
7371 0.046707362245832225
7452 0.03362596911013188
7470 0.024019813008696843
7484 0.008342986798363861
7536 0.02189720844202487
7542 0.012076295447353287
7561 0.037126610722645906
7589 0.023292976147590645
7726 0.039007494548175294
7826 0.15476201252999125
7833 0.015990701142294093
7835 0.29346413796948506
7931 0.07372899070822053
7952 0.017245575139818267
7956 0.17874228486507232
7966 0.038624363019289946
8052 0.03272883535154556
8166 0.017297590329943727
8178 0.029915340676441235
8200 0.03294605863368592
8252 0.03790741535062806
8324 0.021648120697070908
8352 0.023559698139135398
8367 0.05677363321682871
8374 0.13450387644052753
8380 0.025319605560215983
8398 0.0459266380245865
8412 0.02490232503566831
8437 0.036893437613564395
8444 0.052414569134989486
8447 0.022449729749143853
8457 0.03789752615818375
8601 0.040248333638982475
8702 0.07372899070822053
8773 0.05322891302988305
8819 0.03294605863368592
8828 0.07177850501798025
8836 0.029915340676441235
8837 0.02066491698327877
8890 0.012667777693578566
8912 0.043881212967479766
8981 0.031135623749141503
9000 0.1698153163155495
9049 0.03789752615818375
9109 0.03657893796218321
9273 0.015352023422739522
9278 0.03721761568173778
9338 0.025715990328780275
9433 0.05535546991740462
9549 0.13983595994287662
9563 0.019378570452649835
9575 0.025658224968467546
9631 0.03316785537191606
9636 0.06503200144028068
9637 0.2948290203379536
9638 0.14337250792817025
9664 0.016167763393190978
9676 0.07372899070822053
9772 0.041655080976534635
9804 0.025534612123581758
9813 0.03316785537191606
9821 0.03701483373967561
9823 0.09510121728855804
9898 0.01229036577824234
9906 0.03210281223523912
9987 0.022778973917889665
10064 0.14275251842052106
10144 0.05886547846568231
10318 0.013136770263653614
10392 0.011402062662199342
10420 0.019258169645726606
10490 0.051287567256778736
10501 0.028674501585634053
10576 0.0258655803666195
10597 0.03571781435898548
10638 0.03210281223523912
10653 0.021519571023270487
10679 0.041655080976534635
10733 0.05912444069762744
10845 0.019623580470791387
10896 0.041164994661616265
10963 0.02159402331856764
11103 0.017100669532285638
11185 0.046707362245832225
11217 0.012829112484233773
11225 0.03789752615818375
11233 0.038624363019289946
11304 0.039007494548175294
11319 0.013208681295487142
11332 0.009995315324647178
11344 0.062155158654872124
11441 0.066426715702924
11498 0.08139339460319008
11629 0.013396902027484406
11770 0.02166900552789812
11861 0.025426560346249006
11875 0.07538913452723058
11883 0.05677363321682871
11886 0.03627355553849122
11893 0.01718656372948347
11929 0.04231978481095195
11930 0.036141344435858286
12078 0.022531081164489375
12089 0.02236900172241577
12105 0.02073354886078293
12138 0.02159402331856764
12177 0.012927112781043162
12204 0.008406899770554024
12265 0.02692464088576973
12303 0.08473333101626543
12304 0.0901243246579575
12317 0.05485288364957557
12325 0.07372899070822053
12341 0.04216908320623561
