147
84 0.03905246718429533
142 0.12871826047018803
195 0.08154309941969856
210 0.030637623058212108
319 0.05006079601115355
387 0.14373413915503488
435 0.02309157450453755
471 0.0687945709626027
641 0.04906637876718036
677 0.04193450252878515
688 0.09911709407718614
717 0.07555785292534527
769 0.01946521237417847
1054 0.09911709407718614
1308 0.12629836934604044
1561 0.10851232092631458
1575 0.03548976401133422
1710 0.05468303098588101
1814 0.06309663189677842
1861 0.10562203873617167
1971 0.026515751879534134
2074 0.06332744996416667
2201 0.07026673555502702
2287 0.12063425020521001
2456 0.17248604168117282
2596 0.04347521822100636
2627 0.053723218152461484
2656 0.030285607742894797
2665 0.057518207097931165
2781 0.13283263230099004
2819 0.0613371598758251
3120 0.05501443164161139
3152 0.04160896768040275
3239 0.02501629504470207
3269 0.033106261754874515
3429 0.11353479845417679
3544 0.23503978864092165
3589 0.05251673726942164
3679 0.08154309941969856
3750 0.06810044183856766
3880 0.06087150870589858
3932 0.18585723271433716
3965 0.06280932446824941
4051 0.08461559803461328
4101 0.056452322476539564
4320 0.028699807295861284
4431 0.06145337952782102
4570 0.048122980248802724
4624 0.006886871081794156
4768 0.13903185536836848
4791 0.04744588886455361
4827 0.023032719290206612
4845 0.09911709407718614
4930 0.08830638138244111
4965 0.05403762305267751
5018 0.10807524610535502
5112 0.044769678640835316
5219 0.0579054264271083
5342 0.08154309941969856
5425 0.025147668737434757
5453 0.2810669422201081
5454 0.08301526401212286
5601 0.08636856562009028
5622 0.03849927544556575
5700 0.1309639683606507
5760 0.14912687136274413
5842 0.0273882746308826
5998 0.08289667150591427
6003 0.06386059566409037
6008 0.01416199882533564
6079 0.05447989864136028
6222 0.11353479845417679
6296 0.10851232092631458
6360 0.04811962124253211
6386 0.10322120355599634
6412 0.07772414664180463
6592 0.10322120355599634
6664 0.05403762305267751
6666 0.059539807424324416
6772 0.038095034144989715
6932 0.030637623058212108
7083 0.05604604250550686
7208 0.04144833575295714
7254 0.04789450229469418
7312 0.03145519048977051
7394 0.050578921507070815
7483 0.04051279678497479
7608 0.09576379246921872
7660 0.03372628357116478
7952 0.015053918489066098
7961 0.10851232092631458
8081 0.09047267509890049
8103 0.07456343568137207
8166 0.12079458656406392
8236 0.1159697320130922
8364 0.11270851756843052
8591 0.1159697320130922
8714 0.05830097368886318
8727 0.04401887076999254
8786 0.04744588886455361
8890 0.04423156462817767
8896 0.055351913381471794
9071 0.10851232092631458
9095 0.07362003716299444
9147 0.14912687136274413
9148 0.05501443164161139
9230 0.04177101488535156
9338 0.05237836244863076
9385 0.04980710593687536
9671 0.07513901171228701
9715 0.06810044183856766
9796 0.0727226768132951
9815 0.07555785292534527
9898 0.04291377077921387
10142 0.06332744996416667
10218 0.06560783354934296
10226 0.10744643630492297
10318 0.011467281731997533
10340 0.06810044183856766
10410 0.06951592768418424
10426 0.15415364940706677
10597 0.031178610258482124
10653 0.11270851756843052
10750 0.039478561270517076
10812 0.08018008790007271
10909 0.13317133136115972
10985 0.043121510420293205
11071 0.043835861908964414
11103 0.05970971293456017
11144 0.0727226768132951
11276 0.034920299364751765
11279 0.09292861635716858
11319 0.02306010787789949
11320 0.08018008790007271
11497 0.01965984105582075
11505 0.06181490722427622
11588 0.06678615150977336
11629 0.04677741843752271
11710 0.0579054264271083
11893 0.003750601638292337
11949 0.07772414664180463
11991 0.09861997628062158
12006 0.01946521237417847
12064 0.03447709144200754
12227 0.05676739922708839
12232 0.10622017350141338
12275 0.03480849209773793
