156
210 0.03128016217154665
344 0.015604360267611573
387 0.146748563810404
435 0.023575856192430016
456 0.02678405564813451
471 0.07023734615911695
517 0.0524621981240406
635 0.06884574925570916
641 0.0500954098851525
677 0.04281396233615257
688 0.10119580004023183
717 0.07714246919051274
769 0.019873441180832608
931 0.04936843013247705
1308 0.08596475141342302
1362 0.04671300704960928
1519 0.10538598182499515
1561 0.11078806569742139
1573 0.08056609699310148
1575 0.03623406331474192
1622 0.06718844074754735
1710 0.05582985579593087
1814 0.06441990863519645
1861 0.10783716785990229
1971 0.02707184618455588
2074 0.06465556747094586
2201 0.0717403853180865
2287 0.12316421880027231
2330 0.07097383133591194
2456 0.17610345769526203
2596 0.04438699026398355
2627 0.05484991355215269
2656 0.030920764311958383
2665 0.058724491858308206
2781 0.1356184281056582
2819 0.06262353657176489
3152 0.04248160029780045
3239 0.051081884808279514
3342 0.04264704599313437
3429 0.057957937876133646
3544 0.1439814575331442
3589 0.05361813008100506
3750 0.0695286596031607
3880 0.06214811966089694
3932 0.18975507235053152
3965 0.06412657573073445
4101 0.028818126632596103
4106 0.05549749375757875
4320 0.029301706101709152
4431 0.03137109680420526
4624 0.014062608178431406
4768 0.14194766267182388
4791 0.04844093470425455
4827 0.02351576665332266
4845 0.10119580004023183
4930 0.09015836265029104
4965 0.05517091222256521
5018 0.11034182444513042
5112 0.04570859839852991
5292 0.07821578788203463
5313 0.10723626016201011
5319 0.18505332794166335
5342 0.08325323961889525
5425 0.025675071295468744
5453 0.21522115595425953
5454 0.08475627877786479
5601 0.08817990658045353
5622 0.03930669089884079
5681 0.054534310073544895
5687 0.12336888529444225
5700 0.13371057412537793
5760 0.07612719680470909
5842 0.02796266767905261
5998 0.04231759956148745
6003 0.06519989442225634
6008 0.014459007446108424
6079 0.0278112316571242
6222 0.11591587575226729
6296 0.11078806569742139
6360 0.02456439837450697
6386 0.10538598182499515
6412 0.07935419490543855
6419 0.11840187528477344
6584 0.026430411204484007
6592 0.10538598182499515
6664 0.05517091222256521
6666 0.06078848964088692
6699 0.06633830144566025
6772 0.0388939717588987
6825 0.12524707314352979
7083 0.057221452699338655
7208 0.04231759956148745
7254 0.04889895655603034
7394 0.051639674011167556
7483 0.10340610065026341
7552 0.025946237956340504
7608 0.09777217223764309
7952 0.015369632649391023
7961 0.11078806569742139
7988 0.054534310073544895
8081 0.09237008836521685
8166 0.12332791776926269
8364 0.23014453183633224
8714 0.05952367480602905
8727 0.044942044416355346
8890 0.04515919893791473
8896 0.056512766143382395
9095 0.07516401312067525
9147 0.07612719680470909
9148 0.05616820666066039
9165 0.07097383133591194
9230 0.04264704599313437
9338 0.05347685323238749
9385 0.05085167175145024
9575 0.022867169636473745
9671 0.07671484394544408
9675 0.027886797010394558
9715 0.0695286596031607
9727 0.11840187528477344
9796 0.0742478331281354
9815 0.07714246919051274
9898 0.021906884010158
9923 0.03508871049323877
10142 0.06465556747094586
10218 0.06698377577294493
10226 0.10969982710430538
10267 0.09015836265029104
10318 0.011707776140536846
10426 0.1573865943721218
10571 0.04570859839852991
10653 0.11507226591816612
10750 0.04030651452610366
10812 0.08186164271548746
10909 0.13596423043860445
10951 0.010499873193544364
10985 0.04402586442381551
10988 0.0222402294197207
11036 0.014984824819826409
11071 0.0447551974523819
11103 0.0609619584476516
11276 0.03565265572766453
11279 0.09487753617526576
11319 0.023543729640629316
11320 0.08186164271548746
11497 0.020072151658908452
11588 0.06818680568234352
11607 0.060358388445423704
11629 0.0477584449652601
11893 0.0114877802952021
11949 0.07935419490543855
11991 0.1006882565775632
12006 0.019873441180832608
12227 0.057957937876133646
12232 0.10844784684180803
12265 0.011997913559739235
12275 0.03553850361353005
