212
69 0.036102248496468585
76 0.02221979999960775
107 0.04455520482046522
110 0.03086998619191495
116 0.02961258910786222
126 0.0648412809875908
201 0.024577863528673527
214 0.029175833404826528
374 0.012441407387982072
380 0.03370358968043774
404 0.0738747035237205
405 0.05922718538198513
485 0.030381450704852805
587 0.019191553047470042
593 0.02535625876177952
628 0.01890755174510123
678 0.030541894997120643
740 0.04069325811980512
1095 0.03483760908014068
1235 0.055529275141897406
1242 0.03460125074843808
1352 0.03723044216646719
1471 0.03307540506120015
1536 0.033732951916022665
1548 0.09582284416658486
1595 0.02808949407483208
1632 0.08214592148573913
1698 0.02221979999960775
1759 0.03815414071560833
1905 0.023504793429183077
1920 0.03693735176186025
1961 0.13859487872575735
1971 0.015844424886880957
2049 0.02796095180447095
2091 0.028484395437863616
2174 0.030541894997120643
2354 0.06929743936287867
2356 0.011317770831592588
2373 0.010742807811907278
2382 0.019077070357804166
2384 0.061679586304273705
2405 0.03882602712845879
2422 0.052767269553697954
2455 0.02835117879067018
2566 0.03990790703910625
2630 0.009155877717534407
2665 0.06873973750634184
2704 0.02420840894734189
2781 0.019843456396989517
2816 0.05722342792898583
2832 0.027584106697685812
3120 0.03287374364491426
3269 0.019782568491500944
3317 0.03882602712845879
3361 0.01379831578675146
3468 0.04791142208329243
3506 0.10112370136882552
3551 0.15263899222290245
3606 0.04514941649509299
3616 0.03460125074843808
3725 0.025255890586309292
3759 0.017993411083624955
3791 0.05863899740651056
3805 0.025255890586309292
3814 0.022763597646247836
3880 0.07274725241234045
3918 0.009970342030701183
3988 0.03693735176186025
4025 0.017839698943990207
4297 0.02576715666850606
4410 0.012013955334560188
4451 0.012472585391387916
4547 0.025872327220644302
4624 0.008230467086648364
4790 0.02808949407483208
4861 0.03825196368053579
4926 0.022527239314545245
4941 0.02704013406071064
5041 0.031917467830882354
5057 0.04153907834248663
5120 0.04110803333785423
5247 0.026638126190102213
5253 0.06920250149687616
5288 0.051609332323380164
5297 0.04159946442204285
5310 0.027100941471580688
5352 0.07691529242148364
5354 0.05893013381718759
5425 0.015026930037687845
5442 0.06929743936287867
5515 0.03287374364491426
5527 0.0358374106493996
5667 0.031381252274111725
5712 0.07691529242148364
5781 0.11845437076397027
5891 0.07691529242148364
6014 0.031917467830882354
6035 0.05722342792898583
6041 0.059827420755766095
6180 0.021276163909602602
6398 0.024117953796142545
6403 0.06873973750634184
6440 0.07691529242148364
6452 0.012693343665354304
6584 0.015469010210974415
6778 0.044728158767820825
6952 0.015346668626704826
6994 0.028894016968207575
6998 0.03507916251419945
7193 0.01714950204064217
7277 0.06458010796100255
7471 0.02931949870325528
7484 0.008703540671053648
7542 0.037794568464010414
7552 0.03037127321083152
7817 0.02733986911687298
7855 0.055529275141897406
7971 0.07115760972615183
8052 0.03414325786231117
8092 0.01778893562588729
8182 0.0648412809875908
8198 0.09362452220956148
8252 0.03954563745724935
8324 0.015055783058075792
8364 0.022449569458912827
8384 0.041987721811775895
8390 0.0378411681023989
8457 0.03953532088948733
8473 0.020799732211021424
8517 0.0902022675525534
8714 0.03483760908014068
8753 0.023419926298355737
8754 0.022372444659388334
8761 0.05922718538198513
8786 0.02835117879067018
8837 0.02155798034622156
8942 0.011040224798354707
8963 0.1303657911240137
8981 0.032481193386572384
9027 0.016913143708939583
9042 0.03370358968043774
9045 0.04514941649509299
9099 0.03726140978858303
9273 0.016015482640939237
9291 0.09401917371673231
9292 0.10743422932987512
9338 0.017884895272506376
9445 0.033702405006745255
9497 0.05722342792898583
9503 0.03723044216646719
9546 0.022372444659388334
9567 0.05617898814966416
9575 0.02676708113740467
9582 0.04584808387703135
9626 0.026867097780966714
9628 0.03267571596608249
9656 0.019365544631228145
9658 0.07408755903808006
9675 0.016321393729658618
9866 0.07631949611145122
9898 0.012821511168402652
10105 0.025057862907477524
10140 0.027100941471580688
10145 0.04455520482046522
10150 0.03882602712845879
10165 0.0648412809875908
10172 0.025156430732574352
10192 0.02961258910786222
10195 0.05863899740651056
10237 0.033280836067243406
10312 0.042275840177920576
10318 0.020556741315667638
10509 0.0738747035237205
10539 0.15383058484296727
10561 0.03665187496256637
10656 0.04872588639645921
10660 0.6922376317933527
10781 0.04110803333785423
10858 0.07691529242148364
10951 0.00614529393388018
10960 0.017293796089254448
10961 0.07691529242148364
10988 0.01301660928868585
11036 0.017540431463906384
11071 0.026194015712764147
11103 0.017839698943990207
11199 0.06929743936287867
11217 0.013383540568702335
11219 0.14242197718931807
11235 0.04960557487038086
11276 0.06259962713777593
11319 0.006889756489175024
11332 0.010427276891428498
11415 0.0648412809875908
11497 0.02349538314524635
11630 0.11444685585797167
11696 0.07691529242148364
11698 0.04245546213874564
11754 0.036102248496468585
11846 0.05778803393641515
11890 0.061679586304273705
11893 0.008964652589678655
11977 0.014083792586045338
12006 0.011631391663756778
12078 0.023504793429183077
12089 0.023335709496759026
12130 0.07691529242148364
12177 0.013485776085750393
12204 0.03508086292781277
12265 0.014044113497145112
12269 0.061679586304273705
12347 0.07691529242148364
