199
6 0.04825157425235102
76 0.05850398271021446
103 0.031990032370392274
203 0.03732384796021674
206 0.19591470408812697
269 0.05865617450455398
283 0.07797158906973721
344 0.012023194302516794
387 0.05653504744984433
462 0.05357198691044475
471 0.054118031478483146
493 0.0251146408697248
570 0.07117135858884112
571 0.030501844015815377
587 0.07579606619036884
594 0.026123575144260145
635 0.1591374089052172
688 0.07797158906973721
711 0.04216822471569454
763 0.055276126494405796
769 0.015312530643934057
801 0.2260010286930366
965 0.028287069619488858
1199 0.08536245109931541
1296 0.09122890832544754
1313 0.06946721900488007
1413 0.026950569583979397
1444 0.0506685902237122
1448 0.07117135858884112
1487 0.04494902221627353
1524 0.015659328002648853
1575 0.05583685279390425
1634 0.055276126494405796
1759 0.0251146408697248
1816 0.045551962114288885
1861 0.04154438887519917
1902 0.04408925661017994
2149 0.06794281420143401
2201 0.055276126494405796
2227 0.03072106735778626
2287 0.15816384099887054
2318 0.10047332741598583
2450 0.030501844015815377
2575 0.09802649640586716
2596 0.0684005494996791
2645 0.08762731698277491
2656 0.02382451769436786
2665 0.045247351626102585
2781 0.05224715028852029
3109 0.049817258580998613
3239 0.019679352945454996
3270 0.02549441237768248
3429 0.0446567200774205
3453 0.04586312386533047
3484 0.040422240371602094
3544 0.14791737780913042
3545 0.1591374089052172
3568 0.09122890832544754
3589 0.04131288851614147
3633 0.05589189873363368
3679 0.06414680634678635
3753 0.05204758210699868
3803 0.09857893145445322
3903 0.030831937354469634
3904 0.065304901362709
3918 0.013125786861028537
3933 0.022766990418851146
3962 0.03938089439997046
4051 0.06656382231814753
4101 0.022204430684505765
4178 0.03732384796021674
4271 0.05589189873363368
4339 0.0323563421579157
4431 0.02417149988153634
4570 0.03785648959652439
4603 0.06946721900488007
4661 0.06207635697530189
4678 0.08536245109931541
4733 0.05865617450455398
4768 0.1640564848371711
4791 0.03732384796021674
4839 0.049817258580998613
4845 0.07797158906973721
4861 0.007194009145759713
4876 0.04901324820293358
5051 0.031990032370392274
5112 0.07043715351559876
5171 0.08536245109931541
5252 0.038038485251138635
5313 0.04131288851614147
5425 0.019782699554631716
5453 0.16582837948321738
5525 0.043017028100102515
5622 0.030285892786431227
5627 0.0323563421579157
5641 0.04683889559303488
5659 0.10823606295696629
5753 0.06656382231814753
5796 0.051573163743502376
5802 0.026980836150219543
5842 0.043090595315179205
6003 0.050236663707992915
6008 0.011140697405386646
6013 0.0251146408697248
6034 0.030501844015815377
6079 0.02142861586578141
6096 0.06656382231814753
6150 0.06078693100659778
6186 0.0371505708739704
6230 0.034627945209117286
6258 0.02315456172933174
6274 0.10125768319375074
6437 0.03647749771323792
6451 0.05357198691044475
6583 0.050236663707992915
6666 0.07025649976429132
6719 0.04618112488086655
6735 0.05865617450455398
6772 0.029967891770895143
6867 0.028380716961105723
6932 0.02410143454476302
6952 0.02020363000594019
7000 0.06946721900488007
7083 0.13226776983053984
7090 0.0572081206105768
7264 0.0572081206105768
7312 0.024744583260973667
7379 0.03822279938404782
7394 0.03978848371269541
7483 0.06373970448576538
7484 0.06874838562173735
7608 0.1506673524620244
7660 0.0265311644569851
7700 0.06026543857629612
7739 0.07681898365881785
7837 0.04201880723869548
7878 0.043277728194134016
8166 0.11878054377390522
8167 0.06307457783670893
8364 0.08866343690081686
8473 0.027382496099698686
8657 0.05865617450455398
9099 0.024527008277166765
9125 0.05589189873363368
9147 0.11731234900910796
9148 0.17311091277653606
9171 0.061142583720537914
9230 0.032859643818151076
9332 0.0471793457422736
9338 0.058862906271387495
9385 0.03918132621844885
9445 0.008873729375791306
9470 0.03552318724598568
9575 0.017619205079403
9578 0.02534130551223726
9626 0.1768504019027023
9656 0.1529664742660949
9671 0.1477723948346948
9683 0.06207635697530189
9765 0.06307457783670893
9814 0.03840949182940893
10103 0.04494902221627353
10132 0.0446567200774205
10142 0.049817258580998613
10220 0.05304580296840573
10226 0.04226198042111217
10318 0.009020867563549938
10340 0.05357198691044475
10392 0.015659328002648853
10411 0.06414680634678635
10426 0.2425334422296126
10597 0.024527008277166765
10638 0.04408925661017994
10643 0.0417796536322926
10686 0.04825157425235102
10909 0.1396809893918813
10951 0.008090175655569775
10959 0.027208175150404464
10980 0.03378488362308425
11021 0.03434143161355758
11065 0.08536245109931541
11071 0.03448397920768172
11153 0.045551962114288885
11217 0.017619205079403
11276 0.0824113516728091
11300 0.02596370098974455
11588 0.05253808547912075
11629 0.018398994048964827
11710 0.045551962114288885
11736 0.019991634070120497
11893 0.008851360275276407
11945 0.0333810863333842
11991 0.19395131425644185
12029 0.03139940082171018
12051 0.04905401655433353
12129 0.03859862476794757
12177 0.017753796410599838
12265 0.0462220954526915
12275 0.05476499219939737
