155
84 0.036290365382921706
103 0.03778937592930966
159 0.04388544758223745
200 0.05573229847693929
279 0.04800724308064992
344 0.0284056611202091
380 0.05241390172383775
427 0.08635596379137844
435 0.02145835427200931
450 0.03245045741277709
548 0.06678405750038724
603 0.184213486066305
677 0.03896856021257105
711 0.024906365795488057
712 0.06328383570229029
736 0.04992348388895827
938 0.019299818574519123
942 0.038516779026799244
1092 0.1196142789615022
1363 0.053097648621254684
1543 0.03341511804091716
1759 0.05933514503311502
1814 0.02931696754471159
1850 0.07577572137585215
1898 0.08025989213845064
2081 0.07119071614357507
2194 0.03896856021257105
2202 0.04749701435417137
2337 0.090304112122826
2356 0.08800376068610903
2373 0.016706602419213627
2677 0.031438837148491404
2679 0.041077279555614465
2768 0.04178217916988476
2841 0.04023516869174662
3239 0.023246943231906673
3270 0.030116191264900387
3398 0.09592057717209851
3449 0.05417746406044709
3652 0.1106602589947411
3721 0.030298988654827705
3805 0.03927652157203753
3876 0.04537259322496532
3918 0.015505307663223174
4081 0.02405652301878265
4105 0.023740591785991094
4178 0.044090137370490334
4195 0.046284350348087006
4196 0.4907580307456501
4219 0.1008374645417649
4226 0.04309035571098354
4451 0.038793307843159694
4502 0.04142609560208342
4549 0.1008374645417649
4591 0.1008374645417649
4624 0.012799553314976914
4676 0.03234655804700207
4820 0.03255499225262911
4861 0.06798545569453501
4869 0.05112337246673938
4944 0.0645992071048028
5149 0.062062502462930554
5183 0.05699890695611484
5224 0.022532216388825903
5246 0.0745091128966766
5293 0.05345006096295751
5327 0.10776742806680037
5330 0.1008374645417649
5346 0.0639288704811503
5384 0.0645992071048028
5425 0.02336902512979225
5433 0.035524951228858875
5540 0.14559952077987337
5541 0.1751008449978717
6024 0.06266226200197475
6125 0.03990960850487731
6150 0.03590337391348449
6167 0.05985409397535177
6360 0.022358109011887794
6410 0.023615836538389678
6732 0.03603139992811071
6934 0.038516779026799244
6949 0.11228831840436157
6952 0.023866264359825414
7016 0.11399781391222968
7227 0.10776742806680037
7262 0.03433825673031541
7277 0.05021565156822871
7408 0.058366948332623896
7467 0.04775022480818634
7483 0.0188237044163247
7507 0.02483947180388743
7537 0.010111774985510845
7625 0.05175645939957916
7655 0.06757914937164114
7753 0.05699890695611484
7789 0.05884842786302874
7818 0.049636226824011496
7922 0.0771437627523612
7982 0.24077967641535195
7993 0.24537901537282505
7996 0.05275235621010095
8124 0.04749701435417137
8171 0.16046640330441492
8239 0.05275235621010095
8324 0.03512084355391829
8402 0.1048278034476755
8453 0.05417746406044709
8476 0.059343865248873216
8890 0.02055157788418032
8972 0.04388544758223745
9027 0.1315117856297719
9045 0.07021379922732575
9267 0.02931696754471159
9270 0.060922653969266855
9332 0.05573229847693929
9338 0.034766962215391856
9445 0.020964823754732825
9453 0.04775022480818634
9602 0.056144159202180785
9664 0.02622978209955458
9894 0.05417746406044709
9898 0.01993928340285374
10110 0.03836880067352686
10116 0.041963042159602226
10195 0.04559601330883078
10248 0.06928971509823446
10312 0.03287248855964326
10334 0.03420495990658963
10561 0.05699890695611484
10619 0.023866264359825414
10944 0.07222687538269482
10951 0.01911362174584299
11036 0.013638939645003421
11079 0.0645992071048028
11106 0.030483762271043404
11262 0.07222687538269482
11428 0.0921067430331525
11470 0.0733299286134152
11542 0.1008374645417649
11669 0.05789866169599333
11721 0.1008374645417649
11768 0.04023516869174662
11812 0.07981921700975463
11847 0.05573229847693929
11877 0.054553114193677886
11893 0.003485329191036351
11929 0.022885844032057026
12004 0.062293338938441946
12051 0.028973410388449035
12204 0.040916818935010264
12228 0.08407372627739666
12229 0.16843247760654234
12265 0.02184060486189217
12282 0.10776742806680037
