153
84 0.07368270361535137
103 0.038363121410163174
159 0.044551748006797086
200 0.056578466311214715
279 0.048736123568575526
344 0.02883693629471485
380 0.0532096872722471
427 0.087667082134871
435 0.02178415043792509
450 0.0329431435933332
548 0.0677980210878142
603 0.1870103476853094
677 0.03956020891720049
711 0.025284512151923722
712 0.06424465640526211
736 0.05068145812286293
938 0.019592842299206645
942 0.039101568464576644
1363 0.05390381530676389
1543 0.033922450392846616
1759 0.060236013874723326
1814 0.029762078828702434
1850 0.07692620287041661
1898 0.08147845553823707
2081 0.07227158479148577
2194 0.03956020891720049
2202 0.048218148182650515
2337 0.09167517409352068
2356 0.08933989706703847
2373 0.03392050814274067
2677 0.03191616418270809
2679 0.041700944353754495
2768 0.042416546260883495
2841 0.040846047957163754
3239 0.023599895041640583
3270 0.030573436938157332
3398 0.09737691235414285
3449 0.055000025280482395
3652 0.11234038262597232
3721 0.030759009689513714
3805 0.039872845967490814
3876 0.04606147256412472
3918 0.015740720394506674
4081 0.024421766451034464
4105 0.024101038523070866
4178 0.0447595455426139
4195 0.04698707263956204
4196 0.49820907208752374
4219 0.10236845144373943
4226 0.04374458447897894
4451 0.0393822957402874
4502 0.04205505637628522
4549 0.10236845144373943
4591 0.10236845144373943
4624 0.012993885337954723
4676 0.032837666752669775
4820 0.03304926555629805
4861 0.060390452301644214
4869 0.051899564271908435
4944 0.06557999872233132
5149 0.06300478000636438
5183 0.05786430535117796
5224 0.02287431670164625
5246 0.07564036383045336
5293 0.05426157822606893
5327 0.10940363065856047
5330 0.10236845144373943
5346 0.06489948456599899
5384 0.06557999872233132
5425 0.02372383047469268
5433 0.036064316585493174
5540 0.0985400782729447
5541 0.11850623463133104
6024 0.06361364552603574
6125 0.04051554488141712
6150 0.036448484755452086
6167 0.060762841872993155
6360 0.02269756590130553
6410 0.023974389151585056
6732 0.03657845455309978
6934 0.039101568464576644
6949 0.1139931604043369
6952 0.02422861914829613
7016 0.11572861070235592
7227 0.10940363065856047
7262 0.03485960483768455
7277 0.05097806170194675
7408 0.05925311731566552
7467 0.04847520305986971
7483 0.019109499433474276
7507 0.0252166025276371
7537 0.01026529922502719
7625 0.05254226318583475
7655 0.06860518461563234
7753 0.05786430535117796
7789 0.05974190701454761
7922 0.07831501483490418
7982 0.24443536661471124
7993 0.24910453604376187
7996 0.053553280417913705
8124 0.048218148182650515
8171 0.1629027196356756
8239 0.053553280417913705
8324 0.03565407345722547
8402 0.1064193745444942
8453 0.055000025280482395
8476 0.06024486648706814
8890 0.02086360671888548
8972 0.044551748006797086
9027 0.133508492133346
9045 0.07127983562008315
9267 0.029762078828702434
9270 0.061847625513169996
9332 0.056578466311214715
9338 0.03529481923773064
9445 0.010641563392711221
9453 0.04847520305986971
9602 0.05699658020216845
9664 0.02662802151402768
9894 0.055000025280482395
9898 0.020242015942423728
10110 0.03895134339752913
10116 0.04260015524257495
10195 0.04628828477237163
10248 0.07034172138120687
10312 0.033371582320566584
10334 0.03472428420572315
10561 0.05786430535117796
10619 0.02422861914829613
10944 0.07332347574530759
10951 0.01940381849637772
11036 0.013846015834872048
11079 0.13115999744466264
11106 0.03094658867164715
11262 0.07332347574530759
11428 0.0935051738426547
11470 0.07444327632341605
11542 0.10236845144373943
11669 0.058777720814558405
11721 0.10236845144373943
11768 0.040846047957163754
11812 0.08103108976283424
11847 0.056578466311214715
11877 0.055381378804177386
11893 0.0035382459652213674
11929 0.02323331337406135
12004 0.06323912120724853
12051 0.02941330554063105
12204 0.04153804750461614
12228 0.08535019404972523
12229 0.17098974060650535
12265 0.02217220463115163
12282 0.10940363065856047
