279
76 0.0275625029712849
111 0.03025648754405323
127 0.06888116954782954
141 0.05678472653913652
150 0.03829260777114105
159 0.035004889331062966
188 0.038500746440715786
193 0.03871211219470505
200 0.04445443872243093
210 0.02270942354617772
230 0.052783943238581675
269 0.05526840769367677
335 0.0303715331048127
336 0.04546473922252818
337 0.0303715331048127
373 0.11705025121334835
390 0.04892826454021516
435 0.0171160910484243
543 0.0765103097601769
552 0.04351387145900849
554 0.05600549628348357
571 0.02874016869859348
626 0.05849105289303913
628 0.023453831770010328
769 0.0144281346950978
779 0.08043222710888218
895 0.04413365173271618
938 0.030788703341564114
967 0.08043222710888218
1057 0.03636930891094084
1347 0.058954514576800565
1413 0.025394002931925508
1536 0.04184396742688948
1575 0.026305959863660397
1632 0.025474432770204843
1742 0.055313696218759374
1809 0.05152706011122673
1823 0.09718897162675823
1883 0.05526840769367677
1895 0.022003567084682873
1929 0.02409465659276336
1958 0.2284409038589062
2049 0.06936820468269646
2057 0.06888116954782954
2107 0.07700149288143157
2122 0.053269789205171704
2146 0.053269789205171704
2175 0.06401868493570181
2181 0.030487557788497543
2278 0.02446413227010758
2356 0.028078208820925404
2373 0.053303571092604626
2429 0.07346823432706977
2460 0.08205662969890586
2480 0.03183359190632308
2501 0.08595985915154487
2663 0.05943162015646157
2756 0.10550447569344518
2798 0.04321423702287105
2812 0.04581885830230881
2853 0.09912961848582558
2902 0.053903988113798894
3159 0.05849105289303913
3175 0.04263402954341033
3178 0.054569135544333854
3269 0.024539244405272206
3300 0.03516815856448173
3332 0.0484824948930619
3390 0.04077816438069662
3405 0.054569135544333854
3442 0.01873820119600614
3454 0.05152706011122673
3506 0.06271933859653966
3534 0.0765103097601769
3591 0.03405796018719176
3596 0.08702774291801697
3624 0.09023917230593177
3643 0.037297069392730475
3661 0.02409465659276336
3709 0.038087599125238805
3732 0.052083578934778295
3763 0.09540940854291281
3765 0.04907848881054441
3790 0.04774215716250902
3797 0.04235293055274625
3820 0.03914493642201116
3890 0.11678042003930475
4081 0.01918850034250288
4099 0.04263402954341033
4143 0.03025648754405323
4145 0.09023917230593177
4178 0.03516815856448173
4198 0.03516815856448173
4205 0.037106397500747644
4259 0.04029122625964613
4320 0.021273062807028
4356 0.01839797060999455
4397 0.2763420384683838
4431 0.02277544216451912
4446 0.02863804973387084
4451 0.015471591639699855
4474 0.08595985915154487
4547 0.03209327248245495
4579 0.05600549628348357
4624 0.030628395422300756
4694 0.04546473922252818
4712 0.0345264957530973
4790 0.034843552323293475
4861 0.02711403761177899
4915 0.050992371265190864
5001 0.036509434526737036
5005 0.017972648896798633
5013 0.029695387030643196
5035 0.07238219920291276
5155 0.04774215716250902
5162 0.09540940854291281
5170 0.0765103097601769
5176 0.05943162015646157
5226 0.05849105289303913
5256 0.09540940854291281
5278 0.11698210578607826
5297 0.02580098294666598
5354 0.03654987867719609
5390 0.05600549628348357
5401 0.06028480943787049
5427 0.05761121097744097
5525 0.04053252137372565
5609 0.06444998311177416
5752 0.02894673049950118
5782 0.06888116954782954
5930 0.052663786414239
6008 0.020994502672348394
6010 0.026220487370229962
6013 0.04732822153481766
6054 0.06706076036880894
6057 0.052816238212898714
6096 0.06271933859653966
6162 0.03125479394072276
6170 0.04581885830230881
6251 0.02092198371344474
6280 0.027100329285828124
6281 0.05768611675954619
6295 0.04029122625964613
6357 0.0765103097601769
6360 0.017833773488270113
6452 0.06298172305746128
6484 0.03982108249618066
6508 0.09548431432501804
6587 0.04904150350167117
6678 0.07098267771751422
6696 0.08764047962760749
6698 0.035500682806790244
6813 0.052083578934778295
6816 0.060441920656558824
6892 0.050992371265190864
6923 0.03132861498932866
6933 0.060441920656558824
6934 0.030722612198395963
6952 0.019036741988242185
7042 0.040055415794064644
7102 0.029805774824421156
7176 0.08134529890872903
7259 0.05550370142037135
7282 0.020806938152685268
7408 0.04655594689211561
7418 0.041542821873822904
7484 0.010796288247907272
7536 0.02833620379346291
7537 0.024196738359233458
7552 0.037673980329707146
7835 0.047469861521348806
7858 0.06401868493570181
7861 0.028040896549250564
7952 0.011158365985125079
8021 0.06545504567485153
8024 0.06888116954782954
8083 0.06545504567485153
8171 0.021332465158291923
8193 0.10095572848164179
8252 0.01635143355529801
8258 0.04546473922252818
8324 0.018675913612208953
8338 0.053903988113798894
8374 0.04351387145900849
8376 0.0778536133595365
8432 0.050477864240820895
8444 0.03391368166147555
8445 0.09540940854291281
8453 0.04321423702287105
8560 0.03636930891094084
8561 0.09540940854291281
8575 0.09540940854291281
8717 0.0765103097601769
8763 0.042921046840243136
8791 0.08595985915154487
8793 0.09540940854291281
8819 0.08526805908682066
8869 0.04478295625845181
8908 0.06545504567485153
9000 0.027468806258505726
9026 0.07346823432706977
9034 0.04733517714776855
9076 0.04733517714776855
9097 0.052663786414239
9099 0.04622083538241632
9115 0.03871211219470505
9176 0.08043222710888218
9182 0.03982108249618066
9251 0.06888116954782954
9267 0.023384453411393752
9291 0.11662588119474218
9338 0.033277919632373726
9423 0.04950367718712795
9433 0.02387768408646576
9444 0.03249231027847642
9445 0.00836121511583598
9551 0.06271933859653966
9568 0.02563673013992363
9575 0.016601584024054317
9578 0.02387768408646576
9584 0.02874016869859348
9618 0.029477257288400283
9715 0.050477864240820895
9849 0.02647852948496384
9889 0.07346823432706977
9906 0.041542821873822904
10063 0.04774215716250902
10192 0.07346574454201207
10299 0.05526840769367677
10301 0.06706076036880894
10312 0.052440974740459924
10318 0.016999710276510937
10356 0.09540940854291281
10392 0.014754902302607757
10420 0.04984228206213563
10461 0.05600549628348357
10499 0.04351387145900849
10560 0.037490445940618525
10590 0.052663786414239
10641 0.04733517714776855
10653 0.027847520001362515
10723 0.07066681373416768
10760 0.1323926474248192
10881 0.029477257288400283
10959 0.02563673013992363
10960 0.06435615614496334
10980 0.03183359190632308
11080 0.01873820119600614
11127 0.0765103097601769
11142 0.03276497572847838
11154 0.07421279500149529
11178 0.07098267771751422
11237 0.07033631712896346
11242 0.05849105289303913
11410 0.07346823432706977
11497 0.014572398666139248
11564 0.09540940854291281
11592 0.06401868493570181
11629 0.03467267045084133
11634 0.017292000818720458
11639 0.08595985915154487
11754 0.04478295625845181
11777 0.09540940854291281
11778 0.2038908219034831
11779 0.04351387145900849
11893 0.025020413919063747
11929 0.036509434526737036
11945 0.031453116476050834
11977 0.03494042025640983
12006 0.0144281346950978
12039 0.050477864240820895
12051 0.04622083538241632
12175 0.03376468763150309
12186 0.08187005744658511
12196 0.04998207076509361
12201 0.050992371265190864
12204 0.010878995183351638
12265 0.008710495143992247
12275 0.02580098294666598
