177
26 0.029984165799525585
210 0.021303603712556452
220 0.03872752121722221
279 0.03592211574274209
293 0.12280614267542857
304 0.08063854068457425
319 0.03480933745187794
343 0.024281525292514684
373 0.027451072912901567
374 0.02895509401366368
390 0.022949687736202182
457 0.11765838590789492
496 0.02200192957576697
593 0.02950602103871753
594 0.0230910027946629
610 0.08063854068457425
654 0.046439167377562006
711 0.01863654935013782
929 0.05119105010346831
952 0.02634003599708636
1162 0.04053907305941641
1328 0.04232647214152286
1468 0.03195558075660834
1575 0.024677497562819506
1588 0.08063854068457425
1600 0.08063854068457425
1663 0.04053907305941641
1702 0.03268657300454053
1742 0.0259447594899325
1760 0.08063854068457425
1814 0.04387369212592101
1895 0.020641443076772077
1905 0.027351548031903455
2017 0.08063854068457425
2196 0.04170250045674063
2344 0.07177396272262881
2381 0.07344336250473461
2450 0.02696101745347505
2644 0.02420378108552705
2768 0.031264121407745475
2889 0.046439167377562006
2900 0.029742858967685304
2950 0.048859361106280655
2989 0.05772393906822609
2991 0.061403071337714284
3179 0.048859361106280655
3305 0.08950311864651969
3312 0.08950311864651969
3347 0.037141026449065605
3392 0.05772393906822609
3479 0.061403071337714284
3484 0.035729798093592224
3591 0.03194961270639908
3597 0.02950602103871753
3725 0.029389226777984306
3749 0.03554032969981012
3765 0.02302015007789471
3798 0.05575252411114333
3892 0.041401571686306156
3918 0.02320414257362884
3962 0.06961867490375588
3975 0.03947271544625327
4196 0.07344336250473461
4247 0.1612770813691485
4331 0.13784041205471842
4554 0.03692963514587271
4624 0.004788725681076689
4676 0.02420378108552705
4861 0.038153327262191464
4875 0.150906189984234
4995 0.035353627366959156
5389 0.02058291261916049
5465 0.14821095306408558
5472 0.034632936273563196
5707 0.07177396272262881
6001 0.03299108459686851
6008 0.019694844484469388
6017 0.10507698675153768
6038 0.12011125613082752
6074 0.02785710329042186
6079 0.018941060942465802
6162 0.014659987799268408
6258 0.020466649248759867
6277 0.03362276274929297
6436 0.02111958783758014
6468 0.13784041205471842
6551 0.08950311864651969
6628 0.03554032969981012
6880 0.06658851703017155
6949 0.504128174596867
6952 0.017858278369375643
7099 0.05670028227157855
7102 0.02796065756200287
7150 0.024438446066963423
7176 0.015261928672977616
7259 0.052067761968298196
7262 0.025694098505055905
7471 0.06823575620603015
7537 0.007566282254197866
7542 0.014659987799268408
7561 0.02253487680037935
7593 0.04053907305941641
7782 0.048859361106280655
7798 0.048859361106280655
7802 0.05056707841868607
7860 0.061403071337714284
7963 0.11150504822228666
7986 0.05831758045061398
7993 0.22033008751420385
7996 0.07894543089250654
8039 0.048859361106280655
8040 0.048337293408198714
8045 0.03692963514587271
8092 0.06210072792264552
8107 0.046439167377562006
8324 0.008759893481122811
8327 0.028170316071660793
8332 0.04403418945392829
8380 0.030736670050284833
8390 0.04403418945392829
8476 0.04440490766175557
8567 0.17900623729303938
8573 0.1612770813691485
8841 0.05670028227157855
8903 0.05404480679873791
8942 0.03854114775758386
8978 0.048859361106280655
9027 0.019681120105109754
9072 0.08063854068457425
9099 0.02167977443918952
9171 0.10808961359747582
9270 0.182345036857251
9338 0.005202976720103458
9340 0.05404480679873791
9453 0.035729798093592224
9563 0.023524565761213853
9568 0.02404969629793221
9849 0.024839384315144986
9863 0.048337293408198714
9906 0.03897112634768765
10144 0.035729798093592224
10181 0.04110756143519935
10195 0.06823575620603015
10228 0.04478669370468754
10229 0.05575252411114333
10334 0.051188714447783744
10392 0.013841504643791296
10530 0.08530051723435168
10628 0.029984165799525585
10633 0.05670028227157855
10760 0.024839384315144986
10892 0.08063854068457425
10951 0.014302044619885903
11067 0.01589360682540207
11099 0.04440490766175557
11217 0.015573868105017975
11432 0.06892020602735921
11519 0.06892020602735921
11722 0.2419156220537228
11759 0.06658851703017155
11773 0.04600560441101106
11846 0.10086828824787891
11893 0.010431792418626051
11949 0.05404480679873791
12006 0.013534965483854584
12012 0.05575252411114333
12024 0.024677497562819506
12038 0.08063854068457425
12048 0.04940365102136186
12156 0.07385927029174542
12186 0.05760143766594548
12204 0.02041106870948665
12246 0.075453094992117
12265 0.016342549277873774
12275 0.02420378108552705
12285 0.08950311864651969
12291 0.03253699372436072
