280
41 0.03993842816317562
79 0.028443271910261206
84 0.027828800848543455
103 0.02897829784382386
106 0.03274874980707572
210 0.021832380180645747
344 0.010891258298786942
421 0.09172467437950534
423 0.11427271356044517
435 0.032910127041832604
436 0.08264006884433495
456 0.018694266432594107
496 0.04509607836187968
576 0.027337870221568025
650 0.06622096231539298
671 0.06154626802125356
678 0.03642247575673842
711 0.019099126896908902
769 0.013870916684450979
846 0.03623113928773467
913 0.03462427459125709
958 0.02596662261882912
965 0.025623954332762617
975 0.12547144665200718
1057 0.03496471750753235
1132 0.06292715616532749
1247 0.05538625223882376
1347 0.02833883856604474
1373 0.07098511986034059
1524 0.01418506444885243
1632 0.02449060408752747
1684 0.0676199117491231
1706 0.03993842816317562
1872 0.04242919955363864
1883 0.053133928577873135
1896 0.035492559930170295
1916 0.03944379152306818
2081 0.054591686827079204
2091 0.03396882224821827
2148 0.07355546330916456
2150 0.040717250251280625
2156 0.06447085777399417
2157 0.05538625223882376
2181 0.02931012101933856
2192 0.09518366668283365
2243 0.030728402385222682
2356 0.04049073252719237
2373 0.012811243608996136
2382 0.02275019715319633
2438 0.08264006884433495
2455 0.03380995587456155
2456 0.030728402385222682
2508 0.06447085777399417
2596 0.03098045467933692
2630 0.021837527385252124
2644 0.02480454281811918
2679 0.03149958453411163
2701 0.05336013520460108
2739 0.044757945094986706
2756 0.03380995587456155
2781 0.02366414427190533
2783 0.04550708129190881
2822 0.029422622271076036
2900 0.030481106079677016
3112 0.030238389599583387
3269 0.04718306584156869
3280 0.04550708129190881
3285 0.056264871266625174
3300 0.03380995587456155
3342 0.029766038826695658
3361 0.032910127041832604
3362 0.03429245141574239
3442 0.01801452738686947
3510 0.06622096231539298
3581 0.03993842816317562
3591 0.04911395043595583
3604 0.03873516947078422
3605 0.03479339068417712
3648 0.04902303369834601
3701 0.05182220320830406
3753 0.047147508914164644
3759 0.021457888550666
3878 0.03231899604875507
3887 0.06704685624508802
3918 0.03567013843775964
3933 0.020623568670582827
3965 0.044757945094986706
4025 0.021274580452727388
4048 0.014362900492780507
4059 0.022886722505972075
4081 0.01844743587269459
4143 0.0581759495259337
4178 0.03380995587456155
4226 0.033043286142778294
4302 0.05538625223882376
4320 0.02045149203657182
4323 0.07355546330916456
4356 0.01768743658741414
4381 0.02456838660279288
4414 0.04439884549890055
4431 0.043791698288333056
4451 0.029748150144875023
4624 0.009815173156686736
4638 0.04589834364120055
4700 0.17903178037994683
4719 0.056232114449335034
4721 0.06824130973724603
4820 0.024964377913115187
4827 0.016413123275994396
4861 0.045617052246866185
4941 0.016123240345401604
4972 0.041595869279082036
5005 0.017278540900445467
5120 0.04902303369834601
5181 0.027146533752564275
5208 0.04902303369834601
5253 0.08252685150391784
5351 0.03567333955981631
5471 0.04126342575195892
5490 0.10492332497216635
5598 0.08038585543998056
5660 0.18344934875901067
5665 0.058107639233516396
5700 0.062216644369639765
5723 0.07732591527241642
5777 0.035492559930170295
5802 0.01222034877901695
5875 0.04126342575195892
5882 0.18588272807602152
5971 0.03968877651296479
6008 0.020183689960877098
6057 0.05077646246857888
6079 0.01941119676747263
6150 0.08259612422359493
6155 0.06549749961415144
6162 0.03004772632797423
6180 0.025372707366944674
6214 0.02115378406441299
6348 0.12059420549657894
6436 0.02164379685005229
6554 0.03701383841043503
6638 0.024336410363695295
6732 0.05526043302752156
6791 0.02281828206139406
6794 0.44051266252583965
6817 0.024336410363695295
6877 0.046301646703653374
6886 0.13244192463078597
6894 0.08264006884433495
6923 0.030118696390037704
6932 0.021832380180645747
6952 0.018301538462349873
6994 0.03445731290211507
7035 0.02596662261882912
7101 0.03828318277184112
7102 0.028654668676299736
7121 0.03429245141574239
7176 0.031281489608441536
7201 0.11044121431809048
7205 0.023591532920784346
7262 0.026331851386754226
7272 0.04462222521731254
7282 0.040006738455592904
7376 0.03623113928773467
7441 0.06292715616532749
7484 0.020758666030324845
7537 0.0077540848467040025
7553 0.05538625223882376
7561 0.0692826440448544
7583 0.05538625223882376
7602 0.054591686827079204
7631 0.04154529285965319
7833 0.019893692308653465
7952 0.010727427223622311
7968 0.0389671457098818
8045 0.03784626513503982
8052 0.040717250251280625
8092 0.021214043091731635
8124 0.03642247575673842
8166 0.043039130885248
8171 0.08203440101932452
8233 0.058107639233516396
8252 0.015719937282948782
8312 0.028132435633312587
8324 0.026931968046670467
8329 0.035314239963730155
8361 0.043377056950912776
8412 0.03098045467933692
8438 0.03784626513503982
8447 0.05585846575052927
8556 0.02139650054450662
8608 0.07732591527241642
8615 0.059156704202075625
8688 0.08264006884433495
8716 0.03850722780624643
8753 0.027929232875264633
8828 0.029766038826695658
8863 0.03784626513503982
8890 0.047279141063539684
8942 0.026331851386754226
8969 0.03149958453411163
9049 0.09429501782832929
9160 0.035138313626253664
9182 0.03828318277184112
9267 0.02248134023111638
9291 0.028030440446549724
9292 0.051247908665525234
9388 0.07987685632635123
9445 0.06430642391601092
9461 0.06824130973724603
9470 0.03217882021678852
9636 0.20226233599086096
9638 0.03567333955981631
9821 0.046049369988252424
9865 0.02763021651376078
9898 0.015290183524628131
9922 0.03396882224821827
9987 0.05667767713208948
10140 0.03231899604875507
10191 0.03873516947078422
10192 0.035314239963730155
10210 0.09172467437950534
10298 0.028030440446549724
10318 0.008171588701116225
10334 0.05245926885711952
10392 0.042555193346557295
10410 0.04953707273334258
10460 0.023884423664752196
10490 0.03190288759656445
10576 0.06435764043357704
10619 0.05490461538704961
10749 0.015213538187168267
10752 0.056232114449335034
10760 0.050911844694311335
10890 0.0480517512450522
10925 0.02931012101933856
10951 0.014657035481648007
10960 0.020623568670582827
10979 0.027434596235157194
11036 0.03137653736697207
11067 0.09772861099064568
11101 0.061707645256010454
11125 0.035138313626253664
11177 0.048528397058238575
11190 0.058107639233516396
11244 0.03661664694303537
11249 0.07443408233696597
11300 0.023519321634233654
11310 0.037217041168482984
11319 0.024648960588771543
11332 0.01243495990745361
11510 0.04671775515584399
11580 0.07732591527241642
11600 0.07063087355642396
11607 0.04212789167794869
11629 0.016666801815152635
11710 0.04126342575195892
11770 0.13478975210985408
11828 0.025623954332762617
11858 0.06622096231539298
11861 0.03163264471611023
11875 0.023447506027950902
11893 0.008018039850980157
11929 0.017549715719276306
11930 0.06744402069334914
11957 0.021519565442624
11977 0.03359101287438313
12006 0.013870916684450979
12029 0.05688654382052241
12051 0.02221788783594645
12072 0.03642247575673842
12186 0.01967705406469904
12193 0.03993842816317562
12196 0.0480517512450522
12204 0.03137653736697207
12205 0.031367861663001796
12265 0.025122281218448037
12274 0.10984994082910612
12303 0.07027662725250733
12304 0.16818264267929833
