165
70 0.21171264237975895
71 0.08839250335703996
104 0.03136093030741293
237 0.05547359491019542
344 0.012449973367225425
435 0.018810049029342028
452 0.06154828973651319
687 0.06073825241701021
718 0.1681648775725065
731 0.06531349277551246
932 0.053403820891071686
952 0.015428536897924837
1054 0.08073929297767975
1426 0.08839250335703996
1458 0.047168888805951
1521 0.05292816059493974
1587 0.036007684123333585
1664 0.03169761955254686
1666 0.06073825241701021
1726 0.044813927967395646
1861 0.04301906149396719
1887 0.05292816059493974
2074 0.05158558756983447
2113 0.053403820891071686
2154 0.0702522666928244
2287 0.032755614831606265
2413 0.0664237814440778
2490 0.08839250335703996
2495 0.05854183317307364
2596 0.03541425839705212
2644 0.028354473743973374
2656 0.1480212013473562
2895 0.23475552276971665
3022 0.06762298456283096
3189 0.04231111684129532
3191 0.05723822516572647
3198 0.07800774395993547
3239 0.08151158964597519
3246 0.05547359491019542
3342 0.0340260400105867
3453 0.18996438260724102
3544 0.038291974826689834
3546 0.07035453358057525
3589 0.04277934372577241
3599 0.03710633625470576
3630 0.05547359491019542
3647 0.05854183317307364
3677 0.048501503677892674
3749 0.08327024127052662
3765 0.05393572505547877
3826 0.042082378949651354
3891 0.024388839075110195
3904 0.06762298456283096
3914 0.08073929297767975
3937 0.06240463942947232
4002 0.377868792733431
4025 0.02431931671888191
4105 0.020810621812810254
4205 0.12233631282691257
4254 0.10485195758046224
4342 0.07193304913361769
4431 0.025029498999947615
4505 0.09446719818335775
4624 0.011219883051443757
4629 0.10485195758046224
4768 0.056626628374897264
4827 0.018762106457605315
4872 0.0248847438556598
4930 0.07193304913361769
4982 0.07800774395993547
5013 0.032634302096862695
5018 0.08803646878650322
5128 0.053403820891071686
5235 0.048854038552090195
5401 0.033125560562943974
5425 0.020484912444227142
5453 0.05723822516572647
5525 0.04454397398130346
5609 0.03541425839705212
5622 0.03136093030741293
5716 0.08408243878625325
5802 0.055877112694650656
5819 0.10485195758046224
6008 0.034608453252813275
6034 0.12633818803665972
6055 0.027134331361318334
6125 0.06996824483393095
6150 0.03147232145907736
6180 0.02900395182143913
6214 0.024181232415295174
6298 0.08073929297767975
6303 0.09073776362813996
6585 0.049964327220655524
6664 0.13205470317975485
7011 0.07800774395993547
7176 0.03575837628932306
7177 0.10485195758046224
7194 0.09446719818335775
7220 0.024741373949307702
7254 0.03901414068677314
7340 0.10485195758046224
7394 0.04120082817272997
7425 0.09087098756272088
7483 0.21450724414630581
7507 0.021773882403626238
7537 0.01772763939303935
7588 0.0664237814440778
7589 0.033125560562943974
7660 0.027472922967051994
7901 0.047491095651810256
7956 0.0363134506724888
8166 0.1721955411390268
8239 0.04624186897779277
8246 0.056626628374897264
8346 0.05292816059493974
8364 0.030603553994265162
8582 0.04536888181406998
8680 0.06240463942947232
8754 0.0304984164337937
8800 0.05547359491019542
8867 0.040167174151475
8868 0.0352695032527643
8890 0.018015183398105723
9088 0.12480927885894463
9115 0.04254340119783524
9139 0.04326267728244753
9142 0.10485195758046224
9211 0.05246713834675586
9330 0.044813927967395646
9338 0.048761857919428706
9578 0.026240828417123226
9671 0.061207107988530324
9796 0.17771639384758406
9814 0.07954577432466571
9849 0.02909907621009645
9898 0.03495691176157517
9922 0.07766061931584808
9923 0.02799560530769337
10184 0.044813927967395646
10226 0.04376212489379038
10267 0.07193304913361769
10270 0.05923879794919469
10420 0.02738755498176013
10426 0.04185708085618185
10499 0.0478203845308352
10647 0.07421267250941152
10872 0.06892659257017814
10909 0.10847936210300155
10934 0.039968733622801206
10951 0.01675469412100163
10987 0.047491095651810256
10988 0.03548883250679874
11011 0.024112664602782486
11161 0.0478203845308352
11163 0.08855759638717588
11319 0.009392208394450766
11634 0.019003368368123857
11751 0.07369767938914874
11892 0.039388711218543634
11893 0.015275918212494853
11929 0.020061363647183264
12081 0.10485195758046224
12086 0.06154828973651319
12232 0.08652535456489506
12265 0.06700793316964525
