192
57 0.04331186401188691
62 0.06694056522940053
74 0.0642789860304537
84 0.05065227175928392
159 0.030626553270518997
279 0.03350305097891674
289 0.03424877220040046
330 0.02514541038328851
344 0.03964719702822454
358 0.06694056522940053
380 0.036578347532009434
435 0.02995049459061963
464 0.03048539594771684
493 0.02070425483032089
496 0.02052027707639662
505 0.03314697514666365
515 0.04508216656378153
571 0.07543623114986552
593 0.11007611401562546
642 0.026472071337887065
682 0.03504424387802422
711 0.017381528065337257
866 0.057268069732366735
952 0.012283123509716795
1033 0.04040602396503327
1188 0.056011365896591024
1232 0.036119535021815294
1328 0.03947612562886566
1356 0.03484034738189456
1374 0.026776623744161534
1468 0.02980363013183187
1575 0.023015667139435717
1759 0.062112764490962674
1814 0.06137872923973098
1895 0.01925140837004368
1921 0.07520818536326322
1929 0.021080948912422126
1971 0.017195879888531315
2003 0.056011365896591024
2086 0.05139203054310102
2106 0.0642789860304537
2194 0.05439036177034641
2196 0.038894173404381685
2227 0.02532613587964196
2230 0.051998041286761255
2278 0.02140421136891281
2337 0.06302097512607037
2373 0.05829559422888551
2377 0.038339298727433635
2456 0.055929948143144365
2630 0.009936831070161698
2650 0.08636369163077791
2656 0.01964069038901954
2666 0.030769401140353543
2693 0.058672945095537846
2768 0.029158734993118277
2812 0.040087934325927777
2833 0.08503278466852628
2936 0.03197829868140196
3201 0.039181600675529046
3270 0.021017334603941288
3304 0.056011365896591024
3544 0.03048539594771684
3609 0.05065227175928392
3616 0.037552574871666654
3633 0.04607671359245367
3759 0.01952816451136536
3878 0.029412524451883568
3880 0.03947612562886566
3962 0.06493041866155737
3965 0.04073282946464137
4048 0.013071234060197546
4081 0.05036533231369518
4169 0.019361341448399103
4195 0.03230068734905176
4196 0.13699508880160183
4297 0.027964974071572182
4317 0.03166439491865705
4320 0.018612273991918806
4381 0.022358933136656312
4451 0.013536438325845583
4570 0.031208505495002974
4624 0.022331218150698107
4827 0.01493707876812467
4861 0.029653340332057136
4869 0.03567771952848682
4874 0.039181600675529046
4995 0.03297284571007409
5001 0.01597145659902709
5005 0.015724668735395284
5041 0.034639877880348766
5129 0.038339298727433635
5131 0.11202273179318205
5293 0.07460291415859116
5401 0.05274451549297217
5425 0.04892596970851196
5433 0.024791972537238163
5540 0.033870084693949795
5640 0.10081064992335032
5672 0.04556907721315827
6024 0.043730421152898574
6068 0.04116257646045137
6088 0.08146565892928274
6167 0.04177067111277942
6230 0.028546926296056166
6410 0.016480900061814643
6436 0.019697353937709498
6452 0.013776026243401913
6616 0.028666803230399843
6657 0.019984781208856866
6681 0.04968221541438902
6747 0.022009123474532672
6772 0.02470522557621141
6778 0.06472434742169757
6949 0.4309976074308195
7205 0.021469928640209548
7272 0.013536438325845583
7385 0.04968221541438902
7470 0.027195180885173205
7471 0.06364062838413019
7580 0.025235430845054058
7625 0.07223907004363059
7922 0.1076733946940419
7993 0.10274631660120138
8117 0.05040532496167516
8128 0.04508216656378153
8166 0.03916858950817985
8252 0.028612463024489117
8324 0.00816998530848604
8339 0.07008848775604844
8397 0.04251639233426314
8398 0.051998041286761255
8427 0.05383669734702095
8438 0.06888544415287962
8515 0.042418408996722175
8603 0.032465209330778684
8754 0.024280709077310555
8873 0.02347447964962986
8942 0.011981904103826673
8943 0.043730421152898574
8954 0.04331186401188691
8972 0.061253106541037994
8974 0.042137704827812476
8996 0.03525168657741089
9099 0.02021981648991085
9259 0.07037193761474632
9267 0.020459576413243658
9270 0.04251639233426314
9338 0.01941039281139368
9354 0.06210431748088363
9453 0.03332368437229043
9573 0.06694056522940053
9575 0.014525093699882209
9632 0.03350305097891674
9821 0.020954057773485205
10195 0.09546094257619528
10250 0.04607671359245367
10312 0.022940885361140292
10318 0.0074367115896712575
10325 0.02627327249319211
10572 0.05040532496167516
10619 0.016655667357949638
10643 0.03444272207643981
10653 0.04872882451976452
10845 0.044435551627708306
10903 0.04835555445979046
11001 0.04556907721315827
11080 0.016394467404127002
11106 0.02127385319086562
11217 0.014525093699882209
11280 0.0834758054971259
11299 0.05040532496167516
11310 0.033870084693949795
11319 0.007477420347846106
11335 0.07037193761474632
11385 0.044164201849987164
11470 0.051175118148074135
11519 0.0642789860304537
11608 0.0642789860304537
11659 0.051175118148074135
11771 0.03947612562886566
11798 0.6333474385327168
11847 0.038894173404381685
11893 0.024323238343312233
11929 0.01597145659902709
11987 0.058672945095537846
11997 0.04900044959850405
12006 0.012623494725392915
12048 0.04607671359245367
12051 0.02021981648991085
12089 0.02532613587964196
12138 0.02444870698928708
