476
15 0.033355641463067597
84 0.010699751996793707
103 0.011141716163251984
119 0.009416265954625976
171 0.03526674660502781
178 0.04792060563282084
188 0.014231259679368481
203 0.01299941542034792
205 0.03526674660502781
210 0.008394219165388517
222 0.02162039543628758
236 0.009240462792837826
262 0.1984349942086967
303 0.048592606870313595
319 0.013715858195428579
325 0.029730642036745993
337 0.03367923075003298
349 0.028280960423004077
352 0.0248523279453584
373 0.021632989935889496
374 0.005704560796018372
390 0.009042822577541866
411 0.019046253404110983
435 0.025306889754037915
457 0.0309071426375499
476 0.02196806290274278
482 0.02070164437745231
485 0.013930323733670332
522 0.029102630268096587
524 0.0827180242790387
525 0.06479014249375147
539 0.03526674660502781
628 0.008669379200457756
674 0.02569829463792508
677 0.011489383629707183
679 0.014309388058956615
681 0.02366360691355753
696 0.01780228114996848
711 0.00734332471831654
718 0.028280960423004077
792 0.03526674660502781
793 0.07053349321005561
884 0.02274485585472226
935 0.026237748945734125
937 0.011862827006791294
938 0.011380611363458358
965 0.009852021940502602
978 0.020989675887056768
983 0.05388680562288304
1068 0.014719303341022859
1073 0.38286701347793833
1205 0.03632446162500389
1232 0.015259732823418465
1242 0.015865161581591455
1261 0.02162039543628758
1272 0.020989675887056768
1317 0.026237748945734125
1330 0.04548971170944452
1340 0.023183321805461597
1347 0.01089585376617915
1352 0.017070682936273937
1373 0.027292702337480452
1413 0.02815960858675947
1414 0.026237748945734125
1468 0.012591397776993897
1524 0.005453942212145305
1537 0.029730642036745993
1559 0.031773853514015946
1595 0.012879429286598356
1623 0.04034142764509133
1698 0.010188091750421352
1704 0.018475169811730915
1818 0.027860647467340665
1894 0.01693629685118963
1895 0.008133309247307806
1901 0.014551315134048294
1939 0.029730642036745993
1974 0.01780228114996848
1990 0.028280960423004077
2042 0.013390397318818971
2066 0.020170713822545663
2078 0.020170713822545663
2080 0.014298972445920105
2105 0.011444590627743324
2110 0.026886807520355525
2202 0.014003889705033034
2222 0.02070164437745231
2224 0.04085837988440298
2246 0.07251000938110286
2302 0.02042918994220149
2356 0.005189357583981106
2373 0.004925728928558615
2389 0.028280960423004077
2494 0.028280960423004077
2507 0.03526674660502781
2630 0.004198099093759875
2641 0.020170713822545663
2666 0.01299941542034792
2670 0.013248314382466396
2695 0.027156500004569394
2698 0.03893285660390429
2705 0.009852021940502602
2745 0.03526674660502781
2809 0.03470141878659247
2825 0.02366360691355753
2828 0.007929449467300002
2860 0.03526674660502781
2895 0.008773283490674797
2936 0.013510148835829171
2942 0.017350709393296235
2975 0.02546095599375465
2984 0.013510148835829171
2993 0.03526674660502781
3077 0.07053349321005561
3097 0.015865161581591455
3101 0.021295174240980343
3114 0.07053349321005561
3129 0.03526674660502781
3131 0.029730642036745993
3132 0.01597353521094028
3176 0.041979351774113535
3183 0.041979351774113535
3189 0.014231259679368481
3190 0.020989675887056768
3239 0.0068540651117830614
3244 0.04636664361092319
3279 0.018658432900182362
3285 0.010816494967944748
3286 0.016677820731533798
3295 0.018475169811730915
3308 0.015655165382481486
3323 0.016677820731533798
3332 0.008960436335815527
3390 0.015073075205003185
3400 0.022452820500021987
3432 0.02196806290274278
3442 0.006926312650982948
3456 0.015165539809170497
3559 0.01545357131877495
3561 0.028777493714382034
3630 0.018658432900182362
3668 0.01597353521094028
3673 0.017350709393296235
3682 0.024788067331992212
3698 0.02274485585472226
3701 0.01992485142547283
3709 0.014078545582216093
3737 0.011356181701493736
3746 0.04838907493692835
3759 0.024750698434673896
3791 0.026886807520355525
3803 0.03433377188322997
3876 0.013377531194188436
3889 0.016553390223360533
3918 0.004571542470843985
3933 0.007929449467300002
4033 0.01171952314494266
4047 0.031773853514015946
4059 0.008799597803947604
4078 0.02463788668348616
4095 0.021295174240980343
4101 0.015467034317998255
4161 0.018475169811730915
4162 0.02070164437745231
4288 0.031773853514015946
4348 0.10580023981508342
4364 0.02070164437745231
4414 0.017070682936273937
4476 0.031773853514015946
4538 0.031773853514015946
4552 0.026319850472024394
4570 0.013184927640521931
4583 0.018848613188815023
4624 0.024529604221865182
4630 0.07871324683720238
4662 0.01969042871444973
4676 0.01907394127344274
4708 0.012111112668897965
4729 0.07436420199597664
4772 0.008418622019570481
4780 0.03526674660502781
4803 0.014231259679368481
4827 0.006310597050218712
4831 0.03526674660502781
4861 0.040089291339175076
4872 0.01673986783155886
4895 0.059461284073491986
4904 0.018127502345275714
4926 0.01032905701330964
4933 0.03938085742889946
4935 0.031773853514015946
4941 0.03719484875098922
4972 0.00799649053869532
5001 0.006747599612087372
5005 0.013286674011388416
5224 0.006643337005694208
5238 0.03526674660502781
5253 0.015865161581591455
5293 0.01575906967269853
5306 0.028280960423004077
5340 0.025071431337107465
5389 0.00811024660045841
5405 0.031773853514015946
5461 0.07001944852516517
5587 0.027156500004569394
5593 0.07053349321005561
5595 0.01992485142547283
5667 0.014388746857191017
5670 0.024194537468464176
5751 0.029730642036745993
5752 0.021399503993587414
5785 0.028280960423004077
5802 0.004698538825349558
5842 0.015007899234001155
5845 0.039278462118085375
5867 0.031773853514015946
5942 0.3777419333098169
5998 0.022712363402987473
6013 0.00874710587574971
6057 0.006507593322054495
6061 0.022341506279826888
6063 0.014719303341022859
6066 0.025037295427905847
6068 0.017390310222173327
6079 0.007463310852066105
6114 0.01231894334174308
6119 0.011312552168856032
6125 0.011766839732406598
6136 0.018298338350879764
6146 0.016084290868005766
6162 0.01732934280172265
6186 0.0129390652434491
6198 0.012213956637271903
6214 0.032533236989231225
6279 0.014469375449949149
6281 0.01066143105515605
6294 0.031106720626198237
6360 0.026368014652953367
6367 0.10580023981508342
6398 0.01105842204303643
6401 0.041979351774113535
6436 0.008321711734002556
6452 0.0058200771332119206
6520 0.02546095599375465
6553 0.03526674660502781
6570 0.013377531194188436
6616 0.012111112668897965
6621 0.013930323733670332
6623 0.031773853514015946
6624 0.02366360691355753
6657 0.00844314362290212
6666 0.016312955859375707
6698 0.013122328331900544
6749 0.031773853514015946
6750 0.05431300000913879
6772 0.02087486128531693
6791 0.017546566981349595
6995 0.04393612580548556
6998 0.016084290868005766
7002 0.014309388058956615
7005 0.023183321805461597
7016 0.016805401711545074
7017 0.034141365872547874
7042 0.02961184270066914
7043 0.05775588829113119
7053 0.03526674660502781
7054 0.0509219119875093
7057 0.03526674660502781
7101 0.014719303341022859
7117 0.020989675887056768
7150 0.01925887048177736
7163 0.018298338350879764
7205 0.009070586722381124
7206 0.014154324146167914
7208 0.011356181701493736
7298 0.03526674660502781
7356 0.016084290868005766
7379 0.01331250862053321
7384 0.03526674660502781
7460 0.02274485585472226
7470 0.011489383629707183
7471 0.013443403760177762
7482 0.032449484903834244
7483 0.00554992948653
7484 0.003990696176913552
7488 0.014309388058956615
7507 0.021970805630798645
7529 0.10580023981508342
7536 0.010474079382674422
7537 0.017887968354807084
7542 0.011552895201148434
7554 0.009506522329336057
7580 0.01066143105515605
7605 0.15526878292138924
7660 0.036961851171351305
7706 0.018298338350879764
7768 0.019251962763710394
7780 0.029730642036745993
7833 0.022946469216720354
7861 0.010364923211272505
7882 0.031773853514015946
7893 0.024788067331992212
7895 0.02546095599375465
7911 0.011489383629707183
7944 0.032626767866655304
7952 0.004124533122397172
7985 0.023183321805461597
8078 0.05247549789146825
8092 0.03262591171875141
8156 0.008852642288909201
8166 0.008273946641394732
8200 0.01575906967269853
8208 0.009327597751303924
8210 0.029730642036745993
8211 0.10580023981508342
8220 0.019046253404110983
8224 0.007733517158999128
8249 0.020170713822545663
8252 0.006044077545709504
8352 0.01126929714326326
8368 0.028280960423004077
8376 0.014388746857191017
8378 0.01780228114996848
8405 0.037697226377630046
8440 0.018127502345275714
8444 0.012535715668553733
8452 0.031773853514015946
8457 0.018127502345275714
8483 0.01089585376617915
8510 0.020170713822545663
8526 0.028280960423004077
8543 0.017962268540961012
8556 0.016453260107861585
8621 0.018475169811730915
8649 0.03526674660502781
8672 0.015165539809170497
8708 0.018892344304874468
8709 0.028280960423004077
8754 0.030774244440782042
8811 0.014719303341022859
8817 0.017208751286440446
8837 0.00988463810317657
8890 0.012118741940636592
8903 0.08518069696392137
8917 0.03526674660502781
8942 0.015186296437353232
8954 0.018298338350879764
8986 0.009240462792837826
8998 0.029730642036745993
9027 0.0077549149811330445
9053 0.01693629685118963
9070 0.4232009592603337
9099 0.008542441013934277
9129 0.022341506279826888
9131 0.03526674660502781
9139 0.04365394540214488
9160 0.013510148835829171
9162 0.02546095599375465
9182 0.014719303341022859
9202 0.029610890519735793
9206 0.02366360691355753
9221 0.028280960423004077
9238 0.02546095599375465
9267 0.00864373446551421
9273 0.02937329887326616
9313 0.03526674660502781
9329 0.027156500004569394
9338 0.018451072758032233
9341 0.007524392564066851
9364 0.031773853514015946
9389 0.056561920846008154
9423 0.018298338350879764
9426 0.02196806290274278
9434 0.11332257999294507
9445 0.0030906056258349942
9485 0.030331079618340993
9563 0.009269340691586081
9567 0.012879429286598356
9575 0.006136542149876813
9580 0.024961284239856833
9582 0.010510996614021169
9702 0.03659667670175953
9720 0.016805401711545074
9844 0.031773853514015946
9898 0.011757687482789608
9921 0.013184927640521931
10004 0.01673986783155886
10016 0.03441750257288089
10108 0.02196806290274278
10110 0.011312552168856032
10116 0.012372268490579588
10144 0.014078545582216093
10145 0.02042918994220149
10167 0.03198429316546815
10172 0.011534578367992123
10254 0.019466428301952145
10282 0.02546095599375465
10318 0.003141851961124709
10334 0.010084896754250205
10337 0.03526674660502781
10364 0.010510996614021169
10392 0.005453942212145305
10426 0.028157091164432185
10428 0.011960678227763083
10460 0.01836639754548209
10473 0.03526674660502781
10480 0.02196806290274278
10483 0.019251962763710394
10506 0.024194537468464176
10509 0.01693629685118963
10578 0.010777279365045838
10590 0.019466428301952145
10644 0.020989675887056768
10653 0.03088033286648375
10721 0.024788067331992212
10750 0.010816494967944748
10845 0.009386536195586489
10848 0.01167264671815863
10881 0.01089585376617915
10897 0.011862827006791294
10898 0.016837244039140963
10914 0.011534578367992123
10951 0.025359335632861617
10959 0.009476256895770535
10960 0.007929449467300002
10988 0.017904896945273044
11021 0.011960678227763083
11036 0.004021267632908722
11071 0.012010325718428192
11136 0.03194707042188056
11142 0.012111112668897965
11153 0.015865161581591455
11154 0.013715858195428579
11156 0.016084290868005766
11179 0.016084290868005766
11217 0.006136542149876813
11257 0.014154324146167914
11319 0.0031590505428048484
11325 0.026237748945734125
11326 0.03526674660502781
11332 0.009562107100765736
11378 0.026237748945734125
11382 0.024194537468464176
11497 0.0053864823085558585
11499 0.014231259679368481
11634 0.006391745012164707
11676 0.028280960423004077
11698 0.019466428301952145
11759 0.026237748945734125
11780 0.029102630268096587
11795 0.3149420903288082
11828 0.009852021940502602
11829 0.05247549789146825
11893 0.010276049187651425
11897 0.06354770702803189
11921 0.04093905350622067
11929 0.020242798836262114
11930 0.00864373446551421
11937 0.026237748945734125
11951 0.027156500004569394
11965 0.011400192282907813
11977 0.00645761757815403
12021 0.022450767803776254
12052 0.0124261639726792
12089 0.010699751996793707
12111 0.02546095599375465
12123 0.031773853514015946
12129 0.013443403760177762
12156 0.029102630268096587
12157 0.011766839732406598
12163 0.02366360691355753
12186 0.007565528952024564
12265 0.019318272468443167
12270 0.053541761505680824
12271 0.04310911746018335
12275 0.00953697063672137
