243
141 0.04904349782272646
186 0.04316822019128286
201 0.026331314160506002
206 0.26572284741117913
210 0.019613541036861987
320 0.0454843485521263
344 0.009784372561251503
387 0.04600773746969361
435 0.014782724602687673
456 0.016794355851074742
471 0.13212237171186045
513 0.03657912935299805
562 0.059490882401583185
571 0.02482213945369286
593 0.027165242194976638
597 0.055291280360291864
635 0.08633644038256572
641 0.03141123029197767
687 0.047733892502278
711 0.017158070080368012
769 0.012461206307251385
965 0.023019775016461453
979 0.04668829659617437
1448 0.11583728426943567
1450 0.030093473838000175
1524 0.012743427027930685
1575 0.022719776318883663
1586 0.034593712941255156
1631 0.08240263545016832
1663 0.037323017446976144
1759 0.04087615933479217
1816 0.03706979667865129
1818 0.03254894479449415
1861 0.06761693579207516
1933 0.03500688908613269
1979 0.03784640636454344
2066 0.047129949255141704
2201 0.04498323837708567
2202 0.032720835612426134
2287 0.025742475869786983
2378 0.03896861814999154
2539 0.056531827934903994
2575 0.19943280828215784
2576 0.08240263545016832
2596 0.027831890713064956
2609 0.04275504404640532
2645 0.03565518007651582
2665 0.07364381454387102
2781 0.04251828347975477
2984 0.031567183723083585
3014 0.04196979900118774
3109 0.08108171683371379
3152 0.053274315278991353
3239 0.03202977780079419
3270 0.020747134468350966
3350 0.0634504611025628
3429 0.14536502550226232
3453 0.037323017446976144
3489 0.066079973239868
3544 0.15046736919000087
3545 0.04316822019128286
3589 0.06724014977263773
3759 0.01927710923731498
3784 0.08996647675417134
3814 0.024387613689343984
3880 0.07793723629998307
3887 0.020077613396169876
3933 0.03705516366975004
3962 0.03204783461945351
4030 0.06799984868128174
4169 0.01911243086182135
4174 0.04655547864395102
4184 0.059490882401583185
4187 0.03896861814999154
4195 0.19131256645415068
4271 0.0454843485521263
4272 0.05220212167577032
4339 0.026331314160506002
4400 0.08240263545016832
4410 0.012871063095274027
4429 0.0317252305512814
4431 0.039341119215829584
4552 0.020499245061635182
4570 0.030807287044841373
4624 0.004408825329618449
4655 0.025742475869786983
4661 0.10103441541561974
4733 0.047733892502278
4768 0.044502587480715734
4791 0.030373827842557852
4818 0.066079973239868
4827 0.014745046772416052
4839 0.040540858416856895
4869 0.03521904459011748
4872 0.01955679725516967
4941 0.01448462483454105
4972 0.01868422687583237
5001 0.015766126578834007
5010 0.10628913896447166
5253 0.03706979667865129
5297 0.02228364083248532
5313 0.033620074886318865
5433 0.04894649085229754
5453 0.13494971513125703
5641 0.038117092122838064
5659 0.04404079057062015
5753 0.054169068574843764
5760 0.047733892502278
5796 0.04196979900118774
5802 0.021956773405264692
5842 0.017533378727879998
5899 0.08240263545016832
6003 0.08176433343515259
6008 0.009066204143740165
6034 0.04964427890738572
6055 0.085298947847872
6079 0.034876848169851385
6150 0.04946788389663993
6222 0.10902376912669673
6230 0.028179925270415414
6266 0.054169068574843764
6360 0.015402568340981077
6404 0.047733892502278
6410 0.01626902060539119
6451 0.043596424177271845
6583 0.040882166717576295
6621 0.03254894479449415
6657 0.019727855642692856
6666 0.05717413785780782
6712 0.040882166717576295
6719 0.03758180395017771
6747 0.02172617284072929
6772 0.024387613689343984
6934 0.026534324567400017
6952 0.016441541082507394
7083 0.07175891893093998
7090 0.13966643593185307
7205 0.06358172978425092
7262 0.02365572802769779
7264 0.09311095728790204
7312 0.020136929954429287
7394 0.03237952731170673
7414 0.05791864213471783
7482 0.02527331771411718
7483 0.05187082566753944
7484 0.01864894916117418
7507 0.017111986608967015
7537 0.013932064217071577
7608 0.061305900587386
7758 0.04196979900118774
7850 0.11058256072058373
7878 0.07043808918023496
7919 0.14848260869003632
7952 0.019274383491818023
8081 0.05791864213471783
8118 0.04196979900118774
8119 0.043596424177271845
8147 0.047129949255141704
8166 0.07733007146486197
8220 0.044502587480715734
8225 0.029034395243555586
8334 0.08240263545016832
8364 0.1443070913387819
8438 0.06799984868128174
8453 0.037323017446976144
8512 0.040209165724603674
8603 0.03204783461945351
8625 0.02929036862718519
8657 0.047733892502278
8659 0.037323017446976144
8753 0.02509076658589387
8867 0.06313436744616717
8986 0.021590834432130605
8991 0.11583728426943567
9027 0.018119772693925004
9053 0.1187176841913835
9095 0.047129949255141704
9104 0.05314456948223583
9125 0.1364530456563789
9145 0.04904349782272646
9147 0.095467785004556
9148 0.24653331213082236
9171 0.049757311029567666
9175 0.03682190727193551
9230 0.026740896741518482
9338 0.033531490330627536
9385 0.09565628322707534
9433 0.020622537412401547
9575 0.028676716418678708
9626 0.08635160555265511
9656 0.14522994127845676
9671 0.07215354566939094
9675 0.017485805685737255
9683 0.10103441541561974
9690 0.059490882401583185
9815 0.04837049682975384
9888 0.03706979667865129
9898 0.013736232125863192
9919 0.03706979667865129
9964 0.05314456948223583
10142 0.040540858416856895
10218 0.021000355236675816
10226 0.06878487550183224
10228 0.08246732963442321
10301 0.05791864213471783
10318 0.029364419087531724
10340 0.043596424177271845
10420 0.04304748830848623
10426 0.16447636526735063
10540 0.056531827934903994
10553 0.0880815811412403
10641 0.040882166717576295
10653 0.02405118188979698
10749 0.013667376304412912
10818 0.03204783461945351
10845 0.021932142732850008
10909 0.11367119299139153
10951 0.01975114700179767
10988 0.01394524906874384
11011 0.07580009593890516
11021 0.0838402888798324
11068 0.09311095728790204
11071 0.05612553394263621
11194 0.032212512994947144
11217 0.014338358209339354
11300 0.021129037522035023
11319 0.02214387052733914
11497 0.012585803363200802
11629 0.014972943794947848
11647 0.06345261146544202
11710 0.03706979667865129
11768 0.08315438508095951
11812 0.02749384897136566
11893 0.019208429846087775
11945 0.027165242194976638
11991 0.06313436744616717
12024 0.022719776318883663
12048 0.0454843485521263
12049 0.06345261146544202
12177 0.014447887482077546
12180 0.024134392921019134
12265 0.06770726181120998
12293 0.047129949255141704
