46
104 0.09737787418119465
117 0.13210022561427764
449 0.19959337906248245
496 0.08003325813778378
937 0.10951426556912745
1235 0.2350483484878968
1781 0.2288364305731772
2044 0.2350483484878968
2373 0.09094587414869688
2627 0.1358844476243724
2670 0.12230469337486827
2822 0.10443428381577714
3369 0.18394059604725285
3918 0.042203187817367566
4025 0.07551317325124542
4798 0.29332723387911025
4861 0.0462616256614373
5914 0.13915036946919462
6507 0.11889925044543348
7035 0.1843347347716063
7262 0.046731865293707986
7272 0.052794865233312394
7418 0.14175966722209396
7483 0.051235380177914
8324 0.063729211914792
8403 0.16017684445894642
8517 0.3818147087984231
8972 0.11944979274131982
9291 0.09949279660072784
9292 0.0909510816070568
9338 0.01892612088821323
9910 0.16434562726724414
10266 0.13283284360660894
10269 0.15060054904137174
10321 0.10951426556912745
10533 0.13283284360660894
10597 0.07886140068240342
10638 0.14175966722209396
10845 0.08665384879246694
11624 0.11521776005100645
11846 0.12230469337486827
11852 0.13667968546874368
11930 0.07979651319398164
12175 0.11521776005100645
12265 0.029723471763724377
12269 0.26108183222614373
