46
119 0.10179576466282962
237 0.20170940940246684
505 0.15139086636326735
674 0.06945368699768706
1205 0.07853806094476985
2030 0.1619678461212587
2042 0.14475862733450415
2086 0.11736039251941624
2096 0.13375201355624927
2161 0.17151238744526298
2656 0.08970414708461419
2705 0.10650656127822516
2828 0.0857223421437583
3285 0.11693312206126193
4013 0.17510556014311024
4101 0.08360419050681964
4624 0.020398497587322626
5993 0.23021424372830304
6008 0.0419469880355326
6621 0.15059557188622988
6732 0.11484563662724173
7025 0.08944657353549472
7102 0.11910379583284714
7328 0.17151238744526298
7471 0.14533166034527237
7788 0.23021424372830304
7951 0.11822512026530158
8208 0.100837205548002
8766 0.17895257246014415
8837 0.10685916253606588
8943 0.1997282200102724
9000 0.10976527574463538
9332 0.1776398172719891
9341 0.08134342194383343
9568 0.10244430451462225
9575 0.13267976999428482
9672 0.23021424372830304
9776 0.09456172282084188
10578 0.1165091766987324
10966 0.25062630792113766
10997 0.14981172089293399
11027 0.32140696265706087
11629 0.13855189763337405
12098 0.11089632061037352
12205 0.13038124549362626
12271 0.1165091766987324
