34
210 0.11706223928492414
236 0.12886359591595845
374 0.07955339832826394
524 0.19225844517806354
878 0.24196567360738155
1205 0.20262624717616318
2042 0.09336841605941334
2086 0.15139344934969642
2096 0.34507687397855086
2705 0.27478428359239987
2781 0.1268839080443685
2822 0.15776008021974486
3285 0.1508422757631348
3472 0.14658192459722655
3760 0.2927131651905014
3891 0.11439749265862637
4048 0.15402381970262083
4105 0.09761362353987545
5425 0.09608586180482188
5993 0.2969735163564096
6621 0.19426641812632472
6732 0.14814944546886594
7484 0.055652565363256655
8092 0.11374680030565172
8444 0.17481780238127606
8515 0.12495846507862982
8837 0.13784699304135675
9434 0.1755943215754601
9445 0.08620056450243603
9575 0.08557762805299043
9870 0.23084659682150038
11629 0.1787302278593885
11637 0.11027185874725348
12265 0.04490074636913509
