180
103 0.03841966481448264
170 0.06309764275107875
262 0.04025045763494226
335 0.038711713039134246
344 0.028879439054873852
392 0.06250855378333064
438 0.07994239307494166
456 0.02478501167196663
769 0.018390175039207892
862 0.055081089817274526
937 0.04090625094689968
938 0.019621720189304453
952 0.017894315028112825
1057 0.0463565090749031
1064 0.04828921691084595
1102 0.10956488066885567
1174 0.04961630894682278
1327 0.14910599653550927
1363 0.0539832641396851
1465 0.04176240737528207
1575 0.03352971237726672
1577 0.06370740567763437
1612 0.09761591148137573
1730 0.07343154721558366
1736 0.08352481475056414
1759 0.06032479573505988
1797 0.06193878272788672
1971 0.02505132278996873
2144 0.07343154721558366
2192 0.06309764275107875
2194 0.07923703341757275
2278 0.0311821094089504
2362 0.09093042635977687
2378 0.05750965766431244
2419 0.04441177184399874
2541 0.15663680106401326
2616 0.07994239307494166
2630 0.04342855921214603
2644 0.03288606618941666
2648 0.10251933230344987
2650 0.0419388196552611
2757 0.15309249563299948
2885 0.05934045048477206
2902 0.06870630179665257
3059 0.12170480045022374
3060 0.06499513991574767
3097 0.054707388095447895
3257 0.09752043618443167
3301 0.04705632688552502
3323 0.05750965766431244
3361 0.021816258097069878
3467 0.09752043618443167
3560 0.07138489496919606
3591 0.021705226023903033
3594 0.18728598223516887
3597 0.08018060958631047
3759 0.028449044529329306
3887 0.029630423862756185
3918 0.04729176192648594
3973 0.10956488066885567
4048 0.019042451205049073
4054 0.08547599170000766
4081 0.024457761692398494
4170 0.045465213179888435
4356 0.04690029682062222
4429 0.046819908812342007
4431 0.029029696274125574
4440 0.048807955740687865
4446 0.03650220617682249
4453 0.04590514706591788
4525 0.21912976133771134
4552 0.030252665396905857
4699 0.03513130871538354
4861 0.008639923112682413
4876 0.05886435329676601
4882 0.06138710273115965
4904 0.06250855378333064
4905 0.042479064008055886
4914 0.10956488066885567
5005 0.06872409347051353
5069 0.046819908812342007
5155 0.06085240022511187
5208 0.06499513991574767
5337 0.03784989375903873
5354 0.04658666423205943
5473 0.0666250075898025
5539 0.06789794859051768
5556 0.05166296119321038
5627 0.03885959870051208
5690 0.08342933945362005
5777 0.04705632688552502
5802 0.016201838580590346
5807 0.039159200266003315
5943 0.06138710273115965
6036 0.057080587461242636
6057 0.022439950050686348
6066 0.02877846596541312
6162 0.01991876093240096
6184 0.07343154721558366
6196 0.21713431763908186
6251 0.026667268554710247
6258 0.05561673025317196
6409 0.029717962890858072
6436 0.028695523276533363
6452 0.06020762224852055
6491 0.06499513991574767
6520 0.08779629464648238
6585 0.05794959155034187
6616 0.04176240737528207
6646 0.04854665066124649
6872 0.04854665066124649
6907 0.08779629464648238
6923 0.039931614554822456
7042 0.02552741997797478
7115 0.19504087236886333
7176 0.020736627667559675
7201 0.048807955740687865
7220 0.028695523276533363
7262 0.10473295322687311
7396 0.045036142976818634
7536 0.03611747178140115
7537 0.010280429249467465
7542 0.03983752186480192
7835 0.060505330793811714
7875 0.0704453980437511
7968 0.05166296119321038
8100 0.037710323046194004
8113 0.052294902119366264
8171 0.027190470325459695
8258 0.05794959155034187
8291 0.05197605903924645
8324 0.02380441599719346
8337 0.056661857312228586
8369 0.10210639653330951
8380 0.04176240737528207
8451 0.07455299826775463
8680 0.07237810587969395
8703 0.10251933230344987
8708 0.03257296834338058
8722 0.06138710273115965
8763 0.054707388095447895
8801 0.10956488066885567
8819 0.05434155436575386
8950 0.15367865925793056
9044 0.07343154721558366
9099 0.029456657811416695
9445 0.01065724799290504
9549 0.04612936256814439
9575 0.021160464785112458
9578 0.06086923904726378
9614 0.2610874963361816
9866 0.06033366139526995
9996 0.10956488066885567
10063 0.06085240022511187
10094 0.07575185016205838
10229 0.07575185016205838
10306 0.05794959155034187
10392 0.03761334944059849
10637 0.10251933230344987
10749 0.02017023363288782
10808 0.2854029373062132
10914 0.07954872089387242
10925 0.03885959870051208
10951 0.038864835568588295
10958 0.09047488781902586
11021 0.04124366854544015
11067 0.06478469676309526
11071 0.04141486658372125
11101 0.08181250189379936
11106 0.03099220084842653
11234 0.10956488066885567
11629 0.02209698246317284
11736 0.02400972500355124
11764 0.0864531077867488
11893 0.00354346098591935
11929 0.023267556954445358
11957 0.05706163251649704
12157 0.04057526074267252
12177 0.021322107442164076
12286 0.0432265538933744
