156
8 0.06044655883254487
68 0.04238157633431044
137 0.06439515951555527
344 0.016168554640974598
429 0.12335164941435846
432 0.07204255173733536
479 0.04777088181034069
642 0.04318238503283889
744 0.03658901748834208
931 0.05115340497443335
942 0.08769528632390637
955 0.10919633847898831
965 0.07607978699637574
975 0.13970093391098765
1029 0.04318238503283889
1057 0.05190666955256618
1095 0.06167582470717923
1181 0.148668490099863
1242 0.06125738051944418
1363 0.06044655883254487
1413 0.036242594601731064
1458 0.06125738051944418
1622 0.06961771946033647
1684 0.05019237483585113
2080 0.02760506382655168
2150 0.06044655883254487
2192 0.07065218147755799
2274 0.06125738051944418
2373 0.07607543100284807
2480 0.04543324537177773
2607 0.08347906092291242
2630 0.04862816284389572
2656 0.032038741655835826
2666 0.05019237483585113
2675 0.045991855168918995
2701 0.03960774035638645
2710 0.10130724246813848
2828 0.030616599826610486
2891 0.09136815693376224
2936 0.0521643806685829
2938 0.04618168013610728
2985 0.10919633847898831
3447 0.08782074375903498
3471 0.07204255173733536
3591 0.02430394387476533
3599 0.048189325998075745
3759 0.031855184588729164
3887 0.033178007810325434
4014 0.06210346620295912
4025 0.03158305561002487
4048 0.02132236102106474
4059 0.06795270357913517
4226 0.2452710985545055
4244 0.05269027497428285
4431 0.03250535645981551
4460 0.10130724246813848
4554 0.05618445445012154
4624 0.007285529327322637
4782 0.05855605302823186
4827 0.02436600741959492
4861 0.02902308497248652
5051 0.04301956479560196
5297 0.036823440863928726
5340 0.04840197188304496
5351 0.05295865032997818
5371 0.07065218147755799
5882 0.09198371033783799
6057 0.025126634755326466
6068 0.0335730854410873
6214 0.0314037280290133
6230 0.04656697797032922
6252 0.10989736032208125
6279 0.05586807504341392
6638 0.036128477530866544
6698 0.05066695701738203
6794 0.49047039782011687
6817 0.07225695506173309
6899 0.07204255173733536
6998 0.06210346620295912
7042 0.028583760506756466
7176 0.02321937741764415
7229 0.05555675792496345
7259 0.03960774035638645
7262 0.0390907979835698
7537 0.01151128190106837
7558 0.0521643806685829
7835 0.10162424676786308
7952 0.07962670082002102
8098 0.028661124047275947
8171 0.030445924128626657
8203 0.09830794736487009
8272 0.0751623234162827
8324 0.05330893027607575
8412 0.045991855168918995
8447 0.041462181451937134
8556 0.03176405137852893
8560 0.05190666955256618
8724 0.1226828371880918
8753 0.041462181451937134
8836 0.05525034364257434
8881 0.09341814645728866
8986 0.035678586856211
8988 0.04840197188304496
9049 0.06999256221380894
9291 0.08322485713539672
9292 0.07607978699637574
9338 0.007915767577475408
9442 0.1226828371880918
9445 0.02386643260879011
9470 0.04777088181034069
9563 0.03579008804850119
9578 0.03407848800734014
9582 0.12175283231356088
9906 0.05929036299716318
9987 0.16828103686343981
10105 0.04436195252845611
10110 0.04367918405935101
10140 0.04797897903256411
10183 0.05586807504341392
10191 0.05750407225081986
10325 0.08571619155845574
10334 0.03893905238829863
10426 0.054359031860779894
10460 0.03545748328590688
10567 0.07788165822465876
10638 0.05929036299716318
10686 0.06488776569541684
10749 0.02258517030021966
10794 0.054359031860779894
10845 0.036242594601731064
10848 0.04506955431912837
10951 0.01087950871049143
10981 0.03791476827720986
11036 0.015526619145526804
11067 0.024180407556226368
11101 0.22901932144029843
11103 0.03158305561002487
11190 0.08626336041537015
11300 0.03491547317394146
11310 0.05525034364257434
11607 0.0625407184200046
11770 0.04002026969233355
11773 0.06999256221380894
11781 0.10130724246813848
11857 0.06699326711054053
11861 0.04696006012344137
11893 0.00793542318604415
12024 0.037544149360927905
12072 0.05407077614695711
12089 0.04131308566638166
12109 0.06298802328765167
12138 0.03988178579949088
12170 0.19141967953976963
12175 0.048189325998075745
12274 0.054359031860779894
12304 0.12483728570309509
