131
76 0.08086038065718851
106 0.04996741500741275
119 0.037367294490103675
289 0.057419938660558216
335 0.044550629718863144
337 0.044550629718863144
344 0.016617673241707483
456 0.028523353550881266
674 0.10198052479146888
744 0.03760536116911309
895 0.06473765975856972
938 0.04516255789131018
1068 0.0584117467883282
1178 0.08944164217067911
1205 0.0576596651486531
1232 0.0605563747881236
1301 0.11222951663447753
1335 0.11419994799362423
1596 0.06172159940371515
1622 0.035775755455992875
1995 0.1863768009391464
2042 0.18598351281390432
2086 0.1292423225054426
2129 0.047076171423360465
2154 0.04688480761990645
2167 0.041419661086849885
2343 0.06569009523164915
2356 0.020593327969863753
2409 0.08107073020696447
2450 0.12647296493035515
2630 0.016659640444638836
2658 0.05647500548164194
2828 0.03146704594122356
2832 0.05019085157613374
2965 0.08865952263175565
3097 0.0629589444275584
3347 0.058075648711155746
3442 0.02748622073834479
3481 0.06943383274428333
3484 0.0558689783506559
3737 0.09013122355881859
3790 0.07003081334045899
3880 0.06618388241489873
3903 0.04261388841217688
4033 0.046507487654967504
4382 0.04506561177940929
4570 0.05232276534543366
4624 0.022463704723645013
4655 0.043720744458441096
4708 0.04806146256725094
4861 0.009943089188624805
4931 0.041711598605353194
4986 0.09601304922699154
5109 0.09026016586126946
5112 0.04867681465287427
5174 0.09390611655382886
5235 0.0652082077005551
5330 0.1179824000001996
5341 0.08865952263175565
5347 0.08450728249554738
5370 0.0621256003130488
5416 0.2521812674078852
5526 0.2521812674078852
5667 0.11419994799362423
5752 0.04246065115002868
5802 0.018645574031792164
5993 0.16901456499109477
6063 0.0584117467883282
6079 0.029617232119843868
6125 0.046695257718658525
6193 0.16430386431505295
6452 0.023096261006201237
6621 0.11056155631262991
6791 0.0348156975834092
6871 0.08865952263175565
7193 0.03120449470994422
7471 0.053348496068034344
7483 0.04404842652529221
7484 0.01583658745216302
7554 0.037725465823586865
7868 0.11222951663447753
7951 0.17359279729226595
8054 0.09836839956501246
8098 0.02945725234775639
8110 0.08107073020696447
8208 0.0370154256196396
8224 0.030689512649398076
8277 0.06943383274428333
8291 0.05981564696355333
8312 0.04292393128715219
8444 0.14923934220472873
8458 0.10103867554322823
8823 0.04388398915973587
8927 0.06382853207687782
8933 0.09601304922699154
8957 0.10617417776697524
9341 0.029859627388976028
9445 0.024529377383741217
9575 0.0487042270832906
9618 0.043238856927347046
9653 0.07128105573002327
9656 0.035236710288628265
9675 0.02969770452162809
9776 0.06942362986990179
9849 0.03884015859567188
9870 0.06569009523164915
10004 0.0332150543538954
10140 0.2465585247840762
10172 0.04577355703129793
10174 0.05981564696355333
10392 0.021643299557944168
10446 0.10412128293073453
10530 0.0666901718585476
10537 0.13995175077340766
10620 0.08107073020696447
10656 0.08865952263175565
10749 0.023212525082869372
10750 0.04292393128715219
10848 0.04632146431485336
10897 0.047076171423360465
10898 0.16704133555808057
10985 0.14065442285971935
11361 0.1179824000001996
11637 0.15689572647413144
11886 0.0688541583931145
11893 0.024467543166691308
11945 0.18454862199982522
11953 0.1592612666504629
12177 0.02453813688175944
12265 0.012777031784624074
12270 0.03035341457222561
