35
344 0.03385989376589073
442 0.2569201716744462
706 0.33271513390820834
938 0.046011237257861916
958 0.08072777811453218
1735 0.20587471966613793
3132 0.12916039305186205
3918 0.03696503088327511
4473 0.11445043604689273
4624 0.030514446656384146
4714 0.24039896994876206
5025 0.5138403433488924
5313 0.11634595442126544
5527 0.13286715614694958
6008 0.031374593234791436
6560 0.11205290355623097
7552 0.16890218741931445
8071 0.19563458732632583
8112 0.08651711441539878
8483 0.08810277352451332
9099 0.06907331560683054
9238 0.20587471966613793
9632 0.11445043604689273
9898 0.04753573697380264
9949 0.11971533563607424
10234 0.20587471966613793
10873 0.13588678159177672
11139 0.12495601751457629
11332 0.03865911632050682
11597 0.19134153646129134
12006 0.04312337036606161
12133 0.1721906289841898
12157 0.09514547811401107
12221 0.24039896994876206
12265 0.026034266806074666
