174
26 0.041859273911151296
68 0.03888979686149723
70 0.06307367651621361
75 0.08384041770260471
343 0.033898125597211115
352 0.08805206929917331
435 0.022415646687791106
481 0.07915620071988647
505 0.049615934148166826
619 0.10616474005756325
682 0.05245585423197686
769 0.01889543405525098
979 0.023598454481667294
1023 0.08510543034759811
1057 0.04763012632500769
1224 0.0667808423558495
1577 0.06545772839281859
1596 0.110211450865696
1612 0.3008935500951597
1698 0.0360965203262571
1818 0.04935528910828437
1863 0.11257510997236145
2279 0.06199129251220378
2419 0.04563195860648403
2630 0.044621732797982816
2644 0.0337895911101402
2701 0.036344494703369486
2924 0.08782439324428752
2936 0.047866604856900474
3178 0.07146505933856775
3361 0.022415646687791106
3420 0.11242088146400621
3683 0.09526025265001538
3686 0.060005484689044646
3765 0.03213718780869508
3798 0.07783308675685553
3830 0.13947765772938128
3891 0.029063805149060123
3903 0.03804615008609279
3918 0.032394049791383724
3946 0.09296063103237695
4048 0.019565631117061808
4081 0.025129724008198715
4187 0.0590897009745308
4309 0.16768083540520942
4320 0.02785971741447519
4381 0.03346789108879714
4410 0.07806766630489065
4453 0.04716636341586502
4526 0.08384041770260471
4624 0.00668528120174433
4790 0.04563195860648403
4795 0.05779849741881683
4861 0.03550919924798303
4972 0.02833165330070772
5005 0.023537415556774844
5069 0.2405312884598237
5337 0.03888979686149723
5394 0.07915620071988647
5401 0.039475222034546315
5473 0.034227744832762974
5556 0.1592471100863449
5609 0.042202628111184026
5622 0.03737233924668821
5649 0.0723808430530816
5654 0.08058527266833998
5752 0.037909338166511986
5795 0.08384041770260471
5802 0.016646974366512184
5842 0.02658657543656968
5844 0.07544903488025057
5938 0.056594409684231906
6008 0.013747454163390056
6114 0.043646150783324886
6119 0.0801609917358798
6162 0.04093203385591083
6196 0.14873330175248148
6214 0.028816403479389477
6280 0.03549124649286352
6281 0.03777356665182301
6360 0.023355540963890826
6436 0.02948391554711434
6646 0.14964132220881787
6657 0.02991415005552831
6664 0.10491170846395372
6747 0.06588855943201799
6825 0.059541721779901975
6872 0.14964132220881787
6952 0.024930977598086483
7042 0.026228770512849605
7115 0.20039950321664896
7201 0.10029785003171991
7257 0.10019975160832448
7259 0.036344494703369486
7262 0.01793507137090763
7267 0.09296063103237695
7272 0.020261970499696625
7351 0.14873330175248148
7471 0.04763012632500769
7483 0.019663460776306665
7484 0.014139080133423318
7507 0.02594760142410274
7537 0.031688633609332856
7542 0.020466016927955414
8045 0.05155546842108325
8092 0.02889849037406525
8100 0.03874639152712824
8156 0.03136500830093903
8159 0.09296063103237695
8171 0.055875024339965364
8341 0.06364051358957114
8412 0.042202628111184026
8556 0.05829408023264597
8657 0.0723808430530816
8833 0.06307367651621361
9202 0.05245585423197686
9338 0.007263594696491446
9423 0.0648312125960138
9443 0.10019975160832448
9445 0.0766503463734006
9549 0.047396739104375515
9580 0.04421905132019495
9614 0.26826071851697786
9620 0.05308237002878163
9623 0.11257510997236145
9664 0.02739993574476055
9772 0.141187932361816
9821 0.03136500830093903
9865 0.037638819837575714
9898 0.04165761514610832
10004 0.02965476726373864
10110 0.0801609917358798
10127 0.05406540003048134
10568 0.07436665087624074
10638 0.05440548399181255
10673 0.1642775246397628
10709 0.06364051358957114
10726 0.07334615209239245
10793 0.12495046833639839
10818 0.04859543536431853
10890 0.06545772839281859
10899 0.058218607816871056
10951 0.00998315589694985
10960 0.02809412605266198
10980 0.04169004166644438
10981 0.03479100505182806
10988 0.02114574846651591
11036 0.014247395135856163
11067 0.022188205801315822
11101 0.042030125627775604
11111 0.1642775246397628
11125 0.047866604856900474
11160 0.07660129712665718
11300 0.03203881914034362
11319 0.02238510114032154
11332 0.01693932493837047
11527 0.11257510997236145
11629 0.022704083787279918
11634 0.02264602237630161
11736 0.024669377780367978
11876 0.05042150845012976
11893 0.010922446346058967
11917 0.04935528910828437
11929 0.023906819109779136
11977 0.022879409596933773
12021 0.026514438497460276
12087 0.05698681818667269
12089 0.037909338166511986
12156 0.05155546842108325
12157 0.04169004166644438
12176 0.06976340395584445
12265 0.022814950104092267
12274 0.049880440736272624
12275 0.0337895911101402
