53
84 0.09767076132518551
210 0.07662511961582308
358 0.25815765976164473
387 0.1797405364101803
597 0.21600897886602183
744 0.08650230638993305
846 0.1271604542779679
979 0.1823993079381885
1033 0.15582665833996476
1232 0.13929572600643705
1702 0.11756755336319087
2287 0.10056931020373537
3453 0.14581154269507454
3471 0.17032014826528658
3544 0.11756755336319087
3803 0.10446988677884629
4025 0.07466740953017206
4195 0.12456826180280582
4429 0.12394241209492658
4446 0.09662922451376303
4624 0.01722415996236312
4679 0.20762232509949988
5057 0.173860297970399
5224 0.060642506787107704
5802 0.04288976644742339
6034 0.0969737897499085
6055 0.0833103271569258
6281 0.09732095550299733
6360 0.06017391960485026
6436 0.07596324857177246
6452 0.0531275271373069
6488 0.23241575661961647
6584 0.06474497826872487
6666 0.07445494151298179
7176 0.054894332710751274
7483 0.050661532941409924
7484 0.03642835216493371
7952 0.03765005864586333
8167 0.20053151037457828
9273 0.13406443740209206
9385 0.12456826180280582
9546 0.09363905146708829
9671 0.09396185450368144
9814 0.1221143870231139
10141 0.10019684465501004
10228 0.16108944799307365
10909 0.44408445896989485
10910 0.23950657134453804
10988 0.05448054361814019
11036 0.0367074182014888
11319 0.028836824598640173
11893 0.00938030664517952
12006 0.04868276575127575
