88
84 0.06051285263079193
344 0.02368269879774136
373 0.061173096925338254
479 0.06997183300167922
513 0.08853838070122164
547 0.10104490357071262
571 0.12016207447483965
711 0.041530451045285834
846 0.07878347343447015
1272 0.1187079068843993
1362 0.07089621470666006
1524 0.030844976728367363
1861 0.0818321008304444
1896 0.07717745583911347
2074 0.09812759406674641
2080 0.04043419009389215
2287 0.12461735252123528
2456 0.06681794502165833
2575 0.19308778766821272
2596 0.06736602481180086
2670 0.07492634372019333
2715 0.09654389383410636
2781 0.05145693782326792
2797 0.1263532348662102
3108 0.1681427719752339
3239 0.03876342481166551
3544 0.07284010009037392
3545 0.1044870225479193
3589 0.08137610277059562
3619 0.09654389383410636
4025 0.04626090641577897
4105 0.03958656566157196
4320 0.044471126529106605
4410 0.09346174481313194
4431 0.04761183565537462
4805 0.10068147523819074
4827 0.035689820607676434
5138 0.1044870225479193
5224 0.0751432880542887
5297 0.053936698612925514
5453 0.10888020450595516
5454 0.12863439366238139
5802 0.026572764266277582
6488 0.1439954008607718
6666 0.04612926982732047
7262 0.02862889154179942
7426 0.11268575181568372
7483 0.03138783639380756
7833 0.04325820855550352
7952 0.04665290654983996
8039 0.10888020450595516
8051 0.19625518813349282
8089 0.3593964637277915
8166 0.18717447430026016
8225 0.07027664094178257
8364 0.1164299280020256
8473 0.053936698612925514
8515 0.05067608704008098
8873 0.11217721758844626
9148 0.08524634765801359
9385 0.07717745583911347
9445 0.03495807432398291
9546 0.11602993659585446
9671 0.0582149640010128
9821 0.05006645372550754
9863 0.1077168074322712
9896 0.14018985355104324
9932 0.13111415445203897
10226 0.08324557748349207
10228 0.09980450540695089
10318 0.035537725503969865
10426 0.15924349542453317
10464 0.09980450540695089
10750 0.061173096925338254
10845 0.053085910933947676
10909 0.20635257463438614
11049 0.16649115496698413
11094 0.09361832530570573
11319 0.017866129982008656
11322 0.11009312247955823
11449 0.17969823186389575
11771 0.09432204675701784
11929 0.15264522058462224
11991 0.15281431677436624
12000 0.1439954008607718
12084 0.1439954008607718
12232 0.08229551381702493
12274 0.07962174771226659
