150
57 0.05955984138873207
82 0.07150454412939314
84 0.06965392371785091
159 0.04211577351127254
289 0.047096828699287385
344 0.013630103554656436
405 0.08839255247826862
471 0.06135094839742166
479 0.040270888798069414
496 0.028218237099829964
571 0.03457843914711704
687 0.06649561776188825
704 0.06738243833750708
711 0.023902020342074427
846 0.1813690087397918
887 0.028901760383277447
978 0.06831996122609077
979 0.043359368108864794
1149 0.11390166562259758
1164 0.08839255247826862
1362 0.04080289819744244
1447 0.08287367254418512
1538 0.12270189679484332
1587 0.03942084443781997
1632 0.030649302465470957
1710 0.048766287299809204
1814 0.02813476523935799
1816 0.05164001721286139
1861 0.047096828699287385
1895 0.026473366020793383
1979 0.052721872014893305
2069 0.06266382371125177
2181 0.03668079240555636
2287 0.03586051222619854
2456 0.03845573166016878
2596 0.0387711680198361
2627 0.04791032691237812
2665 0.0512946952964598
2781 0.05923002248405481
3238 0.10342172274416436
3544 0.16768665018161227
3589 0.04683438813752784
3895 0.08839255247826862
4034 0.0967712089556277
4101 0.050344140165588365
4169 0.05324907860918899
4195 0.13325382265204902
4263 0.13663992245218154
4286 0.06831996122609077
4410 0.017930012553064752
4431 0.05480407921008825
4529 0.22958170231791264
4552 0.028556438466875857
4768 0.061994253797580924
4772 0.027402039605044125
4861 0.008155494052801315
4872 0.02724356315304575
4930 0.07875156675229905
5013 0.035727700284495414
5111 0.06336189438827658
5112 0.03992556688166783
5224 0.021623608153033068
5312 0.03164974575798507
5425 0.04485334541484416
5453 0.18799147113375533
5700 0.03893119060797015
5760 0.06649561776188825
5802 0.015293422923462589
5803 0.06485403034085648
6003 0.05695083281129879
6055 0.059412777109185605
6230 0.03925599696799698
6290 0.08540208054083571
6488 0.3314946901767405
6657 0.054963711497678966
6772 0.03397312377015598
7102 0.03586051222619854
7380 0.07702342406347665
7483 0.09032320683929243
7505 0.07272007681221364
7790 0.06931433749978844
8039 0.06266382371125177
8156 0.028814745934199207
8166 0.21544904905383813
8224 0.025172070082794182
8239 0.05062512538278895
8364 0.06700891604803719
8473 0.03104218796046091
8483 0.03546525972273587
8669 0.07150454412939314
8725 0.056475373863497415
8727 0.03925599696799698
8753 0.034952649716733966
8817 0.05601330992271511
8873 0.03228067681943349
8942 0.016476785847015417
9147 0.06649561776188825
9273 0.023902020342074427
9338 0.07340297732882949
9385 0.22208970442008172
9445 0.0100597101955438
9575 0.039948051032115656
9651 0.08839255247826862
9664 0.025172070082794182
9671 0.033504458024018594
9814 0.043542950229706036
9821 0.028814745934199207
9863 0.2479770151903237
9896 0.08068346591458042
9898 0.019135234799600276
9923 0.030649302465470957
9932 0.07546012884447724
9948 0.1540468481269533
10004 0.02724356315304575
10104 0.11479085115895632
10140 0.04044631491075072
10144 0.04582470417706044
10218 0.05850901828780135
10226 0.09582065382475624
10228 0.057440486641148605
10276 0.045106245448705444
10300 0.11479085115895632
10318 0.020453027032639556
10340 0.060731924548970424
10367 0.08287367254418512
10426 0.09164940835412087
10653 0.033504458024018594
10656 0.07272007681221364
10671 0.10342172274416436
10816 0.03640278261131956
10899 0.05348490192606451
10909 0.07917473102924387
10951 0.009171433912341743
10988 0.019426405496372735
11036 0.052355805823466016
11068 0.2594161213634259
11080 0.022544674548630735
11145 0.03696359570758889
11217 0.019974025516057828
11279 0.08287367254418512
11315 0.05348490192606451
11319 0.06169496234921197
11393 0.0967712089556277
11598 0.06738243833750708
11634 0.020804693400122098
11710 0.05164001721286139
11893 0.01672391907896658
11977 0.02101910410272036
12129 0.08751472186460861
12204 0.013088951455866504
