39
430 0.2722766361862064
456 0.08604285936634117
674 0.07690799696015163
938 0.06811814063753704
952 0.062121335741083694
1205 0.08696737658574862
1208 0.1782837936606636
1664 0.12762703809469772
1759 0.1047108225009595
2042 0.08014762464207639
2630 0.050255068967077356
2678 0.19389925098779057
3389 0.20945242274633732
3918 0.05472552625060276
4356 0.08140879046147032
4931 0.12582620084778884
5066 0.20435161941573435
5802 0.05624578825769344
6452 0.06967162308246476
7193 0.09413072502628336
7414 0.296735738130025
7471 0.16092978465520796
7537 0.035689211683448116
8051 0.41540758220019947
8252 0.07235311199620971
8988 0.15006393165212745
9341 0.09007383074987808
9584 0.1271717637237707
9620 0.17935149530003927
9664 0.09257724258135565
9780 0.2674481744821131
9966 0.20600442329311353
10468 0.25881582103699263
10578 0.1290138478562597
10951 0.03373048221020542
10979 0.12627139525080694
11067 0.07496816525587108
11637 0.09465757176211512
11693 0.23046352523693217
