233
79 0.031613608928532135
110 0.04091706198053749
269 0.11811265906377318
319 0.03964955261043352
456 0.020777962186291542
457 0.044672902000916906
479 0.03576552800692731
496 0.025061283210329018
513 0.04525566644197445
570 0.07165689275778366
571 0.030709928950247916
587 0.025437716773315893
628 0.025061283210329018
687 0.05905632953188659
704 0.059843935842078956
841 0.1019484676052518
846 0.04026952567522326
952 0.030002600436477
965 0.02848004526463372
979 0.01925423973426952
1029 0.0323301714929533
1057 0.03886194630024116
1113 0.04331049217614497
1149 0.05057938045876926
1272 0.060676572074591976
1362 0.07247603625348303
1447 0.07360206702361313
1521 0.05146250952613822
1524 0.031532313267396306
1587 0.03501058352268515
1663 0.046176004133075606
1667 0.09185127598942909
1782 0.048211939865543764
1829 0.07165689275778366
1861 0.041827806541050894
1902 0.04439003547673476
1979 0.04682354043838984
2069 0.05565322268410859
2266 0.02273105124083572
2287 0.03184856834921283
2300 0.09185127598942909
2356 0.0150013002182385
2373 0.014239207311337803
2456 0.03415344405769818
2464 0.03208737973481875
2575 0.1480428562764112
2596 0.034433590542983235
2630 0.01213578826130787
2656 0.04797409922420408
2670 0.03829798548677331
2748 0.03905489174709697
2781 0.026301791334016354
2797 0.12916883741676036
2929 0.06840632309718919
3176 0.060676572074591976
3189 0.08227893163228062
3239 0.01981360636518944
3389 0.05057938045876926
3429 0.08992274040989863
3484 0.04069800269052877
3544 0.11169485754705627
3545 0.10681536758393538
3589 0.041594726876263
3591 0.01819609252311413
3599 0.036078812517252895
3606 0.059843935842078956
3642 0.07360206702361313
3643 0.03985329255075923
3749 0.04048218884294654
3753 0.052402653023514136
3810 0.05905632953188659
3895 0.07850351471301191
4048 0.015963814595267307
4061 0.05759839694993806
4101 0.02235591029671221
4195 0.03944862296591495
4198 0.037578472908516417
4263 0.060676572074591976
4271 0.056273195748898316
4339 0.032577078561030065
4391 0.05830913148136648
4431 0.09734559570864208
4502 0.035307882989959266
4527 0.07165689275778366
4600 0.044961370204949315
4624 0.021818379173837547
4699 0.029451549739183697
4712 0.036892832557748514
4733 0.11811265906377318
4768 0.1651756854623161
4861 0.007243086995630897
4877 0.06701792367003527
4991 0.052402653023514136
5001 0.019505837841249225
5066 0.04934761875880374
5108 0.047852238422887904
5112 0.035458839452463156
5261 0.050157114131373234
5285 0.07584760591575403
5297 0.027569300704120326
5312 0.02810888714166176
5319 0.047852238422887904
5425 0.019917658009523484
5548 0.07850351471301191
5641 0.047158432618839466
5700 0.03457571038509419
5802 0.01358245030631426
5842 0.04338456127002996
5928 0.07165689275778366
5998 0.03282824285665844
6001 0.037578472908516417
6003 0.05057938045876926
6008 0.022433399475667037
6014 0.08461092281538284
6042 0.14720413404722626
6055 0.02638294568469739
6068 0.025135795742465238
6119 0.03270211939977815
6122 0.0386715230883966
6190 0.09185127598942909
6258 0.0699375695331611
6290 0.07584760591575403
6294 0.044961370204949315
6436 0.02405625244187546
6488 0.07360206702361313
6583 0.10115876091753852
6584 0.06151085837665003
6666 0.023578597575234932
6804 0.04895913791606388
6918 0.1019484676052518
6923 0.03347577916197267
6952 0.020341460067063884
6982 0.030067155492212033
7002 0.08273063582063102
7016 0.04858074863470512
7083 0.04439003547673476
7201 0.12275118594161248
7202 0.06840632309718919
7205 0.02622108659423278
7228 0.08175408437360637
7262 0.029266845766951363
7272 0.04959589677276508
7282 0.022232979877130583
7312 0.024913391906862432
7396 0.037755046807065186
7483 0.03208726979019217
7505 0.06458441870838018
7536 0.030278277568342123
7537 0.017236737511476134
7542 0.01669844932610309
7552 0.020128017885555505
8040 0.055058561820772026
8089 0.09185127598942909
8156 0.05118211360517587
8166 0.07175452195107418
8200 0.045556031068285874
8329 0.03925042714298102
8364 0.23804880747949209
8390 0.050157114131373234
8418 0.06458441870838018
8451 0.062499844639336846
8473 0.027569300704120326
8476 0.05057938045876926
8556 0.02378139205599379
8560 0.03886194630024116
8703 0.08594479753157674
8711 0.060676572074591976
8727 0.03486417858912659
8774 0.037404013718292634
8873 0.0573384638544837
8880 0.04136531791031551
9104 0.06575041429993131
9125 0.11254639149779663
9148 0.043572970777795386
9233 0.05830913148136648
9385 0.03944862296591495
9445 0.017868532703332954
9460 0.09185127598942909
9467 0.08594479753157674
9470 0.03576552800692731
9546 0.05930774954632733
9575 0.08869702039453056
9671 0.2082927065445556
9675 0.043266846618810924
9755 0.16350816874721275
9814 0.0386715230883966
9821 0.07677317040776381
9862 0.08594479753157674
9863 0.11011712364154405
9865 0.030709928950247916
9892 0.05905632953188659
9932 0.06701792367003527
10018 0.11519679389987612
10110 0.09810635819933446
10226 0.04255029352835764
10318 0.018164816645352518
10324 0.07850351471301191
10410 0.055058561820772026
10426 0.04069800269052877
10480 0.0635048754077904
10653 0.02975610093493651
10656 0.06458441870838018
10723 0.07551009361413037
10749 0.016909265860335778
10816 0.0323301714929533
10845 0.027134427566529375
10874 0.059843935842078956
10899 0.04750120533411535
10909 0.31642627343536556
10914 0.033343948685128674
10951 0.00814536719316875
10960 0.022922307838548015
10988 0.017253049798288886
11004 0.07850351471301191
11036 0.01162460710076376
11067 0.036207204510255754
11101 0.13717137544364819
11103 0.02364588253675846
11257 0.04091706198053749
11319 0.01826425133758035
11629 0.018524512803447947
11736 0.04025603577111101
11892 0.03829798548677331
11893 0.017823489296308948
11929 0.05851751352374768
11993 0.048211939865543764
12006 0.015416993408001275
12052 0.03592132808319855
12119 0.060676572074591976
12129 0.03886194630024116
12229 0.047852238422887904
12263 0.05448722709255747
12265 0.009307484928109436
