75
344 0.02134084206298169
711 0.07484744911305165
744 0.04829376903483788
979 0.0339441818270651
1113 0.0763540519769331
1149 0.08916870833061241
1308 0.1763507267938268
1524 0.08338464071407423
1587 0.06172176255032801
1861 0.14748031501131614
2287 0.056147301056673246
2575 0.2609915375002064
2656 0.04228786930905602
3441 0.08993536611912123
3544 0.19691198437595714
3545 0.0941548539239546
3589 0.1466585013608223
4101 0.03941225903978524
4275 0.17972962678054097
4356 0.0346575923879292
4431 0.04290375323047618
4624 0.009616155195814198
4790 0.06563732812531904
4972 0.04075244808289011
5297 0.04860318396680636
5312 0.049554445631774906
5319 0.2530827138763994
5399 0.10696951027763392
5752 0.054529056920547346
5770 0.17972962678054097
5802 0.0478902485081267
6014 0.07458223716538989
6042 0.1297564578179976
6055 0.1395351129643956
6657 0.0430287224731516
6867 0.05037499877834956
7002 0.072924815098412
7205 0.046226355511389094
7272 0.029144959952806963
7356 0.08197023749063966
7415 0.12330241964295453
7483 0.08485217815329892
8166 0.08433289061305026
8222 0.0585532500299116
8224 0.03941225903978524
8247 0.08564522867222611
8364 0.1573751830048521
8390 0.08842427566568271
8473 0.09720636793361272
8942 0.02579793198611478
9145 0.10696951027763392
9148 0.23045036260679871
9380 0.12330241964295453
9546 0.10455635029678563
9575 0.03127360861132511
9614 0.0551240131513905
9671 0.1049167886699014
10110 0.057652065329837666
10141 0.05593935555863658
10226 0.07501386293382824
10233 0.35945925356108194
10318 0.03202358792529791
10325 0.05656831259528792
10420 0.04694576189982846
10426 0.07174837450823421
10576 0.06305268878767228
10650 0.35945925356108194
10653 0.1049167886699014
10909 0.18594746072529814
10951 0.014359841202196424
11319 0.03219888590223607
11351 0.09811361737068328
11893 0.01047394876516206
12052 0.06332735588388635
12205 0.06146365858186823
