136
41 0.06346695856631125
104 0.04359686804463748
111 0.0924485701598695
262 0.04824439237639843
343 0.03954400870834229
344 0.017307517370486882
374 0.04715521269910329
384 0.13132499365852557
493 0.03615279535283836
642 0.0924485701598695
674 0.026553502385788234
1073 0.05274778112226727
1156 0.14576152282627974
1536 0.0319635165251725
1665 0.08556227891561027
1894 0.06999966420819158
1895 0.03361590324114657
1896 0.05640194003872702
1971 0.12010654459519636
2042 0.027672026658701308
2080 0.029549649446132763
2154 0.04883112157102978
2247 0.09780441099125615
2373 0.02035860459988685
2434 0.06791517507054495
2630 0.03470245348885263
2675 0.09846332587079057
2781 0.07521033416117336
2806 0.0544948234879935
2828 0.03277332730666183
3330 0.05556313504043736
3400 0.324800319850487
3428 0.0844361933759458
3429 0.06428382832398677
3580 0.06428382832398677
3686 0.06999966420819158
3687 0.0723162171287035
3918 0.018894711204243433
4169 0.06761572641728841
4320 0.03249987687049578
4451 0.023636691521200157
4596 0.05113600968639893
4795 0.06742509342306624
4941 0.025621765152485078
5094 0.11688846449077134
5235 0.06791517507054495
5297 0.07883479464248845
5340 0.05181155568529674
5368 0.047862225524947635
5380 0.048633702945647936
5461 0.11575937592189856
5473 0.03992852748899641
5475 0.14576152282627974
5476 0.09581933735997124
5477 0.11224094015901037
5636 0.09581933735997124
5701 0.11224094015901037
5754 0.13132499365852557
5769 0.05947034686684153
5802 0.01941960175435387
5942 0.05204169624834088
6066 0.034494007909637275
6079 0.030846722758598993
6233 0.0844361933759458
6258 0.03333124037199765
6295 0.06155483600448817
6360 0.05449101972411882
6396 0.08138280819221702
6403 0.06513404878380527
6621 0.057575631334061746
6681 0.08675274629645771
6932 0.03469427396260412
7185 0.06470460039323384
7272 0.023636691521200157
7470 0.04748694493873992
7483 0.022938497349788294
7484 0.06597602647032981
7537 0.012322172011245582
7552 0.05755634405086494
7589 0.046049995284290095
7605 0.05347864590279073
7952 0.01704717011753878
7984 0.05818824929403757
8224 0.0319635165251725
8277 0.0723162171287035
8278 0.10844363628706791
8327 0.04587715189366272
8397 0.0742401232885993
8444 0.05181155568529674
8473 0.039417397321244226
8526 0.11688846449077134
8727 0.0996945983124651
8754 0.08479566287102235
8890 0.025044077637630186
8944 0.05727594977473319
9191 0.3939749809755767
9232 0.05914234781975447
9338 0.050840271585203746
9341 0.031099180504638873
9575 0.07608910501482237
9625 0.042691181482695524
9804 0.05048168857540967
9898 0.024297937822290797
10140 0.05135876591714169
10174 0.06229875469270185
10218 0.11144220360677021
10276 0.05727594977473319
10318 0.03895690732212156
10572 0.08801540615526289
10578 0.044543736051608614
10657 0.07112574974785606
10749 0.024176139176710864
10898 0.06959026753528214
10960 0.03277332730666183
10985 0.29298672942617865
10997 0.05727594977473319
11036 0.08310180981951433
11080 0.08588174215942014
11194 0.17094155748371384
11202 0.06945865953036205
11297 0.08675274629645771
11332 0.09880322305069751
11360 0.14576152282627974
11465 0.11688846449077134
11497 0.022262951350890504
11690 0.1052330616097568
11710 0.06557253885415315
11893 0.02123604701909596
11930 0.03572554941656369
11945 0.09610486481780157
11957 0.03419717377789371
12007 0.058819434234550314
12051 0.035306891922579936
12180 0.042691181482695524
12204 0.016620361963902867
12270 0.03161346611653587
