148
8 0.13440871694863316
9 0.08508496189783282
79 0.03129733024443832
137 0.047729603004454724
210 0.02402308759314339
320 0.0557102099682666
330 0.030402691142031944
335 0.032128424512024814
343 0.027381151887152167
352 0.035561952777369336
369 0.10092852308539443
387 0.056351267989781906
429 0.04571403581250406
687 0.058465499859956964
952 0.02970243910384037
956 0.02810237371086845
1756 0.07286571436746941
1861 0.04140933980916839
1979 0.04635509383401935
2074 0.04965531675381737
2097 0.09093234892963188
2178 0.10092852308539443
2274 0.045403885560367625
2388 0.07508878774207027
2393 0.058465499859956964
2575 0.04885391998624407
2596 0.034089099323072844
2607 0.06187456428418078
2630 0.012014375639597872
2656 0.02374707092116044
2812 0.04846932570419442
2832 0.07239192784632109
2853 0.034954644902038076
3239 0.01961538093124731
3287 0.06187456428418078
3399 0.06772195131597983
3466 0.058465499859956964
3520 0.036195963923160546
3544 0.18429567527697988
3545 0.052873366055944296
3589 0.041178591992346185
3597 0.033272573856622085
3891 0.023476237968464046
3953 0.10092852308539443
4031 0.09093234892963188
4154 0.1554362509434848
4198 0.037202518679797084
4213 0.0650926135863077
4382 0.03249981235461458
4431 0.024092925167310292
4489 0.07286571436746941
4552 0.025107916963257492
4570 0.18866714424346084
4699 0.058313802798125
4712 0.03652373782515292
4768 0.10901545571618071
4991 0.10375678025683646
5274 0.09093234892963188
5319 0.28424100119206364
5346 0.05394210905419261
5425 0.039436783179615444
5449 0.08508496189783282
5807 0.06499962470922915
6013 0.02503300027071771
6068 0.024884324408741523
6222 0.0445115537023278
6323 0.1301852271726154
6404 0.23386199943982786
6584 0.04059698156332948
6636 0.07508878774207027
6660 0.3108725018869696
6757 0.11270253597956381
7002 0.04095147815081911
7042 0.021186243680821074
7117 0.060069532669048006
7272 0.032733142733463366
7282 0.022010549795360428
7483 0.03176625236101008
7484 0.06852490405128435
7537 0.017064292389170597
7655 0.057022153179907796
7662 0.08508496189783282
7700 0.060069532669048006
8050 0.25525488569349847
8098 0.02124358542985614
8364 0.29458405709163965
8483 0.03118241783658363
8498 0.056351267989781906
8727 0.03451537954656525
8873 0.028382410293924784
8890 0.034682153684885204
9027 0.022193487946715593
9051 0.0777181254717424
9095 0.05772577716021728
9148 0.04313704453189242
9230 0.03275282640362426
9233 0.05772577716021728
9445 0.044224416948410374
9575 0.03512386004724575
9664 0.02213225035626226
9671 0.08837521712749188
9798 0.08734246534245216
9815 0.05924522655450866
9894 0.04571403581250406
9991 0.0777181254717424
10033 0.09093234892963188
10110 0.032374950701189426
10127 0.04367123267122608
10188 0.06924140071027121
10218 0.025721687500978946
10226 0.042124598667787366
10276 0.039659142598054815
10280 0.04480290564954439
10318 0.00899154327277978
10410 0.10901545571618071
10426 0.04029083909318985
10428 0.034229797325723836
10615 0.1301852271726154
10616 0.07508878774207027
10644 0.060069532669048006
10749 0.01674009693161936
10909 0.06961346298756366
10951 0.016127753562279083
10959 0.027119729063172268
10960 0.02269298136791447
10988 0.01708044147953781
11067 0.017922484575347824
11101 0.06789952148533503
11103 0.023409317055421933
11125 0.03866416667052875
11257 0.08101541360444058
11300 0.025879300336267595
11372 0.10092852308539443
11424 0.04313704453189242
11570 0.18186469785926376
11595 0.09093234892963188
11634 0.018292285116094327
11771 0.047729603004454724
11873 0.1554362509434848
11893 0.002940862334930165
12000 0.07286571436746941
12006 0.030525507869559654
12021 0.02141699149764328
12024 0.05565534296732893
12048 0.0557102099682666
12180 0.029560324372806018
12225 0.04635509383401935
12227 0.0445115537023278
