205
6 0.03278004220390949
26 0.02304516437238315
76 0.019872543560008088
103 0.021732650746722433
206 0.17746135382825923
336 0.06556008440781898
387 0.03840747727138925
471 0.07353092135727543
547 0.01742493286065508
579 0.05799157422368203
587 0.01716419472393033
635 0.07207406958167309
687 0.039848479672877704
711 0.014323638215566157
744 0.018484062821601373
979 0.012991870418453398
1149 0.03412862651732816
1448 0.04835075693179305
1524 0.010638273274300065
1575 0.037933153881056655
1642 0.2758193740755082
1759 0.017061805762855424
1816 0.030946041941927332
1861 0.02822346921869192
1902 0.08985702838598734
1979 0.03159435938808064
2074 0.033843700730419986
2201 0.037552220573756206
2266 0.015337862012309989
2278 0.01763862065437262
2450 0.020721639648612605
2456 0.0460903287447663
2575 0.06659498138818011
2645 0.02976511329856517
2665 0.030739102690447596
2781 0.0709889290879768
2806 0.02571806922145066
2825 0.04615742287137648
2832 0.024670175335662296
2924 0.04835075693179305
2967 0.04436533845706481
3075 0.05297054075468509
3085 0.03159435938808064
3109 0.033843700730419986
3179 0.037552220573756206
3239 0.026738610297930898
3287 0.04217200439664825
3350 0.052968745621562896
3520 0.024670175335662296
3544 0.07536652372080899
3589 0.02806619784138008
3602 0.039344304988067874
3609 0.02087057054906996
3725 0.022587907444355473
4025 0.01595514785768252
4101 0.015084734254373415
4169 0.01595514785768252
4195 0.07985431855521183
4263 0.04094174440063677
4271 0.03797054972265236
4286 0.04094174440063677
4339 0.021981505845872648
4393 0.055163874815101654
4410 0.010744824468188443
4431 0.016421076379905846
4570 0.10287227688580264
4661 0.04217200439664825
4676 0.03720497793925449
4733 0.039848479672877704
4768 0.07430194185530263
4772 0.016421076379905846
4839 0.033843700730419986
4991 0.03535888651333965
5001 0.01316163718403442
5010 0.04436533845706481
5016 0.045220595154697854
5018 0.02887899550373325
5057 0.037150970927651315
5108 0.03228847720829952
5202 0.055163874815101654
5248 0.05297054075468509
5252 0.05168341846771387
5312 0.018966576940528328
5313 0.02806619784138008
5319 0.38746172649959426
5337 0.021410351335383312
5425 0.013439514385926847
5433 0.02043038126100226
5453 0.11265666172126862
5454 0.04436533845706481
5627 0.021981505845872648
5641 0.031820329141890806
5659 0.036765460678637715
5700 0.046660180318582635
5790 0.06197699269841026
5796 0.03503658710200052
6003 0.03412862651732816
6013 0.017061805762855424
6060 0.04217200439664825
6068 0.016960472376875715
6079 0.05823071626869904
6119 0.022065877620424647
6150 0.041296023906314754
6162 0.01126734126238781
6222 0.030337853044342715
6323 0.13309601537119442
6404 0.11954543901863313
6628 0.0546310172680391
6636 0.051178456340373414
6660 0.4237643260374807
6719 0.03137346803861141
6732 0.020721639648612605
6844 0.06879011058171886
7083 0.08985702838598734
7090 0.03886473419941692
7254 0.025595965149571503
7259 0.020009063134925318
7264 0.03886473419941692
7459 0.028383297965963086
7483 0.010825502771064014
7484 0.0077841155687661
7501 0.04153763904848443
7537 0.017445829849159357
7700 0.1228252332019103
7833 0.014919532863413824
7850 0.09231484574275296
7878 0.02940102532766408
7952 0.016090346680700852
8050 0.05799157422368203
8081 0.04835075693179305
8098 0.014479044636723412
8166 0.04841663259584386
8279 0.04615742287137648
8335 0.05297054075468509
8364 0.08031216248274926
8376 0.05613239568276016
8458 0.049663270557453766
8657 0.039848479672877704
8753 0.02094589085160395
8873 0.019344671684563088
8890 0.011819201917662232
8942 0.029621870793813426
9027 0.015126472114893564
9095 0.039344304988067874
9104 0.04436533845706481
9125 0.03797054972265236
9148 0.11760410131065632
9171 0.04153763904848443
9202 0.0577579910074665
9230 0.02232342732552281
9338 0.05598449406896957
9385 0.05323621237014122
9433 0.03443158392507066
9445 0.006028429703106266
9470 0.024132924058618724
9546 0.020009063134925318
9575 0.01196972938295429
9616 0.02703058284711138
9626 0.024028909845843934
9656 0.05195941852593036
9664 0.015084734254373415
9671 0.04015608124137463
9673 0.03503658710200052
9683 0.0843440087932965
9814 0.02609375513043275
9815 0.04037991998233658
9923 0.03673409308434759
10218 0.01753119607272655
10226 0.028710970020990625
10318 0.01838516715967897
10334 0.03934250985494568
10411 0.08715715712389265
10426 0.027461129836465984
10553 0.036765460678637715
10616 0.4094276507229873
10644 0.04094174440063677
10749 0.011409590508923557
10812 0.04285015267414515
10909 0.07116993794964015
10988 0.011641560009432212
11036 0.023531241617879294
11049 0.028710970020990625
11080 0.013510228729654027
11103 0.01595514785768252
11144 0.11659420259825076
11228 0.04357857856194632
11257 0.027608940913352403
11310 0.027911403281867225
11319 0.012323872037677755
11320 0.04285015267414515
11497 0.010506688292001513
11629 0.012499484437135437
11710 0.030946041941927332
11893 0.016035288264689453
11917 0.02717201336461553
11929 0.01316163718403442
11991 0.02635243456961448
12006 0.010402674079226727
12024 0.018966576940528328
12177 0.024122329877795577
12180 0.020147505583890495
12204 0.007843747205959765
12225 0.03159435938808064
12232 0.05676659593192617
12265 0.03140130168123033
