186
29 0.041653712133624
36 0.054684052116013356
79 0.18329280069546763
104 0.03535854803031425
105 0.12388289440142196
116 0.045514074244382294
119 0.031564240767303166
129 0.10859143459175387
133 0.05677211689787091
450 0.03207154077658728
455 0.04823248114790467
457 0.051801876473218024
478 0.04962929478643429
493 0.029321150996549444
514 0.06939392860797203
576 0.03523388458099799
628 0.02906060360921148
638 0.10565187343150399
642 0.037489472924806796
674 0.06460739027305724
979 0.022326862675719705
1033 0.11444518429264075
1205 0.02435262678431494
1208 0.04992307298621478
1358 0.08110244650991011
1524 0.018282145591962562
1583 0.12386113794243384
1724 0.07932271556915876
1726 0.05052641643375143
1814 0.05794927991898765
1914 0.11097715316092688
1929 0.02985462124946681
1994 0.05816126810909141
2030 0.3515543574849519
2042 0.11221479060216315
2086 0.10917129111307827
2096 0.08294609845477427
2161 0.053181567129325216
2162 0.060211273947218195
2167 0.034987284278546665
2202 0.04694240248293607
2356 0.05218569643137799
2428 0.052136378903157116
2450 0.07122133887560708
2464 0.03720793606240767
2630 0.02814487424186127
2675 0.0399285590132554
2705 0.09907481184364964
2812 0.05677211689787091
2828 0.026580287063266445
2832 0.08479265866489909
2841 0.0397653517463866
2965 0.07489090545220083
2966 0.08795149042156623
2984 0.045287334991501
3109 0.05816126810909141
3112 0.03897216280683118
3221 0.05677211689787091
3314 0.0713834985293462
3330 0.045063598995932826
3559 0.051801876473218024
3604 0.04992307298621478
3623 0.05247763941308764
3661 0.02985462124946681
3680 0.026880594007654655
3760 0.07035943828681224
3887 0.028804014057082113
4078 0.04129429813380732
4317 0.04484278773774766
4320 0.026358509426139206
4410 0.018465256552683103
4596 0.041473049227387135
4623 0.059674980627408114
4624 0.012650095831985208
4708 0.040597629472564685
4820 0.06434970997361514
4839 0.05816126810909141
4850 0.07247367165750264
4861 0.016797901234387798
4872 0.02805683384444852
5219 0.053181567129325216
5223 0.09480053433322236
5224 0.022269112805065844
5329 0.18229546126669371
5425 0.06928845096008941
5473 0.032383398632073505
5500 0.05915519128615889
5527 0.0550815250595608
5628 0.060211273947218195
5802 0.01574995985165397
5816 0.07035943828681224
5993 0.0713834985293462
6008 0.013006678953708961
6055 0.06118635826838666
6063 0.04934053868293378
6074 0.07358847628668409
6117 0.07363908687315499
6193 0.2081817858239161
6251 0.02592350287905763
6297 0.06318238755026274
6570 0.04484278773774766
6584 0.02377562045199446
6624 0.07932271556915876
6778 0.02291548741379294
6888 0.09103123347109685
7184 0.23313825929925927
7188 0.03912784889243975
7193 0.18450956598297444
7262 0.05090594503405737
7358 0.08110244650991011
7470 0.038513533167340755
7483 0.0930195214315962
7484 0.08026321403679534
7537 0.04996851040438584
7554 0.03186678892767382
7660 0.03097493144308976
7798 0.06453445461769007
7951 0.03665856013909353
7968 0.050222051069278836
7984 0.047192656255870616
8098 0.04976521945917361
8224 0.02592350287905763
8225 0.12496113640087202
8277 0.05865092038487415
8312 0.03625794482353196
8327 0.03720793606240767
8332 0.05816126810909141
8444 0.042020940090195406
8475 0.06254488469631592
8495 0.10565187343150399
8556 0.05515293067911611
8577 0.05391610984390845
8662 0.11097715316092688
8708 0.03166448925568464
8727 0.040427861001219034
8766 0.05548857658046344
8823 0.0370689079466128
8863 0.048777425848550875
8873 0.033244314659623825
8942 0.08484324172342894
8986 0.03097493144308976
9017 0.08294609845477427
9042 0.2590093823660901
9151 0.042020940090195406
9272 0.08534760477509308
9338 0.04810539478873311
9341 0.02522249686493116
9433 0.08875734069560773
9438 0.09290550041430666
9445 0.010360011129752794
9568 0.06353067249209807
9575 0.061710861236536636
9578 0.05917156046373849
9602 0.05548857658046344
9618 0.07304792649193317
9664 0.02592350287905763
9672 0.0713834985293462
9760 0.08795149042156623
9776 0.08796345298964833
9813 0.053181567129325216
9910 0.059674980627408114
10172 0.038665030332726176
10276 0.04645275020715333
10578 0.036126490302419156
10597 0.028635094442276413
10749 0.058823022153246605
10750 0.03625794482353196
10898 0.028220041111317318
11036 0.01347968083808609
11080 0.023217674734201745
11300 0.030312422188257318
11637 0.026506037182338623
11739 0.06453445461769007
11893 0.010333895376107079
11929 0.06785583365537401
11957 0.02773507515009184
12006 0.01787726232993117
12051 0.028635094442276413
12078 0.036126490302419156
12098 0.034386088414855416
12106 0.06453445461769007
12177 0.02072742142790193
12204 0.02695936167617218
12270 0.025639600049750334
12275 0.031968854620157236
12286 0.042020940090195406
