45
36 0.17167098707943587
76 0.10721256695721774
79 0.11508311766358992
628 0.09123066623032207
674 0.06760785537784605
1205 0.0764507990221928
1358 0.25460690106460315
1583 0.19442015531556728
1724 0.24901974803712798
1759 0.0920486090387735
2030 0.15766331766939812
2042 0.07045572931104858
2086 0.11424137130119776
2705 0.10367599623515655
4820 0.10100731202224676
5329 0.38152307744570846
5842 0.07896647580966182
5993 0.44819193821694836
6214 0.08558942966180916
6258 0.08486464971341473
6280 0.1054148047130006
6584 0.07463938887997448
7193 0.08274791563595303
7483 0.11680738675283843
7484 0.04199537966033357
7537 0.03137347424734096
7951 0.11508311766358992
8098 0.07811458749121601
8225 0.1307645209307364
8444 0.13191736866875753
8495 0.16583775979420037
9042 0.16262290233828897
9341 0.07918160351805285
9445 0.06504687447175461
9568 0.09972169978735977
9575 0.1291536142874346
9602 0.1741966504784958
9776 0.184097218077547
10174 0.15861881932902186
10578 0.11341277776516209
11637 0.08321105314219779
11929 0.0710071613932506
11957 0.08706940220226156
11977 0.06795558716413327
12098 0.10794909139972743
