40
6 0.1868574273485481
344 0.04656061881277468
450 0.1063811450472849
644 0.18831283611926541
975 0.1340990186621086
1143 0.1445390811939082
2150 0.17406807515210487
2192 0.20345722688971712
2701 0.11405848832619593
3332 0.09963011360095626
3361 0.14069227248475263
4244 0.151732289168303
4624 0.06294045968693578
4827 0.07016683981003105
4861 0.05571855683996003
5882 0.13244283639216498
6057 0.07235721985475212
6794 0.35310214392911077
7262 0.056284924175834194
7561 0.1974576117969712
7835 0.09754918154326356
7952 0.04586023360188707
8098 0.08253549566694147
8252 0.06720343852956136
8326 0.08966757879231822
8864 0.33057176375560715
9267 0.09610874007256728
9445 0.03436410661910809
9625 0.11484765753130392
9866 0.19454481816398664
9987 0.12114980876152108
10064 0.18980706033129638
10183 0.32176681263862056
10318 0.03493390902774071
10460 0.10210698482297528
10461 0.23017932428225368
11310 0.15910452398122646
11769 0.24426049363744684
11861 0.13523097811671428
12304 0.1198313929375218
