46
373 0.11614634817780743
547 0.09592449247780234
571 0.11407290819979343
593 0.12484089797794222
711 0.0788518232610386
1575 0.10441126411278301
1759 0.09392547286378589
1861 0.15537058205136287
2356 0.05572275811660082
2455 0.13958631090701404
2575 0.36660627861895323
2596 0.12790455553845534
2656 0.08910058088438258
2670 0.14225896092913118
3132 0.17152208619691686
3544 0.1382979128345991
3589 0.1545048009794606
4025 0.17566661207771833
4189 0.37869049469584065
4195 0.1465330367090527
5297 0.10240695487926976
5319 0.17774850634177886
6055 0.09800020527583557
6666 0.08758337412753711
6923 0.12434673780739694
6934 0.12194144570685798
7083 0.1648880546134334
7483 0.05959454004417433
7484 0.042851662115062895
8166 0.08884474039547686
8364 0.11052988679439449
8753 0.1153074141233745
8942 0.054356267249586136
9000 0.10902673006361939
9053 0.1818601161236192
9148 0.16185304445283025
9445 0.0331865875371205
9671 0.11052988679439449
9796 0.2139508905530211
9821 0.09505871140590008
10392 0.05856383911708446
10909 0.13059715891188925
11049 0.1580542806008485
11310 0.15365265482324078
11929 0.14490998354503956
12201 0.20239436125886667
