38
236 0.10900321561803719
373 0.12759455447795862
478 0.17464938479415731
593 0.13714610065689045
1374 0.13344619105093666
2287 0.1299631404518908
3132 0.18842851725240325
3489 0.3336105231940619
3544 0.1519295341627791
3545 0.21793853443453834
3810 0.2409887303369296
4195 0.32195274028884907
4552 0.10349223122822597
4624 0.02225834020159451
4827 0.07444165799538784
4972 0.09432895320487636
5001 0.07959666868532052
5297 0.1125009093119427
6008 0.0915430488083948
6055 0.10765979927131258
6934 0.1339608578441527
6952 0.08300655786801454
7208 0.1339608578441527
7262 0.0597140057488351
7312 0.10166305172723995
7484 0.04707542528880123
8364 0.121424494900518
8942 0.0597140057488351
9053 0.3995710731874179
9273 0.08662401716982578
9671 0.121424494900518
9898 0.06934856903754787
10428 0.1410916765780763
10909 0.14346973941823538
11049 0.34726645879087387
11300 0.10667179353608272
11319 0.03726508890144912
11929 0.07959666868532052
