50
68 0.0915396872510578
105 0.30820590346464355
133 0.4237268187344148
435 0.05276245835478015
515 0.15883850790295576
674 0.053578500313577526
1178 0.0939816511610951
1208 0.12420266646006825
1583 0.15407588799147592
1995 0.13055812382453355
2042 0.11167081972614457
2086 0.27160518465834044
2161 0.13230941223933115
2172 0.1288769060226992
2450 0.08859510911567008
2677 0.07730277516825933
2966 0.21881284496473324
3721 0.07450008079965442
3826 0.11804167885673633
5802 0.039184026407080436
5816 0.17504591210296172
6193 0.17264383888447074
6410 0.058067341794958885
7102 0.09187997121867679
7184 0.19334008456585802
7193 0.06557683569565767
7471 0.11211287328261245
7483 0.04628430063924114
7484 0.03328088799333949
7951 0.09120213651750621
7964 0.18320528762033506
8495 0.1314246460781558
8659 0.13321320708110723
8766 0.2760979545978786
9042 0.1288769060226992
9151 0.10454309989695945
9341 0.06275057158981763
9776 0.14589507094065807
10004 0.06980206480618352
10140 0.10362948042851358
10392 0.04548380328590624
10578 0.08987841006188162
10848 0.09734543317534906
11106 0.07495440782338894
11319 0.026345279775645516
11510 0.14979848650877609
11637 0.06594386720234993
11893 0.008569834105807016
12137 0.09974750639384002
12270 0.06378827469270622
