131
14 0.08657214826611537
84 0.04349814215159226
111 0.1818652363826426
119 0.19140166760606098
201 0.04581353747573677
222 0.0878942833762024
262 0.09490658220563059
337 0.04563918762354521
344 0.03404742477181794
374 0.023190985780975535
435 0.025720285111881142
455 0.05849516478184951
485 0.05663151839093736
496 0.03524398406061853
711 0.029853120199267412
1122 0.09452895770798186
1205 0.05906853152551404
1275 0.07662604293007334
1413 0.038159471908230914
1645 0.08004831023219854
1664 0.0433423544504159
1872 0.06631947109783733
1901 0.05915606028841791
1929 0.0362069490916731
1982 0.11497175233893452
2042 0.027218266657714447
2167 0.04243171635452779
2183 0.06493787009990086
2224 0.08305162665583718
2574 0.2867427128235073
2578 0.039920087148290706
2828 0.06447183452772379
2833 0.14604549910949863
2837 0.09620063508516591
3269 0.03687502951159163
3361 0.10288114044752457
3652 0.06631947109783733
3661 0.0362069490916731
3680 0.06520024425407622
3933 0.032235917263861893
4025 0.03325348906640572
4101 0.03143938558713565
4451 0.02324910208656027
4624 0.015341724551325686
4708 0.049235804777861956
4803 0.05785492567630477
4907 0.04563918762354521
4995 0.05663151839093736
5224 0.027007431342447347
5565 0.14337135641175364
5802 0.019101163259772222
6008 0.01577417977583912
6057 0.052911173917358695
6066 0.033928382512691646
6136 0.07438898798430217
6140 0.12086520266638057
6186 0.10520342890880689
6209 0.03914693939385178
6214 0.033064676817581365
6249 0.07174195852323503
6323 0.09246559859356143
6398 0.04495625825200835
6657 0.03432425925622947
6747 0.037801107365009634
6772 0.04243171635452779
6914 0.12086520266638057
6952 0.028606439995771307
7079 0.08533019323481864
7205 0.03687502951159163
7208 0.046166752846132274
7272 0.02324910208656027
7282 0.03126650705925108
7379 0.10823977836940056
7470 0.04670826412695738
7483 0.022562356754505797
7484 0.11356478986377742
7488 0.05817254419329625
7561 0.07219538050292904
7833 0.06219015046112829
7835 0.2496647331354622
8092 0.033158865415591335
8156 0.035989011036476434
8166 0.03363641580383598
8258 0.06831969122110984
8274 0.09620063508516591
8326 0.032784681789547916
8457 0.07369448133979285
8556 0.033444057733457204
8584 0.2867427128235073
8616 0.12917155437534408
8708 0.03840191241799388
8727 0.0490299137585782
8776 0.043655123639895196
8868 0.09645287771450844
9139 0.05915606028841791
9266 0.14337135641175364
9267 0.07027945892843548
9338 0.033337735758060816
9341 0.03058922276462498
9559 0.11497175233893452
9575 0.049894274714884425
9589 0.25834310875068817
9836 0.14337135641175364
10004 0.03402663682084465
10064 0.27759259960766003
10141 0.13386943644579058
10162 0.08415924688459793
10167 0.0433423544504159
10392 0.02217213573749713
10578 0.043813317352464264
10597 0.06945587405335246
10653 0.04184636270439763
10749 0.02377970399427968
10794 0.0572340907720493
10988 0.02426317148187115
11103 0.03325348906640572
11112 0.06729517854640762
11145 0.046166752846132274
11319 0.012842618185558617
11332 0.019436613767426416
11405 0.12086520266638057
11494 0.05949467930338328
11498 0.07913767213631041
11812 0.04783621784024555
11893 0.016710258273468795
11930 0.03513972946421774
12006 0.021681103292839905
12175 0.0507380680634913
12205 0.0490299137585782
12270 0.15547537615282073
12271 0.043813317352464264
