28
104 0.12426401393818498
593 0.13696369483490478
711 0.17301761254887688
1536 0.09110550920609072
1575 0.1145502214970977
1759 0.10304619728714762
1861 0.17045799358287478
2266 0.09263429538767835
3432 0.2587970668296591
3589 0.16950813999765937
4025 0.09636244467556336
4153 0.3743152105721583
4195 0.32152453960394706
6712 0.20612268303395617
7083 0.18089966957771844
7262 0.05963458546455066
7698 0.22437638388512246
8225 0.14638772668810282
9053 0.19951981963311965
9148 0.17756994180268168
9546 0.24169280743088697
9671 0.12126299898706923
10237 0.17976888143432546
10909 0.2865578461743199
11049 0.1734022952910023
11163 0.17544955273834772
11260 0.20272949765524692
11929 0.07949080424069305
