25
79 0.19647131394882672
1033 0.306684109356385
1205 0.26103548880619276
1524 0.09798304004924983
2030 0.26916475511714627
2042 0.12028288765541575
2705 0.17699693594344892
2828 0.14245687513754304
3623 0.28125356613302627
3661 0.16000564785063998
4410 0.09896442204883446
5329 0.32567044519369015
5425 0.12378366698851134
5802 0.08441180709102013
7188 0.20970545091569637
7193 0.1412682593379719
7262 0.09094336012015658
7471 0.24151806487762612
9042 0.27763181906466505
9341 0.13517980742616595
9568 0.17024611241160076
11159 0.28312026325478046
11637 0.14205893338502787
12098 0.18429201656566283
12270 0.13741526922452152
