47
29 0.1257029497831609
119 0.09525485170175409
133 0.3426548172515022
664 0.21871170280668412
1205 0.14698315539976659
2042 0.06772856230792022
2086 0.10981937040430398
2162 0.18170612792173269
2822 0.1144376639747895
2841 0.12000423870147077
3609 0.10823858359686864
3966 0.13874948357060646
5425 0.06969977164458906
5802 0.04753037150609916
5993 0.21542176846556255
6297 0.19067238146584584
7128 0.23008673309136585
7193 0.07954494850600194
7277 0.14977173535697705
7328 0.16049181501043192
7471 0.13599333724356352
7483 0.05614303087253935
7537 0.030159084664300638
7706 0.1851058067391646
8208 0.0943578850486453
8225 0.1257029497831609
8277 0.17699727880734656
8378 0.180087697083375
8495 0.15941859032699074
8662 0.16745392902935538
8766 0.16745392902935538
8863 0.14720095755986076
9151 0.1268111736369145
9341 0.07611667950859599
9445 0.0625290708601726
9575 0.1241543973513007
9672 0.21542176846556255
9776 0.08848563507329017
10750 0.10941955431899988
10898 0.08516269568759866
10914 0.11668367877243044
10966 0.23452225023958587
11629 0.129649209923198
11637 0.0799901591049917
11957 0.08369916101690938
12205 0.12200356513182402
12270 0.0773754172779339
