45
119 0.10171167682890009
133 0.18294079206208463
1029 0.12080496986208801
1205 0.15694637001925815
2042 0.07231952513157239
2161 0.1713707105768773
2162 0.19402303012210476
2356 0.056053882088173614
2828 0.0856515316724768
3330 0.14521160992313256
3680 0.08661923189698938
4624 0.020381647520100122
5425 0.07442435237586989
5802 0.05075220526637904
6297 0.2035970588099057
6888 0.2933363570632602
7128 0.2456831019177939
7193 0.1698737639347977
7277 0.15992397313712764
7328 0.1713707105768773
7471 0.14521160992313256
7483 0.11989734297591746
7537 0.032203410304341436
7706 0.1976531552760797
8208 0.10075390952657987
8225 0.13422369124898734
8277 0.18899499290613087
8378 0.19229489437405514
8495 0.1702247376398898
8662 0.17880474966767207
8863 0.1571789358416217
8942 0.054679271058081985
8943 0.19956323560791644
9151 0.13540703576586288
9341 0.08127622865560255
9575 0.06628508529844157
9672 0.23002407651300721
10597 0.09227288225778847
10898 0.09093542666756878
10914 0.12459305131950656
10966 0.2504192794319991
11629 0.069218723798547
11957 0.08937268668326731
12205 0.13027354477980083
12271 0.11641293493136655
