455
26 0.04025420945262836
29 0.014112629090786439
61 0.029798706975253438
96 0.04005311012874064
110 0.016075333235970584
132 0.01289743001887994
133 0.03846974434874763
150 0.016075333235970584
159 0.014695140750095242
162 0.05074734119876445
200 0.03732417079307301
210 0.009533473230223032
215 0.01777986697130677
220 0.051992300238809304
236 0.03148370429746126
237 0.021190734607602815
330 0.012065195242098137
335 0.025500092261417064
343 0.010866108593107769
344 0.03329094812524516
373 0.012284497603651816
404 0.019234872174373814
435 0.014370756306025008
493 0.009934253331414754
552 0.018267232889213777
553 0.036086165482299384
571 0.024130390484196275
587 0.009993869405574554
597 0.0268752052568644
637 0.023838371293115022
674 0.014593019265163754
736 0.01671699077714979
811 0.02262903004297776
904 0.03211922083585812
913 0.015119267445895024
938 0.00646258762366259
943 0.039411056649177455
952 0.005893651408689299
1029 0.012701749714398088
1057 0.030535855055865105
1058 0.028152276189416858
1068 0.05015097233144938
1162 0.018141445597873656
1174 0.01634157153593182
1358 0.027478193114648754
1401 0.05495638622929751
1413 0.02132093284247757
1416 0.02078176842760593
1424 0.0268752052568644
1438 0.04005311012874064
1465 0.11003855500292722
1524 0.03716487100531699
1543 0.011189127372397403
1551 0.057704616523121435
1572 0.021631189677870685
1622 0.020477489782000622
1624 0.036086165482299384
1698 0.011570808202170954
1726 0.01711877616402281
1729 0.014695140750095242
1734 0.01711877616402281
1797 0.020400087597832378
1838 0.01879999788599029
1849 0.04005311012874064
1918 0.036036727240791454
1929 0.010114997553832172
1971 0.008250875410356536
1973 0.02078176842760593
2030 0.017015654610699923
2041 0.018267232889213777
2042 0.007603863555729693
2077 0.02236279174301653
2080 0.008119806520834789
2100 0.014974371317540619
2121 0.0241853315429756
2129 0.013472836660058447
2174 0.0159044820002325
2186 0.019086212092336283
2194 0.013048709964258661
2195 0.019086212092336283
2234 0.028916488550023708
2258 0.08652475871148274
2266 0.008930485372438679
2269 0.021406725952940964
2325 0.0483706630859512
2343 0.07519999154396116
2356 0.011787302817378598
2415 0.028152276189416858
2419 0.014627411067680045
2450 0.03619558572629441
2464 0.05042545060069976
2489 0.0483706630859512
2525 0.017439781306499706
2542 0.04005311012874064
2602 0.1605961041792906
2639 0.6408497620598502
2666 0.029527363171414037
2675 0.013528132659004505
2677 0.010527365274118726
2704 0.01260636265017494
2705 0.055945636861987016
2717 0.029798706975253438
2731 0.01987142664667376
2781 0.010333343596331257
2812 0.11540923304624287
2828 0.09005625506968999
2835 0.024949543903582443
2853 0.02774324242489498
2873 0.04005311012874064
2885 0.019544303821766234
2932 0.028152276189416858
3109 0.019705528324588727
3175 0.017897873035929657
3189 0.016162710373947252
3239 0.007784291185869356
3246 0.021190734607602815
3257 0.09635766250757437
3270 0.010084474327513207
3331 0.03211922083585812
3361 0.014370756306025008
3363 0.09331042698268252
3404 0.04005311012874064
3442 0.015732688161054192
3443 0.030842149903305662
3449 0.054424336793620964
3456 0.034447579922323106
3484 0.01598927008981898
3520 0.014364234062987792
3523 0.017330766746269766
3576 0.03211922083585812
3591 0.007148808754664403
3653 0.1131451502148888
3661 0.010114997553832172
3667 0.02262903004297776
3670 0.012750046130708532
3673 0.019705528324588727
3715 0.08562690381176385
3721 0.030437053333035525
3725 0.013151831517581552
3765 0.020603273275682826
3788 0.028152276189416858
3819 0.025500092261417064
3834 0.036086165482299384
3854 0.047676742586230045
3876 0.015193114810740855
3877 0.09821876558503888
3903 0.01219576572750599
3910 0.036086165482299384
3918 0.031151922703892103
3928 0.021190734607602815
3966 0.031154718350649944
3975 0.017664245031429427
4013 0.01839584709657527
4033 0.02662016751575223
4048 0.00627180024455905
4081 0.00805538079693646
4105 0.015899181027238703
4191 0.03788263192796376
4220 0.04005311012874064
4227 0.04005311012874064
4265 0.04005311012874064
4320 0.035721941489754716
4339 0.012798753585290342
4381 0.02145639220730796
4410 0.018768554117692127
4411 0.023201816820815072
4431 0.01912237602512649
4509 0.023511248468207496
4552 0.009963983743047135
4554 0.016526203398046252
4600 0.07065698012571771
4623 0.020218386896534338
4624 0.012857877578858064
4655 0.012512539378944346
4667 0.025831762328812177
4759 0.029798706975253438
4772 0.009561188012563246
4827 0.007167064245004138
4861 0.005691270657080652
4872 0.01901178402723437
4905 0.013990856595380095
4907 0.012750046130708532
4941 0.0070404820246581
4970 0.04005311012874064
5040 0.04535780233768508
5051 0.01265385745693594
5108 0.01879999788599029
5181 0.03556196127248314
5208 0.021406725952940964
5224 0.00754496329620248
5235 0.018662085396536503
5247 0.01387162121244749
5271 0.020982599257141184
5280 0.04005311012874064
5286 0.028916488550023708
5297 0.01083131765697687
5301 0.033765651621694696
5317 0.08010622025748128
5325 0.029798706975253438
5340 0.014237049020665296
5351 0.031154718350649944
5422 0.04005311012874064
5444 0.020218386896534338
5473 0.021943537331195966
5585 0.023201816820815072
5622 0.011979774382167836
5749 0.028916488550023708
5759 0.04005311012874064
5802 0.005336219275442325
5845 0.011152322799453763
5950 0.023838371293115022
5999 0.020042277882411846
6008 0.008813545125955747
6055 0.031095681588508676
6057 0.00739079663118532
6062 0.030842149903305662
6066 0.009478443081532222
6068 0.009875251866901306
6114 0.05596342638152038
6146 0.018267232889213777
6162 0.045922944393742275
6198 0.01387162121244749
6210 0.029798706975253438
6214 0.009237152908997895
6251 0.03513240593706909
6252 0.016162710373947252
6282 0.059597413950506876
6295 0.016914358313769133
6297 0.021406725952940964
6360 0.014973326099499381
6398 0.012559258751604994
6401 0.023838371293115022
6403 0.017897873035929657
6404 0.023201816820815072
6409 0.019575749457849286
6410 0.007907815938587836
6452 0.019829914535501994
6502 0.038172424184672565
6615 0.029798706975253438
6616 0.027509638750731806
6638 0.010626899806723189
6657 0.009589037660555313
6747 0.010560351482836058
6772 0.023707974181655427
6778 0.031055841867634097
6791 0.03985593497218854
6807 0.018018363620395727
6867 0.011226170164299594
6868 0.051356328492068434
6869 0.06847510465609125
6871 0.025373670599382225
6906 0.02186481768237092
6934 0.02579486003775988
6952 0.007991672257401534
7025 0.018793754906774488
7042 0.025223046729147894
7077 0.036086165482299384
7102 0.03753761813683304
7163 0.02078176842760593
7188 0.013256845314720291
7193 0.13395728058658019
7208 0.01289743001887994
7220 0.0378045006844061
7259 0.011650296860099378
7262 0.017247363655775783
7282 0.008734805067956828
7364 0.033765651621694696
7418 0.017439781306499706
7455 0.024949543903582443
7468 0.025373670599382225
7471 0.015267927527932552
7483 0.012606319455565545
7484 0.009064618024134677
7537 0.0033859505788774794
7552 0.007907815938587836
7554 0.03239021081779728
7611 0.08010622025748128
7658 0.02262903004297776
7660 0.010494568099153752
7704 0.036086165482299384
7761 0.05265947277891558
7788 0.0241853315429756
7833 0.017373825620989356
7848 0.029798706975253438
7901 0.054424336793620964
7920 0.033765651621694696
7928 0.04005311012874064
7951 0.08694160616704996
7966 0.020982599257141184
7969 0.030842149903305662
8093 0.0268752052568644
8098 0.016860876207044573
8100 0.03726068835730712
8224 0.008783101484267272
8225 0.028225258181572878
8233 0.07612101179814668
8237 0.036086165482299384
8239 0.017664245031429427
8252 0.02059311903160683
8291 0.01711877616402281
8312 0.012284497603651816
8324 0.01568039119178077
8380 0.027509638750731806
8391 0.046403633641630145
8402 0.22816186621889803
8405 0.021406725952940964
8413 0.02078176842760593
8423 0.05495638622929751
8435 0.057832977100047415
8453 0.018141445597873656
8473 0.01083131765697687
8543 0.020400087597832378
8556 0.009343139111434853
8563 0.036086165482299384
8571 0.01634157153593182
8595 0.05495638622929751
8625 0.014237049020665296
8682 0.01634157153593182
8723 0.013418069817542785
8725 0.039411056649177455
8741 0.02236279174301653
8763 0.018018363620395727
8774 0.014695140750095242
8780 0.02632973638945779
8801 0.036086165482299384
8815 0.036086165482299384
8823 0.012559258751604994
8873 0.011263454279023137
8876 0.029798706975253438
8892 0.04005311012874064
8926 0.04005311012874064
8936 0.03679169419315054
8950 0.01265385745693594
8957 0.015193114810740855
8974 0.020218386896534338
9001 0.02078176842760593
9017 0.0421542569218634
9027 0.008807403394960752
9042 0.03510182557213815
9077 0.01777986697130677
9126 0.01879999788599029
9225 0.04005311012874064
9245 0.03211922083585812
9272 0.028916488550023708
9293 0.07217233096459877
9338 0.009313436345859932
9340 0.0483706630859512
9341 0.025636784197509258
9407 0.019544303821766234
9438 0.03147716735629493
9445 0.02457041422553521
9473 0.04492311395262185
9516 0.03211922083585812
9534 0.08218380230992899
9563 0.010527365274118726
9568 0.05381181957402672
9580 0.014174500951432398
9582 0.011937537353791241
9614 0.03685349281095545
9618 0.012374626889490557
9656 0.010084474327513207
9658 0.03858058739555598
9675 0.0169985073170172
9726 0.025373670599382225
9761 0.036086165482299384
9776 0.10927678664556228
9778 0.059597413950506876
9802 0.06960545046244522
9811 0.036086165482299384
9894 0.018141445597873656
9923 0.010694231070023817
10004 0.009505892013617186
10005 0.06489356903361206
10111 0.036086165482299384
10116 0.02810283794790893
10135 0.017015654610699923
10138 0.03211922083585812
10150 0.020218386896534338
10154 0.04005311012874064
10161 0.027478193114648754
10174 0.01711877616402281
10191 0.033828716627538266
10192 0.01542055234263221
10239 0.04196519851428237
10244 0.04005311012874064
10250 0.022108390244314914
10318 0.0035682606058475264
10322 0.04005311012874064
10334 0.011453607696190948
10342 0.08010622025748128
10344 0.04005311012874064
10346 0.029798706975253438
10392 0.006194145167552832
10397 0.04005311012874064
10460 0.01042953227010385
10501 0.031154718350649944
10533 0.01634157153593182
10571 0.013930928389488395
10613 0.036086165482299384
10619 0.007991672257401534
10628 0.013418069817542785
10658 0.025373670599382225
10723 0.04449915971864708
10794 0.01598927008981898
10820 0.0268752052568644
10825 0.037054836419804504
10898 0.009561188012563246
10899 0.018662085396536503
10945 0.04005311012874064
10951 0.01920071759137727
10959 0.010762363914805343
10963 0.011730905113349786
10979 0.011979774382167836
11018 0.02632973638945779
11034 0.029798706975253438
11036 0.01370108877594094
11088 0.059597413950506876
11216 0.028916488550023708
11232 0.04005311012874064
11260 0.019544303821766234
11319 0.01435117343942146
11497 0.006117529681071946
11510 0.020400087597832378
11604 0.04005311012874064
11655 0.09821876558503888
11745 0.023511248468207496
11750 0.017015654610699923
11764 0.042711147061995886
11768 0.013472836660058447
11818 0.016526203398046252
11886 0.019705528324588727
11892 0.030092721674839996
11893 0.0023341406249403236
11911 0.020218386896534338
11929 0.015326752614546711
11930 0.0098168524686503
11946 0.059597413950506876
11957 0.009396877453387244
11961 0.036086165482299384
11965 0.025894827334655743
11977 0.00733403823505003
11991 0.03068746234164949
12006 0.012113934604995153
12021 0.0169985073170172
12051 0.009701811582773038
12083 0.01549841873248092
12098 0.011650296860099378
12138 0.011730905113349786
12177 0.0070226252508301685
12186 0.008592314105163734
12204 0.09134059183960626
12256 0.02236279174301653
12265 0.018283439055240724
12270 0.008686912810494678
12275 0.03249395297093061
