275
29 0.052431864971156414
79 0.06921628025915184
105 0.05197945040011702
119 0.03973168116491523
121 0.05966537627435868
129 0.1366901326170863
133 0.035731124728653266
289 0.030526570447513807
344 0.008834571835500757
374 0.024070240987822636
435 0.013347717659901118
479 0.02610222721634889
522 0.03069944159511461
552 0.033933616553035575
576 0.02217543388250555
594 0.019195448015321293
640 0.12184970932412638
664 0.09122667756765664
674 0.10843326366907473
679 0.030189039198930116
797 0.036605426021387714
830 0.06272382258128022
895 0.06883388513908754
979 0.014052037490530356
1033 0.03601464396607178
1113 0.031608657012268185
1174 0.03035646535725411
1178 0.07132574470703938
1205 0.015327008972838426
1208 0.03142048676671766
1224 0.039765608428408136
1332 0.0862004179950208
1358 0.05104410035048746
1583 0.23386644768675194
1622 0.03803943872864374
1702 0.027172202891625082
1709 0.03630593181277318
1742 0.021567763275058906
1763 0.040616569774708795
1814 0.0547080079587091
1914 0.0698465852305156
1929 0.01878984356898987
1971 0.015327008972838426
1994 0.036605426021387714
2030 0.06321731402453637
2042 0.1977514758262733
2086 0.3206467379748836
2129 0.025027439890693868
2161 0.16735655742603014
2162 0.11368696414911283
2227 0.02257365801522536
2243 0.02492570379059497
2356 0.043792709757986416
2373 0.010391990425787846
2450 0.13447544402566228
2464 0.023417858571898757
2476 0.04798565404356593
2630 0.008856883158129337
2650 0.02565919055674911
2675 0.05026031792700425
2677 0.03911173396564305
2693 0.05229629200550154
2705 0.06235551275675717
2735 0.04561333878382832
2828 0.01672904947492983
2844 0.03824425451497118
2900 0.024725106493564516
2982 0.05966537627435868
3112 0.04905644835126765
3330 0.028362040459796123
3400 0.023684768188861675
3447 0.04798565404356593
3472 0.02217543388250555
3490 0.03417253315427157
3559 0.03260296445828422
3591 0.03983935660583892
3605 0.056446133397505004
3661 0.03757968713797974
3680 0.016918056076641
3737 0.0479171035300814
3738 0.044927207736644395
3826 0.029861895192335966
3891 0.05191937631627566
3903 0.022655124630956255
3918 0.02893425091623648
3966 0.08681054263174813
3996 0.04798565404356593
4013 0.03417253315427157
4014 0.033933616553035575
4025 0.0345142506262466
4097 0.03142048676671766
4101 0.03263136784000907
4169 0.0172571253131233
4314 0.04992397674576392
4317 0.028223066698752502
4320 0.03317893499236712
4417 0.07440354481207295
4446 0.022332938116329103
4503 0.03824425451497118
4584 0.1956428067679434
4596 0.07830668164904667
4624 0.00398084637935204
4655 0.02324357038446505
4699 0.02149418968501952
4708 0.025551257230400366
4731 0.04634682554998246
4820 0.020250147774621155
4861 0.00528611523562915
4890 0.06272382258128022
4926 0.02179158925441329
4986 0.05104410035048746
4992 0.04561333878382832
5013 0.02315748617865667
5224 0.014015690989040748
5252 0.027950453266356576
5297 0.02012049566374122
5310 0.052431864971156414
5329 0.03824425451497118
5334 0.07440354481207295
5347 0.044927207736644395
5351 0.08681054263174813
5425 0.13082589229306912
5448 0.06703446054321582
5473 0.020381400569259238
5500 0.03723097946119311
5628 0.07579130943274189
5670 0.05104410035048746
5802 0.009912679158029323
5807 0.0239585517650407
5816 0.04428268668907697
5845 0.020716801928758258
5993 0.08985441547328879
6008 0.016372236703329737
6043 0.06703446054321582
6074 0.04631497235731334
6079 0.01574561979439762
6125 0.024824932028229107
6193 0.1747000643265213
6203 0.04798565404356593
6281 0.02249281092347883
6360 0.055629564638001436
6452 0.012278829534247955
6584 0.014963853847471963
6621 0.08816793999509955
6624 0.04992397674576392
6657 0.01781280881780591
6747 0.019617142894993927
6888 0.05729306101462106
6905 0.03860467348247141
6952 0.014845507452873325
6966 0.036605426021387714
6982 0.021943468142145185
7164 0.05104410035048746
7184 0.0978214033839717
7188 0.07387862874594132
7193 0.11612627247328491
7208 0.0479171035300814
7235 0.035731124728653266
7262 0.02135938991217577
7312 0.018182172961543227
7356 0.033933616553035575
7470 0.02423957274341104
7471 0.028362040459796123
7483 0.08196222416422357
7484 0.11787044697319343
7537 0.025159267264611398
7542 0.012186782713964386
7554 0.020056257756333226
7580 0.0674784327704365
7631 0.0673999025872709
7645 0.05229629200550154
7703 0.07440354481207295
7706 0.03860467348247141
7725 0.044927207736644395
7745 0.03691360242021983
7833 0.016137001708399757
7966 0.11693322384337597
7984 0.029702022385186242
8092 0.017208019723137593
8098 0.015660568610144785
8208 0.0196787740318295
8222 0.04847914548682208
8252 0.012751411394884081
8277 0.07382720484043966
8312 0.022819954930072977
8444 0.05289411540806387
8455 0.02565919055674911
8483 0.02298738108839697
8495 0.0664949710117033
8545 0.13406892108643165
8556 0.034712044449414746
8625 0.026447057704031936
8659 0.03369995129363545
8727 0.025444408679454893
8766 0.1396931704610312
8811 0.031053852457718814
8817 0.03630593181277318
8823 0.06999107197877243
8837 0.06256194728968609
8933 0.05104410035048746
8942 0.010679694956087884
8957 0.056446133397505004
8986 0.05848482667180747
9000 0.02142112175938749
9017 0.02610222721634889
9040 0.040616569774708795
9042 0.1630148222914211
9044 0.08985441547328879
9151 0.026447057704031936
9228 0.044927207736644395
9338 0.06055295998243077
9341 0.03174897223121583
9407 0.03630593181277318
9433 0.018620640931201374
9568 0.019992405664509477
9575 0.10357189880950154
9618 0.13792428653038183
9658 0.03583407697847611
9664 0.016315683920004535
9776 0.07381635638706822
9807 0.05966537627435868
9849 0.020648869804136778
9870 0.0349232926152578
9898 0.012402811596283848
9935 0.09984795349152784
9939 0.05229629200550154
10004 0.017658355621836725
10168 0.0431002089975104
10174 0.031800217894533966
10276 0.058472683505061136
10298 0.045474440677502066
10351 0.05229629200550154
10364 0.02217543388250555
10420 0.07773745846622918
10578 0.0682116610162531
10594 0.040616569774708795
10597 0.018022300154393496
10723 0.02755420834640066
10898 0.05328322408393497
10979 0.022253894322242833
10985 0.02492570379059497
10997 0.029236341752530568
11003 0.0431002089975104
11067 0.013212284728642294
11103 0.0172571253131233
11142 0.025551257230400366
11156 0.033933616553035575
11319 0.013329528876455806
11332 0.010086763490514827
11339 0.03789565471637094
11634 0.013484898161038225
11736 0.014689734097082076
11739 0.040616569774708795
11764 0.026447057704031936
11780 0.06139888319022922
11784 0.04992397674576392
11827 0.04891070169198585
11886 0.036605426021387714
11892 0.08385135979906973
11893 0.010839878353217404
11945 0.04905644835126765
11949 0.044927207736644395
11953 0.028223066698752502
11960 0.07665377169120109
12006 0.011251556662344234
12011 0.04713469269726528
12051 0.03604460030878699
12098 0.04328369915435637
12137 0.02523388018942708
12186 0.015961273057400336
12204 0.02545144607842627
12205 0.025444408679454893
12270 0.032274003416799514
12271 0.022737220338751033
12275 0.02012049566374122
