550
68 0.029361743066986478
75 0.031649699945461865
76 0.02725282313009778
79 0.014626736118526
90 0.020159999666847582
105 0.01647639186348784
106 0.016840795361061076
110 0.03786236931618064
116 0.018160079150016557
131 0.03235981116460343
160 0.031649699945461865
188 0.01903408471681074
193 0.019138580188706567
280 0.04243880533326102
326 0.017147203712227093
327 0.031649699945461865
343 0.025593038137546896
344 0.011201493389204115
352 0.016619797761392063
360 0.031649699945461865
374 0.0152595196644503
435 0.07615702069158829
450 0.012796519068773448
474 0.031007326210340323
477 0.06471962232920686
479 0.0165477134065809
495 0.01647639186348784
496 0.01159515755185717
500 0.031649699945461865
508 0.028481958708805783
576 0.05623316685013729
587 0.01176932287427932
592 0.04716871574900422
628 0.01159515755185717
629 0.031007326210340323
641 0.01798033988688136
644 0.02265202914693097
681 0.031649699945461865
744 0.012674343706470992
769 0.02139904003016587
818 0.025474062662018737
846 0.018631587649523277
895 0.0654566789168301
935 0.03509257419675422
938 0.0380534692117251
942 0.015188713398230932
952 0.013881367370805205
958 0.04005941420522118
959 0.024024250053592454
975 0.19356820970303426
979 0.017816800631187835
983 0.024024250053592454
1009 0.14150614724701266
1057 0.01798033988688136
1184 0.011876024146531293
1205 0.00971667857154225
1242 0.02121940266663051
1245 0.04249702648895461
1247 0.11392783483522313
1249 0.031649699945461865
1297 0.03782533722890501
1347 0.014573032066029902
1363 0.02093853607195639
1413 0.0251086873782816
1417 0.034053625910480306
1468 0.016840795361061076
1492 0.023810269448756173
1524 0.007294561440478933
1543 0.039530770530299145
1575 0.03901559696040736
1666 0.027323718406980578
1684 0.017386512505188023
1698 0.04087923469514668
1710 0.020038558130331476
1742 0.027346108248809987
1759 0.011699115750610854
1814 0.011560858124508286
1844 0.02768812190455382
1872 0.021818892972276703
1895 0.02175634493771626
1929 0.03573590986205776
1973 0.02447373810854163
1989 0.04249702648895461
2049 0.05144161113668128
2055 0.04641259873397513
2080 0.009562324735510108
2096 0.0330954268131618
2167 0.013959898389473667
2233 0.029881411260303477
2243 0.07900923537393584
2266 0.010517024138181322
2280 0.03315364796885539
2283 0.029381936650430693
2309 0.04716871574900422
2356 0.013881367370805205
2358 0.021818892972276703
2373 0.02635233811498845
2381 0.019352560793542847
2428 0.02080237340196913
2429 0.03632138920551148
2435 0.026978010685412262
2455 0.017386512505188023
2460 0.020283669612353426
2464 0.029691873343352854
2480 0.01573796201895324
2512 0.030420884936704605
2596 0.01593146304884633
2630 0.016844673402180047
2644 0.012755547374647189
2650 0.03253369362381356
2662 0.02121940266663051
2663 0.029381936650430693
2675 0.03186292609769266
2701 0.013720021721639582
2703 0.07952852691360765
2756 0.017386512505188023
2757 0.04750409658612517
2763 0.016992258430191497
2768 0.01647639186348784
2776 0.059762822520606954
2798 0.02136435068167406
2828 0.01060551323766974
2858 0.028916936913311084
2900 0.03134935366330996
2901 0.01730579509818069
2902 0.07994752085483972
2936 0.018069610369818346
3000 0.031649699945461865
3089 0.049859393284176184
3112 0.01554986172890774
3119 0.03235981116460343
3239 0.027501611016489777
3269 0.012131766266290377
3270 0.011876024146531293
3286 0.022306321425362652
3300 0.017386512505188023
3301 0.018251778835693136
3303 0.04716871574900422
3347 0.019573558393211867
3361 0.08461891187954255
3362 0.017634632165313042
3390 0.020159999666847582
3425 0.034053625910480306
3426 0.03632138920551148
3440 0.028916936913311084
3442 0.04631916806530288
3448 0.02768812190455382
3488 0.034053625910480306
3523 0.0408193025580057
3548 0.018160079150016557
3574 0.03315364796885539
3580 0.02080237340196913
3581 0.02053803274020426
3591 0.03367530032089025
3599 0.016692661421624455
3630 0.04991071774480607
3653 0.026649173618279908
3661 0.023823939908038508
3683 0.01798033988688136
3737 0.030377426796461864
3749 0.01872998097258393
3759 0.011034555886592782
3765 0.012131766266290377
3790 0.02360287391813993
3814 0.027919796778947334
3818 0.029381936650430693
3819 0.04504543840363624
3827 0.02247695896810308
3867 0.02093853607195639
3876 0.05367670911544923
3880 0.022306321425362652
3887 0.04597111410472014
3890 0.019244721326079513
3891 0.032914699286351885
3918 0.0183430972317984
4025 0.010940291092254206
4048 0.014772024545372934
4059 0.04707729149711728
4078 0.03295278372697568
4079 0.0219774843582303
4081 0.047432267536702
4099 0.02107750641660539
4101 0.010343456874495807
4170 0.017634632165313042
4205 0.0183447433844546
4226 0.016992258430191497
4269 0.02807335949268315
4320 0.03155107241454397
4356 0.01819125931738792
4384 0.031007326210340323
4410 0.022102867701201862
4431 0.03377932136639016
4451 0.0382443995504614
4502 0.016335973806895127
4624 0.060568537195063506
4638 0.02360287391813993
4655 0.014735445296672268
4721 0.03509257419675422
4772 0.011259773788796721
4790 0.017226032949190413
4791 0.034773025010376046
4820 0.025675482711717417
4854 0.03782533722890501
4861 0.04021409478738921
4868 0.03632138920551148
4876 0.022831768410066167
4905 0.01647639186348784
4926 0.013814950374430117
4941 0.016582507290427654
5001 0.027074423251046247
5005 0.017770716326963774
5051 0.014901869133162257
5120 0.025209722000253867
5138 0.07413074217114325
5139 0.024710247390381086
5143 0.04249702648895461
5146 0.014680871533493239
5179 0.04249702648895461
5181 0.09771928872631568
5208 0.025209722000253867
5224 0.017770716326963774
5232 0.039764263456803825
5243 0.024955358872403036
5340 0.016766321421779563
5354 0.018069610369818346
5370 0.02093853607195639
5389 0.02169465308698548
5406 0.03509257419675422
5490 0.08093403205623678
5609 0.01593146304884633
5627 0.015072506675902686
5672 0.025749195676655
5807 0.06075485359292373
5810 0.0561467189853663
5842 0.050182069591399196
5875 0.1909746239996746
5882 0.2867663348792339
5940 0.04716871574900422
5998 0.030377426796461864
6008 0.01037930895880468
6034 0.07104314284228333
6041 0.0183447433844546
6055 0.012206653958168978
6057 0.04351901566876394
6084 0.018829832027439618
6090 0.030420884936704605
6114 0.01647639186348784
6122 0.017892236371816406
6150 0.01415814276739001
6155 0.016840795361061076
6162 0.02317772188872605
6196 0.02807335949268315
6224 0.026335636950290717
6249 0.07080862175441978
6251 0.010343456874495807
6266 0.031007326210340323
6280 0.013397921109768736
6281 0.02851899079608142
6300 0.02807335949268315
6360 0.01763340125983468
6361 0.0219774843582303
6398 0.029580929129773725
6409 0.011526732365889924
6410 0.027938019370064536
6436 0.06678094688842535
6446 0.024955358872403036
6452 0.007784261106030537
6457 0.04991071774480607
6548 0.022139897588872665
6570 0.017892236371816406
6584 0.018972907014680802
6616 0.08099210812969766
6638 0.02502962764515958
6673 0.022831768410066167
6698 0.035101813160405275
6747 0.012436442905492074
6778 0.018286522228761013
6794 0.38226985471953023
6817 0.03754444146773937
6869 0.060479999000542746
6882 0.039764263456803825
6905 0.02447373810854163
6906 0.025749195676655
6907 0.034053625910480306
6923 0.015488310406797975
6932 0.011227135357322882
6933 0.029881411260303477
6934 0.06075485359292373
6946 0.04716871574900422
6957 0.04716871574900422
6982 0.01391123519663577
7035 0.02670627613681412
7042 0.04950671402990147
7061 0.03235981116460343
7102 0.014735445296672268
7121 0.035269264330626084
7150 0.012879217320153027
7176 0.016086267970177613
7178 0.05783387382662217
7181 0.08487761066652204
7220 0.0556507890736878
7229 0.019244721326079513
7241 0.06329939989092373
7259 0.027440043443279164
7262 0.040622862548455665
7282 0.010286580394109623
7312 0.011526732365889924
7344 0.02247695896810308
7356 0.02151248462111069
7376 0.07452635059809311
7396 0.017468208328823055
7400 0.03782533722890501
7425 0.02725282313009778
7454 0.04249702648895461
7484 0.00533749301339402
7507 0.00979520166860735
7536 0.014008915499549973
7537 0.0159499164865747
7542 0.015451814592484034
7552 0.009312673123354846
7560 0.0439549687164606
7561 0.059380120732656465
7566 0.02247695896810308
7580 0.04277848619412213
7602 0.02807335949268315
7624 0.030420884936704605
7658 0.026649173618279908
7826 0.09901024424246009
7833 0.010230179873112647
7835 0.02346825579301234
7836 0.031007326210340323
7837 0.019573558393211867
7861 0.02772584169377669
7911 0.015366868870281866
7952 0.06068147592099297
7955 0.031649699945461865
8061 0.025749195676655
8092 0.010909160215068539
8156 0.023680538067758234
8166 0.01106627275890363
8169 0.049643140219742705
8171 0.031639174814434554
8201 0.0165477134065809
8222 0.0461006066108456
8225 0.016619797761392063
8249 0.026978010685412262
8252 0.0404192905729879
8291 0.020159999666847582
8293 0.04716871574900422
8324 0.03231563908562114
8326 0.010786055003982407
8367 0.03632138920551148
8376 0.03848944265215903
8380 0.01619842162593953
8385 0.048392052425758565
8405 0.025209722000253867
8412 0.01593146304884633
8444 0.016766321421779563
8447 0.014362395456761129
8451 0.028916936913311084
8455 0.01626684681190678
8457 0.024245247653261477
8475 0.024955358872403036
8515 0.011984441866573428
8556 0.011002987571605371
8571 0.03848944265215903
8602 0.04716871574900422
8682 0.019244721326079513
8710 0.03235981116460343
8716 0.01980204884849202
8719 0.036320158300033115
8721 0.05537624380910764
8722 0.023810269448756173
8727 0.01613068414191952
8763 0.02121940266663051
8769 0.027323718406980578
8773 0.06810725182096061
8778 0.03235981116460343
8800 0.024955358872403036
8828 0.015306958938672902
8836 0.019138580188706567
8837 0.026441094223533596
8863 0.01946215382493647
8865 0.04249702648895461
8890 0.008104312828106596
8932 0.024710247390381086
8942 0.006770477091409277
8944 0.01853461010693795
8957 0.03578447274363281
8963 0.026649173618279908
8976 0.06961889810096268
8996 0.019919266114780187
9000 0.013580089575643524
9001 0.02447373810854163
9008 0.02807335949268315
9027 0.010372076123137772
9034 0.02340167023263354
9036 0.029881411260303477
9099 0.011425379735239221
9139 0.01946215382493647
9267 0.046243432498033143
9273 0.01964316131398003
9291 0.028828881360152617
9292 0.026353847020199432
9338 0.01096800798320738
9388 0.04107606548040852
9418 0.03782533722890501
9444 0.016063620673893678
9445 0.037202725247372524
9470 0.0165477134065809
9537 0.02807335949268315
9549 0.017892236371816406
9557 0.03782533722890501
9568 0.025348687412941984
9578 0.023609405206876467
9580 0.016692661421624455
9582 0.014058291712534322
9584 0.014208628568456665
9616 0.01853461010693795
9618 0.014573032066029902
9620 0.020038558130331476
9632 0.01893118465809032
9636 0.20802373401969132
9637 0.12003042598558966
9638 0.0366894867689092
9658 0.011358648270017714
9659 0.025749195676655
9663 0.02247695896810308
9664 0.020686913748991613
9675 0.02001836454688726
9742 0.04716871574900422
9798 0.02040965127900285
9821 0.023680538067758234
9883 0.031649699945461865
9898 0.00786286051492856
9987 0.05829212826411961
10105 0.015366868870281866
10106 0.02080237340196913
10116 0.0165477134065809
10117 0.03632138920551148
10132 0.02080237340196913
10141 0.014680871533493239
10174 0.020159999666847582
10269 0.021818892972276703
10276 0.01853461010693795
10298 0.014414440680076308
10312 0.012962942905263435
10318 0.04622395031598311
10325 0.014845936671676427
10328 0.02768812190455382
10334 0.013488389889966947
10340 0.024955358872403036
10374 0.09433743149800844
10392 0.014589122880957865
10428 0.015997217940433142
10429 0.04272870136334812
10460 0.01228238310239463
10476 0.017147203712227093
10490 0.01640581715655578
10494 0.05783387382662217
10509 0.04530405829386194
10559 0.023810269448756173
10560 0.01853461010693795
10561 0.02247695896810308
10576 0.0165477134065809
10619 0.009411426874391095
10628 0.015801847074787167
10649 0.04641259873397513
10723 0.06987283331529222
10749 0.00782344623343247
10801 0.021818892972276703
10816 0.029916539308318467
10845 0.0125543436891408
10848 0.015611980352303816
10862 0.035610539416106944
10914 0.015427316117865771
10926 0.04249702648895461
10934 0.05394101966064408
10951 0.04522361371356786
10959 0.06337171853235497
10960 0.09544961913902766
10979 0.014108032328910294
10980 0.03147592403790648
10981 0.026267160896007728
10985 0.031603694149574334
10997 0.01853461010693795
11036 0.010756763704441119
11067 0.05025619445963125
11071 0.016063620673893678
11080 0.009263833613060575
11103 0.010940291092254206
11106 0.012020972161574845
11129 0.045663536820132335
11142 0.03239684325187906
11179 0.02151248462111069
11217 0.041037640300517084
11219 0.017468208328823055
11227 0.04716871574900422
11231 0.04716871574900422
11244 0.05648949608231885
11249 0.019138580188706567
11268 0.026649173618279908
11283 0.03632138920551148
11300 0.024189264323459903
11310 0.019138580188706567
11332 0.012789166997708044
11352 0.034053625910480306
11416 0.029381936650430693
11424 0.020159999666847582
11425 0.04716871574900422
11494 0.019573558393211867
11497 0.043226009318890105
11607 0.021663947690241107
11634 0.017097715703434383
11660 0.03632138920551148
11736 0.1024394043569033
11770 0.041588762540665035
11794 0.03782533722890501
11849 0.04716871574900422
11861 0.06506738724762712
11875 0.012057701532736076
11893 0.016492863895282473
11929 0.05414884650209249
11930 0.03468257437352486
11945 0.01554986172890774
11957 0.04426509103561452
11977 0.03454784546712857
12006 0.028532053373554498
12021 0.03002754682033089
12029 0.014626736118526
12030 0.029691873343352854
12047 0.039764263456803825
12052 0.016619797761392063
12064 0.025268211676262163
12078 0.014414440680076308
12109 0.021818892972276703
12137 0.031994435880866284
12150 0.03632138920551148
12157 0.01573796201895324
12171 0.09433743149800844
12177 0.008270224539454581
12186 0.04047510121934902
12193 0.02053803274020426
12204 0.043027054817764476
12227 0.02080237340196913
12265 0.02153156988156235
12274 0.037659664054879236
12303 0.05420883110945504
12304 0.08648664408045785
12311 0.04716871574900422
