188
337 0.03368096621919876
344 0.012563218401796266
358 0.08484725316828368
373 0.032451157004985076
387 0.05907433004884829
471 0.05654875333730134
476 0.06590758470881541
496 0.026009477784027728
547 0.026801193622163842
571 0.03187184024365274
641 0.040332289470461274
687 0.061290727935780706
711 0.11015554672696219
736 0.044160185451858486
744 0.028430235603636896
933 0.08919652211300153
979 0.05994817381223621
1113 0.04494914624349598
1174 0.08633692980054394
1213 0.12594454482958123
1214 0.10580569163360311
1308 0.1038165546367762
1356 0.044160185451858486
1447 0.07638680394147515
1498 0.21161138326720622
1524 0.016362669750871462
1564 0.043410363142765425
1586 0.044418624524907135
1664 0.03198594129558698
1710 0.04494914624349598
1726 0.04522155573271141
1759 0.02624266982552081
1816 0.047597937309585545
1861 0.043410363142765425
2074 0.1041096207853571
2110 0.040332289470461274
2125 0.08484725316828368
2201 0.11551772883004474
2266 0.023591081402106334
2287 0.03305356010623307
2356 0.015568874964750146
2382 0.02624266982552081
2455 0.07800051163133667
2456 0.14178256348830787
2457 0.10580569163360311
2575 0.051214687732860316
2656 0.07468380155408827
2665 0.047279645182362655
2781 0.08189076173485176
2841 0.035590314871981915
3132 0.04792307495090292
3152 0.034202339182519415
3239 0.020563254892090554
3314 0.06388881470296423
3489 0.08484725316828368
3544 0.23184167319596416
3545 0.16628509642846712
3589 0.04316846490027197
3683 0.040332289470461274
3737 0.03407030063476606
3810 0.061290727935780706
4025 0.0736215761214576
4088 0.06702797256996107
4143 0.033553384722662644
4195 0.08188232613879634
4356 0.040805409755152997
4431 0.05051433495459132
4552 0.052642413434086426
4570 0.07911364230833527
4768 0.05714170453600993
4827 0.07573106677486106
4869 0.09044311146542282
4872 0.02511109563932219
4972 0.04798141555635309
5018 0.1332558735747214
5319 0.049662729626834656
5453 0.11551772883004474
5454 0.0682380836476821
5685 0.21161138326720622
5700 0.10765165098458791
5993 0.12777762940592846
6003 0.05249305318213089
6013 0.02624266982552081
6042 0.07638680394147515
6258 0.048389106702297145
6345 0.08484725316828368
6360 0.019777030034881158
6410 0.020889562183914828
6451 0.05597818307179837
6584 0.042558749313218715
6636 0.07871730288034182
6638 0.056144777789155095
6747 0.027896592522877506
6932 0.02518395514235948
6934 0.03407030063476606
7083 0.046069534104641624
7254 0.03936901355119678
7272 0.017157453118209407
7312 0.025855991007645115
7379 0.039939583816699764
7425 0.030565850208770267
7461 0.04792307495090292
7467 0.04223781312192879
7482 0.06490231400997015
7483 0.033301292825027314
7484 0.01197270544478627
7537 0.008944445055173417
7543 0.10580569163360311
7554 0.02852103658300862
7700 0.06297227241479061
7939 0.061290727935780706
7952 0.03712271091249926
8166 0.09929247591071998
8169 0.03711871807692582
8224 0.046403493973078094
8312 0.032451157004985076
8321 0.04365619486196101
8364 0.18529154466141734
8380 0.03633521024030483
8383 0.10777916475085028
8395 0.052944379760906414
8433 0.07638680394147515
8465 0.0953264724009434
8662 0.049662729626834656
8669 0.06590758470881541
8750 0.07871730288034182
8893 0.05041880304935948
8942 0.015187078977471357
8957 0.04013466158938003
9000 0.03046194383673845
9051 0.08147369808480652
9053 0.15243452610936298
9095 0.06051525961948708
9118 0.06702797256996107
9147 0.061290727935780706
9148 0.04522155573271141
9230 0.03433554108048067
9273 0.02203110934539244
9338 0.03690404705996164
9385 0.04094116306939817
9433 0.05295903030864881
9445 0.009272294648283691
9473 0.039556821154167636
9575 0.03682115017175467
9580 0.037443855718243206
9651 0.08147369808480652
9664 0.023201746986539047
9671 0.09264577233070867
9814 0.04013466158938003
9815 0.06210813335974023
9821 0.05311859075934078
9863 0.05714170453600993
9898 0.01763744002333004
10218 0.026964636485583487
10226 0.044160185451858486
10280 0.046967916249347166
10318 0.009426041576225232
10426 0.04223781312192879
10428 0.0358838836615293
10482 0.3258947923392261
10723 0.039183510394174934
10749 0.017549028557219196
10812 0.06590758470881541
10909 0.14595478806674977
10951 0.016907094922111097
11011 0.024331993548796588
11049 0.044160185451858486
11068 0.11955526884174711
11080 0.020780008678298326
11084 0.039556821154167636
11103 0.0245405253738192
11113 0.10580569163360311
11194 0.04136114334289594
11217 0.018410575085877335
11249 0.0429303762376448
11310 0.0429303762376448
11319 0.01895527995992262
11320 0.06590758470881541
11497 0.03232055922321278
11499 0.04269597902116448
11629 0.0192253884279412
11893 0.009248920835289453
11929 0.040487683869413364
11991 0.04053253501540836
12177 0.01855121161276607
12201 0.05654875333730134
12232 0.13096858458588304
12279 0.0709944788521468
