57
291 0.12028499349180466
354 0.10669307670181159
446 0.1792651644932667
450 0.09726659118775455
625 0.09049116138911177
706 0.1394387524943562
938 0.028924516215701183
958 0.05074873153367183
1017 0.16151036387243575
1387 0.1792651644932667
1592 0.30384133316528283
1860 0.15112447130146892
2344 0.2875111265032095
2630 0.021339448547108324
3105 0.14375556325160474
3149 0.1792651644932667
3175 0.16021053763628987
3386 0.1792651644932667
3473 0.3585303289865334
3595 0.06546770632118054
3607 0.14375556325160474
3661 0.045271558051507746
4033 0.05957176225780002
4120 0.0874741768680091
4169 0.04157868305538028
4467 0.15112447130146892
4473 0.07194815203033406
4624 0.009591304860802456
4861 0.012736171638581118
5312 0.04942638565871968
5313 0.07313975119662978
5527 0.08352564376759664
6055 0.04639150748491054
6651 0.12942113758022544
6666 0.04146036985284993
6867 0.0502448183090906
6932 0.04266883748390258
7282 0.03909424916793931
7351 0.10669307670181159
7537 0.01515445331305232
7552 0.035392905081700766
8113 0.07708828429704227
8753 0.10916884817361111
9675 0.03803999490339826
9817 0.2164919240198855
9906 0.07805499384660562
9923 0.04786402568326849
9949 0.07525787988415955
10384 0.16151036387243575
10633 0.11356459508826759
10678 0.13803979411263564
10968 0.1052289774888401
11319 0.016057838324040896
12004 0.046679316836532175
12045 0.15112447130146892
12091 0.30759057861292105
12157 0.11962455645937303
