224
76 0.07693122506741674
104 0.019912583095935122
106 0.02376970290474727
119 0.03555154847422852
177 0.19811873500409344
178 0.15077205606048974
262 0.08814123722138315
319 0.025892429114157938
320 0.07349640215471538
330 0.04010913647665629
344 0.007905094867624368
374 0.03230675046367992
390 0.034141595698174765
455 0.027162690276686684
456 0.027137350997682573
464 0.024313441060888532
522 0.21975665846513
524 0.05205095565516139
547 0.016863989096813133
628 0.01636582146106051
642 0.021112638567568197
644 0.031971886806318885
674 0.07276882672449088
711 0.11090025109453307
786 0.13315123611616192
952 0.02938899006028624
979 0.06286817941741282
1073 0.24092202532712437
1122 0.02194763285115701
1178 0.021273876799453816
1205 0.04114340645700915
1208 0.19680336898254716
1232 0.028806914215768163
1336 0.03634333878822984
1373 0.15456729368401229
1487 0.029553401191579995
1536 0.029198252415477403
1622 0.017018672634069358
1632 0.01777577423711426
1814 0.016317410018464925
1883 0.038565676671578626
1888 0.059981828192821225
1929 0.016812981854288964
1971 0.04114340645700915
2042 0.03791704920478333
2080 0.01349660827583801
2091 0.04931051216433696
2167 0.019703501538026053
2175 0.17868608901156424
2202 0.026436167270299196
2227 0.040397409504917124
2537 0.11284079985227574
2557 0.11224941676801814
2645 0.028806914215768163
2679 0.02286303356340745
2805 0.045673798709937166
2806 0.07467045797133551
2828 0.014969001962618158
2832 0.023875992590851026
2937 0.03148394252237158
3175 0.029749548922970097
3195 0.05797623283415625
3239 0.025877840456212237
3269 0.017123210256821758
3340 0.03390868863614477
3347 0.02762682271355943
3390 0.028454546971621093
3414 0.048064509624830484
3453 0.03015441121209795
3559 0.029172837326746782
3591 0.023765263655732356
3652 0.03079596851231012
3661 0.016812981854288964
3680 0.030276246716161432
3827 0.03172478647352571
3877 0.04081440244407891
3889 0.031249045947428226
3915 0.033606668731782245
3924 0.11996365638564245
4048 0.010424882768809615
4397 0.038565676671578626
4429 0.025631787386993794
4552 0.03312393838490122
4624 0.010686075862475507
4655 0.020798136273356325
4707 0.11996365638564245
4708 0.06858910069022235
4820 0.01811964883216315
4827 0.02382595160472881
4861 0.023649840194250007
4869 0.028454546971621093
4941 0.011702572926592355
4965 0.027949322341524595
5005 0.08778779354186615
5110 0.03390868863614477
5112 0.09262303623084141
5322 0.039080008844677425
5357 0.04081440244407891
5425 0.07804121572800589
5461 0.07930850181089759
5515 0.028454546971621093
5523 0.04953091851874932
5777 0.025761215614002048
5802 0.008869775535885157
5845 0.03707441348601245
5942 0.26146673195222
6008 0.007324864563042362
6034 0.020054568238328144
6074 0.02072110890562529
6186 0.048852040440478195
6214 0.030707685971794536
6232 0.029553401191579995
6436 0.10996652901898081
6459 0.04081440244407891
6638 0.017663857323434836
6657 0.015938740007498075
6698 0.024771979361793373
6775 0.031971886806318885
6817 0.017663857323434836
6818 0.032754203684900327
6867 0.018659954613041017
6911 0.03634333878822984
6932 0.0158463817292139
6952 0.013283625619683059
7025 0.015619334485248675
7185 0.029553401191579995
7205 0.034246420513643516
7256 0.0549391646162825
7259 0.019364931001067894
7344 0.03172478647352571
7470 0.021689350163791504
7484 0.030134116700423215
7526 0.045673798709937166
7537 0.016884213369073493
7542 0.010904622802192957
7554 0.017946157799774636
7580 0.04025272701391973
7589 0.021033032848299688
7605 0.024426020220239097
7968 0.02828314002905125
8040 0.03595500617822066
8092 0.015397580202894287
8098 0.028025869923127465
8107 0.03454311220678434
8166 0.03123866897049735
8283 0.038565676671578626
8312 0.020419089001262766
8342 0.035222889035865276
8352 0.021273876799453816
8411 0.038077732387631326
8438 0.02746958230814125
8455 0.0459192226526405
8457 0.06844122515763834
8514 0.026577100632278826
8515 0.016915271312323385
8556 0.015530011500906198
8753 0.06081480102722315
8780 0.043764852911551244
8823 0.020875792442881513
8828 0.02160479113644999
8873 0.01872192765267489
9273 0.013862531386816633
9308 0.13315123611616192
9330 0.19918182880134766
9338 0.058052400204743705
9341 0.014204346408096584
9433 0.016661580866388737
9434 0.11884851452373635
9445 0.01166872476319734
9546 0.019364931001067894
9563 0.0174984126674527
9578 0.016661580866388737
9584 0.020054568238328144
9650 0.031971886806318885
9671 0.01943168796232095
9675 0.014127319040365547
9863 0.03595500617822066
9865 0.020054568238328144
10105 0.021689350163791504
10140 0.28149334754487454
10150 0.033606668731782245
10167 0.020126363506959864
10216 0.025378096941059143
10318 0.005931103838454178
10420 0.017389693450512275
10578 0.06103517651471469
10615 0.04293712865348958
10619 0.013283625619683059
10653 0.2914753194348143
10721 0.23397124231150865
10794 0.026577100632278826
10844 0.025892429114157938
10897 0.04478865310363677
10951 0.0053191859371046635
10979 0.019912583095935122
10983 0.05338803832756148
10988 0.011266794692348673
11080 0.10460245755404154
11096 0.040200458597041994
11103 0.030883038880172086
11163 0.05622953399501347
11217 0.011584399631273888
11266 0.035581906282337865
11319 0.035781425157141986
11332 0.03610217847995574
11385 0.035222889035865276
11484 0.04081440244407891
11497 0.020336913572849953
11634 0.03619849424334383
11637 0.014927187266987246
11821 0.03595500617822066
11828 0.07439353078485848
11893 0.017458964961316863
11930 0.048952230055394785
11953 0.02525374447830076
12051 0.01612619095820693
12137 0.022579047461487037
12177 0.011672891692094041
12204 0.015182482299044116
12205 0.02276742644770117
12265 0.00607808607829666
12270 0.05775697193215977
12271 0.1424154118676676
12275 0.018003637297549197
