50
26 0.09296169910042631
57 0.14397812275623018
330 0.08358885181961426
938 0.044773438672647985
1174 0.11321600473156439
1726 0.11860055435446124
1759 0.06882547799646976
1782 0.13122728821307017
1816 0.12483298417268462
1857 0.22252510109758677
2287 0.08668809572051182
2328 0.2774918615311007
2456 0.09296169910042631
2991 0.19037160745785772
3544 0.2026802669507845
3738 0.16755834066407277
4570 0.10374390799631317
5111 0.15316908835872886
5204 0.20033625880480743
5319 0.3907446682714
5700 0.09411105888977331
5797 0.20644835427772223
5803 0.15677613176818592
5993 0.16755834066407277
6008 0.030530551008757803
6360 0.051868333311784955
6952 0.055367086459074254
7483 0.043668906628432716
7660 0.07270739346928826
7901 0.12568570814197189
8193 0.1468114804212362
8220 0.14986299619558155
8224 0.060850185492512504
8364 0.24297792897627143
8669 0.17285287858805043
8873 0.07803431206990881
8942 0.03983047368824103
9147 0.16074445454590758
9273 0.05778000643877074
9445 0.0486360660355996
9671 0.08099264299209048
9805 0.16755834066407277
9898 0.046256926155403694
10276 0.10903844592029083
10909 0.1913945517235142
11011 0.06381443266775959
11163 0.11718432750928608
11319 0.04971316609447482
11893 0.01617115437498293
12180 0.08127285713606312
