203
29 0.03941089913538528
79 0.034684707366670245
117 0.04538374438970433
119 0.05972937562801422
121 0.08969607041508587
132 0.036017336692538426
193 0.13615123316911298
435 0.020065872334365742
456 0.022796433641488846
468 0.11185223342777663
522 0.04615104180952915
628 0.05499171425499559
674 0.1833859608922976
928 0.061739845379573874
952 0.016458598870044538
1113 0.047517882264946444
1332 0.0647933462008015
1355 0.06967404527763721
1383 0.08075212678398261
1742 0.03242321986741515
1895 0.02579565432158325
1920 0.05371526469445613
1958 0.022317527601227224
1994 0.05502961809694713
2030 0.19007152905978578
2042 0.06370360144228704
2077 0.12490057296907785
2091 0.04142275413978801
2096 0.03923996388830896
2100 0.041817398715359624
2121 0.06753990740239509
2154 0.03747127432945716
2161 0.05031804539465434
2174 0.04441482390555651
2228 0.05859596377129183
2356 0.016458598870044538
2409 0.0647933462008015
2450 0.10107971867102242
2509 0.11185223342777663
2675 0.03777863559541955
2681 0.04998156363490512
2705 0.031246734215839785
2706 0.09429388966028666
2735 0.06857138097325119
2763 0.04029412347184815
2828 0.0502981827444074
2831 0.09429388966028666
2841 0.03762421610185572
2858 0.06857138097325119
2900 0.03716971268008813
2902 0.06319378301649262
2958 0.07861798890874049
3112 0.07374747165585728
3152 0.03615692092696615
3332 0.028418975752798382
3539 0.05031804539465434
3591 0.039927497414663185
3605 0.08485652269418055
3624 0.05289548022170501
3643 0.08744966718898202
3661 0.028247121481354963
3719 0.08612972474074117
3737 0.036017336692538426
3891 0.1561027290788525
3903 0.06811574085502205
3996 0.07213772664759588
4048 0.03502923307138759
4320 0.024939255186193037
4382 0.036017336692538426
4410 0.01747100861436454
4446 0.03357352144477935
4584 0.0735283679908843
4624 0.005984480438237848
4708 0.03841168045590436
4820 0.030442423967229675
4861 0.00794671539850851
4890 0.09429388966028666
4986 0.15347109178559337
5146 0.03481307989018448
5171 0.09429388966028666
5182 0.10077415192143126
5224 0.021070049069804447
5243 0.059177202125306715
5252 0.042018436501339795
5261 0.05502961809694713
5278 0.06857138097325119
5310 0.03941089913538528
5312 0.03083952000277263
5329 0.05749329946690581
5339 0.11185223342777663
5351 0.04350130137376053
5425 0.06555766610368591
5473 0.03063973873577985
5802 0.014901915034814871
5816 0.06657098691824728
5845 0.031143953840711124
6079 0.02367068323365969
6125 0.07463956452783443
6193 0.2626298575458052
6214 0.02579565432158325
6360 0.020907239920797686
6410 0.02208335061681339
6437 0.04029412347184815
6657 0.026778326959097935
6666 0.025869136259081212
6747 0.05898163190528173
6764 0.0647933462008015
6778 0.02168162012081899
6934 0.036017336692538426
6982 0.03298802398527577
7042 0.02347927623631188
7102 0.03494249187864342
7220 0.02639319282311178
7235 0.05371526469445613
7272 0.018137960459157384
7394 0.04395153659060175
7470 0.0728796015172021
7483 0.08801095482203533
7531 0.10077415192143126
7537 0.009455598661532135
7580 0.033813861210703566
7631 0.10132352774645699
7706 0.05803512400747653
7753 0.10660023370680378
7855 0.08075212678398261
7951 0.06936941473334049
7966 0.05859596377129183
7968 0.047517882264946444
8041 0.08321580815394128
8156 0.028077095481512677
8208 0.05916693437497355
8225 0.03941089913538528
8300 0.10077415192143126
8312 0.034305662883358935
8339 0.09391408500226228
8350 0.06857138097325119
8444 0.11927506193129353
8473 0.030247515536358877
8483 0.034557357742657266
8495 0.04998156363490512
8545 0.10077415192143126
8716 0.04695704250113114
8766 0.05250083564613339
8817 0.054579382880105914
8862 0.07861798890874049
8873 0.094362898149802
8893 0.05330011685340189
8933 0.07673554589279669
8942 0.04816495247032745
8986 0.05861421881982336
9318 0.07505164323439578
9338 0.026008683291347152
9341 0.023864410372298035
9539 0.08969607041508587
9568 0.06010991091399359
9575 0.019462695345125965
9582 0.033336742399211125
9618 0.034557357742657266
9628 0.09503576452989289
9675 0.023734998383839096
9777 0.11185223342777663
9865 0.033693239557007475
9898 0.037290754931965854
9921 0.041817398715359624
9935 0.07505164323439578
9936 0.07085846062089186
9940 0.2583891742222235
10168 0.0647933462008015
10298 0.03418128643268757
10325 0.03520450255399198
10392 0.017297757126468572
10472 0.08075212678398261
10589 0.08969607041508587
10898 0.02670055408907417
10951 0.01787329489194463
10960 0.0251490913722037
10980 0.03731978226391722
10985 0.03747127432945716
11036 0.012753877497947179
11096 0.06753990740239509
11276 0.242757381067541
11332 0.01516361925122645
11339 0.11393848580575049
11375 0.06967404527763721
11384 0.09429388966028666
11497 0.017083800875618192
11634 0.020272098334399507
11750 0.047517882264946444
11826 0.05414148443983384
11893 0.02281410717375461
11929 0.02140072900233936
11960 0.03841168045590436
11977 0.02048102017541997
11997 0.0656574643864513
12006 0.016914674501075283
12011 0.07085846062089186
12051 0.02709325918363476
12065 0.09429388966028666
12098 0.032534595183999544
12204 0.051015509991788714
12225 0.05137220497819354
12232 0.04615104180952915
12271 0.03418128643268757
