300
29 0.07247760756647446
41 0.029854905547042565
79 0.04252401686216873
104 0.020507999863576556
105 0.04790148395056049
113 0.052798223558442534
119 0.07322918857355555
129 0.09447474160494304
201 0.021909998336177933
237 0.03627610742725564
335 0.02182661675985995
344 0.02442440797646605
347 0.025273729728687758
374 0.011090923946761406
450 0.01860153175144665
455 0.055949792732051654
456 0.027948799403725366
464 0.02504045022976276
493 0.017006302411558594
505 0.027226649207729152
513 0.09131127960925403
516 0.044221014638120275
525 0.03149158053498101
530 0.06856633112212163
547 0.017368248229301806
576 0.02043569491487281
638 0.030639106052407588
644 0.03292789524610299
664 0.04203481566015387
674 0.09992630163206542
677 0.044675789982355545
938 0.033189626584713874
952 0.020178510617909665
979 0.03884882062876518
1113 0.029128849284034117
1175 0.052798223558442534
1178 0.10954999168088966
1205 0.04237365739755091
1335 0.027974896366025827
1524 0.010603666162547534
1583 0.14367921430756186
1596 0.03023916170190711
1622 0.035055114083013754
1729 0.0251563956786018
1742 0.019875698154118927
1814 0.016805325598410838
1887 0.0692231193156798
1914 0.2574675226972747
1920 0.03292789524610299
1971 0.014124552465850305
1994 0.033733604598924063
2030 0.058257698568068235
2042 0.23430496269798132
2086 0.02110649284706679
2096 0.07216325346573911
2129 0.023063951254186223
2154 0.022970196700635402
2161 0.03084537211476938
2167 0.020292666446489607
2172 0.030045149895153177
2299 0.03627610742725564
2356 0.04035702123581933
2409 0.15887539815583732
2450 0.08261692231776344
2476 0.044221014638120275
2578 0.019091497648753904
2602 0.10996884507281787
2640 0.049501712162603156
2675 0.04631722332572108
2677 0.036043284075001
2705 0.11492701714060637
2735 0.04203481566015387
2810 0.04203481566015387
2828 0.015416598074105062
2835 0.042710757869746804
2838 0.08406963132030774
2841 0.11531975627093112
2844 0.07048772273459507
2949 0.04819346824355259
2967 0.044221014638120275
2984 0.052533416192949586
3022 0.044221014638120275
3112 0.02260390072693474
3332 0.017421063861689692
3407 0.022425763527080117
3447 0.08844202927624055
3448 0.04024856103268796
3481 0.068035207001171
3591 0.012237940739820728
3661 0.01731571579201392
3676 0.05101196893097662
3680 0.031181552917230414
3682 0.04819346824355259
3719 0.052798223558442534
3737 0.022078921073955527
3795 0.07115200845729101
3820 0.05626331225518094
3880 0.032425360679873505
3887 0.016706362372308284
3903 0.06263325682865947
3966 0.02666665244697527
4013 0.03149158053498101
4014 0.03127140776186521
4033 0.022785336950671437
4048 0.021473205497301067
4101 0.030071324934007215
4191 0.032425360679873505
4244 0.026531515461967747
4314 0.04600726926558619
4317 0.026008870161175226
4320 0.015287966781099184
4356 0.01322177093522768
4382 0.022078921073955527
4552 0.017057197466694898
4584 0.0901469782413874
4596 0.024054417821913036
4624 0.01467414122175861
4699 0.01980789666496642
4708 0.14128003994469826
4731 0.042710757869746804
4772 0.016367657370004198
4820 0.018661454116111812
4851 0.04819346824355259
4861 0.01461420400780534
4872 0.016272996961329878
4873 0.06343363038400467
4931 0.02043569491487281
4986 0.1411185459766329
5013 0.021340701834734126
5014 0.06856633112212163
5018 0.057570099871578316
5109 0.044221014638120275
5196 0.05723514210543259
5204 0.049501712162603156
5224 0.01291611188266891
5297 0.018541973658725956
5310 0.024159202522158155
5351 0.02666665244697527
5368 0.04502885452831654
5389 0.015768107563679086
5401 0.021661952781584847
5425 0.04018738387160847
5473 0.01878240967811614
5527 0.03194734997145815
5802 0.009134995424929081
5816 0.04080855779344184
5845 0.019091497648753904
6008 0.0075438892451002255
6068 0.016905298670787505
6125 0.022877330829209664
6193 0.2817399272288157
6222 0.03023916170190711
6360 0.025632617093599496
6409 0.016755719031260035
6570 0.1040354806447009
6621 0.054167241478691903
6657 0.016415332773480253
6747 0.018078110643861056
6764 0.07943769907791866
6778 0.06645504961812189
6815 0.057802923223832965
6888 0.052798223558442534
6903 0.054984422536408936
6932 0.01632021284105729
6998 0.03127140776186521
7102 0.04284006487774135
7150 0.018721745236110636
7182 0.06856633112212163
7184 0.2704409347241622
7185 0.03043709320308468
7188 0.022694198841542952
7193 0.16816763459209103
7215 0.035243861367297534
7225 0.044221014638120275
7235 0.03292789524610299
7254 0.025512699528966978
7282 0.014952984541067025
7467 0.02737179669333295
7483 0.04316114635009638
7484 0.062070345992171504
7537 0.011592718158875836
7554 0.03696555087166283
7580 0.06218451791007706
7590 0.06177537682926529
7753 0.06534681246893319
7788 0.16561005580278498
7875 0.03971884953895933
7944 0.03171681519200233
7951 0.04252401686216873
7984 0.02737179669333295
7985 0.0450734891206937
7988 0.05690581414888238
7997 0.06856633112212163
8092 0.03171598292185668
8098 0.043295829611184944
8110 0.03971884953895933
8119 0.03627610742725564
8208 0.01813490660628965
8265 0.035919803576890466
8312 0.021029651072127217
8318 0.057802923223832965
8339 0.11514019974315663
8378 0.0346115596578399
8390 0.033733604598924063
8444 0.04874439034647357
8455 0.02364613891022833
8473 0.018541973658725956
8475 0.07255221485451128
8495 0.09191731815722277
8500 0.049501712162603156
8662 0.032183440337159336
8682 0.027974896366025827
8710 0.0470395153255443
8716 0.028785049935789158
8727 0.023448207409050764
8823 0.043000021293878386
8836 0.027820605364983562
8868 0.023063951254186223
8873 0.03856348399372904
8933 0.0470395153255443
8942 0.04920918099345409
8957 0.026008870161175226
8986 0.01796549703524498
9000 0.0197405611691114
9017 0.04810883564382607
9042 0.030045149895153177
9077 0.03043709320308468
9112 0.03084537211476938
9151 0.024372195173236785
9265 0.033457606739831613
9338 0.05181648852106551
9341 0.014629078146014333
9407 0.033457606739831613
9438 0.02694265030606772
9444 0.02335072127058292
9445 0.006008818762961338
9539 0.054984422536408936
9568 0.03684786551992629
9575 0.011930790943254289
9584 0.02065423057944086
9618 0.06355182621950844
9628 0.029128849284034117
9650 0.03292789524610299
9656 0.017263463529056694
9658 0.03302277053825406
9675 0.014549747541877784
9776 0.06802520964623437
9807 0.054984422536408936
9853 0.09900342432520631
9898 0.01142976841901889
9921 0.05126881277403432
10004 0.06509198784531951
10127 0.02966828512206601
10132 0.03023916170190711
10144 0.02737179669333295
10167 0.02072817263669235
10169 0.04819346824355259
10172 0.022425763527080117
10188 0.0470395153255443
10318 0.00610845293771589
10420 0.05372901584780497
10462 0.07255221485451128
10619 0.013680826394234765
10749 0.011372474243566204
10750 0.021029651072127217
10865 0.06856633112212163
10897 0.0922558050167449
10898 0.09820594422002518
10951 0.010956475505656435
10985 0.13782118020381243
11049 0.028617571052716295
11103 0.015903244548686607
11163 0.028955441640670675
11190 0.04343681413275525
11262 0.041402513950696246
11276 0.0372030635028933
11332 0.01859084448699395
11342 0.057802923223832965
11489 0.057802923223832965
11524 0.03627610742725564
11634 0.037280884726387624
11637 0.015373533054957983
11693 0.03743006034526394
11736 0.01353727399333553
11739 0.03743006034526394
11745 0.04024856103268796
11780 0.028290964939795535
11893 0.017981014784463838
11945 0.02260390072693474
11960 0.023546673324116377
12006 0.020737666779135123
12051 0.01660838879504429
12078 0.020953407293713675
12083 0.026531515461967747
12098 0.039887944262654663
12204 0.0312729235998629
12225 0.06298316106996202
12232 0.05658192987959107
12270 0.0148709984887285
12275 0.03708394731745191
