36
344 0.05710313166687786
464 0.17563022954486376
674 0.0876086448734713
1524 0.07437263727517938
2030 0.2043056909596598
2042 0.09129902041731842
2096 0.16871433559965485
2705 0.1343470146376732
3332 0.12218891501030651
3407 0.1572911812623279
4289 0.17170249027767256
5196 0.2007196566709907
5368 0.15791305636251413
6008 0.0529117882314744
7262 0.06902926803865995
7471 0.18332086272806405
7537 0.040654855096660204
7951 0.14912876514087964
8339 0.20189433022550385
8432 0.2544355638969439
8560 0.18332086272806405
8710 0.32992860745310787
8766 0.22573016707344862
8873 0.13523945224072115
8942 0.2070878041159799
9568 0.12922289775386836
10898 0.3444014058807225
10985 0.16110975969705998
11067 0.08539891332913435
11163 0.2030894339063998
11244 0.19198196886218508
11629 0.08738444653566084
11637 0.10782781917190003
11893 0.0140129258640326
12098 0.13988424214905068
12270 0.104303111732087
