69
127 0.17784396787453588
280 0.22163529816657054
330 0.07420410646762106
344 0.02924971977570457
435 0.04419195502248146
576 0.07341897706479929
921 0.12781331143376892
1671 0.2076675890948218
1742 0.0714070861305581
2150 0.10935083231106948
2192 0.12781331143376892
2701 0.07165237289901237
2984 0.09436795995125881
3270 0.12404430954548736
3361 0.04419195502248146
3585 0.18968728886622077
3918 0.03193207876881297
4059 0.06146491080452612
4081 0.04954269883735059
4382 0.07932256802113957
4429 0.09484043025094185
4624 0.013179885028302038
4861 0.03500280312916177
4932 0.24633710343800228
5001 0.04713176869464964
5389 0.0566498145717815
5525 0.10465072640872347
5882 0.16640310844440237
6057 0.04545533239175655
6155 0.17590102604917798
6249 0.1232652511623598
6251 0.05401837140441925
6361 0.1147767063760846
6403 0.11007660047373859
6452 0.040653053677959086
6638 0.130716426689453
6794 0.4436426759557283
6817 0.0653582133447265
7102 0.07695538991493554
7262 0.03535859921363921
7272 0.039946029729186275
7625 0.10658874846206555
7952 0.02880973268627418
8201 0.08641990192801446
8222 0.08025297925345265
8252 0.0422176894353075
8324 0.048219253567856335
8763 0.11081764908328527
8836 0.19990124101275492
9048 0.15101777452304027
9291 0.07527895361204245
9388 0.3217776495627982
9445 0.04317556401014022
9568 0.06619135304093264
9637 0.1791014415999043
9898 0.04106353656714579
9987 0.0761071920329041
10318 0.021945736027267366
10561 0.11738519648829386
10619 0.04915087465583621
11036 0.028088426526378347
11080 0.048380073587674925
11828 0.06881605992782627
11861 0.08495308515579868
11893 0.014355575352740945
11977 0.045106253410004245
12186 0.05284497912127743
12303 0.09436795995125881
12304 0.07527895361204245
