79
104 0.0781290706046433
106 0.09326287742525462
207 0.14259683279231208
344 0.03101645387107541
464 0.09539629008130883
547 0.06616759806967541
674 0.04758599770459874
1524 0.08079330873735069
2030 0.22194362565666784
2042 0.04959048256351011
2086 0.08040914183901755
2096 0.09163981474856898
2162 0.13304423217222025
2266 0.05824237585271918
2705 0.14594533996961484
2828 0.058732420881004554
3112 0.17222759582435862
3239 0.05076718611438778
3449 0.11831393804013203
3454 0.14107316980196472
3934 0.1577306396129234
4014 0.11913429106622138
4048 0.08180620243646057
4105 0.05184522668816547
4198 0.09628501207094066
4289 0.09326287742525462
4381 0.06996659236675581
4410 0.040801260608907666
4431 0.06235565958652438
4446 0.0784065779064935
4502 0.09046721904223873
5196 0.21804800508918445
5346 0.13960927393433303
5368 0.08577293198000616
5407 0.26121629417679043
5609 0.17645414645498225
6008 0.05747972102446221
6162 0.042785410648378125
6409 0.06383405324426282
6621 0.10318013121952069
6672 0.16013951152779948
6778 0.0506345942869909
7042 0.05483278554614448
7102 0.08160362970074726
7471 0.09957357707771457
7537 0.02208231669493934
7592 0.19433966007424558
7951 0.08100160761455187
8169 0.09163981474856898
8220 0.14107316980196472
8339 0.10966204475092296
8374 0.11913429106622138
8444 0.18570089429948713
8837 0.07321425374186276
8875 0.20947346689485694
8942 0.14997728113164685
9117 0.11031118389806999
9338 0.015184971407321855
9341 0.05573221605978052
9568 0.14037885244722492
9616 0.10264307792285456
9658 0.06290321796633347
9776 0.064788697614359
9894 0.11831393804013203
10173 0.14758083328965607
10297 0.20114473198937757
10749 0.08665114580024334
10881 0.16140839837422244
10897 0.08786644665239957
10898 0.12471131917304876
11036 0.02978501648382097
11276 0.07086602288039186
11624 0.09244252439916528
11629 0.047464220891319284
11780 0.10777973532077512
11893 0.007611338572393403
12098 0.07598030120689515
12265 0.02384799671968618
12270 0.05665385696393247
