205
201 0.028212687648322705
352 0.031108903986759428
547 0.022364445435978257
635 0.04625259131264251
642 0.027998859021033034
711 0.018384014898561812
744 0.023723811030704728
769 0.013351560014239571
929 0.050497386082269904
979 0.0166747257741731
1023 0.030067852834210776
1030 0.7063224573397524
1057 0.033655563997876385
1134 0.062056931515125556
1224 0.04718750688173876
1258 0.059241844633051065
1263 0.08829030716746905
1308 0.028876819247400647
1524 0.02730789083421067
1586 0.07413087032862438
1592 0.04988186952210623
1595 0.06448730758132086
1634 0.048197292623026945
1758 0.08829030716746905
1816 0.0397184351873428
1861 0.036224084328076875
1895 0.020361741324629243
2027 0.08829030716746905
2074 0.04343750443056803
2177 0.03642922034358014
2201 0.048197292623026945
2202 0.03505874067273491
2287 0.05516355367466612
2373 0.012331563356176654
2456 0.029577865538469413
2525 0.038443048330957595
2575 0.04273645813949926
2630 0.021019883838941406
2665 0.03945283407224578
2666 0.03254403910046033
2781 0.04555621659614535
2895 0.021963916970683443
2907 0.07080139006590673
2965 0.05593196543251993
3043 0.06374150841420485
3285 0.027079097312000894
3453 0.039989748590056766
3490 0.04055053366747108
3544 0.03224365379066043
3545 0.04625259131264251
3559 0.038688018882198624
3579 0.06568620972458927
3589 0.03602223063000762
3591 0.03151667966867358
3596 0.040267025399635004
3599 0.031245290039275602
3602 0.050497386082269904
3624 0.04175292753148874
3668 0.039989748590056766
3803 0.028651534921719745
3811 0.0795458486166879
3814 0.02613010969795815
3878 0.031108903986759428
3887 0.021512159705250167
3895 0.06798630318383223
3965 0.043082112281709495
4048 0.013825122900700369
4081 0.017756724574607054
4195 0.10249092862720628
4244 0.03416364287573543
4356 0.01702518128161216
4361 0.07080139006590673
4410 0.013790701086749011
4522 0.05114448109943871
4554 0.03642922034358014
4616 0.044179811876934795
4645 0.05114448109943871
4655 0.02758177683733306
4772 0.02107602190695782
4861 0.01881816541356261
4941 0.01551955187914524
4972 0.020019215660299017
5005 0.016631595520243857
5018 0.07413087032862438
5057 0.09536459840039083
5105 0.06374150841420485
5181 0.02613010969795815
5319 0.08288283145886335
5368 0.028990988234615427
5401 0.027893288639390126
5425 0.03449853018932163
5453 0.048197292623026945
5454 0.056941751173808106
5582 0.0795458486166879
5627 0.028212687648322705
5700 0.029943560331417457
5752 0.026786831260413962
5802 0.011762792887429279
5833 0.0759338638807841
5842 0.05635841809346879
6008 0.009713984805472201
6034 0.026595682346174505
6063 0.07369955770656701
6119 0.028320976613531026
6162 0.04338401316429724
6180 0.024422699151040925
6209 0.024107293048293434
6214 0.020361741324629243
6230 0.030193382098633086
6233 0.10228896219887743
6253 0.06568620972458927
6263 0.048197292623026945
6403 0.03945283407224578
6436 0.02083340698768825
6437 0.03180607511668991
6560 0.03469304587978686
6620 0.03399199958871809
6712 0.043803199223516075
6820 0.07443066827537044
6823 0.056941751173808106
6867 0.024746193464988034
6939 0.05412666429173362
6982 0.026039022031584737
7002 0.03582355586278206
7179 0.050497386082269904
7205 0.022708215670623363
7254 0.032851751599074594
7256 0.03642922034358014
7259 0.02568110903408429
7328 0.0397184351873428
7482 0.027079097312000894
7498 0.08829030716746905
7536 0.026221859825905827
7537 0.014927510782662003
7542 0.014461337721432415
7612 0.08829030716746905
7660 0.023133500446931212
7772 0.058039450769033406
7790 0.05331247296434439
8038 0.0795458486166879
8133 0.050497386082269904
8166 0.02071382706880721
8167 0.05499704986342367
8327 0.027788594370597768
8346 0.04456801441356322
8364 0.12884819916196666
8669 0.05499704986342367
8723 0.029577865538469413
8746 0.05254765777429724
8754 0.02568110903408429
8858 0.05114448109943871
8867 0.03382266030809681
8890 0.015169636434078593
8896 0.03796693194039205
8954 0.04580989371509336
8986 0.023133500446931212
9237 0.06374150841420485
9273 0.055152044695685444
9338 0.025662369074386862
9546 0.02568110903408429
9631 0.0397184351873428
9658 0.02126109496182915
9671 0.07730891949718
9683 0.05412666429173362
9715 0.04671139049117322
9817 0.05331247296434439
9898 0.014717686480422397
9906 0.038443048330957595
9981 0.045382205740952454
10103 0.039192709660940635
10132 0.0778756812988285
10141 0.027479625777295708
10312 0.024264010429926406
10318 0.03146250804806233
10325 0.027788594370597768
10392 0.013653945417105335
10429 0.039989748590056766
10460 0.0229901399611849
10530 0.04207232654042131
10638 0.038443048330957595
10643 0.03642922034358014
10644 0.05254765777429724
10723 0.03269695717865051
10801 0.040840559934411824
10812 0.05499704986342367
10844 0.03433765373092833
10909 0.21313775777111627
10959 0.023723811030704728
11036 0.0201344886438431
11217 0.030725668995024533
11237 0.03254403910046033
11320 0.05499704986342367
11497 0.02697011906999861
11629 0.016042761249506796
11812 0.029458285619588378
11893 0.030871309431749594
11903 0.1765806143349381
11979 0.06568620972458927
12006 0.013351560014239571
12024 0.04868621055654186
12177 0.03096037928265198
12180 0.02585879629524419
12204 0.0201344886438431
12232 0.07285844068716028
12265 0.032242199321377084
