123
68 0.05260167178696655
105 0.05903503447049169
132 0.05442127296171077
268 0.1301398074001384
279 0.06783057529326224
285 0.10527569733345699
380 0.14811369614871428
390 0.043335156901548655
411 0.09127375579651899
456 0.034444827177185576
493 0.04191801866172542
517 0.202402284193698
518 0.13552846434265844
593 0.05571527011394605
712 0.0894152362642301
952 0.024868521215772085
1174 0.06895397950432153
1328 0.07992371540848935
1524 0.02613646784160871
1553 0.14697196356562178
1759 0.04191801866172542
1814 0.04142264056011199
1926 0.0922595594322662
2063 0.11340111006958871
2167 0.05001841965493792
2196 0.07874548975361442
2337 0.19138924098437168
2382 0.04191801866172542
2541 0.05442127296171077
2647 0.10706531857184948
2989 0.10899825676281587
3302 0.10899825676281587
3361 0.12127607600143141
3479 0.11594544384407267
3484 0.06746742806456599
3559 0.07405684807435714
3616 0.0760292774198803
3652 0.15635451127873992
3721 0.04281016153767366
3869 0.14247565142391524
3933 0.03799963273212369
3962 0.13145870370484722
4081 0.10197010021039987
4178 0.062296003492122054
4195 0.06539625918346198
4196 0.2773614764700649
4271 0.18657464913066035
4451 0.027405993550906078
4579 0.09920674651352299
4624 0.009042396617038899
4662 0.09436078287310483
4861 0.04802913347458643
4926 0.049499069840037734
4944 0.09127375579651899
4972 0.038320908011258245
5087 0.1220143946640067
5384 0.09127375579651899
5540 0.0685736750204597
5681 0.07013220515919646
5793 0.10527569733345699
6013 0.04191801866172542
6057 0.031185791299618824
6061 0.10706531857184948
6079 0.035765795912279484
6084 0.06746742806456599
6443 0.11594544384407267
6473 0.09666241273903903
6620 0.06506769852833175
6735 0.0979010860741111
6932 0.04022690940564504
6949 0.07932741756577598
7176 0.028818608831022684
7262 0.0485173394496349
7282 0.036856893983898895
7484 0.019124277125867176
7537 0.014287167320792826
7542 0.027681983247812875
7561 0.042551882758780926
7573 0.15226716167320814
7789 0.08314834306038726
7835 0.1681738697624685
7993 0.06934036911751623
7996 0.0745350584659693
8171 0.07557559896460903
8203 0.1220143946640067
8252 0.05792904737928568
8324 0.06616409997535419
8326 0.03864651522229139
8329 0.06506769852833175
8447 0.051460569637680385
8586 0.05731815074380745
8633 0.05221528217377184
8838 0.25823719934419775
8873 0.04752664049451458
8936 0.15524417108511027
9267 0.04142264056011199
9273 0.035190796470737744
9287 0.07179830267235761
9453 0.06746742806456599
9632 0.06783057529326224
9671 0.04932840598039949
9804 0.05853191553037956
9821 0.042423771924478965
10183 0.06934036911751623
10195 0.06442369141301173
10392 0.02613646784160871
10862 0.06379641366145723
10881 0.05221528217377184
10951 0.013503045329850522
10963 0.049499069840037734
10981 0.04705771633090754
11081 0.10360959982029583
11163 0.07137087849426854
11300 0.043335156901548655
11332 0.02291184018971079
11669 0.08180639585888144
11771 0.07992371540848935
11812 0.05638923485081016
11847 0.07874548975361442
11875 0.04320283418346001
11893 0.01969801796093436
12078 0.15494114417858218
12265 0.03085910994818389
