62
203 0.09690464982439591
517 0.10494906775161221
593 0.08666797928612448
952 0.038684268732739925
1224 0.1405077229764171
1361 0.26289733958778705
1376 0.15432121632531834
1471 0.11305210865907304
1481 0.12074516175169782
1759 0.0652056422890865
1861 0.10786252426091832
1894 0.1262522861695441
1996 0.1419810396783739
2269 0.1405077229764171
2287 0.164257572190453
2620 0.13270779993789658
2650 0.0906641336831955
2665 0.11747660020162937
2814 0.15874570786787467
3317 0.13270779993789658
4081 0.05287325189165603
4431 0.06275694655726231
4624 0.014065914803961176
4787 0.10172725762095189
4861 0.037355898451114485
4872 0.06239399918648282
6209 0.07178300099282774
6403 0.11747660020162937
6661 0.26289733958778705
6994 0.09876007685598322
7188 0.08701420072909495
7378 0.15229019409952219
7483 0.041372166059132284
7579 0.20243918963308047
7817 0.18689596383817697
8098 0.055335022470206476
8198 0.42667956803167395
8324 0.02573041840424334
8364 0.07673288236749805
8380 0.0902827622791634
8473 0.07109371999070213
8476 0.13043045053012595
8517 0.10277079029747614
8560 0.10021437823956598
8868 0.08843190711646091
8873 0.07393014312761344
9291 0.1606792996698467
9292 0.14688456447237966
9338 0.030565387180630444
9626 0.09183204414481559
10184 0.11236282765694743
10195 0.20042875647913197
10318 0.023421058120529914
10881 0.08122356733801162
11116 0.10666989200791849
11276 0.07132207790151562
11497 0.040153742688987686
11846 0.09876007685598322
11893 0.015320641981314224
12204 0.029976696583388952
12223 0.13640567771107195
12265 0.024001469402442938
