135
25 0.0644629851982151
105 0.04460753403492006
111 0.040497429791049616
186 0.06689955001133265
198 0.05744857457232281
210 0.030395903831120633
344 0.015163240888563108
422 0.05706441025680603
484 0.07303920298902235
493 0.0316737249482588
705 0.07048894851843628
706 0.14899750594619085
931 0.047972834871206585
932 0.06504230785527083
1260 0.09219544481583014
1308 0.041767307702858344
1595 0.04663708276873933
1605 0.13251846820392257
1734 0.10916077727863811
1742 0.0370178879131482
1919 0.09219544481583014
1952 0.07130006565300932
1997 0.07828857544986202
2066 0.07303920298902235
2122 0.07130006565300932
2266 0.028473376700248534
2378 0.0603912555867736
2382 0.0316737249482588
2516 0.08760967752214319
2626 0.10240682740496136
2675 0.04313221523653697
2701 0.037145046135017346
2901 0.04685302766767482
3004 0.12770272220945886
3082 0.11120772096944126
3342 0.04144145741890811
3357 0.18439088963166028
3539 0.05744857457232281
3547 0.10765619986580102
3649 0.10765619986580102
3721 0.03234783810936425
3749 0.05070881238018083
3844 0.16472061012260705
3892 0.0590716110013105
3918 0.049661378586566586
3934 0.07711093260046385
3947 0.10765619986580102
4120 0.0623137827176457
4161 0.06689955001133265
4187 0.0603912555867736
4421 0.07828857544986202
4473 0.05125354330935148
4550 0.08236030506130353
4624 0.006832536280696597
4850 0.07828857544986202
4861 0.03629135182780708
5252 0.047972834871206585
5662 0.15200941436935667
5705 0.06625923410196129
5769 0.052102400128514484
5799 0.10240682740496136
6008 0.04215079807595875
6013 0.0633474498965176
6150 0.0383311977889505
6279 0.052394360453022086
6360 0.023869987839769926
6410 0.025212764223380063
6436 0.03013335065398456
6476 0.06756315517848538
6560 0.15053961899292714
6627 0.09833509779351984
6649 0.06689955001133265
6932 0.030395903831120633
6952 0.10192050494911972
7220 0.03013335065398456
7282 0.027849482388800865
7304 0.17951776000542521
7464 0.07954749741358139
7507 0.02651914299146886
7520 0.07711093260046385
7552 0.10085105689352025
7878 0.05458038863931906
7964 0.07954749741358139
7971 0.0590716110013105
8005 0.12265442209722063
8098 0.026879058624354423
8112 0.15497743211298662
8312 0.03916709039371761
8380 0.08770993673588481
8592 0.06625923410196129
8612 0.06756315517848538
8662 0.059940686250236984
8783 0.10765619986580102
9230 0.08288291483781622
9292 0.035674683439331834
9333 0.3975554046117677
9338 0.06681229332760694
9381 0.19692188414283981
9445 0.011191243584650068
9578 0.031959586632671316
9821 0.032055877784856655
9888 0.05744857457232281
9892 0.07397515845085906
9923 0.06819357673795483
9949 0.05361128669971253
9995 0.0603912555867736
10105 0.041603655206835136
10124 0.26927664000813784
10160 0.07303920298902235
10312 0.14038144312910442
10487 0.08568715039127109
10633 0.08089975528921813
10749 0.02118089002857271
10951 0.020406104935111042
10959 0.034314018684488724
10960 0.028712948601053848
11036 0.02912243815436152
11103 0.029619312971739118
11139 0.111916369682041
11217 0.022220738030330037
11260 0.0623137827176457
11286 0.11505477480721012
11319 0.011439086185963473
11332 0.03462488673826503
11893 0.01488404325489213
11929 0.048866817713216534
12004 0.06650567998253654
12006 0.038623278460845144
12051 0.030932622847541422
12052 0.04499578551161301
12196 0.06689955001133265
12204 0.02912243815436152
12227 0.0563195259753321
12265 0.03497623427294718
12277 0.06756315517848538
