118
76 0.042815135118457505
90 0.06334412443097528
117 0.06013475322121357
159 0.054376014692044665
320 0.08180705262959344
335 0.0471786359530555
374 0.023973237310400245
513 0.06579034009239487
571 0.044644501533097854
679 0.06013475322121357
769 0.022412425211218733
978 0.08820845269280167
979 0.027990814851048026
1113 0.06296254665680422
1313 0.10167678268092106
1327 0.09085903175939214
1577 0.07764132000411088
1586 0.06221941800474597
1642 0.11884984661044018
1861 0.06080709519951501
2099 0.053151570014321255
2150 0.06579034009239487
2201 0.08090576795106733
2371 0.07291581046512904
2456 0.09930101030612569
2464 0.09329393604817468
2575 0.07173900808762232
2630 0.017642379391859073
2781 0.07647235950542527
2798 0.0671282792822868
2938 0.05026437403342881
2984 0.05677597552579703
3152 0.0479089494800543
3239 0.028803993040164826
3429 0.06536250749055658
3544 0.21650158583682622
3589 0.06046825607459176
3604 0.06258772282736096
3729 0.08180705262959344
3737 0.04772399639599833
3738 0.08949229991582687
3814 0.0438629739702206
4130 0.10417107326313352
4393 0.11884984661044018
4431 0.035378994232577926
4570 0.22163697472892693
4624 0.015859213872721076
4805 0.07481352656852021
5111 0.08180705262959344
5112 0.05154822125645401
5128 0.07548586854682166
5224 0.02791841480270169
5261 0.07291581046512904
5319 0.20869530519856866
5372 0.09085903175939214
5622 0.044328421135259734
5700 0.10052874806685762
5760 0.08585302813942715
5802 0.019745461622716558
5938 0.0671282792822868
6008 0.01630625617705847
6042 0.10699886669872419
6089 0.08585302813942715
6163 0.12494208799298727
6360 0.02770268804570236
6451 0.07841147736885486
6452 0.024458691083932126
6747 0.03907617063008583
6877 0.07481352656852021
6952 0.029571359367868262
6982 0.043710070825713036
7079 0.08820845269280167
7272 0.02403331392803715
7483 0.04664680819229294
7484 0.033541550315190106
7518 0.4997683519719491
7537 0.012528937391932478
8092 0.034277341940492354
8166 0.034771000506505285
8364 0.21628937923642824
8380 0.050896570040437995
8425 0.09558454129837396
8571 0.06046825607459176
8754 0.04310926475660601
8956 0.06296254665680422
8986 0.03883275423153393
9148 0.12668824886195057
9206 0.09944556372415168
9338 0.03446224573062495
9575 0.025788625362175344
9613 0.061857409300362154
9671 0.043257875847285646
9804 0.10265753716522036
9805 0.08949229991582687
9870 0.06956510173285622
10103 0.06579034009239487
10218 0.0377707325876735
10226 0.061857409300362154
10275 0.24988417598597454
10276 0.058237037117822396
10318 0.03961060212247748
10392 0.022920020594789287
10426 0.05916464497377694
10749 0.024581813486065574
10909 0.05111156674508822
10960 0.033323261968404405
11036 0.016899250739800826
11080 0.02910761105113251
11144 0.08373356138665797
11319 0.013275810539361537
11494 0.061501485064778844
11497 0.02263652247188116
11571 0.11026331464568062
11657 0.0974271806645704
11893 0.017273909392699183
11911 0.07481352656852021
12006 0.022412425211218733
12069 0.14820739330505348
