339
17 0.053017873224831855
57 0.02750860445895835
110 0.04255749312910658
117 0.021511860181810113
132 0.017072190086343676
214 0.04022192695334148
344 0.006295267392881619
352 0.018680736092638487
374 0.008575888342462814
435 0.009511208162472636
452 0.0311215879775212
456 0.010805492136758778
457 0.023231955423211683
479 0.037199425832130185
496 0.013033015280245216
571 0.015970569818981404
573 0.21207149289932742
593 0.017478122622498996
628 0.026066030560490432
635 0.05554888415740316
674 0.009658311712637875
684 0.03419322734042109
685 0.053017873224831855
938 0.017108916148304298
942 0.017072190086343676
943 0.02608399695262885
963 0.03637259015135815
979 0.010013086662809582
1023 0.01805559025503599
1068 0.02212810178472596
1113 0.02252343990486462
1174 0.04326232670580358
1302 0.053017873224831855
1308 0.017340380740675135
1310 0.044695231688095007
1327 0.03250278221434836
1336 0.028942225166584134
1358 0.0727451803027163
1374 0.017006600111284433
1413 0.0423334359370948
1448 0.037264866703320985
1465 0.0364142144033068
1521 0.026762862355647066
1524 0.01639824733579792
1573 0.03250278221434836
1586 0.02225760228512139
1642 0.04251586887715794
1663 0.024013637386253363
1710 0.02252343990486462
1726 0.06797982240414137
1736 0.0182071072016534
1759 0.026299729634746916
1763 0.028942225166584134
1816 0.023850715089902053
1861 0.021752375455538382
1979 0.02435038592745319
2069 0.028942225166584134
2100 0.019821415055737375
2154 0.017761355415891997
2167 0.031381991699033024
2201 0.14471112583292067
2246 0.027251780040511403
2266 0.011821187912506716
2274 0.023850715089902053
2287 0.016562714465400894
2289 0.028049948614621303
2330 0.0858989228320157
2356 0.007801363295207001
2371 0.02608399695262885
2373 0.007405040073556896
2450 0.015970569818981404
2455 0.03908505462506566
2456 0.10656813249535198
2460 0.022798946440784347
2525 0.04616970374609289
2596 0.01790704442123081
2598 0.030711996617437766
2656 0.012474364600519658
2658 0.02139440674697372
2665 0.023691222992747174
2666 0.01954252731253283
2670 0.019916706812762325
2768 0.01851954714369112
2798 0.024013637386253363
2812 0.02546099444360081
2822 0.034013200222568866
2938 0.017980953249374723
2984 0.020310332740601716
3008 0.026762862355647066
3132 0.024013637386253363
3195 0.023084851873046444
3197 0.029601388101290146
3367 0.034852390275127106
3393 0.04251586887715794
3429 0.07014591631050482
3442 0.010412595472954981
3544 0.2129836223482208
3545 0.08332332623610474
3561 0.02163116335290179
3589 0.02163116335290179
3591 0.009462801641248788
3595 0.01936214748620189
3619 0.025663022277411986
3630 0.028049948614621303
3673 0.02608399695262885
3679 0.033586856220720364
3721 0.026859467837603054
3725 0.0174089386275435
3814 0.015690995849516512
3933 0.02384130020885382
4025 0.012296942093110427
4081 0.010662821351375307
4088 0.033586856220720364
4101 0.011626097437052042
4195 0.0205150910104835
4286 0.03155459695994854
4339 0.016941573147246657
4393 0.04251586887715794
4446 0.031827647050424526
4448 0.02011096347667074
4554 0.043751117145666256
4570 0.2576783957245859
4624 0.03120303073209864
4676 0.014337299264643607
4699 0.045948464955635114
4715 0.11833268854277415
4790 0.01936214748620189
4820 0.028859371424055227
4905 0.01851954714369112
4988 0.01909938375361623
4991 0.027251780040511403
5005 0.009987187168195322
5035 0.04022192695334148
5119 0.029601388101290146
5215 0.04082542375108521
5219 0.047701430179804105
5224 0.019974374336390644
5235 0.024702802715801688
5236 0.027251780040511403
5261 0.02608399695262885
5297 0.014337299264643607
5319 0.3483949840299285
5337 0.033002746563402845
5370 0.023535019627919134
5372 0.03250278221434836
5425 0.02071618911180327
5433 0.01574609132724166
5469 0.026303594786111578
5609 0.01790704442123081
5681 0.022000777866674443
5700 0.08990476624687362
5752 0.016085353754243845
5757 0.038276446426375496
5803 0.02995380488963864
5845 0.014762210336309594
5998 0.017072190086343676
5999 0.02652974873839025
6001 0.03908505462506566
6008 0.017499593039616047
6013 0.026299729634746916
6036 0.0497707120042755
6055 0.02744068061964385
6068 0.013071765210236863
6079 0.011219885775795978
6088 0.02587058580368424
6114 0.03703909428738224
6250 0.037264866703320985
6251 0.011626097437052042
6252 0.06418322024092116
6277 0.019916706812762325
6290 0.03944422951425805
6295 0.022389355080700918
6305 0.053017873224831855
6345 0.04251586887715794
6404 0.06142399323487553
6437 0.01909938375361623
6451 0.028049948614621303
6452 0.008749548549606825
6583 0.052607189572223156
6666 0.012261950830918975
6705 0.03250278221434836
6712 0.052607189572223156
6729 0.02608399695262885
6747 0.013978624239841806
6806 0.053017873224831855
6939 0.03250278221434836
6952 0.021156982078816784
6982 0.015636298176543516
7016 0.02526421468398351
7079 0.03155459695994854
7134 0.053017873224831855
7150 0.014476304904047492
7176 0.009040522964858915
7205 0.013636166168315778
7220 0.01251035324205504
7262 0.015220100458704701
7282 0.011562167987655214
7356 0.024180140677611508
7394 0.04166598955758378
7414 0.037264866703320985
7425 0.06126461994084681
7429 0.037264866703320985
7480 0.06717371244144073
7482 0.016260858007973153
7483 0.041717125372950414
7484 0.035996213604165044
7505 0.033586856220720364
7518 0.08939046337619001
7537 0.013445839633386539
7552 0.020934982655267626
7645 0.037264866703320985
7706 0.02750860445895835
7714 0.047766871050994905
7832 0.03201386452948403
7861 0.031163985209909862
7901 0.04802727477250673
8092 0.02452390166183795
8098 0.011159280694200364
8166 0.012438546118681405
8169 0.018599712916065093
8171 0.011854197092383889
8200 0.07107366897824152
8222 0.03454487546205532
8282 0.044695231688095007
8291 0.02265994080138046
8321 0.021875558572833128
8364 0.40233792450613437
8376 0.02163116335290179
8380 0.0364142144033068
8383 0.027003377629375335
8402 0.023231955423211683
8414 0.024013637386253363
8447 0.03228680914627352
8556 0.024734826501104784
8560 0.02020999226976385
8571 0.02163116335290179
8625 0.018845429422264002
8666 0.037264866703320985
8680 0.03155459695994854
8705 0.030711996617437766
8708 0.014200798368127768
8754 0.03084274654203122
8890 0.02732786487433707
8942 0.03805025114676175
8944 0.04166598955758378
8985 0.023381972103501607
8986 0.013891547478882204
9000 0.015264088836646539
9053 0.02546099444360081
9116 0.07655289285275099
9147 0.030711996617437766
9228 0.03201386452948403
9338 0.03082024004410745
9354 0.11833268854277415
9445 0.02323113882513783
9465 0.053017873224831855
9473 0.019821415055737375
9575 0.0276759081906316
9614 0.016260858007973153
9626 0.03703909428738224
9656 0.026697421484456273
9663 0.05052842936796702
9671 0.015474535557928245
9675 0.022500742215728932
9683 0.03250278221434836
9729 0.03302544425253853
9805 0.03201386452948403
9821 0.05323408726465976
9863 0.028632974277338564
9898 0.02651368403901176
9922 0.01963435382830079
9964 0.03419322734042109
10008 0.047766871050994905
10082 0.03637259015135815
10086 0.03250278221434836
10141 0.016501373281701422
10172 0.03468076148135027
10192 0.020412020103575026
10218 0.013511633038579449
10267 0.03637259015135815
10276 0.02083299477879189
10280 0.023535019627919134
10306 0.02526421468398351
10312 0.01457041288190042
10318 0.018893073504245666
10327 0.13001112885739344
10364 0.015801590438437662
10392 0.00819912366789896
10440 0.08503173775431588
10482 0.16330169500434083
10509 0.02546099444360081
10512 0.03944422951425805
10528 0.038276446426375496
10664 0.04251586887715794
10716 0.047766871050994905
10723 0.23561224593960947
10749 0.008793592829462769
10750 0.016260858007973153
10843 0.053017873224831855
10881 0.016380161179064833
10887 0.10603574644966371
10909 0.20112419199490392
10951 0.016943856258409475
10959 0.01424602593408133
10960 0.02384130020885382
10988 0.008972376225302576
10992 0.053017873224831855
10997 0.04166598955758378
11011 0.012192449473746645
11036 0.012090656388150054
11049 0.04425620356945192
11071 0.01805559025503599
11103 0.024593884186220855
11132 0.02652974873839025
11160 0.03250278221434836
11238 0.04251586887715794
11266 0.0283358540468834
11319 0.014247371020500037
11393 0.044695231688095007
11396 0.053017873224831855
11423 0.053017873224831855
11494 0.08800311146669777
11497 0.04048854284195589
11634 0.009608959128996826
11812 0.03537909658503673
11813 0.0530594974767805
11892 0.019916706812762325
11893 0.006179353930031846
11945 0.017478122622498996
12006 0.032070171184068824
12078 0.016201903665339423
12085 0.03637259015135815
12157 0.017689548292518367
12177 0.027887321662957487
12180 0.015528073553165201
12201 0.0283358540468834
12204 0.01813598458222508
12265 0.019361274084913033
12275 0.014337299264643607
