139
86 0.0617897719961243
111 0.03703685753880899
198 0.2101579960230477
344 0.013867516914381437
422 0.05218816216540684
435 0.041903490936202194
705 0.06446555146358342
706 0.13626542301177205
769 0.017661427767352095
819 0.06003152798340569
938 0.018844170490805803
985 0.08208883548057276
1029 0.03703685753880899
1283 0.1167903137110974
1308 0.0763964445720085
1413 0.06216941524097541
1605 0.060597273128856766
1664 0.035306683984379666
1734 0.09983280859438934
1919 0.08431719180671801
1971 0.024058614286615897
2066 0.06679788247822184
2154 0.03912556548920119
2177 0.04818852950763133
2219 0.0617897719961243
2675 0.039446496216950726
2704 0.036758719708343525
2822 0.037462954308507004
2992 0.1167903137110974
3434 0.058954516660222986
3442 0.0229373646633488
3547 0.09845679980610636
3749 0.046375660622838606
3795 0.060597273128856766
3819 0.1115330531873905
3820 0.047917175829377295
3844 0.1506449619715132
3854 0.06950997944318837
3887 0.028456259369602745
3888 0.0899322012985716
3918 0.015139243925532874
4033 0.03881069042096407
4057 0.07159868739358057
4120 0.05698896708076556
4169 0.0541765875311993
4244 0.04519162631751682
4259 0.09864069019047322
4356 0.02252088962717318
4410 0.018242323057754962
4431 0.027879336806775845
4446 0.03505573363855877
4473 0.04687384339455454
4624 0.012497369544811548
4683 0.05608669959005276
4861 0.04978529382503002
4907 0.07435536879159367
4926 0.03420598510077089
4972 0.026481394755843605
5662 0.06950997944318837
5705 0.060597273128856766
5807 0.037607439051057644
6008 0.025699295182290246
6251 0.02561052498562195
6277 0.08774695382028273
6278 0.08431719180671801
6279 0.047917175829377295
6280 0.13269366228351964
6410 0.04611658376933778
6437 0.042073038479195815
6560 0.275351519904104
6638 0.030986831190245576
6732 0.03518073709584826
6877 0.058954516660222986
6932 0.027798523653601363
7304 0.08208883548057276
7537 0.009873046788284611
7542 0.03825888080703194
7552 0.11529145942334444
7695 0.10522315430092252
7878 0.04991640429719467
8005 0.05608669959005276
8112 0.035433588653123016
8156 0.08794995027523472
8329 0.0449645767808204
8376 0.09530032799347188
8612 0.3707386319767458
8774 0.042849359081377214
8880 0.04738735725004811
9017 0.040972339595587035
9027 0.025681386593236138
9232 0.04738735725004811
9338 0.033946151405755964
9381 0.48025222386724553
9445 0.020469866678719507
9563 0.09208979944107255
9579 0.04818852950763133
9608 0.12006305596681138
9656 0.1470259009270608
9664 0.07683157495686586
9673 0.05948433523955217
9906 0.05085241878326701
9925 0.057942820033013494
9949 0.049030113718681885
10155 0.06679788247822184
10312 0.0641928084953944
10396 0.07275003239654312
10646 0.07954744020690104
10914 0.03819822228600425
10951 0.027993554355296275
10959 0.06276365824491499
10960 0.02625937972714031
10963 0.03420598510077089
10988 0.03952956127241571
11011 0.026858112412525788
11022 0.07836504188839671
11036 0.013316938860947744
11056 0.05150692947587094
11067 0.020739158089791602
11139 0.05117646553819734
11154 0.04542180767059068
11319 0.03138479214332676
11332 0.01583306649383886
11770 0.06864952114768491
11893 0.013612177179568686
11929 0.022345533720998643
11944 0.09365599489074763
12004 0.030411329900980683
12007 0.04712862519109099
12021 0.04956571401805507
12072 0.046375660622838606
12083 0.04519162631751682
12104 0.06446555146358342
12105 0.06568590326641262
12113 0.04245668488146985
12177 0.02047717651597303
12204 0.013316938860947744
12265 0.03198745729531342
12274 0.04662289304873364
12277 0.0617897719961243
