237
26 0.08427038782322505
50 0.038786321707520215
54 0.07554477411424824
110 0.03365299144123096
335 0.05338330310340564
352 0.11817663224368685
435 0.015042267922898079
438 0.0551201259941279
547 0.0212395367958519
587 0.06276515639837822
667 0.05626204068148363
744 0.02253052769705084
818 0.04528392851378883
883 0.04921974753859399
935 0.062382260826421114
938 0.013529138263875692
965 0.09369575166393693
975 0.08602405795094767
979 0.015836004190452127
1059 0.03995613171810749
1232 0.036281185367724206
1347 0.025905728154276022
1363 0.03722135661068213
1374 0.026896460571737033
1413 0.20085488864868084
1431 0.06724015284917845
1595 0.030621831114923233
1622 0.0214343546804227
1684 0.09272132205628758
1710 0.10686453659937202
1742 0.0972235349735383
1818 0.033120413277359095
2080 0.016998451934959597
2104 0.08384939537931804
2105 0.027210392136463167
2186 0.03995613171810749
2378 0.039652798151344024
2381 0.03440205008367903
2480 0.1119062564106176
2596 0.028320540912371833
2609 0.043505703101876646
2620 0.04232628905396903
2630 0.009981302633230266
2666 0.030907107352095863
2763 0.06041252439783696
2806 0.06269635377254844
2809 0.04125264256223548
3059 0.041957612706300766
3089 0.029544158060921713
3120 0.035837392561363285
3270 0.021111396152816667
3330 0.03196272368855974
3361 0.030084535845796158
3389 0.041599943282618033
3510 0.06053537599500009
3591 0.014965711522383417
3599 0.029673684035046614
3604 0.03540945293087223
3634 0.2876218440183189
3721 0.0212395367958519
3765 0.02156601574070055
3819 0.13345825775851408
3850 0.058935531584108636
3903 0.02553129030810021
3914 0.1291333238931069
3918 0.04347677163693843
3939 0.039068241442103156
3945 0.05752436880366379
4001 0.03851088346398829
4048 0.02625946683070579
4059 0.041843437598918815
4067 0.05752436880366379
4143 0.053181090326739754
4145 0.1586111926053761
4169 0.019447991720627247
4178 0.09272132205628758
4198 0.061814214704191725
4226 0.03020626219891848
4356 0.016168832145738082
4391 0.09591483883282766
4410 0.06548521491648339
4431 0.02001591964730203
4600 0.07395861449743805
4624 0.05383478373505459
4699 0.07266890900733611
4700 0.2454907576411451
4758 0.058935531584108636
4790 0.09186549334476969
4791 0.030907107352095863
4824 0.062382260826421114
4894 0.05626204068148363
4904 0.04309952739365651
4926 0.049116250790258296
4972 0.019012269669651066
5051 0.0264902848635169
5224 0.01579504334400651
5236 0.04309952739365651
5289 0.06724015284917845
5347 0.05063091031903883
5370 0.03722135661068213
5389 0.01928273343276461
5571 0.19255441731994144
5655 0.06724015284917845
5665 0.05311864500593462
5700 0.0284374299947909
5807 0.027000193132421614
5882 0.11328216364948733
6008 0.027676144034172196
6057 0.046416906969606785
6114 0.02928923278593474
6150 0.02516820082736255
6162 0.027467894567819815
6196 0.04990456454768784
6281 0.10139348070464464
6436 0.019785508009338544
6452 0.013837679844594485
6585 0.03995613171810749
6616 0.02879509941847364
6696 0.03851088346398829
6747 0.04421524740439575
6794 0.17617740579153787
6817 0.04449387928609019
7025 0.019671942837584593
7042 0.017601106889206217
7259 0.024389375620744468
7262 0.012035528242173446
7312 0.08196191261361534
7347 0.062382260826421114
7461 0.037978305300116415
7483 0.01319538309147705
7542 0.013733947283909908
7561 0.04222279230563333
7565 0.05407763956135131
7725 0.05063091031903883
7826 0.17600540918403418
7835 0.06257746350321627
7952 0.13728951450257582
8051 0.04125264256223548
8090 0.14137376418298184
8121 0.058935531584108636
8166 0.05901582851275378
8167 0.05223075472993028
8171 0.056243330698417214
8176 0.039068241442103156
8197 0.07554477411424824
8224 0.018387030286633015
8252 0.04311077402539906
8326 0.019173814174304412
8339 0.035201081836806834
8380 0.02879509941847364
8448 0.05752436880366379
8515 0.021304124746961802
8571 0.03421034941934583
8603 0.032610505008454374
8719 0.12912894765862643
8723 0.14045064637204174
8763 0.037720638682956276
8890 0.028813238597276625
8893 0.07991226343621498
8949 0.06730598288246192
9008 0.04990456454768784
9036 0.05311864500593462
9049 0.04309952739365651
9099 0.02031030880460523
9143 0.05407763956135131
9292 0.07027181374795269
9444 0.05711094142465108
9445 0.036740759784918475
9578 0.04196922304172988
9582 0.04998140150495685
9584 0.050515893668762774
9620 0.03562151219979067
9638 0.06522101001690875
9720 0.03995613171810749
9784 0.047372862707172954
9814 0.03180610660980993
9821 0.0210478361315187
9865 0.025257946834381387
9894 0.037978305300116415
9987 0.07771718446282808
10016 0.04091512627352418
10023 0.04481402374086481
10105 0.054633781869441726
10127 0.036281185367724206
10135 0.03562151219979067
10167 0.02534837017616116
10202 0.04921974753859399
10216 0.03196272368855974
10217 0.09256585313037242
10254 0.09256585313037242
10386 0.07554477411424824
10428 0.0284374299947909
10429 0.037978305300116415
10460 0.04366751905789099
10490 0.029163775766141896
10675 0.07068688209149092
10709 0.08541334269749767
10819 0.06724015284917845
10845 0.022317209849853425
10848 0.05550522597139411
10925 0.026793618430280365
10934 0.03196272368855974
10951 0.0334965365509108
10959 0.04506105539410168
10960 0.07541149751864804
10980 0.0279765641026544
10981 0.023346889187967883
10991 0.06456666194655344
11036 0.009560872270246433
11067 0.05955856479011692
11080 0.016467839647852422
11106 0.021369062769976806
11186 0.07068688209149092
11217 0.014590099697869922
11300 0.021500004356546854
11367 0.12476452165284223
11497 0.012806774887746862
11598 0.04921974753859399
11629 0.04570748049729972
11634 0.015196864079670327
11736 0.13243727302878947
11805 0.07554477411424824
11812 0.0279765641026544
11828 0.023423937915984232
11861 0.02891673534561232
11893 0.0342049333127261
11929 0.03208587137746278
11977 0.015353481158420132
11993 0.039652798151344024
12021 0.053378422660618284
12052 0.029544158060921713
12109 0.038786321707520215
12186 0.035975250876220444
12264 0.05311864500593462
12265 0.007655112450987823
12274 0.0669456441848647
12304 0.05124761683938618
