82
79 0.18796201107555224
570 0.14201451133093357
979 0.03815936390311748
1113 0.1716713674060151
1254 0.10584698586737752
1742 0.05856888212431059
1816 0.09089386191428148
1861 0.08289719631091493
2186 0.09628063696215954
2201 0.11029734780980707
2287 0.06311966227717845
2596 0.068242835352361
2650 0.06967946040382147
2670 0.07590155649433329
2900 0.06714288492804553
2938 0.06852449813665225
3152 0.06531339109468665
3239 0.03926795479629843
3399 0.1355723109489426
3452 0.10483389222177893
3544 0.22136447733425352
3589 0.08243526315386444
3795 0.20966778444355785
4097 0.17064938651811323
4195 0.15636393646371483
4273 0.14201451133093357
4356 0.03896136565243153
4431 0.048231533187991046
4502 0.06997556768053106
4570 0.07553840445583268
4905 0.07057705206945221
4946 0.16202581349530354
4957 0.12799780048328604
4972 0.04581307937426763
5224 0.038060662246657925
5319 0.18967365159660993
5626 0.12585828803174748
5760 0.11704185678018311
5797 0.15031995213854699
5802 0.026918625252814684
5998 0.06506124795140723
6119 0.06481128789303899
6554 0.08153299577255514
6919 0.20204841782404345
6952 0.04031409122003809
7002 0.08198060483782367
7025 0.09480533301112797
7083 0.0879751961545461
7205 0.05196673559141413
7208 0.06506124795140723
7483 0.0635927370532402
7484 0.045726579635610054
7560 0.094141124510621
8166 0.04740266650556398
8222 0.06582438153863758
8364 0.117945335633603
8669 0.12585828803174748
8682 0.08243526315386444
8873 0.05681863677989573
8942 0.02900151429842682
8986 0.15881994232396696
9148 0.08635588167578612
9445 0.03541307531492135
9546 0.058770069045759606
9671 0.0589726678168015
9948 0.1355723109489426
10204 0.15558361311331256
10226 0.08432907023813291
10318 0.018000135507030706
10392 0.031246443206377914
10426 0.08065807407777459
10528 0.14586959019611748
10891 0.20204841782404345
10909 0.2787178416152859
11067 0.03587895216559335
11104 0.11415242667499095
11106 0.05149214616902823
11497 0.03085995542117158
11634 0.10985776328955327
11991 0.07740164488145516
12175 0.21451034500019464
12204 0.023038438219884196
