206
26 0.03263839297006945
76 0.02814507527677456
116 0.03750927324258948
269 0.11287316660512153
289 0.03997231976536628
344 0.023136456223007914
347 0.03591148710892055
374 0.01575911338040649
390 0.02498121614863809
435 0.03495572746088465
450 0.02643094924529513
457 0.042691206431659516
471 0.05207016682393587
478 0.04090072817884796
479 0.03417896467190994
547 0.049357149030768585
731 0.060687791122124836
938 0.015719732967020263
952 0.014335840647804214
965 0.05443333372658576
1074 0.07502108889534922
1227 0.060687791122124836
1313 0.2005155906576433
1327 0.059727343645367234
1401 0.06683853021921443
1524 0.030133535872340286
1553 0.028241414532191308
1759 0.02416428506513116
1861 0.03997231976536628
1979 0.044746442276694484
2126 0.04607325213008187
2127 0.05504332479389864
2201 0.05318443870392908
2287 0.09130728551647412
2358 0.04506647859776514
2371 0.047932138220051435
2373 0.013607554278408884
2456 0.0652767859401389
2575 0.047158552164345266
2665 0.043535159782173295
2781 0.07540512165562106
2938 0.06608385501980746
3049 0.04678730438080499
3060 0.05207016682393587
3189 0.03931451392186248
3219 0.07248299654744064
3429 0.17186751259905703
3472 0.029037114916374156
3544 0.17790009928906161
3589 0.03974957954391665
3595 0.10674005957343696
3596 0.04443359839538525
3643 0.03808539546481354
3654 0.05261615707152004
3687 0.04833567275988573
3784 0.05318443870392908
3814 0.028833885513603347
3903 0.05933047000021338
3904 0.06283371762568486
3928 0.10308956993846491
4143 0.03089600100634372
4205 0.037890693453947084
4263 0.05798495168164151
4273 0.06847818395391106
4570 0.2185438392499565
4624 0.005212628280201057
4654 0.19485204143835683
4699 0.05629015055354912
4791 0.03591148710892055
4820 0.026516093038843194
4869 0.04164006829637686
4946 0.07812746287566685
4991 0.10015612944722291
5001 0.037281112827017814
5013 0.0303230408436105
5018 0.04090072817884796
5224 0.03670505226977618
5235 0.04539404587214286
5319 0.09145901417761339
5354 0.03732241182153805
5425 0.019034108187158092
5453 0.05318443870392908
5626 0.12137558224424967
5671 0.08213227546919642
5700 0.06608385501980746
5752 0.029558560402650796
5760 0.05643658330256077
5802 0.012979931096992931
6001 0.03591148710892055
6003 0.04833567275988573
6008 0.03215737656666876
6036 0.045729507088806694
6055 0.050425189770638104
6079 0.041235483717877136
6088 0.04753997237570287
6122 0.03695604944490826
6162 0.03191540801422039
6232 0.04324811936858284
6251 0.021364199295246467
6263 0.05318443870392908
6404 0.22574633321024307
6437 0.0350971633549387
6451 0.051544784969232454
6791 0.024236601938661725
6934 0.031371977861511934
6982 0.028733372680925972
7079 0.05798495168164151
7176 0.033225858530817984
7205 0.025057915884529637
7220 0.022989114048313667
7254 0.036251039719250464
7262 0.013984282398027518
7272 0.015798605511427134
7394 0.0765657185965913
7396 0.036080228167050914
7480 0.06171944574569166
7483 0.06132774890752922
7508 0.19485204143835683
7645 0.06847818395391106
7700 0.05798495168164151
7901 0.22063815381792667
7971 0.04506647859776514
8036 0.03997231976536628
8049 0.06537180997359343
8107 0.05055000710060375
8166 0.022857160767956363
8224 0.021364199295246467
8364 0.3696695150597509
8412 0.03290611212192045
8432 0.051544784969232454
8483 0.030100300622160864
8520 0.06847818395391106
8625 0.06926099014078775
8705 0.05643658330256077
8725 0.047932138220051435
8873 0.054794922363355064
8923 0.04607325213008187
8931 0.051544784969232454
8942 0.11187425918422014
8944 0.03828285929829565
8985 0.04296687814976426
8986 0.025527206396222253
9026 0.07502108889534922
9049 0.050078064723611454
9148 0.04164006829637686
9202 0.08180145635769592
9338 0.05663549219286488
9385 0.03769867707381117
9445 0.008537941169046832
9567 0.035580019857812326
9575 0.05085744562721669
9584 0.029347632627262976
9671 0.02843611654305776
9675 0.020673761921854716
9805 0.05882890503215528
9898 0.0162405780881497
9964 0.06283371762568486
9978 0.051544784969232454
10105 0.03173995435685749
10142 0.047932138220051435
10218 0.02482907292007377
10276 0.11484857789488694
10312 0.026774694286570307
10318 0.043397557717655806
10364 0.029037114916374156
10392 0.030133535872340286
10410 0.05261615707152004
10425 0.08213227546919642
10572 0.05882890503215528
10590 0.053776909685341115
10723 0.07216045633410183
10724 0.08213227546919642
10749 0.016159168693285045
10790 0.05572253105183766
10812 0.060687791122124836
10909 0.1343953617873082
10934 0.0371380254590492
10987 0.044127630763585335
10988 0.03297540466474888
11011 0.04480986364765838
11021 0.03304192750990373
11068 0.11008664958779728
11071 0.0663581620041384
11129 0.047158552164345266
11163 0.04114283805257878
11233 0.051038512200369056
11257 0.03910197594846827
11320 0.060687791122124836
11328 0.08213227546919642
11377 0.08213227546919642
11497 0.014880406828398376
11570 0.08777674179742263
11588 0.05055000710060375
11629 0.03540552615640167
11710 0.043828243593665724
11754 0.045729507088806694
11893 0.008516418531144244
11929 0.037281112827017814
11991 0.03732241182153805
12004 0.02536901188877605
12137 0.03304192750990373
12177 0.017081980175603355
12204 0.022217876126133684
12232 0.04019868193736284
12265 0.00889460372234882
12275 0.026346323046394875
