182
116 0.04186177444593238
347 0.04007858439828993
374 0.017587769443887746
390 0.027879986611203576
435 0.03901192030827034
450 0.029497943842914272
471 0.058112285056771046
479 0.0381450235155825
731 0.06772988127884245
938 0.017543819405930465
965 0.030374834565112287
1113 0.04619195730063082
1227 0.06772988127884245
1313 0.22378301959400185
1327 0.06665798539381261
1362 0.03864894860030941
1401 0.07459433986466728
1524 0.01681508561613545
1553 0.031518491908244
1622 0.027794855833506132
1710 0.04619195730063082
1759 0.026968260475256793
1861 0.04461062797128537
1902 0.04734332306766523
1979 0.04993873013028823
2080 0.022042628666424025
2105 0.03528489370836742
2113 0.05537958996039118
2126 0.05141950035091939
2127 0.061430442343524044
2201 0.11871170964354812
2287 0.06793493379340335
2330 0.05872163092295796
2358 0.050295902827304236
2371 0.053494087872669384
2373 0.015186547717931993
2456 0.07285137389649028
2575 0.052630736435038204
2630 0.012943187320429247
2656 0.025582918036212286
2665 0.04858689283266823
2781 0.0841549814735302
2832 0.03899421454385679
2938 0.0368760468306783
3049 0.05221640979965916
3239 0.021131813867874664
3429 0.09590533786770428
3539 0.048913985504688326
3544 0.1588346173957179
3589 0.0443620414190998
3595 0.03970865434892947
3643 0.04250474874095682
3661 0.027458922139192488
3687 0.05394444775510255
3795 0.056415729033188464
3814 0.032179712039842545
3904 0.07012481681087987
3958 0.06665798539381261
4101 0.023843258341248882
4205 0.04228745389734981
4263 0.06471340974420837
4357 0.07849884326794829
4431 0.02595550970703782
4552 0.02704896885445659
4570 0.28455376853269493
4600 0.04795266893385214
4624 0.02326996504837648
4699 0.03141097363790956
4769 0.21746228342703153
4791 0.04007858439828993
4869 0.04647189871322097
4930 0.07459433986466728
5018 0.04564676704408264
5041 0.04512006141560097
5112 0.03781793084356241
5224 0.04096423327655636
5235 0.050661480354418226
5453 0.05935585482177406
5671 0.09166274078909152
5700 0.0737520936613566
5760 0.06298537178876497
6001 0.04007858439828993
6003 0.05394444775510255
6008 0.03588885436144126
6036 0.051035867821125916
6055 0.02813821407468654
6079 0.04602036694773138
6088 0.053056415886455634
6122 0.0412443556629324
6162 0.017809404130552577
6232 0.04826654482238081
6404 0.06298537178876497
6451 0.05752593894024305
6583 0.05394444775510255
6791 0.02704896885445659
6934 0.03501231955809371
6982 0.03206753589867208
7079 0.06471340974420837
7176 0.03708132084015657
7205 0.027965586431365087
7220 0.02565672495913932
7254 0.0404575380158188
7262 0.015606990616649876
7272 0.017631844162970766
7394 0.04272512588356356
7467 0.0434056577989503
7483 0.051333073866293266
7518 0.2749882223672746
7552 0.021467143317942076
7700 0.06471340974420837
7901 0.2462405648213339
8049 0.07295742432913103
8156 0.027293640494675565
8166 0.05101892016698256
8222 0.03542299531152499
8224 0.023843258341248882
8364 0.412565227774063
8412 0.03672447169614364
8432 0.05752593894024305
8625 0.07729789720061882
8705 0.06298537178876497
8873 0.03057660789535989
8923 0.05141950035091939
8931 0.05752593894024305
8942 0.046820971849949634
8944 0.04272512588356356
9049 0.0558890234047068
9148 0.04647189871322097
9338 0.05056588933576255
9385 0.04207315631970314
9445 0.00952866682166099
9528 0.07849884326794829
9567 0.03970865434892947
9575 0.056758842112821464
9671 0.031735786751851
9796 0.061430442343524044
9798 0.04704738406170293
9804 0.037656931184591215
9805 0.06565529375709248
9898 0.01812510235537531
9978 0.05752593894024305
10105 0.03542299531152499
10142 0.053494087872669384
10218 0.02771018898605514
10226 0.04538118231946053
10276 0.08545025176712712
10312 0.029881576372707747
10318 0.05811998843906437
10364 0.0324065237768909
10410 0.05872163092295796
10426 0.0868113155979006
10572 0.06565529375709248
10590 0.0600170749533726
10616 0.0808937787999857
10723 0.12080071749606028
10750 0.033348407789775006
10812 0.06772988127884245
10909 0.18748791416637492
10988 0.0184009024036714
11011 0.05000951079055781
11068 0.12286088468704809
11125 0.04165322999853372
11129 0.052630736435038204
11163 0.04591697086434074
11233 0.05696091928973664
11257 0.043639291194969815
11320 0.06772988127884245
11328 0.09166274078909152
11497 0.03321419907474172
11588 0.056415729033188464
11629 0.039513912746674304
11754 0.051035867821125916
11893 0.015841077899687715
11929 0.04160713875111688
12004 0.02831278139503629
12137 0.0368760468306783
12177 0.03812827812345158
12180 0.03184558458026409
12204 0.024795994127762136
12232 0.04486325675793037
12265 0.009926715785795157
12275 0.029403497788796737
