225
26 0.029615912909003516
103 0.027929169061082396
120 0.06382350205184187
210 0.021041961828031863
269 0.05121027060073433
291 0.059318050145952116
313 0.032434620966972146
320 0.048796896195744933
335 0.028141473470287157
336 0.04212644611152536
344 0.01049695175175956
435 0.015859325260005587
450 0.02398330982989225
456 0.018017460186334475
476 0.05506779510133527
547 0.022393213852048906
640 0.04825929102006421
681 0.059318050145952116
687 0.05121027060073433
704 0.10378647547444173
731 0.05506779510133527
769 0.013368734740739338
938 0.014264006286430621
956 0.02461503221051218
1113 0.037556381200322085
1261 0.054196289912602176
1308 0.028913964829806627
1362 0.03142353629178325
1424 0.059318050145952116
1521 0.04462534430290756
1632 0.02360394753532329
1759 0.021926550202809696
1814 0.021667426962704905
1816 0.0397695268396002
1844 0.05189323773722086
1861 0.03627068103590545
1902 0.03849249939436872
2007 0.074526411871584
2174 0.03510383834535431
2201 0.04825929102006421
2253 0.04004118924523834
2287 0.0276172565470489
2373 0.01234742601400323
2418 0.08840387905544053
2456 0.08884773872701054
2537 0.04994603486798533
2596 0.02985883991501642
2607 0.054196289912602176
2630 0.010523461341755653
2670 0.03320982214415662
2679 0.06071835043924518
2781 0.02280740882773245
2797 0.1120078265907638
2832 0.09511276453290039
2895 0.021992170168544427
2938 0.029982078112004363
3051 0.06064894468772745
3112 0.02914364052068142
3219 0.0657707049210774
3239 0.017181225985098393
3267 0.06382350205184187
3287 0.054196289912602176
3347 0.03668487601158899
3420 0.0397695268396002
3429 0.07797585637394062
3472 0.02634813139484772
3544 0.16142565143692847
3589 0.03606856768412879
3591 0.03155722102510781
3595 0.06457026057477139
3603 0.059318050145952116
3643 0.034558495457335484
3677 0.04089309502740641
3709 0.0352909797681565
3725 0.029028280677847264
3737 0.05693354847352626
3759 0.020681028273478938
3784 0.04825929102006421
3795 0.09173764218194622
3819 0.028141473470287157
3876 0.03353373258373701
3891 0.0411259461368492
3903 0.053836168771787006
3918 0.011459579535802287
3928 0.046771477503870916
3965 0.043137530786714263
3988 0.04245456365022774
4025 0.02050435665235113
4143 0.028034875242768844
4174 0.04994603486798533
4356 0.034094163112644585
4410 0.013808440700633258
4430 0.13614751419291743
4431 0.021103132964509826
4446 0.0265352728176499
4570 0.33050929294432335
4624 0.004729912569991181
4699 0.05107739826398259
4768 0.09548727027495381
4772 0.04220626592901965
4861 0.006280790695443494
4907 0.028141473470287157
4991 0.13632174888628676
5001 0.016914346727306778
5212 0.07089246515442735
5250 0.03924312504824321
5319 0.2074736186545272
5340 0.03142353629178325
5548 0.06807375709645871
5609 0.02985883991501642
5700 0.059964156224008726
5777 0.03420758914283835
5802 0.011777923909609423
5833 0.038015770553364324
5835 0.0657707049210774
5998 0.02846677423676313
6001 0.03258590199664266
6042 0.06382350205184187
6058 0.04385954529586091
6068 0.021796324152543553
6162 0.014479940006103382
6180 0.024454115193650018
6214 0.02038793357017482
6258 0.04043057297261776
6259 0.074526411871584
6263 0.04825929102006421
6295 0.0373328034168778
6323 0.1140299959411416
6404 0.05121027060073433
6437 0.03184698873581589
6583 0.04385954529586091
6638 0.02345533623302126
6666 0.02044601098281338
6719 0.04031882272874564
6952 0.01763895051902823
6970 0.04245456365022774
7042 0.0185571537831156
7083 0.07698499878873744
7201 0.1064428063589176
7220 0.020860205958496924
7272 0.0430067245044081
7390 0.074526411871584
7396 0.06547803356079769
7397 0.05121027060073433
7480 0.1120078265907638
7482 0.027113930401894373
7483 0.05564848956308024
7484 0.020007120368771333
7519 0.08840387905544053
7537 0.02989342545441878
7542 0.014479940006103382
7552 0.017453865669372046
7559 0.045440582962095584
7901 0.04004118924523834
8045 0.03647608092731219
8052 0.03924312504824321
8066 0.08840387905544053
8078 0.0657707049210774
8092 0.02044601098281338
8166 0.062221416655378343
8364 0.3354362505887756
8380 0.03035917521962259
8483 0.027312860733622192
8515 0.06738393016404405
8520 0.06213675820392075
8817 0.043137530786714263
8942 0.02537853441342474
9027 0.01943940488061839
9034 0.04385954529586091
9148 0.0755679752567077
9172 0.07964817210493394
9267 0.021667426962704905
9338 0.010278151904602587
9445 0.046483708125562524
9460 0.07964817210493394
9467 0.074526411871584
9575 0.04614778925700355
9628 0.037556381200322085
9671 0.10321115402731555
9755 0.1417849303088547
9798 0.07650377223894528
9804 0.03061697631036497
9817 0.053381051253414157
9923 0.02360394753532329
10018 0.09989206973597066
10110 0.028357407189959917
10275 0.074526411871584
10276 0.06947534628470692
10278 0.08840387905544053
10318 0.007875744930261577
10392 0.013671509115873977
10420 0.02309128178530929
10636 0.06807375709645871
10723 0.2291731174627919
10749 0.02932549608928909
10750 0.05422786080378875
10790 0.05056234319544553
10848 0.029260063602857725
10862 0.03337073916101878
10909 0.2438993447818929
10914 0.028913964829806627
10934 0.03369885669972115
10951 0.03531598233507675
10979 0.026441355544889102
10994 0.06807375709645871
10998 0.052615252246367504
11036 0.020160388563800157
11067 0.03139681648628685
11071 0.060213060995935645
11101 0.08921037733158639
11160 0.10839257982520435
11190 0.0560039132953819
11494 0.03668487601158899
11629 0.01606339779208815
11736 0.017453865669372046
11768 0.02973679244386213
11877 0.04031882272874564
11893 0.010303673539576029
11934 0.074526411871584
11976 0.08840387905544053
11977 0.06474977119483183
12078 0.027015627843549876
12157 0.029496179168966047
12180 0.025892059655743663
12204 0.040320777127600314
