181
8 0.09245335706249572
79 0.032291915069367016
137 0.04924638218265756
210 0.024786507290014154
269 0.060323450633662894
285 0.06486744514981
320 0.05748060153186893
479 0.036532918320767924
482 0.06112795593814509
505 0.041350780510183406
687 0.060323450633662894
769 0.015747782636320602
785 0.04962310416582374
938 0.08401186607334743
1113 0.04423976832655455
1249 0.06987405900591301
1524 0.016104437558415678
1530 0.05000961222203518
1651 0.0628805349451167
1710 0.04423976832655455
1717 0.10413588859162759
1760 0.09382205017999988
1861 0.04272526997518738
1940 0.15495000611814494
1942 0.08350821176837216
1971 0.021451823335430543
1973 0.05403145760112337
2080 0.021111051414518685
2174 0.041350780510183406
2195 0.04962310416582374
2205 0.20827177718325518
2278 0.02670170784493354
2297 0.10413588859162759
2382 0.02582851356201885
2456 0.10465873579927042
2514 0.08018789741754073
2575 0.05040642836562041
2630 0.02479235095998708
2781 0.026866126352430506
2895 0.0777174330028016
2901 0.03820655961725489
3156 0.07319437335674442
3239 0.020238729953577457
3429 0.09185213566365232
3544 0.15212186463740798
3545 0.10910721347636455
3564 0.08778884147070021
3589 0.04248718931958294
3604 0.04397640351273551
3619 0.05040642836562041
3709 0.083142449781449
3826 0.04179498434837165
3894 0.06597015128675113
3903 0.03170832170103655
4154 0.16037579483508146
4213 0.06716116464744475
4263 0.18593537200031657
4339 0.16638028522448176
4410 0.06506294781582875
4414 0.05040642836562041
4416 0.052108822759999375
4431 0.04971712840673715
4453 0.03930926575419602
4502 0.0360654540064829
4570 0.23359526262617902
4600 0.04592606783182616
4609 0.07319437335674442
4624 0.011143258727998723
4768 0.056239906243453874
4772 0.024858564203368575
4791 0.07676952405792065
4811 0.10413588859162759
4820 0.08502688163372703
4861 0.014796991424275813
4873 0.04817027073291941
4905 0.03637545945957604
4991 0.21410804753994248
5110 0.053039108386815095
5319 0.04887896293410449
5337 0.032411431563559655
5425 0.020345014144960316
5609 0.07034480522999259
5700 0.03531757180088373
5752 0.031594300273144686
5802 0.013873877313942058
5833 0.0447809088172177
5842 0.02215771332878644
6057 0.038431331405459096
6079 0.022037714908032933
6119 0.033403780777867924
6150 0.03125738647909678
6162 0.017056733656940534
6214 0.024016090714138964
6258 0.1428763201713744
6263 0.056847326235817036
6277 0.03911971257259925
6404 0.060323450633662894
6410 0.02055988753275306
6437 0.0375143546460436
6457 0.05509474722884542
6522 0.10413588859162759
6584 0.02094354806746906
6657 0.04986194352003528
6666 0.02408450335662523
6705 0.06384085029661334
6757 0.1162840629385981
6867 0.029187426439109175
6952 0.020777909360411857
7002 0.04225285812186126
7042 0.021859512496327494
7150 0.0284338616962903
7220 0.024572406854795753
7272 0.03377335564557631
7376 0.04113355441094155
7397 0.060323450633662894
7483 0.03277573886661164
7484 0.023567509480608418
7537 0.04401642857763124
7559 0.05352701188498562
7660 0.027285301213264012
7662 0.08778884147070021
7833 0.02258549665010245
7854 0.03856512452247677
7986 0.03392592991492683
8039 0.056847326235817036
8156 0.02614014219865555
8166 0.024431365765350096
8272 0.05748060153186893
8283 0.060323450633662894
8364 0.1519727605852777
8385 0.035612229420198434
8467 0.10413588859162759
8483 0.032173350907955214
8873 0.029284363091584067
8896 0.0447809088172177
8942 0.029894799419806023
8954 0.05403145760112337
9077 0.04622667853124786
9125 0.40236421072308254
9148 0.04450787870683991
9265 0.05081411752651736
9273 0.021683419038424603
9338 0.018160817598189716
9445 0.03650384502286092
9567 0.038030466159351996
9575 0.018120023284662577
9626 0.03637545945957604
9656 0.026219079909140207
9671 0.06078910423411108
9675 0.04419518630386387
9796 0.11766847288102066
9798 0.04505904258860555
9800 0.09382205017999988
9948 0.06987405900591301
10103 0.04622667853124786
10160 0.059560220594285285
10226 0.08692651749444918
10312 0.02861870535940212
10318 0.00927728178216544
10392 0.016104437558415678
10426 0.083142449781449
10429 0.04716676312024121
10749 0.01727207350105799
10750 0.06387803942046708
10894 0.10413588859162759
10909 0.07182568023924026
10951 0.00832013536338847
10960 0.02341413217293971
11067 0.0369840714986876
11106 0.02653908629698577
11339 0.053039108386815095
11629 0.01892197741493723
11736 0.061679662598259175
11873 0.16037579483508146
11893 0.048549100390895446
11911 0.05256669653348898
11917 0.04113355441094155
11921 0.04029503829501425
11929 0.019924357903914627
12051 0.025224177769797112
12227 0.04592606783182616
