71
76 0.055744349987294904
330 0.05812614421474679
471 0.10313056812910947
547 0.04887857223492115
587 0.04814717728768
628 0.0474346835660275
704 0.22653893148174506
769 0.05836095444200293
1113 0.08197582997735793
1261 0.11829643073387947
2209 0.19296271704488813
2330 0.10421196056283648
2670 0.0724884199877152
3429 0.08510052539878654
3544 0.1409401154556862
3545 0.10108726514140788
3737 0.06213557777011578
4025 0.044755687342789806
4147 0.12019870030545782
4240 0.19296271704488813
4286 0.22969087193773785
4357 0.13931013546950777
4446 0.05791961161806028
4570 0.14428319629532507
4827 0.03452855934298334
5005 0.0363491527364435
5084 0.38592543408977625
5105 0.13931013546950777
5319 0.1811444185412077
5473 0.05285837443576123
5532 0.23303395277737673
5998 0.06213557777011578
6325 0.1738512818808382
6360 0.03606828131537888
6404 0.11177872579012717
6410 0.038097257478785444
6583 0.09573400080481898
6666 0.13388500168072065
7025 0.045271066324568204
7205 0.049629898633530845
7272 0.03129083814058738
7415 0.13238090090492247
7483 0.09109965416903747
7484 0.06550552443826249
7700 0.11484543596886893
7722 0.19296271704488813
8277 0.09573400080481898
8337 0.08990779223547499
8364 0.22528315412448632
8425 0.12444893864680542
8444 0.06858942171777904
8515 0.04902720856650289
8942 0.08309212798163279
9273 0.04017914965786026
9332 0.08990779223547499
9385 0.07466628631100866
9445 0.033820622330403206
9459 0.19296271704488813
9575 0.06715242887371382
9898 0.03216621238490288
10340 0.10208999283493965
10616 0.14356037381085537
10750 0.059182670896538545
10909 0.06654611873007744
10951 0.015417124178933404
11144 0.10901922739952492
11257 0.0774456707268043
11487 0.10533750348275549
11497 0.02947224685094653
11917 0.07622004794115878
12177 0.03383269975371663
