247
14 0.055182575687322225
28 0.09138736747372911
29 0.09660044001037664
69 0.04289510377071798
76 0.05280117812279781
108 0.07328497158052567
116 0.035184375921229215
119 0.17080379901903434
201 0.029202336431430893
207 0.04988796430195589
215 0.04056751726190907
262 0.1512377179231075
330 0.11011443832330221
337 0.029091202838152606
338 0.043548145763398945
344 0.03255362085945772
374 0.05912933218145355
390 0.023432832042855265
431 0.09138736747372911
435 0.049183655770781355
496 0.022465121368705626
522 0.03770708986214575
593 0.03012719141108624
594 0.023577122111988213
628 0.04493024273741125
642 0.028981007092283184
674 0.06659246235062147
677 0.0595453011628244
711 0.03805778412324761
817 0.07328497158052567
952 0.013447277510204305
963 0.06269574880979299
979 0.017259644243365957
1122 0.12050876564434496
1174 0.037285823703882975
1178 0.029202336431430893
1205 0.07530259504768366
1208 0.03859272535476752
1258 0.06131993872252604
1413 0.024323503446990143
1524 0.02826580102235733
1549 0.10326326607170207
1575 0.02519701628512063
1632 0.024400542717004904
1751 0.09138736747372911
1766 0.0823361695271274
1872 0.04227317106825219
1971 0.018825648761920916
1973 0.04741681986600024
1983 0.09138736747372911
2042 0.19084330226276902
2085 0.09138736747372911
2091 0.033843905824116255
2129 0.030740361255561847
2139 0.04697412939055799
2161 0.041111684265207664
2175 0.06131993872252604
2181 0.029202336431430893
2202 0.07257707260997952
2266 0.02037628403453715
2284 0.053644550863191275
2298 0.03554215496998783
2356 0.02689455502040861
2523 0.06269574880979299
2620 0.04613137774072051
2798 0.041392514839138486
2828 0.041095455753165554
2832 0.13109688936250374
2833 0.046545956002093596
2844 0.04697412939055799
3031 0.06269574880979299
3175 0.04083676635535417
3239 0.03552212933472495
3270 0.023009288372004225
3342 0.029656577653660508
3397 0.046545956002093596
3414 0.06597744236781909
3434 0.04613137774072051
3460 0.053644550863191275
3661 0.04615786367034846
3670 0.029091202838152606
3680 0.0831195132716995
3918 0.011846321873229378
3933 0.041095455753165554
4048 0.01431008258357598
4101 0.020040004891550885
4297 0.030615402231249693
4596 0.032060486318605946
4624 0.014668618484986929
4655 0.028549294438749918
4667 0.05893916224855761
4699 0.026400589061398905
4707 0.0823361695271274
4708 0.09415124534032207
4820 0.07461772288205558
4827 0.01635276590908303
4872 0.021689163308960122
4907 0.029091202838152606
4995 0.03609790345377216
5112 0.03178556840875245
5146 0.02844356010889016
5310 0.03220014667012555
5313 0.037285823703882975
5329 0.09394825878111598
5385 0.051024169164108416
5389 0.021016230804601337
5425 0.07141734935262996
5433 0.027141674059523658
5440 0.04884275714876528
5455 0.06007536711071013
5473 0.02503378767983019
5527 0.042580435089249316
5539 0.051024169164108416
5649 0.052938534686735574
5727 0.05893916224855761
5802 0.012175409856507377
5833 0.03929874153122322
5928 0.06423377363392395
5993 0.055182575687322225
6008 0.030164200155110538
6010 0.025115146936119166
6066 0.0216265343237166
6117 0.05692624442121737
6125 0.030491627670486965
6162 0.014968614640828748
6222 0.04030370791792471
6258 0.0208975198198311
6360 0.034163960056051546
6409 0.022332550500172303
6436 0.021564204284647972
6446 0.04834993947782494
6452 0.015081672649170817
6547 0.2470085085813822
6563 0.08516087017849863
6570 0.034665442004800116
6638 0.024246916022799464
6778 0.03542935397327578
6817 0.04849383204559893
6825 0.043548145763398945
6911 0.04988796430195589
6952 0.03646847333299576
6999 0.09138736747372911
7042 0.019183427810679533
7102 0.028549294438749918
7121 0.034166344882720884
7193 0.02037628403453715
7205 0.02350477778073224
7272 0.014819377377701533
7277 0.11509686575819557
7279 0.09138736747372911
7425 0.026400589061398905
7470 0.0297726505814122
7484 0.03102349264706016
7526 0.06269574880979299
7537 0.007725570094436291
7542 0.014968614640828748
7580 0.02762716188553864
7660 0.023944980758616414
7798 0.14966389290586768
7833 0.03964107110150566
7839 0.04289510377071798
7861 0.026858815670014306
7923 0.18277473494745822
7952 0.0320639350435864
8098 0.019235348826963698
8128 0.04935490586452643
8130 0.0823361695271274
8277 0.04533973425159148
8283 0.052938534686735574
8312 0.05605796369503413
8327 0.028763366747691164
8352 0.029202336431430893
8378 0.04613137774072051
8414 0.041392514839138486
8455 0.031516319315307344
8473 0.024713326974140745
8512 0.04459335291658955
8515 0.0464386861264592
8538 0.06597744236781909
8556 0.08527126953092015
8577 0.0833590360103833
8625 0.03248402998945699
8676 0.09138736747372911
8708 0.02447803919604587
8753 0.027826526344163945
8823 0.028655891915544036
8942 0.06558754760438293
8943 0.04787504647461565
8956 0.038823848528013925
8986 0.023944980758616414
9000 0.05262168437993534
9042 0.04004512286622514
9139 0.03770708986214575
9232 0.07416035958823758
9338 0.042500091855366136
9341 0.0779923859685928
9380 0.06269574880979299
9385 0.03536204013656939
9433 0.022871105935532515
9445 0.04004371528904948
9575 0.07950867126326719
9580 0.032341316892536776
9625 0.026765874933239613
9628 0.038823848528013925
9632 0.14671343932856143
9664 0.020040004891550885
9776 0.06799960778503943
9865 0.027528609580825553
9921 0.034166344882720884
10004 0.043378326617920245
10132 0.04030370791792471
10140 0.09660044001037664
10149 0.06423377363392395
10181 0.0419729712175067
10318 0.016283077253200676
10392 0.014132900511178666
10420 0.023870575324303252
10570 0.10728910172638255
10619 0.01823423666649788
10653 0.10669436410778706
10657 0.04459335291658955
10749 0.01515759215599905
10844 0.07108430993997567
10898 0.021815329685535317
10899 0.042580435089249316
10988 0.03093152528910697
11011 0.021016230804601337
11080 0.0358965620822578
11141 0.053644550863191275
11217 0.015901734252653437
11219 0.13537562329646502
11319 0.024558316880488654
11332 0.12389231777283526
11497 0.04187427127620752
11597 0.06131993872252604
11637 0.020490329461564077
11893 0.03461706921678375
11929 0.01748517866480796
11977 0.01673374290032869
12006 0.013819907988930796
12008 0.06131993872252604
12021 0.038784724324576886
12024 0.02519701628512063
12051 0.044272368234373534
12204 0.010420384590464337
12270 0.09910267775376413
12271 0.3630557025716938
