39
505 0.13756817946170596
619 0.4415382960178682
682 0.14544231591512424
952 0.05097801328351676
1612 0.4171379478087497
2181 0.11070472022173596
2419 0.12652196473857721
2677 0.09105800963952962
2701 0.10077097318912187
2757 0.08722715861126587
3361 0.06215099562748383
4320 0.07724555973453424
4453 0.130776349540715
4790 0.12652196473857721
4861 0.024613745455745337
5069 0.13338235800693457
5411 0.21580478591918723
5412 0.31213264846231453
5556 0.14717943200595607
5622 0.10362083795578633
5802 0.046156421247817624
6010 0.09521037199949228
6646 0.13830156663673482
6872 0.13830156663673482
7282 0.07555299387519426
7351 0.20619353337493715
7352 0.21580478591918723
8100 0.10743061950985035
8222 0.11286675504934048
8950 0.10945141963712883
9338 0.020139487765362372
9445 0.030360778207744646
9614 0.21251317344524207
9813 0.15585251252449703
9866 0.17188085641832154
10619 0.0691251562477344
11893 0.03028424406176399
12006 0.052390638365429995
12051 0.08391726036114021
