261
117 0.03986488171645931
186 0.05147043718442956
210 0.023385664904153093
230 0.027177871917076275
234 0.0483377748098369
313 0.03604726514693875
337 0.031275936809681264
343 0.026654627147320562
450 0.026654627147320562
496 0.024152240120782716
576 0.029282848086419955
646 0.0483377748098369
711 0.020457951807240755
814 0.06458699545791252
836 0.10726904815536263
842 0.07093231345023811
938 0.0317055295443809
956 0.027356712248812892
975 0.06719911393454799
978 0.05847566248513278
996 0.05847566248513278
1023 0.03345986649943441
1029 0.031157465421485935
1095 0.044501070846230444
1122 0.0323897275773882
1133 0.04577820327984302
1159 0.05306143323308254
1183 0.1965010210277699
1184 0.024737273778681526
1205 0.02023944504305285
1265 0.06458699545791252
1298 0.07309640034348987
1308 0.03213447006920888
1374 0.03151592173366526
1524 0.015194273876686695
1536 0.021544998676776988
1543 0.027446994078846446
1587 0.03374065138293089
1622 0.025115700362064283
1684 0.036215396212622784
1747 0.07093231345023811
1759 0.04873756161499117
1814 0.0240807958129645
2000 0.0483377748098369
2096 0.03446821191158579
2107 0.0792944438234221
2192 0.05097779799947381
2227 0.059617412846756285
2243 0.06582920554469217
2266 0.021906532205829242
2373 0.027445422584849395
2382 0.024368780807495584
2455 0.07243079242524557
2525 0.04277988428630371
2590 0.06458699545791252
2630 0.011695589155677387
2650 0.06776635650737398
2677 0.02582368782907872
2694 0.04225005626850824
2768 0.03431965204710233
2822 0.03151592173366526
3161 0.09825051051388495
3361 0.05287732234772586
3397 0.05004153271924765
3442 0.03859237493944718
3449 0.044501070846230444
3472 0.029282848086419955
3548 0.03782670397379542
3580 0.08666099020035653
3591 0.01753606917051642
3661 0.02481214742916035
3677 0.04544786389311985
3697 0.04916382342042171
3698 0.12673092442117118
3704 0.09825051051388495
3721 0.07466226764655767
3759 0.06895358917046343
3791 0.037452314421694985
3814 0.029077898808739632
3887 0.047877977574322265
3890 0.04008596937525648
3897 0.04100687494258553
3915 0.04959581984936358
3977 0.04361411638659126
4059 0.02451501938178375
4105 0.0195003914509746
4169 0.09115272001079873
4214 0.07309640034348987
4226 0.0707883621183994
4297 0.032914602772346084
4317 0.037268798394265674
4410 0.015346457222619259
4416 0.04916382342042171
4429 0.03782670397379542
4482 0.06224176055211225
4624 0.010513482658294635
4628 0.08851957238098068
4638 0.04916382342042171
4700 0.04794229017309477
4827 0.017580849993773223
4861 0.06282323908932415
4874 0.04611650341312911
4975 0.06336546221058559
5120 0.05251082241920797
5121 0.04959581984936358
5126 0.09825051051388495
5146 0.030579656453439106
5181 0.029077898808739632
5208 0.05251082241920797
5224 0.018507838549308826
5253 0.04419915004449007
5270 0.09825051051388495
5297 0.0265692847800205
5337 0.030579656453439106
5370 0.04361411638659126
5389 0.04518907728080241
5469 0.0487447243522285
5490 0.11238819121535039
5609 0.033184587558233246
5627 0.03139541647713063
5680 0.1965010210277699
5752 0.029808706423378142
5834 0.09825051051388495
5842 0.02090544072573084
5882 0.16592293779116624
5886 0.09825051051388495
5971 0.04251247094033354
6001 0.036215396212622784
6041 0.0382113520401905
6057 0.03625933365894603
6079 0.02079222417513197
6155 0.03507868966559784
6162 0.01609274969617445
6209 0.026826884231017416
6251 0.021544998676776988
6285 0.06224176055211225
6360 0.036729655415973755
6457 0.05198099440141251
6510 0.06458699545791252
6511 0.06592503374057947
6698 0.07311564472784338
6752 0.09825051051388495
6794 0.38338083887943747
6817 0.026067846612521907
6835 0.06740416643890332
7042 0.02062409310944793
7181 0.04419915004449007
7212 0.060232799835992924
7255 0.060232799835992924
7272 0.015932304793391156
7312 0.04801942650005324
7347 0.07309640034348987
7376 0.03880883694164391
7484 0.022235560375261115
7496 0.04390358594477704
7507 0.04080601090130153
7536 0.029179999449226415
7561 0.024737273778681526
7589 0.03103998543728011
7658 0.05550914141274729
7739 0.037268798394265674
7771 0.08851957238098068
7781 0.06905769611517214
7833 0.04261809460875167
7835 0.14665025807381096
7899 0.06740416643890332
7952 0.011490639877997063
8036 0.08062118917268675
8092 0.022723335655600804
8171 0.021967703440684768
8201 0.03446821191158579
8222 0.03200856091862101
8236 0.08851957238098068
8252 0.05051503994134868
8324 0.009616022542931086
8327 0.030923480401940092
8402 0.04305249044764196
8412 0.033184587558233246
8558 0.04794229017309477
8560 0.11235694326508495
8562 0.06120137531733383
8607 0.08851957238098068
8711 0.05847566248513278
8753 0.029916283778806778
8819 0.04390358594477704
8836 0.03986488171645931
8890 0.016880952980843227
8893 0.04681858851462144
8965 0.06336546221058559
8972 0.10814179544081624
8981 0.04149101865001272
9048 0.060232799835992924
9049 0.05050186170308866
9267 0.048161591625929
9291 0.03002469185562904
9338 0.039980348022580416
9388 0.1283396528589111
9433 0.02458871391419806
9438 0.03860683667693263
9444 0.03345986649943441
9445 0.008610195432432735
9578 0.02458871391419806
9582 0.029282848086419955
9606 0.06120137531733383
9618 0.030355031242352202
9631 0.04419915004449007
9637 0.07143385152043116
9664 0.021544998676776988
9804 0.03402716696400161
9813 0.04419915004449007
9898 0.016378017663275225
9987 0.030355031242352202
10064 0.1426729263200991
10167 0.029701947154613162
10183 0.040310594586343375
10191 0.04149101865001272
10192 0.03782670397379542
10216 0.037452314421694985
10237 0.04251247094033354
10276 0.03860683667693263
10312 0.027001281208962377
10318 0.008752963878316608
10420 0.02566324292629543
10437 0.05306143323308254
10460 0.05116740581018944
10462 0.05198099440141251
10508 0.04225005626850824
10654 0.05306143323308254
10749 0.01629591932294442
10760 0.02726700730342069
10779 0.09825051051388495
10845 0.10460074284730919
10934 0.037452314421694985
10951 0.031399647443475794
10956 0.07309640034348987
11011 0.022594538640401205
11036 0.022405899941443274
11105 0.09825051051388495
11260 0.09588458034618955
11497 0.030012671291554504
11510 0.05004153271924765
11634 0.017806922128457133
11698 0.054232008979134716
11770 0.0577517970880567
11824 0.06905769611517214
11861 0.06776635650737398
11893 0.0200398115267606
11930 0.096323183251858
12021 0.020848718320534834
12030 0.030923480401940092
12061 0.1513119437469675
12089 0.029808706423378142
12124 0.047183252554599264
12137 0.033321552314737685
12175 0.03477013271332618
12186 0.042153992267493105
12204 0.022405899941443274
12227 0.043330495100178265
12265 0.03587950529390532
12303 0.03763826119559173
12304 0.09007407556688712
