30
1174 0.1721401222911882
2105 0.13691763777522745
2378 0.19952551315071265
2486 0.42191457905646856
2656 0.09927060384157566
2901 0.15479682111634652
4410 0.06590188697466831
5389 0.19405426413723867
5480 0.3046027650576869
6008 0.04642040493060868
6791 0.10495938999894612
6868 0.1803271010912802
7418 0.18370853012707225
7554 0.1137315106435398
7707 0.22786031491922987
7901 0.19109977622962065
8625 0.14997133868638166
8713 0.3248874469878492
8890 0.0724914316855175
9292 0.11786490362821407
9341 0.18003650616704708
9373 0.2672831526851633
10533 0.1721401222911882
10590 0.23288708750866613
10816 0.13379868296882716
11067 0.0749219081394465
11103 0.09785868106958395
11319 0.037793377850045246
11736 0.08329996902266087
12021 0.08953010185969688
