250
26 0.05535078147036287
70 0.08340271961696043
79 0.025617298746453684
210 0.01966323027808865
220 0.03574550944847738
335 0.02629756092769873
343 0.044823704925428816
344 0.009809160438541678
435 0.04446052614169666
450 0.044823704925428816
673 0.10129037753028053
677 0.026913568923212405
696 0.041701359808480214
825 0.06964322102696749
864 0.08062206446523516
865 0.13928644205393498
921 0.128590080963085
938 0.026658772845461767
981 0.06624738124255329
1174 0.0674104969840816
1184 0.08319878228922299
1250 0.04849303937730861
1254 0.04327758321259446
1347 0.025523241347349776
1384 0.12292242776455292
1710 0.03509557606790343
1925 0.06624738124255329
1996 0.0446153310082809
2080 0.016747477186650164
2133 0.04207612592414801
2222 0.09698607875461722
2234 0.05964159750197651
2335 0.06964322102696749
2343 0.038775866752096454
2356 0.03646778735176501
2381 0.033894118779456986
2416 0.04849303937730861
2596 0.02790240044554194
2644 0.022340094544879868
2650 0.02848979232732665
2806 0.030885334691344017
2851 0.034681353176337304
2901 0.030309408707626606
3054 0.0933468459940173
3097 0.037163709861687794
3280 0.04098573821647496
3330 0.031490807977428294
3442 0.01622469915914005
3505 0.05806537409786226
3506 0.10861260262334986
3557 0.09976673390634247
3581 0.03597035703022443
3591 0.014744749302001632
3679 0.05233437131960648
3688 0.04370687201703178
3701 0.04667342299700865
3721 0.02092594427448913
3725 0.027126261905156695
3765 0.021247602899738958
3805 0.027126261905156695
3819 0.02629756092769873
3820 0.06778823755891397
3867 0.03667179947201767
3878 0.029107951419180163
3918 0.010708714004146106
3923 0.08261139553193533
3966 0.09638707526377967
4025 0.019160850582958706
4035 0.05543135612541709
4102 0.23226149639144905
4205 0.09638707526377967
4230 0.03597035703022443
4309 0.05543135612541709
4320 0.01841953988150611
4356 0.015930106372722932
4363 0.05430630131167493
4381 0.02212740156293558
4410 0.09032569588702453
4416 0.04133812680670708
4451 0.013396265588219814
4502 0.08583258450846665
4526 0.05543135612541709
4655 0.025807692247128602
4791 0.03045077735696779
4820 0.022484049269624575
4872 0.019606342740842383
4907 0.02629756092769873
4972 0.018731561778521384
5035 0.09400950984514832
5389 0.056994096785481646
5433 0.04907049263181239
5525 0.1052867282037103
5609 0.02790240044554194
5914 0.24715788334893404
5998 0.026601547026197134
6008 0.018178345204619546
6023 0.03619957085619813
6055 0.02137876137280778
6060 0.050645188765140264
6066 0.01954972804654994
6068 0.02036816455281141
6074 0.025712111634765965
6099 0.05806537409786226
6146 0.03767701426017241
6155 0.08848502134644416
6196 0.049167745361165985
6252 0.03333633905777927
6258 0.01889072114883713
6281 0.024974112517325037
6294 0.03643332386358988
6398 0.025904053118018956
6403 0.036915192448203384
6410 0.016310236788020502
6434 0.08261139553193533
6452 0.013633372521229285
6616 0.02836995230173923
6666 0.01910632789418918
6673 0.07997522174884913
6747 0.043562428510580176
6791 0.020551178158821338
6934 0.026601547026197134
6952 0.016483194331120245
7042 0.05202370260797625
7061 0.05667504652199963
7117 0.049167745361165985
7188 0.05468571545529946
7193 0.03683907976301222
7206 0.03315611966201606
7255 0.050645188765140264
7282 0.01801594018651613
7344 0.039366196814638627
7418 0.17985178515112216
7425 0.023865328059201114
7461 0.11225271642999998
7468 0.05233437131960648
7486 0.05430630131167493
7496 0.036915192448203384
7536 0.024535246315906194
7537 0.055869439676299676
7542 0.01353117152667843
7554 0.02226877021227677
7833 0.07166864074550468
7968 0.03509557606790343
8098 0.06955267687717777
8110 0.09570964453362067
8121 0.05806537409786226
8196 0.06146121388227646
8208 0.021849644250595636
8222 0.026913568923212405
8239 0.03643332386358988
8321 0.03408606026270997
8331 0.08261139553193533
8335 0.06361336327010811
8343 0.050645188765140264
8348 0.10466874263921296
8380 0.08510985690521769
8391 0.047854822266810336
8432 0.04370687201703178
8461 0.049883366953171235
8604 0.08261139553193533
8625 0.11745829315859062
8713 0.19084008981032435
8714 0.03741757214333333
8723 0.05535078147036287
8727 0.028251316718898852
8776 0.05030866382617648
8798 0.08261139553193533
8862 0.05806537409786226
8867 0.031647156503313054
8890 0.014193911831728965
8957 0.031336503281716103
8961 0.053409281234302934
8962 0.03667179947201767
8974 0.041701359808480214
9027 0.01816567759986058
9099 0.020010435930308997
9117 0.03488664776184249
9175 0.07383038489640677
9221 0.06624738124255329
9291 0.02524548403500983
9292 0.18462474929856634
9330 0.07061653809969544
9341 0.035251370204875156
9390 0.05543135612541709
9407 0.04031103223261758
9445 0.021718979069592966
9534 0.08475395015669655
9535 0.11613074819572453
9553 0.06361336327010811
9563 0.043426357342738905
9565 0.06624738124255329
9575 0.014374683222681876
9578 0.020674782860292104
9620 0.03509557606790343
9656 0.020799695572305748
9658 0.0198935622910695
9776 0.020489857807248255
9789 0.03821365853997768
9898 0.013771031703887611
9929 0.0446153310082809
10004 0.019606342740842383
10094 0.05145959035728548
10105 0.05382713784642481
10140 0.029107951419180163
10167 0.024974112517325037
10385 0.04849303937730861
10392 0.03832713425555566
10506 0.05667504652199963
10533 0.337052484920408
10590 0.04559957928802435
10638 0.03597035703022443
10749 0.027404002884117692
10881 0.05104648269469955
10925 0.05279604461934155
10934 0.031490807977428294
10938 0.042863360321028325
10951 0.046202764664128676
10959 0.022197874256626855
10960 0.018574519890650343
10963 0.024195535356719946
10985 0.05535078147036287
10988 0.013980578173449634
11036 0.018839420300517957
11067 0.0440094063672075
11142 0.02836995230173923
11189 0.03196620676679507
11217 0.014374683222681876
11300 0.021182566144956623
11319 0.029599960191374234
11322 0.04559957928802435
11417 0.05964159750197651
11494 0.034281174475758215
11598 0.04849303937730861
11629 0.015010876477001646
11634 0.02994497798466812
11643 0.039366196814638627
11736 0.06524094715208201
11750 0.17547788033951717
11832 0.06624738124255329
11893 0.021664229369065237
11965 0.026704640617151467
11977 0.015126793688046244
12021 0.03506020898014988
12024 0.02277733494350953
12035 0.06146121388227646
12186 0.03544409194665586
12191 0.04612429416698391
12201 0.04415236417491545
12204 0.018839420300517957
12265 0.022626264137116835
