182
70 0.04176853095838731
111 0.026240146104952778
198 0.4839064349268526
210 0.01969490314906296
344 0.019649921409502738
352 0.029154837529782932
422 0.036974654200462205
435 0.014844047221357064
706 0.06436155488507418
718 0.06635409029944815
769 0.0125128986591742
777 0.05154247973724627
819 0.042531579887346516
913 0.06246884023079524
931 0.1554190232052018
952 0.024351018959279904
965 0.02311526708055179
1029 0.052480292209905556
1122 0.027277930744141744
1308 0.08118887511047032
1345 0.06975539998854333
1362 0.05882374551628229
1363 0.03673086917504441
1536 0.018144733708659943
1571 0.04793190520739128
1572 0.04468719588513565
1605 0.04293240318233714
1622 0.021151901738910822
1919 0.05973766618426656
2066 0.14197636993581486
2080 0.016774453460465615
2177 0.034140964943856204
2219 0.04377727357865255
2258 0.04468719588513565
2278 0.02121668631112086
2318 0.041051756667154646
2343 0.038838325616036264
2378 0.03913027019825134
2382 0.020522862182085592
2474 0.06371582953931218
2555 0.05154247973724627
2677 0.021748153530371475
2694 0.035582087131632266
2704 0.026043088962589098
2889 0.04293240318233714
3019 0.04293240318233714
3132 0.03747784311193345
3170 0.04140471287309351
3175 0.036974654200462205
3270 0.020833199023409642
3539 0.037223571917450196
3547 0.13951079997708665
3680 0.018814634059099975
3749 0.032856570220134364
3756 0.06635409029944815
3795 0.04293240318233714
3810 0.04793190520739128
3819 0.05267984031136044
3844 0.16009508128350827
3874 0.04005202157510216
3887 0.10080450301114009
3897 0.0345351066027005
4048 0.012956715291890544
4057 0.05072676633436679
4078 0.028903271553214753
4081 0.016641358379392398
4106 0.0349428420024459
4156 0.03251384608306975
4198 0.030499826446494523
4259 0.1397713680097836
4350 0.033759539774375784
4356 0.01595576605308138
4410 0.012924455640645377
4431 0.0592564747443077
4550 0.05336502709450276
4613 0.04924694311417493
4683 0.039736718760371006
4712 0.029943339977391747
4861 0.023514834872764432
4907 0.02633992015568022
5001 0.015831528606814114
5252 0.03108380464104036
5313 0.033759539774375784
5568 0.06635409029944815
5603 0.0543937760780389
5662 0.04924694311417493
5705 0.4293240318233714
5799 0.1327081805988963
5807 0.026644395904777206
5836 0.0827444631934887
5904 0.049963717405407594
6008 0.027311439408877446
6162 0.013552967083351197
6180 0.02288861819402008
6209 0.022593023926686877
6251 0.018144733708659943
6263 0.04516984064748249
6277 0.03108380464104036
6281 0.025014339979052957
6385 0.05154247973724627
6410 0.01633650876968585
6476 0.04377727357865255
6560 0.1950830764984185
6666 0.019137103725506165
6828 0.026747655555425617
6867 0.023191792621796475
6932 0.01969490314906296
7025 0.019412714220601583
7042 0.017369166880335223
7220 0.03904956575624873
7304 0.11631780770485574
7378 0.04793190520739128
7507 0.017182971617326476
7552 0.11435556138780095
7558 0.03169813268019027
7878 0.03536514242386237
7956 0.028656946917681673
8005 0.119210156281113
8092 0.019137103725506165
8112 0.1004170013405132
8113 0.035582087131632266
8156 0.06231142970829119
8337 0.0385534165323009
8376 0.033759539774375784
8543 0.12643170220418493
8546 0.044223483320343
8552 0.06975539998854333
8612 0.0875545471573051
8708 0.022163043638260334
8716 0.03473721673531686
8894 0.06371582953931218
9027 0.018194938263273674
9099 0.02004266806848757
9277 0.05154247973724627
9292 0.02311526708055179
9333 0.04293240318233714
9338 0.02886050378289828
9381 0.21265789943673258
9430 0.05072676633436679
9433 0.041416170212388956
9537 0.04924694311417493
9563 0.04349630706074295
9579 0.034140964943856204
9606 0.05154247973724627
9608 0.042531579887346516
9656 0.06249959707022893
9658 0.039851212346229986
9664 0.05443420112597983
9814 0.0627739581376335
9816 0.0827444631934887
9865 0.024925108198169132
9925 0.08210351333430929
9930 0.07454927674646844
10177 0.06635409029944815
10312 0.022739897304210784
10392 0.02559258021083999
10420 0.021613030289957785
10456 0.049963717405407594
10476 0.03008002537078998
10590 0.04567302955895373
10873 0.07885921312483579
10963 0.024234508712504814
10988 0.028006195238512856
11056 0.07298401887623075
11103 0.019191714237591705
11106 0.0210874702178929
11132 0.04140471287309351
11161 0.0377377031294214
11319 0.022235729109887956
11332 0.011217527773581308
11629 0.015035055492714907
11681 0.05676633678359793
11736 0.01633650876968585
11770 0.07295597890814841
11893 0.009644055725411105
11977 0.045453478257930495
12104 0.04567302955895373
12105 0.0465376334085683
12113 0.03008002537078998
12177 0.014507821108553996
12265 0.045325419527045184
12277 0.04377727357865255
