341
25 0.031183350425627702
26 0.020695042354130493
114 0.03626201752296019
133 0.02966644977540063
198 0.1111607864161494
236 0.016186048683123205
308 0.047568659816247603
335 0.01966473183401956
374 0.009992388999364476
390 0.01583985237042306
422 0.027604360803306964
435 0.011082197903950765
447 0.06177496628056261
456 0.01259026195868827
479 0.021671873433050368
548 0.03449072247882206
594 0.015937387887658198
678 0.024529901326418413
679 0.025065027254640722
705 0.034098352349423794
706 0.14415222708591735
744 0.03319815444040516
769 0.018683640280197276
938 0.029902257122135525
942 0.01989204588510879
952 0.00908993373725356
956 0.017200521074937747
958 0.017488066842967998
959 0.031463592201104375
979 0.011666972915648766
1029 0.019590242999582987
1184 0.015553550262063388
1252 0.04238034069394717
1303 0.05565664310957564
1308 0.02020453425215117
1316 0.049538319938588656
1527 0.047568659816247603
1536 0.01354640866303258
1552 0.02817403422963216
1586 0.05186789084574442
1651 0.03730167359661469
1688 0.034098352349423794
1709 0.030143694351973206
1729 0.022664702476471538
1734 0.026402739185494028
1735 0.04459866161175322
1736 0.021214420063193594
1871 0.049538319938588656
1916 0.026564704729652472
1929 0.015600627037638802
1942 0.049538319938588656
1948 0.040609045649809036
1997 0.03787134702293988
2099 0.022154336380745872
2122 0.03449072247882206
2123 0.05565664310957564
2129 0.020779510697258488
2146 0.03449072247882206
2177 0.025488798607113963
2230 0.03848033844076624
2301 0.04238034069394717
2356 0.01817986747450712
2382 0.030643720929444288
2447 0.05565664310957564
2471 0.0520776534872549
2516 0.04238034069394717
2625 0.1986067951548455
2650 0.021304033771956846
2682 0.05565664310957564
2701 0.017968559579465856
2723 0.0520776534872549
2726 0.031463592201104375
2752 0.047568659816247603
2766 0.06177496628056261
2812 0.02966644977540063
2853 0.02139456661171456
2856 0.06177496628056261
3102 0.02878302564745852
3132 0.027980029178436814
3170 0.030911732856501315
3269 0.01588848541079002
3273 0.034098352349423794
3371 0.045959330316267914
3405 0.03533201347427364
3407 0.02020453425215117
3439 0.06177496628056261
3442 0.03639740874782928
3486 0.047568659816247603
3520 0.022154336380745872
3559 0.027069234875084655
3595 0.04512048240815474
3599 0.021861706007449834
3654 0.03336235335193259
3661 0.031201254075277605
3732 0.03372268397429395
3737 0.01989204588510879
3739 0.045959330316267914
3780 0.047568659816247603
3782 0.04341999676760167
3784 0.03372268397429395
3867 0.02742235694294383
3887 0.0752581445828037
3891 0.014369018435643767
3918 0.01601547685412443
3922 0.04145033664526062
3928 0.032683027900639455
3948 0.0520776534872549
4014 0.02817403422963216
4089 0.047568659816247603
4097 0.026087460153079892
4105 0.02452172549620464
4244 0.02390361925762273
4259 0.052174920306159785
4382 0.03978409177021758
4388 0.047568659816247603
4473 0.04958681937102866
4502 0.02139456661171456
4583 0.03301615703923245
4613 0.03676654766839238
4624 0.013220695410343878
4700 0.030143694351973206
4701 0.049538319938588656
4858 0.04459866161175322
4861 0.035111186302851746
4893 0.40899166424601324
4926 0.018092883810729633
4936 0.06177496628056261
4972 0.014007045756818312
5056 0.040609045649809036
5139 0.032362015269779255
5191 0.0520776534872549
5224 0.011636795537546579
5235 0.02878302564745852
5313 0.02520403602513778
5337 0.01922694585913042
5348 0.049538319938588656
5351 0.024025371180986223
5401 0.01951637750997894
5410 0.047568659816247603
5429 0.05565664310957564
5433 0.01834691211897623
5473 0.016922047680614404
5684 0.03626201752296019
5777 0.02390361925762273
5805 0.03533201347427364
5807 0.01989204588510879
5904 0.1865083679830734
5950 0.03676654766839238
6008 0.05437345077254825
6031 0.040609045649809036
6061 0.03913448021021943
6079 0.013073102018489328
6083 0.03984100714528093
6085 0.047568659816247603
6150 0.03708469811664836
6162 0.010118309458577508
6178 0.02899573171094004
6214 0.01424670412978208
6218 0.04459866161175322
6233 0.03578477294638761
6258 0.014126061598049197
6295 0.026087460153079892
6321 0.06177496628056261
6385 0.03848033844076624
6409 0.060384387568826456
6476 0.032683027900639455
6534 0.029213690303286657
6556 0.04145033664526062
6560 0.048548063952902454
6584 0.012424025887337197
6649 0.032362015269779255
6666 0.028574575064589974
6791 0.015367714461333
6807 0.02779019660403735
6923 0.020284416014507044
6932 0.014703726762808355
6937 0.031183350425627702
6996 0.06177496628056261
7002 0.050130054509281444
7006 0.03578477294638761
7026 0.029901847045458892
7042 0.012967389683163815
7150 0.016867391936344747
7235 0.02966644977540063
7254 0.02298571510733173
7262 0.008867021019836847
7270 0.05565664310957564
7282 0.013471919828596003
7378 0.03578477294638761
7408 0.030143694351973206
7425 0.017845962129544184
7471 0.023548126604413647
7507 0.025656761825333517
7509 0.08476068138789435
7536 0.01834691211897623
7537 0.005222240724016016
7547 0.027244030180945615
7552 0.09757146176943217
7616 0.03449072247882206
7715 0.06177496628056261
7844 0.02899573171094004
7854 0.022877408539953056
7861 0.05446712641639274
7889 0.03336235335193259
7929 0.0520776534872549
7969 0.047568659816247603
7986 0.020125368927805292
8005 0.02966644977540063
8036 0.0506905380602348
8043 0.0317530238519529
8045 0.05097759721422793
8061 0.03372268397429395
8112 0.03748442271780644
8113 0.13282352364826236
8156 0.015506723231830059
8220 0.03336235335193259
8222 0.020125368927805292
8223 0.03578477294638761
8252 0.02117420644239865
8258 0.02943716741691171
8391 0.03578477294638761
8455 0.021304033771956846
8473 0.01670542639218631
8511 0.06177496628056261
8515 0.015695540581143884
8556 0.014410169440233713
8558 0.030143694351973206
8570 0.06177496628056261
8586 0.02095091170409767
8662 0.0869871951328201
8708 0.03309275861096911
8716 0.02593394542287221
8720 0.049538319938588656
8754 0.017968559579465856
8774 0.022664702476471538
8802 0.06177496628056261
8811 0.025783055005006543
8813 0.06177496628056261
9027 0.013583890139722344
9034 0.030648224497405396
9103 0.04341999676760167
9133 0.06177496628056261
9165 0.03336235335193259
9230 0.020046907304539816
9261 0.047568659816247603
9273 0.012862928410769648
9291 0.018878012106651056
9294 0.05565664310957564
9333 0.12820907437543677
9338 0.010773268562148861
9381 0.22227116696367033
9423 0.03205226859385919
9433 0.03092028662217124
9443 0.049538319938588656
9445 0.005413656679498048
9470 0.021671873433050368
9473 0.023095367132299673
9485 0.026564704729652472
9548 0.1766600673713682
9563 0.04870989788869347
9579 0.10195519442845585
9582 0.03682315631086286
9599 0.0317530238519529
9641 0.09439077660331313
9675 0.013108622688143435
9715 0.032683027900639455
9728 0.06177496628056261
9814 0.023432740980999647
9865 0.018608468277578217
9898 0.010297671570350804
9906 0.026897833868245468
9919 0.2223215728322988
9922 0.022877408539953056
9925 0.030648224497405396
9949 0.05186789084574442
9981 0.0317530238519529
10016 0.030143694351973206
10135 0.026243692098792275
10141 0.01922694585913042
10202 0.03626201752296019
10228 0.06182346571300263
10259 0.04459866161175322
10294 0.06177496628056261
10306 0.02943716741691171
10312 0.03395408792262539
10345 0.06177496628056261
10360 0.03787134702293988
10364 0.01841157815543143
10452 0.03533201347427364
10456 0.03730167359661469
10461 0.03626201752296019
10560 0.048548063952902454
10624 0.02779019660403735
10630 0.06472403053955851
10705 0.08290067329052124
10752 0.03787134702293988
10873 0.05887433483382342
10874 0.03626201752296019
10951 0.029613772262814055
10963 0.03618576762145927
10984 0.06177496628056261
10985 0.020695042354130493
10988 0.020908731529992303
11036 0.021131549945066868
11056 0.10897612072378246
11103 0.028656116775357007
11106 0.0629735313458514
11129 0.029901847045458892
11139 0.05413846975016931
11166 0.06177496628056261
11217 0.010749068765357764
11286 0.05565664310957564
11319 0.011067096318577963
11332 0.01674945665775472
11472 0.03984100714528093
11634 0.011196094639025683
11730 0.15071847175986602
11770 0.018155708805464247
11784 0.04145033664526062
11826 0.059803694090917785
11893 0.012600022889036444
11902 0.06177496628056261
11929 0.02363885408426129
11960 0.021214420063193594
11974 0.02563470068096592
11977 0.01131148026243968
11991 0.023665040558624877
12006 0.018683640280197276
12021 0.03932586806443031
12091 0.03533201347427364
12098 0.21562271495359028
12104 0.034098352349423794
12105 0.052115766245330805
12113 0.022457001728971793
12157 0.0824454986834053
12177 0.010831179817912972
12192 0.04238034069394717
12265 0.08459708827852741
12275 0.01670542639218631
12291 0.04491400345794359
12296 0.03787134702293988
