291
33 0.21574335708313727
47 0.03993977644758553
84 0.01511072100822076
210 0.011854733074939993
230 0.013777090300504108
326 0.03621146739938184
330 0.030005783965213546
344 0.005913828859429719
403 0.03416872706194133
495 0.017397423417752078
505 0.07910795331557587
545 0.03993977644758553
587 0.012427228915198188
619 0.5924440213710039
636 0.028851116337375058
642 0.047383314185493956
674 0.009073101899396956
682 0.020908984880340088
696 0.02514126531602708
804 0.04980545053529116
836 0.027188577667057796
854 0.0214175282814136
938 0.016072264410216093
942 0.016037763628666844
952 0.007328668429598264
958 0.014099579498748623
979 0.00940638056859226
989 0.11981932934275659
1064 0.0593309649866819
1106 0.041817969760680175
1240 0.04980545053529116
1465 0.01710391462285156
1536 0.010921656897930145
1543 0.041740543599818575
1612 0.1399260752097156
1632 0.03989435488472956
1725 0.029642662416599602
1729 0.018273190356142326
1759 0.01235309720799417
1814 0.024414221940221977
1850 0.0315517844151005
1886 0.035006939403732715
1901 0.020550089699199928
1916 0.0214175282814136
1958 0.009937526350161255
2036 0.03705425175476343
2052 0.054982913096579634
2100 0.037240818880513823
2105 0.016162619103783856
2118 0.033418920571815364
2161 0.022405568884363833
2181 0.0636602437670027
2224 0.028851116337375058
2227 0.01511072100822076
2260 0.03993977644758553
2274 0.022405568884363833
2279 0.024709825372746786
2282 0.035006939403732715
2335 0.04198708879861625
2363 0.027807801052348577
2371 0.024503533260899896
2382 0.04941238883197668
2419 0.018188969496976626
2447 0.04487261349143835
2455 0.03671683974464131
2456 0.050055514572674945
2464 0.015675825657111623
2644 0.013468583439903498
2656 0.023437052875948865
2665 0.02225574062320498
2681 0.02225574062320498
2701 0.028973943952021474
2704 0.015675825657111623
2726 0.025367207452895835
2757 0.0376196843899746
2832 0.017861712780904017
2841 0.016753273283542057
2895 0.012390066535499346
2984 0.019079702959370292
3025 0.024922276359526475
3034 0.03835175761566818
3049 0.023918279293522242
3133 0.021686110327394873
3140 0.04980545053529116
3239 0.01935930210482805
3286 0.02355324648410973
3332 0.012654373075469969
3342 0.016162619103783856
3361 0.026804734640601423
3407 0.032579408516836064
3453 0.04511723900887401
3472 0.014844151285041152
3591 0.02666831412134506
3593 0.04980545053529116
3596 0.02271503414231835
3721 0.012616008672368104
3737 0.016037763628666844
3738 0.030074102359879895
3741 0.022558619504437005
3814 0.05896103107104836
3827 0.023733422678425587
3877 0.030533395878993265
3882 0.02043437040904302
3918 0.0193684777576684
3933 0.011198362231672311
3939 0.023206027399995145
3988 0.023918279293522242
4016 0.030074102359879895
4081 0.010016746977580286
4096 0.030533395878993265
4320 0.011104926584814026
4356 0.009604076046165679
4381 0.01334035331228951
4382 0.016037763628666844
4448 0.03778482748286621
4453 0.03760117126914555
4552 0.024780133070998692
4624 0.007994290377005237
4683 0.023918279293522242
4738 0.030074102359879895
4790 0.09094484748488313
4800 0.025841821924192904
4827 0.01782427694580786
4861 0.038923560256793305
4872 0.01182043623968924
5005 0.01876410071686063
5272 0.03835175761566818
5312 0.013732190596104633
5340 0.017703560060332222
5360 0.04198708879861625
5401 0.015734884747434816
5433 0.014792014938007707
5473 0.013643232193521536
5525 0.021158715048964424
5556 0.021158715048964424
5622 0.014896672405643437
5626 0.031024389136670057
5634 0.06204877827334011
5667 0.12192301624303827
5669 0.09961090107058232
5672 0.05437715533411559
5673 0.03212141471091061
5698 0.09961090107058232
5700 0.016891463636071868
5752 0.01511072100822076
5763 0.04980545053529116
5802 0.013271019619412832
5999 0.024922276359526475
6034 0.06001156793042709
6057 0.009190346388775451
6074 0.015501533365190204
6088 0.024303052974235698
6089 0.057702232674750116
6100 0.03416872706194133
6136 0.025841821924192904
6199 0.02609155209281724
6250 0.035006939403732715
6289 0.04019618299095506
6409 0.012171077578998744
6410 0.009833252256955437
6457 0.02635036532526642
6584 0.010016746977580286
6597 0.09961090107058232
6621 0.03934618962322981
6646 0.019882421065285916
6657 0.02384765324584037
6673 0.024108065995092947
6825 0.09493369071370235
6872 0.17894178958757326
7083 0.021686110327394873
7105 0.03416872706194133
7122 0.04980545053529116
7150 0.013599166544738682
7262 0.0071489472740971435
7282 0.0108616010179785
7328 0.022405568884363833
7351 0.20749863691619722
7352 0.15512194568335028
7396 0.018444682498690346
7443 0.024303052974235698
7451 0.03835175761566818
7463 0.028851116337375058
7470 0.016225878005111608
7482 0.015275591228321445
7483 0.007837885972626588
7488 0.020208428272174263
7537 0.00842075901367838
7542 0.016315572199624713
7552 0.009833252256955437
7560 0.023206027399995145
7561 0.0376196843899746
7580 0.015056602271820844
7647 0.04198708879861625
7662 0.04198708879861625
7854 0.018444682498690346
7939 0.028851116337375058
7986 0.016225878005111608
7990 0.02635036532526642
8012 0.030074102359879895
8021 0.03416872706194133
8100 0.015444371776422224
8166 0.035054634735221746
8216 0.03274063809620139
8324 0.009749167360112915
8374 0.0454300682846367
8383 0.025367207452895835
8412 0.016822033041060395
8543 0.025367207452895835
8568 0.04198708879861625
8586 0.016891463636071868
8589 0.04980545053529116
8625 0.017703560060332222
8746 0.029642662416599602
8774 0.018273190356142326
8786 0.018358419872320654
8811 0.020787330985635778
8869 0.023377519542543163
8890 0.008557344529595548
8896 0.0214175282814136
8915 0.04980545053529116
8923 0.02355324648410973
8985 0.021965227652192387
9003 0.03835175761566818
9036 0.0315517844151005
9040 0.05437715533411559
9076 0.024709825372746786
9099 0.012064059328611003
9151 0.017703560060332222
9198 0.09961090107058232
9338 0.020266960806691676
9532 0.04487261349143835
9549 0.018892413741433106
9563 0.013090623143665173
9614 0.12220472982657156
9626 0.034794846835504156
9632 0.01998943931567366
9663 0.023733422678425587
9710 0.03705425175476343
9765 0.12409755654668023
9821 0.01250214097049813
9849 0.01382227508430117
9898 0.016604790027612136
9923 0.013298118294909853
9951 0.04198708879861625
9978 0.02635036532526642
10071 0.03212141471091061
10132 0.043930455304384775
10266 0.040641005414346086
10276 0.019570696217047077
10306 0.023733422678425587
10312 0.013687572396404099
10318 0.013311237993529188
10319 0.03993977644758553
10392 0.007702327978011263
10428 0.016891463636071868
10559 0.02514126531602708
10571 0.017322903579352164
10619 0.01987505270032251
10624 0.022405568884363833
10901 0.026898064696045203
10951 0.003979301429051113
10960 0.011198362231672311
10988 0.00842872814566294
11007 0.03705425175476343
11036 0.005679033805501346
11080 0.009781682614333135
11253 0.1494163516058735
11276 0.013511845454837529
11300 0.03831216904943821
11319 0.008922736044255393
11332 0.0135040824024422
11459 0.03993977644758553
11601 0.04980545053529116
11608 0.03835175761566818
11611 0.02355324648410973
11766 0.04198708879861625
11780 0.020550089699199928
11875 0.10185382370020012
11876 0.02009809149547753
11893 0.021768520296716
11977 0.009119768161963792
12011 0.0315517844151005
12051 0.012064059328611003
12064 0.33350883280723775
12087 0.02271503414231835
12089 0.01511072100822076
12129 0.018985442249669426
12175 0.017625782460584192
12177 0.008732530718185855
12265 0.0045470372540552285
12291 0.01810573369969092
