90
50 0.09407448751630071
210 0.048406993258470594
344 0.024148217587059616
362 0.18297944206442432
374 0.09868957334375823
435 0.03648434766772833
445 0.11490075844168773
547 0.05151554597573431
628 0.04999376025849337
641 0.0775241558944576
744 0.05464678663150779
1413 0.05412939373963978
1450 0.07427188096541193
1524 0.09435384233853987
1575 0.05607330451116337
1664 0.061481337459063284
1872 0.09407448751630071
1895 0.0469024024922827
1896 0.0786944939145339
2049 0.14786400058105714
2080 0.04122898444483698
2105 0.06599758839361751
2181 0.064986722420941
2373 0.028405230116094374
2578 0.11325366978700094
2644 0.054996904920177433
2851 0.08537864865837222
2904 0.09027873471003765
3239 0.03952537777751063
3246 0.10759769524923407
3270 0.051204746580667884
3278 0.06651652122700476
3350 0.07829912092533636
3400 0.12947881264045003
3472 0.060613826278525636
3582 0.11102040742012516
3744 0.12280300711845676
3759 0.04757666630108948
3765 0.05230740604571213
4431 0.04854771734186652
4827 0.07278271459158953
4941 0.07149725135296467
4988 0.07326393715739489
5313 0.08297567151758398
5627 0.064986722420941
5802 0.02709509160556109
5971 0.17599678287053427
6066 0.04812757315916788
6165 0.3664609375915464
6410 0.040152584853851044
6452 0.03356267319214421
6554 0.08206748927871838
6621 0.08033208018257434
6712 0.10089880073006992
6751 0.13369139883471132
6772 0.0601895929568022
6828 0.065741556196126
7025 0.04771341698372284
7042 0.04269069706603969
7272 0.032978962705850615
7623 0.20337295602154531
8312 0.06237554544114034
8723 0.0681313514512576
8942 0.11676654052512571
8956 0.08639838368847506
9082 0.1468258453657915
9099 0.09852349013650283
9211 0.10176631191060756
9338 0.011822434476922782
9370 0.2744691630966365
9385 0.23608348174360166
9409 0.11490075844168773
9448 0.11102040742012516
9652 0.09691180934504474
9658 0.048974025228390526
9795 0.09211467988090596
9975 0.34289573819488317
10127 0.08799839143526714
10216 0.0775241558944576
10276 0.0799139511495892
10298 0.06214940059219696
10312 0.05589111290225447
10749 0.033731624054283815
10925 0.064986722420941
11129 0.09844160815110851
11145 0.13097552023249592
11217 0.03538763387358601
11300 0.05214729838762253
11332 0.027570929757950703
11629 0.07390763228111726
