79
36 0.0826088010117518
291 0.1198293501049011
373 0.05477328824622936
428 0.11313440878458812
938 0.028814949226914948
979 0.03372821297299465
1450 0.06521971256422845
1575 0.049239156935417014
1664 0.05398806526808958
1702 0.06521971256422845
1872 0.0826088010117518
1895 0.12355798059872647
2049 0.06492125614123372
2274 0.08033906278852823
2373 0.024943234497523753
2578 0.04972522369395791
2624 0.10483036677014991
2644 0.0965878952893779
2656 0.04201881398987683
2720 0.2396587002098022
2904 0.07927567003712863
2957 0.06807560409807806
3278 0.1168191336696569
3350 0.06875611731390437
3944 0.30110401398052405
4131 0.10214180523438302
4515 0.20428361046876603
4624 0.009554972692468437
4882 0.09014837798726555
5005 0.03364097277427679
5051 0.056420165014270905
5161 0.15055200699026203
5219 0.08033906278852823
5237 0.10345069383911425
5313 0.07286269548930428
5977 0.16641849193676045
6068 0.044031106070557276
6221 0.10783592285778365
6584 0.0359167878540332
6712 0.2658041251744415
7035 0.050556493722072854
7272 0.05791905201225861
7385 0.10628891992866528
7507 0.037085743375711265
7833 0.0774652402875056
7952 0.02088608576657128
8697 0.13751689497541922
8723 0.05982758347446149
8942 0.025633793405994813
8961 0.05772905361900214
9197 0.3217971149386759
9370 0.16067812557705646
9371 0.09748937237870774
9385 0.13820660542806168
9410 0.17858610233985603
9444 0.060818687981284834
9445 0.03130082957574634
9670 0.12552346772830175
9703 0.11739725035871978
9921 0.06676671549334681
9958 0.17858610233985603
10144 0.07129187759506939
10392 0.027618036133647328
10490 0.062114282637671527
10848 0.05910872655003778
10890 0.09355579644745614
10997 0.0701741339535374
11036 0.02036316309722218
11207 0.11313440878458812
11217 0.03107463120044375
11450 0.14321101259881985
11768 0.060071774173033846
11852 0.2998912025515794
11893 0.0052036542877864495
12029 0.05537848024654556
12086 0.10483036677014991
12175 0.06320030752649282
12177 0.03131200717517531
12180 0.052304967438934216
