238
110 0.06776183694046582
194 0.15619606427292987
230 0.023351353975317114
291 0.05664309565546749
343 0.04580355927029757
344 0.020047180940802323
347 0.03111643689018788
352 0.02974425653308724
373 0.025891224502007603
428 0.05347841019833824
435 0.030288294221517662
456 0.034409921374422135
478 0.03543949386667732
479 0.0296152480113045
482 0.04955310604089203
493 0.02093776982682755
496 0.0207517170615147
542 0.060945373674527376
547 0.1496837245650854
576 0.025159959291801336
587 0.04212683738023707
628 0.0207517170615147
641 0.032179202769234215
711 0.03515513471536364
742 0.04955310604089203
744 0.04536624765309017
862 0.03823552707811797
883 0.04955310604089203
887 0.021254380701800902
938 0.013620769235072615
1184 0.021254380701800902
1413 0.20221525086522132
1416 0.1314010835285428
1450 0.03082922851675042
1524 0.026109981589065787
1548 0.052584506365023764
1572 0.045590630261409366
1575 0.023275251629469758
1595 0.03082922851675042
1632 0.04507904945628731
1702 0.03082922851675042
1710 0.035862771746016556
1729 0.030971977896451567
1895 0.13627976105314968
1918 0.03797611532080811
1965 0.08441729566853283
2049 0.030688148758728863
2080 0.05134074025492987
2274 0.03797611532080811
2298 0.032831371421884824
2299 0.04466231219132705
2318 0.041881693910808544
2333 0.045117542888834634
2356 0.04968663975760356
2373 0.02358123475364167
2381 0.03463505038265223
2422 0.05791397335039564
2473 0.03797611532080811
2541 0.027183061684059845
2578 0.04701002884052487
2596 0.05702470399165609
2679 0.02899012462066792
2720 0.11328619131093498
2777 0.2030866831485769
2806 0.03156049372695668
2942 0.08306408194193128
2957 0.12871681107693686
3112 0.027829404602810703
3148 0.04380036117618093
3278 0.16566051698636172
3332 0.021448414619900488
3350 0.13000352005583446
3389 0.041881693910808544
3407 0.027610086164393623
3456 0.036301444881823436
3472 0.025159959291801336
3513 0.04299591769215583
3520 0.03027454772050626
3548 0.06500176002791723
3580 0.03722976295190577
3591 0.015067072204394525
3668 0.03823552707811797
3688 0.0893246243826541
3725 0.05543849385147956
3749 0.03352082660130494
3765 0.0434241587298076
3819 0.10748972157656485
3827 0.04022674903926964
3891 0.0589070500940122
3918 0.010942808440613955
3944 0.14233126901892848
3988 0.08108014015747564
3992 0.07605642835902923
4078 0.029487604684679692
4124 0.04086174732346222
4131 0.04828222834596389
4410 0.052742989733096914
4515 0.19312891338385557
4543 0.08441729566853283
4547 0.028395808269827433
4580 0.09910621208178406
4624 0.018066466411812178
4683 0.04054007007873782
4699 0.0731610854178576
4790 0.03082922851675042
4791 0.03111643689018788
4827 0.015105548096045139
4872 0.020034940960323825
4886 0.04955310604089203
4941 0.04451627732384843
4945 0.046596394387621566
4988 0.0608216900205886
5001 0.032303184520301065
5005 0.031804041950126545
5041 0.035030567186895296
5044 0.08441729566853283
5051 0.026669699877391692
5108 0.03962351425415599
5207 0.05791397335039564
5312 0.023275251629469758
5389 0.01941333270356173
5802 0.011246797037214313
5842 0.017962051918046836
5977 0.11799853561786552
5998 0.05436612336811969
5999 0.042241785779736515
6066 0.019977088658513706
6162 0.11061572318484096
6221 0.05097382643051841
6265 0.07605642835902923
6281 0.025520051160729307
6409 0.04125851462232863
6452 0.06965700262495624
6712 0.2512901634648513
6732 0.025429015394235963
6804 0.12162021023621346
7017 0.12258524197038666
7042 0.053160950212148894
7185 0.03747345168052191
7220 0.01991951250239344
7272 0.027378220782574184
7461 0.03823552707811797
7488 0.03425209181151121
7536 0.02507159126430039
7537 0.02140903342217889
7634 0.05549344693880511
7660 0.022118708267403912
7833 0.05492649770366426
7861 0.04962061270391686
7952 0.08885530111092764
7986 0.02750190443651295
8092 0.01952399569815037
8166 0.019805178169531146
8200 0.11316649581434945
8224 0.037023126169275215
8324 0.008262131300042164
8337 0.039332845205955175
8339 0.03543949386667732
8380 0.08697037386200375
8416 0.06769556104952563
8444 0.030006488204332785
8455 0.029112584371018303
8483 0.026081184046886568
8515 0.042896829239800975
8532 0.0908236431615188
8571 0.06888410271278035
8697 0.0650039629649711
8719 0.032500880013958615
8723 0.02828037981189704
8786 0.03111643689018788
8837 0.023660657635296047
8838 0.04299591769215583
8961 0.05457681783933845
8970 0.11328619131093498
9099 0.04089573540086532
9117 0.035649276229172834
9197 0.07605642835902923
9338 0.009814657428242493
9370 0.22785669192484867
9385 0.06532998772526065
9444 0.02874887294263183
9445 0.022193759903592725
9470 0.0296152480113045
9503 0.04086174732346222
9702 0.04380036117618093
9758 0.047132579629301515
9922 0.06252529388930478
9990 0.07605642835902923
10004 0.020034940960323825
10105 0.02750190443651295
10106 0.03722976295190577
10127 0.036526912788538354
10318 0.01504117456137631
10385 0.04955310604089203
10491 0.05024256122031215
10500 0.09780187477648285
10628 0.02828037981189704
10651 0.15211285671805846
10672 0.1004851224406243
10749 0.014001529686516448
10750 0.025891224502007603
10760 0.07028381854169438
10876 0.04022674903926964
10878 0.06769556104952563
10881 0.026081184046886568
10934 0.032179202769234215
10951 0.07419148865195688
11036 0.03850250691184097
11066 0.07605642835902923
11106 0.02151379245911076
11125 0.03233896910234078
11189 0.032664993862630325
11207 0.05347841019833824
11217 0.014688916413251232
11312 0.08441729566853283
11319 0.007561755176639316
11325 0.06280476719996063
11417 0.060945373674527376
11497 0.012893513392297296
11736 0.05000034459504497
11768 0.056791616539654866
11852 0.10631848160003196
11893 0.027057327445683732
11957 0.019805178169531146
11977 0.030914936300454013
12016 0.03747345168052191
12021 0.1433065261091602
12029 0.02617729755784764
12039 0.04466231219132705
12052 0.02974425653308724
12072 0.03352082660130494
12086 0.04955310604089203
12139 0.059334693740022024
12177 0.044403370694295306
12180 0.04944890832347903
12200 0.035030567186895296
12204 0.009625626727960242
12275 0.022828453076174787
