132
326 0.0550406358945207
450 0.04107541722849058
496 0.07443835807424275
571 0.04560813323978027
576 0.04512556848536212
646 0.07448966579937558
650 0.10930838964083912
938 0.02442948924567108
942 0.048754097629465726
975 0.10355543999886353
979 0.0285949841386444
1013 0.10641955954180934
1057 0.057714911281299984
1159 0.08176893628053077
1347 0.046777828343729864
1524 0.02341473904397118
1684 0.05580879077042781
1814 0.03710908165192764
1895 0.0349177358655439
1958 0.06041928801159469
2105 0.04913365279466018
2107 0.06109731616102504
2154 0.05072218922109571
2192 0.15711600921257607
2290 0.15140638396345785
2320 0.27282155164581673
2333 0.08092043186193905
2373 0.0211470259451416
2624 0.08887582266634861
2630 0.0180231823032929
2677 0.03979491988745866
2720 0.1015920519814448
2806 0.11321045511959256
3112 0.049913344006093416
3269 0.03894163392624621
3332 0.038468738824555815
3361 0.10864695601024071
3362 0.05660522755979628
3581 0.06592482372138955
3589 0.12354687296855875
3698 0.19529538220815792
3918 0.01962644080549186
4048 0.0474165722920191
4081 0.030450471236630906
4145 0.07160083570034578
4169 0.07023425961393942
4356 0.02919596971479355
4861 0.0215138027378202
5119 0.08453449488079653
5297 0.04094390260160263
5469 0.07511678476646114
5882 0.2556912111312031
5994 0.15140638396345785
6014 0.06282896726261543
6055 0.039182015171541136
6057 0.05587649942490294
6074 0.047123981160441086
6155 0.10811419764977011
6281 0.04577141016196716
6698 0.05633647765033836
6794 0.22723039688590205
6932 0.036037868314369524
7035 0.25717261757905546
7102 0.04729915693130971
7262 0.02173248598864702
7272 0.049104124637197016
7282 0.033018790443842407
7467 0.060441687517729915
7483 0.023826829398770823
7484 0.01713276487934207
7561 0.07624145976147226
7636 0.1038714308068981
7835 0.03766525854188094
7911 0.04932595707864109
7952 0.03541470114006132
8124 0.06012117662591163
8163 0.12141516768235885
8201 0.053116338021285625
8222 0.04932595707864109
8252 0.025948294461053126
8312 0.04643712697961131
8324 0.05927408188400348
8753 0.04610170802047553
8763 0.06811194616183514
8981 0.06393865098411913
9040 0.08265208296352947
9230 0.04913365279466018
9338 0.04400762246889309
9388 0.1318496474427791
9444 0.051562453651204834
9632 0.06076701830251666
9636 0.06677332813998127
9638 0.11776921277049916
9782 0.10641955954180934
9987 0.14033348503118961
10318 0.013488526449858946
10460 0.03942509738622058
10490 0.052660866682430446
10619 0.06041928801159469
10749 0.025112400995601653
10750 0.04643712697961131
10760 0.042019109679157236
10845 0.12089418277499281
10862 0.11430591056731838
10914 0.04951998608773948
10944 0.09142395140125983
10951 0.024193803433073483
10959 0.040683247767823616
10981 0.04215734714310968
10997 0.05949405765882607
11036 0.017264013549840834
11071 0.051562453651204834
11115 0.10641955954180934
11145 0.048754097629465726
11177 0.08010395422861824
11178 0.11264329924462847
11497 0.02312512174018662
11607 0.06953888674024702
11770 0.1334953485548297
11781 0.11264329924462847
11852 0.1906871893972156
11861 0.10442957435534175
11875 0.03870389428655906
11893 0.008823379521552575
11921 0.058586200419743405
11929 0.028968639186970856
12105 0.042577439750450904
12177 0.026546510164655188
12180 0.04434446958355527
12204 0.08632006774920417
12265 0.013822793710013938
12304 0.23134383728395164
