32
373 0.11736322943933232
1698 0.11054480709298267
1702 0.13974687908516764
2002 0.12767484433570547
2656 0.09003409992282191
2679 0.13141034125544993
3278 0.1251547170779892
3350 0.294648732257732
3407 0.1251547170779892
4624 0.040947056066874946
5312 0.10550519528482866
5802 0.050980996323052884
5804 0.3225891726550935
6066 0.09055483797520776
6712 0.18984698276363768
7176 0.06525024512581314
7467 0.15275776304934402
7744 0.20451487481368952
7952 0.04475280842903247
8532 0.13723254726783135
8838 0.19489768638280724
9082 0.27626139788308496
9370 0.3442865002591863
9433 0.09576612051218546
9445 0.03353428797834361
9448 0.2088913765217745
9503 0.18522363150663904
9593 0.27626139788308496
10490 0.13309284576622848
11066 0.34475882170597033
11893 0.011149917992051332
12021 0.08119989024948829
