262
26 0.03046009071427847
76 0.07879997770205092
101 0.07001414485485999
103 0.08617580276409724
193 0.036892072548952104
230 0.02515116010182303
236 0.023823508198583494
247 0.040361718801444214
269 0.05266997822400067
343 0.024666934809396853
344 0.021592317857255523
373 0.02788679120579316
399 0.06564273970467498
435 0.016311382585817852
495 0.03176036247095493
547 0.06909454326936675
594 0.023457515693840587
609 0.06764544602739604
711 0.01893235875234212
740 0.04810466089585345
744 0.024431426099486578
862 0.04118253117724302
938 0.014670590326514235
952 0.013379059655234851
979 0.01717208630407863
1020 0.04810466089585345
1184 0.022892562566656595
1274 0.04473312395162923
1373 0.035182648990396505
1413 0.07260033193960183
1450 0.1992323519381573
1468 0.03246279703699952
1524 0.01406120450009853
1532 0.06764544602739604
1575 0.05013838433195705
1587 0.06244907823991125
1605 0.047176274987062713
1610 0.07291319792158786
1622 0.023242769073423795
1643 0.12475538826640842
1664 0.02748700967098851
1691 0.061008863511701046
1698 0.07879997770205092
1702 0.033205391989692884
1872 0.12617615954803804
1884 0.07665072737055498
1895 0.10484537618886179
1918 0.04090312525297447
1971 0.018730146503120052
2002 0.0606738881203407
2046 0.20075125008160782
2049 0.1322137540247483
2061 0.06237769413320421
2080 0.03686521930056709
2163 0.043664696880841736
2373 0.02539875894624482
2405 0.09179470778422208
2473 0.08180625050594895
2578 0.05063332785795358
2591 0.07665072737055498
2627 0.037948904907023934
2641 0.05200358216854212
2644 0.0491759132085213
2656 0.04278618027032261
2679 0.031224539119955624
2780 0.051369706467324215
2828 0.020443489533976043
2895 0.022619039311601336
2904 0.040361718801444214
2942 0.04473312395162923
3046 0.057600259852645434
3276 0.047176274987062713
3278 0.0594762683380001
3350 0.1050176581895756
3363 0.08472885024833056
3407 0.02973813416900005
3429 0.04009924775865531
3432 0.056637458361516034
3531 0.07291319792158786
3548 0.03500588606319187
3561 0.11129001968992035
3604 0.03839694498664991
3605 0.03448958469142639
3670 0.028943623563864998
3725 0.029855708498452472
3791 0.03465941553768279
3891 0.021149104096300275
3977 0.040361718801444214
3990 0.05574111161750923
4033 0.030214953729745572
4101 0.01993834222070606
4124 0.04401116740635081
4131 0.05200358216854212
4174 0.051369706467324215
4320 0.02027291542419728
4336 0.059770605594657154
4378 0.047176274987062713
4429 0.03500588606319187
4574 0.20075125008160782
4624 0.0048647349279831815
4662 0.05076532425149822
4676 0.02458795660426065
4712 0.032903241749711945
4827 0.03253961710237489
4861 0.012919639176980689
4907 0.057887247127729996
4941 0.031964913591812714
4955 0.06237769413320421
4956 0.06764544602739604
4972 0.02061633298888028
4988 0.06550952313036067
5001 0.034792953184967945
5005 0.08563834797526616
5051 0.057450535176064826
5312 0.05013838433195705
5313 0.03709667322997345
5337 0.056598532634628156
5389 0.04181923150609149
5517 0.14002828970971998
5521 0.07001414485485999
5802 0.036340932506271684
5839 0.0952643540367142
5842 0.03869295493748074
5845 0.05063332785795358
5927 0.18199028942922554
5977 0.08472885024833056
5996 0.07001414485485999
6066 0.021516823210752087
6230 0.03109396641549637
6267 0.13529089205479208
6287 0.06237769413320421
6371 0.06764544602739604
6384 0.037948904907023934
6409 0.04443851555359337
6436 0.02145480937111953
6452 0.015005163530005456
6484 0.037948904907023934
6502 0.08665445323058933
6548 0.042677497495714735
6633 0.07001414485485999
6712 0.045109726399579685
6729 0.04473312395162923
6732 0.027388957320769913
6751 0.11954121118931431
6772 0.08072849381967678
6867 0.025484303348267453
7042 0.01908611054365557
7176 0.031008348537153646
7205 0.07015661509316413
7206 0.07298458202829489
7230 0.0335147369548947
7231 0.039099379552694505
7272 0.014744198878862457
7312 0.022219257776796685
7385 0.10823001548547725
7484 0.020577407261992395
7507 0.09440754931317112
7537 0.0076863783829646815
7542 0.029785358126788144
7763 0.05200358216854212
7861 0.02672256126531135
7952 0.08507006703856351
7966 0.0476321770183571
8036 0.07460909532094603
8166 0.04266332543402282
8224 0.01993834222070606
8324 0.00889893525357438
8413 0.047176274987062713
8483 0.028091391886814508
8532 0.16303979579376704
8560 0.03465941553768279
8603 0.10608555031118218
8708 0.024353862437847394
8776 0.027685362756440755
8786 0.0670294739097894
8890 0.015622104349743713
8942 0.07830578744645211
8961 0.02939166364349097
8962 0.040361718801444214
8996 0.03839694498664991
9027 0.01999350949992873
9033 0.056637458361516034
9112 0.04090312525297447
9151 0.03231923894941468
9160 0.03483149586446349
9265 0.04436713144688633
9287 0.038626895675198156
9338 0.0422844894704092
9370 0.24541875151784684
9371 0.09926976668215631
9385 0.21109589394237901
9409 0.051369706467324215
9433 0.022755081127795992
9546 0.026447104839396853
9658 0.08758101633532782
9664 0.01993834222070606
9675 0.03858796994831028
9731 0.045497572357306386
9795 0.04118253117724302
9798 0.039342225403329295
9813 0.04090312525297447
9820 0.05864016468423709
9933 0.056637458361516034
9995 0.042998300825383175
10004 0.021579134480009678
10110 0.029165712300744835
10129 0.06564273970467498
10135 0.038626895675198156
10143 0.061008863511701046
10144 0.07259384159027649
10145 0.05266997822400067
10218 0.023171968490925145
10230 0.06764544602739604
10318 0.00810023671245183
10325 0.05723490116281714
10334 0.02600060472003293
10385 0.05337241279004527
10392 0.01406120450009853
10460 0.023675871669673176
10500 0.05266997822400067
10501 0.03536185010372739
10563 0.07001414485485999
10628 0.03046009071427847
10640 0.07291319792158786
10645 0.04859497850948649
10647 0.032177249834084085
10672 0.05411500774273863
10844 0.07072370020745478
10845 0.024200110646533945
10861 0.061008863511701046
10890 0.0476321770183571
10951 0.007264527208028507
10960 0.020443489533976043
10979 0.027195045142807704
10988 0.015387305042092502
11084 0.03399301948222423
11103 0.021088816866376623
11129 0.04401116740635081
11136 0.04118253117724302
11145 0.02927819676735622
11207 0.057600259852645434
11217 0.015821064972184797
11319 0.008144577624898163
11332 0.012326381373852472
11497 0.013887281223497654
11507 0.07001414485485999
11634 0.016479022005108517
11768 0.09175324746950587
11795 0.045109726399579685
11893 0.013246714345347048
11904 0.06237769413320421
11921 0.035182648990396505
11926 0.05574111161750923
12010 0.056637458361516034
12024 0.025069192165978527
12029 0.028194913348768506
12109 0.04205871984934601
12156 0.03751580231077455
12180 0.02663009201562371
12198 0.05574111161750923
12265 0.041504867672062885
12275 0.02458795660426065
