256
26 0.029888705546681087
76 0.051547872979415175
101 0.06870078553931046
103 0.08455927522427212
193 0.036200033143878485
230 0.02467936243172246
236 0.023376615267354493
247 0.03960459408772592
269 0.05168196920534191
344 0.010593639338758312
373 0.027363677239510522
399 0.0644113813289061
435 0.01600540575337941
495 0.031164586174566113
547 0.06779843428675215
594 0.023017488227676134
609 0.0663765199142691
641 0.034009257396605985
711 0.018577216376694173
740 0.047202290315738665
744 0.023973129549176096
862 0.04041000926653962
938 0.014395392271751436
952 0.013128088759740498
979 0.016849963973489077
1020 0.047202290315738665
1184 0.02246313276549218
1274 0.04389399829813029
1373 0.034522675782224996
1413 0.07123845967132623
1450 0.19549505476886025
1468 0.0318538441320441
1524 0.013797437600476537
1532 0.0663765199142691
1551 0.04284561330097395
1575 0.04919786418041502
1587 0.06127762811616992
1605 0.04629131952048339
1610 0.07154545676135034
1622 0.02280676992860772
1643 0.061207583067187855
1664 0.026971395000798235
1691 0.05986442963494249
1698 0.07732180946912277
1702 0.03258250912814338
1872 0.0825395239324212
1884 0.07521287581863706
1895 0.10287863572812504
1918 0.040135844574228106
1971 0.018378797323001163
2002 0.05953573787457749
2046 0.2462318258545379
2049 0.12973362424737056
2061 0.061207583067187855
2080 0.01808684181088091
2163 0.04284561330097395
2373 0.02492231669683081
2405 0.09007277809649289
2473 0.08027168914845621
2578 0.04968352331549475
2591 0.07521287581863706
2627 0.0372370409275686
2641 0.05102807373057453
2644 0.048253447557516725
2656 0.04198357633148568
2679 0.03063881405808496
2780 0.05040608857745689
2828 0.020060000633591035
2895 0.022194740392429285
2904 0.03960459408772592
2942 0.04389399829813029
3046 0.0565197662179325
3276 0.04629131952048339
3278 0.05836058362546427
3350 0.13739691463925346
3363 0.08313946534617786
3407 0.029180291812732136
3429 0.0393470466041667
3531 0.07154545676135034
3561 0.10920238747802308
3605 0.033842612319803185
3687 0.04426353625455121
3725 0.029295660625839597
3791 0.034009257396605985
3891 0.0207523789354348
3977 0.03960459408772592
3990 0.05469549278786126
4033 0.02964816696069879
4101 0.01956432911883267
4124 0.04318558456418133
4131 0.05102807373057453
4174 0.05040608857745689
4336 0.05864939956098336
4378 0.04629131952048339
4574 0.19698546068363032
4624 0.0047734798687577825
4676 0.024126723778758363
4712 0.03228602676903418
4827 0.04789383475401458
4861 0.012677286313829944
4907 0.05680137004640127
4941 0.031365300226205366
4955 0.061207583067187855
4956 0.0663765199142691
4988 0.06428066369575894
5001 0.03414029007988134
5005 0.08403190227326197
5051 0.05637285014951474
5312 0.04919786418041502
5313 0.036400795826007686
5337 0.027768414942665295
5389 0.0410347660615516
5517 0.13740157107862092
5521 0.06870078553931046
5802 0.03565923165365382
5839 0.09347733904034032
5842 0.03796713370637631
5845 0.04968352331549475
5927 0.22322053404767078
5977 0.08313946534617786
5996 0.06870078553931046
6066 0.042226400392478027
6230 0.030510690699798733
6258 0.020401489806765417
6267 0.1327530398285382
6287 0.061207583067187855
6371 0.0663765199142691
6384 0.0372370409275686
6409 0.021802458153716998
6436 0.021052349642313128
6452 0.014723689388682586
6484 0.0372370409275686
6502 0.0850289469329666
6548 0.04187693228112084
6633 0.06870078553931046
6712 0.04426353625455121
6729 0.04389399829813029
6732 0.02687518196416174
6751 0.11729879912196672
6772 0.07921414954527127
6867 0.025006256415435222
7042 0.018728084017271763
7176 0.03042667888317871
7205 0.06884058325172639
7206 0.07161550181033238
7230 0.03288605125032528
7231 0.0383659344113707
7272 0.014467620039143545
7312 0.021802458153716998
7385 0.10619978431783836
7484 0.020191406267858734
7507 0.0926366066757128
7537 0.00754219356612471
7542 0.014613314960298263
7763 0.05102807373057453
7861 0.026221286489394362
7952 0.07303999624794748
7966 0.04673866952017016
8036 0.07320954169406652
8166 0.041863026065841566
8224 0.01956432911883267
8324 0.008732004706354496
8413 0.04629131952048339
8483 0.027564439921639722
8532 0.15998141616126663
8560 0.034009257396605985
8603 0.10409554606225191
8708 0.023897020864353
8776 0.02716602728278874
8786 0.06577210250065056
8890 0.015329057333047935
8942 0.076836889474229
8961 0.028840320549524755
8962 0.03960459408772592
8996 0.03767667645389272
9027 0.019618461543452308
9033 0.05557502542453812
9112 0.040135844574228106
9151 0.031712978976752335
9160 0.03417810975708547
9265 0.043534871258451936
9287 0.0379023136158022
9338 0.03111847236834636
9370 0.2809509120195967
9371 0.09740761621106635
9385 0.20713605469334997
9409 0.05040608857745689
9433 0.022328230270198153
9658 0.08593812911721285
9664 0.01956432911883267
9675 0.03786411807659466
9731 0.04464410680953416
9795 0.04041000926653962
9798 0.038604224841656716
9813 0.040135844574228106
9820 0.05754016400990113
9933 0.05557502542453812
9995 0.04219171782620657
10004 0.02117434260046065
10110 0.02861860771174746
10129 0.0644113813289061
10135 0.0379023136158022
10143 0.05986442963494249
10144 0.07123209107112409
10145 0.05168196920534191
10218 0.022737297457803694
10230 0.0663765199142691
10318 0.007948288540171662
10325 0.05616126110376092
10334 0.025512872755445403
10385 0.0523712271628199
10392 0.013797437600476537
10460 0.0232317481761194
10500 0.05168196920534191
10501 0.03469851535408397
10563 0.06870078553931046
10628 0.029888705546681087
10640 0.07154545676135034
10645 0.04768341031356453
10647 0.06314730672434332
10672 0.05309989215891918
10844 0.06939703070816794
10845 0.02374615322377541
10861 0.05986442963494249
10890 0.04673866952017016
10914 0.029180291812732136
10951 0.0071282556803035635
10960 0.020060000633591035
10979 0.026684907284962863
10988 0.015098662504786246
11084 0.033355361921838605
11103 0.02069322260263477
11129 0.04318558456418133
11136 0.04041000926653962
11145 0.028728982140131785
11207 0.0565197662179325
11319 0.0079917976842583
11332 0.012095157128552822
11497 0.013626776861124217
11507 0.06870078553931046
11634 0.016169900511067266
11768 0.09003209551448585
11795 0.04426353625455121
11893 0.012998226047418812
11904 0.061207583067187855
11921 0.034522675782224996
11926 0.05469549278786126
12010 0.05557502542453812
12024 0.02459893209020751
12029 0.02766601947775886
12109 0.0412697619662106
12156 0.03681206268005691
12180 0.02613055182277891
12198 0.05469549278786126
12265 0.04072629921692063
12275 0.024126723778758363
