122
68 0.028718502388995534
76 0.026655783492928495
141 0.05491668800577771
210 0.02196235508534102
319 0.03588571397209223
371 0.08313205070720005
476 0.057476507165370595
628 0.022682274624778707
674 0.016809040269432356
705 0.30558788293754346
706 0.17942856986046116
785 0.08793818518882282
836 0.05037019334088369
938 0.01488792601955914
952 0.013577262122739134
1027 0.0739933617084376
1536 0.04046743277917628
1734 0.03943669129408625
2126 0.043635293973010546
2146 0.0515173810319884
2181 0.029484613225619967
2373 0.02577502580089798
2581 0.2333587810115131
2622 0.0788733825881725
2625 0.042378692033225945
2704 0.0290414003555392
3008 0.04657729471215024
3095 0.5064142477470367
3112 0.06083681615105427
3175 0.4123150434212124
3665 0.07105136096929789
3721 0.023372712018966527
3759 0.0647569019729476
3791 0.035172873273790366
3819 0.08811721616505176
3918 0.011960831264255638
3934 0.05571598371091269
3939 0.04299202779657915
3993 0.04299202779657915
4014 0.04208240223171499
4105 0.01831354905258198
4178 0.03401123698803552
4297 0.030911338058677004
4332 0.09227073970596249
4356 0.03558547072449817
4431 0.04405240379842288
4624 0.02468401478762699
4841 0.12970934541935028
4861 0.013111035615155673
5351 0.03588571397209223
5567 0.06485467270967514
5842 0.019633083528555646
6008 0.010151924851651799
6079 0.01952675761924407
6162 0.015113304863276738
6178 0.043309738141061496
6310 0.0739933617084376
6484 0.03851109438711304
6560 0.036257128428706
6628 0.10991793002475841
6932 0.02196235508534102
7025 0.021647678064534468
7102 0.028825258772270046
7180 0.05416309196961714
7282 0.020122455465185814
7408 0.045024402970854686
7484 0.010441124391470633
7507 0.019161227715862893
7537 0.023400741928652834
7552 0.10930387534453
7629 0.07778626033717104
7665 0.0739933617084376
7860 0.12660356193675917
8098 0.019421282326316847
8112 0.08398342289450826
8113 0.11903583780247706
8179 0.20594271401522576
8216 0.06065607003075084
8324 0.009030767457845116
8444 0.03279802842137343
8475 0.048817301599588137
8556 0.021523880523055632
8682 0.03764623742655014
8753 0.028095504227775826
8833 0.04657729471215024
9097 0.05093131382292391
9230 0.029943245252547712
9235 0.06065607003075084
9273 0.01921282990032166
9319 0.0515173810319884
9338 0.016091590479641343
9563 0.024251993862039186
9650 0.04431156227255281
9922 0.03417104914229904
9923 0.02463640422044325
10594 0.10074038668176738
10597 0.022350157786822776
10694 0.05277398297177299
10705 0.12382534394107088
10873 0.04396909259441141
10951 0.014744293342407101
11080 0.03624354686858752
11106 0.02351524682663657
11132 0.04617159066195939
11136 0.08358524964832292
11139 0.04043220863698625
11194 0.03607011335977399
11202 0.04396909259441141
11319 0.008265234488955374
11332 0.012508989065772021
11478 0.0739933617084376
11611 0.043635293973010546
11893 0.005377182479680587
11977 0.10137297165759278
12006 0.013953494537125776
12104 0.05093131382292391
12204 0.010521110529408304
12231 0.1662641014144001
12265 0.05054368384098285
12303 0.035347502863841855
12304 0.08459194295700766
12305 0.05656688160050644
