253
26 0.029218092611440864
76 0.050391293269058515
101 0.0671593459017902
103 0.08266201862775044
193 0.03538781294101642
230 0.02412563153647355
236 0.022852114112363427
247 0.03871598574539786
269 0.05052238077774479
344 0.010355949835586438
373 0.026749718368528505
399 0.06296618306067091
435 0.01564629243831059
495 0.03046534630359106
547 0.06627724070576152
594 0.022501044806661763
609 0.06488722982837972
641 0.03324619163276896
711 0.018160399342463295
740 0.046143212450715045
744 0.023435244402268074
862 0.0395033298225271
938 0.01407240283180342
952 0.012833533810764417
979 0.0164719013042542
1020 0.046143212450715045
1184 0.0219591274188896
1274 0.04290914858651716
1373 0.03374809044923003
1413 0.06964008223515503
1450 0.19110873190523756
1468 0.031139139379149677
1524 0.013487864470466
1532 0.06488722982837972
1551 0.04188428620525688
1575 0.04809401162132547
1587 0.059902741873894806
1605 0.045252681108682996
1610 0.06994019123096809
1622 0.02229505439441422
1643 0.059834268425791336
1691 0.05852125132930227
1698 0.07558693990358778
1702 0.03185145531753959
1872 0.0806875844989385
1884 0.07352532440086763
1895 0.1005703476100132
1918 0.03923531656386543
1971 0.01796643221740255
2002 0.058199934426502224
2046 0.24070712197507507
2049 0.12682279070792535
2061 0.059834268425791336
2080 0.017681027311585294
2163 0.04188428620525688
2405 0.08805181502700868
2473 0.07847063312773087
2578 0.024284387010798505
2591 0.07352532440086763
2627 0.03640155337936763
2641 0.04988315675681436
2644 0.02358539243786997
2656 0.04104159076066306
2679 0.029951370936947403
2780 0.0492751270855946
2828 0.019609914366562755
2895 0.021696756965940124
2904 0.03871598574539786
2942 0.04290914858651716
3046 0.05525163213085064
3276 0.045252681108682996
3278 0.05705114711519857
3350 0.1678926748009383
3363 0.08127406502621337
3407 0.028525573557599285
3429 0.03846421685514854
3531 0.06994019123096809
3561 0.10675221333155492
3605 0.033083285571826965
3725 0.028638353840458344
3791 0.03324619163276896
3891 0.02028675777531552
3977 0.03871598574539786
3990 0.053468289926713895
4033 0.028982950990105706
4101 0.019125364234391797
4124 0.04221662953267558
4131 0.04988315675681436
4174 0.0492751270855946
4336 0.057333482887099996
4378 0.045252681108682996
4574 0.19256569758006004
4624 0.004666377293134422
4676 0.02358539243786997
4712 0.03156162513360669
4827 0.04681924070529819
4861 0.012392846020070142
4907 0.05552691761375943
4941 0.03066155693372537
4955 0.059834268425791336
4956 0.06488722982837972
4988 0.06283839833927249
5001 0.03337428433551533
5005 0.08214647834450473
5051 0.05510801241850029
5312 0.04809401162132547
5313 0.035584071110518305
5337 0.027145374971175557
5389 0.04011406894830747
5517 0.1343186918035804
5521 0.0671593459017902
5802 0.05809857569118755
5839 0.09137998783139012
5842 0.037115265065303014
5845 0.024284387010798505
5927 0.2182121345601185
5977 0.08127406502621337
5996 0.0671593459017902
6066 0.06191844986670259
6230 0.02982612228266062
6258 0.01994374154660004
6267 0.12977445965675943
6287 0.059834268425791336
6371 0.06488722982837972
6384 0.03640155337936763
6409 0.02131327636445949
6436 0.020579998038952947
6452 0.014393333945784986
6484 0.03640155337936763
6502 0.08312115231154868
6548 0.040937339483030695
6633 0.1343186918035804
6712 0.04327039521920541
6729 0.04290914858651716
6732 0.026272183462471763
6751 0.11466696577419999
6772 0.07743682154235242
6867 0.024445190999339048
7042 0.018307881965542467
7176 0.02974399543930752
7205 0.06729600697270398
7206 0.07000866467907156
7230 0.03214818686462959
7231 0.03750511787822712
7272 0.01414301002466041
7312 0.02131327636445949
7385 0.10381697958338666
7484 0.01973837165239944
7507 0.09055811898020294
7537 0.007372969356744707
7542 0.014285435988630862
7763 0.04988315675681436
7861 0.025632959441541325
7952 0.08160136883732552
7966 0.04568999391569506
8036 0.07156693908732695
8166 0.04092374528152639
8224 0.019125364234391797
8324 0.008536084702474966
8413 0.045252681108682996
8483 0.026945976538030384
8532 0.15639191286517262
8560 0.03324619163276896
8603 0.10175995412498275
8708 0.023360843368130844
8776 0.026556503084208986
8786 0.06429637372925918
8837 0.024445190999339048
8890 0.014985119248592402
8942 0.07511290005941262
8961 0.028193230230180583
8962 0.03871598574539786
8996 0.03683132480266851
9027 0.019178282089711698
9033 0.05432808848818298
9112 0.03923531656386543
9151 0.031001434815577614
9160 0.033411255452560164
9265 0.0425580792808155
9287 0.03705189934320714
9338 0.03549031167840304
9370 0.31388253251092346
9371 0.09522208136680776
9385 0.20248854269538016
9409 0.0492751270855946
9433 0.021827251731103146
9658 0.08400993517363985
9664 0.019125364234391797
9675 0.037014560797375286
9731 0.0436424269120237
9795 0.0395033298225271
9798 0.03773806178573903
9813 0.03923531656386543
9820 0.05624913525589179
9933 0.05432808848818298
9995 0.041245062184326435
10004 0.02069925384089897
10110 0.02797649196370716
10129 0.06296618306067091
10135 0.03705189934320714
10143 0.05852125132930227
10144 0.06963385652724603
10145 0.05052238077774479
10218 0.022227140677551264
10230 0.06488722982837972
10318 0.007769952777194713
10325 0.05490117079651214
10334 0.02494044038769974
10385 0.05119617385330342
10392 0.013487864470466
10460 0.02271049740429134
10500 0.05052238077774479
10501 0.03391998470832758
10563 0.0671593459017902
10628 0.029218092611440864
10640 0.06994019123096809
10645 0.046613537558362714
10647 0.06173047050007837
10672 0.05190848979169333
10844 0.06783996941665515
10845 0.023213360745051675
10861 0.05852125132930227
10890 0.04568999391569506
10951 0.006968318995944813
10960 0.019609914366562755
10979 0.026086177976561306
10988 0.014759893789469281
11084 0.03260696761183852
11103 0.020228928733251283
11129 0.04221662953267558
11136 0.0395033298225271
11145 0.028084389920861284
11207 0.05525163213085064
11319 0.00781248570654431
11332 0.011823778068275278
11497 0.01332103284640168
11507 0.0671593459017902
11634 0.015807096426851134
11768 0.08801204524016067
11795 0.04327039521920541
11893 0.01270658482833151
11904 0.059834268425791336
11921 0.03374809044923003
11926 0.053468289926713895
12010 0.05432808848818298
12024 0.024047005810662735
12029 0.02704527695348272
12109 0.04034379224946925
12156 0.035986110369490516
12180 0.025544260588789138
12198 0.053468289926713895
12265 0.039812523174774045
12275 0.02358539243786997
