244
76 0.05038362416893255
103 0.05509962547628144
193 0.03538242723521136
194 0.04033765228833409
201 0.055730557382418465
236 0.022848636226803276
247 0.07742018704344798
269 0.05051469172728288
344 0.010354373753469145
374 0.014105509365064836
399 0.06295660017578911
450 0.023657549324481556
495 0.030460709752789968
547 0.044178102605189146
587 0.021758521588379112
594 0.022497620350682042
609 0.06487735457751458
711 0.018157635493555084
744 0.023431677769539718
862 0.039497317772189344
938 0.014070261139075793
952 0.012831580662722764
1119 0.042902618201296185
1184 0.02195578543784626
1373 0.03374295429439206
1413 0.09283931152405506
1450 0.09553982344036271
1532 0.06487735457751458
1551 0.04187791179484241
1575 0.04808669214673659
1587 0.029946812608559224
1643 0.059825162190055896
1691 0.05851234492292081
1698 0.07557543625339883
1702 0.03184660781345424
1872 0.08067530457666817
1895 0.10055504171061096
1918 0.0392293453027272
2002 0.05819107692165395
2046 0.19253639081851925
2049 0.12680348942357447
2061 0.059825162190055896
2100 0.03260200512559939
2163 0.04187791179484241
2181 0.027865278691209232
2266 0.019443335797696432
2356 0.012831580662722764
2373 0.012179713393544584
2392 0.0346270299230662
2405 0.08803841433530366
2473 0.0392293453027272
2644 0.0707454088618964
2679 0.029946812608559224
2780 0.049267627855889944
2853 0.030201112038596246
2895 0.04338690983062442
2904 0.03871009352172399
2942 0.08580523640259237
3046 0.05524322333100753
3226 0.04868797731591706
3278 0.0570424644454129
3350 0.23501397227115592
3363 0.08126169584689895
3407 0.0570424644454129
3412 0.07856632689741373
3428 0.05051469172728288
3429 0.03845836294842791
3434 0.04401920716765183
3561 0.07115731107198159
3626 0.0562405746450741
3765 0.02242858837589775
3805 0.02863399534142414
3830 0.0324472175502576
3878 0.030725831235035053
3891 0.020283670313841182
3933 0.019606929914547683
3977 0.03871009352172399
3990 0.05346015253546214
4033 0.028978540046494822
4099 0.038967014780193154
4101 0.01912245352653447
4124 0.0422102045426056
4336 0.057324757248357526
4378 0.045245794058959184
4574 0.2888045862277789
4676 0.023581802953965468
4712 0.03155682173906003
4827 0.015604038413113247
4861 0.006195479970366827
4873 0.04033765228833409
4907 0.027759233458974943
4941 0.04598533578215535
4955 0.059825162190055896
4956 0.06487735457751458
4978 0.06129276703253278
4988 0.06282883490207221
5001 0.0333692050705948
5005 0.01642679527835111
5051 0.02754981273814072
5146 0.027141243690053253
5161 0.07351413450995506
5224 0.01642679527835111
5297 0.023581802953965468
5312 0.04808669214673659
5313 0.035578655535990794
5337 0.027141243690053253
5389 0.06016194592347873
5517 0.06714912485536129
5521 0.06714912485536129
5802 0.04647178688977933
5820 0.0562405746450741
5839 0.0913660806218163
5842 0.03710961645687243
5845 0.048561382292454866
5927 0.1745431397138335
5977 0.040630847923449474
6010 0.02396522519315892
6066 0.06190902643735862
6068 0.02150026903661547
6162 0.014283261874179087
6230 0.029821583015987432
6371 0.06487735457751458
6384 0.07279202678283082
6436 0.020576865948956562
6452 0.014391143410237757
6548 0.040931109189362505
6630 0.03086053783974887
6712 0.04326380985550667
6715 0.05431982024334862
6729 0.042902618201296185
6732 0.026268185073217775
6751 0.11464951449671505
6772 0.05161669090458038
6791 0.02169345491531221
6867 0.024441470661851945
7176 0.044609203007398214
7205 0.02242858837589775
7206 0.0699980099920358
7230 0.03214329420068035
7231 0.07499881987543255
7272 0.014140857586155159
7312 0.02131003267611875
7385 0.05190058978794715
7425 0.025191812084466275
7484 0.01973536765034461
7507 0.05432660211099124
7537 0.007371847257339147
7542 0.014283261874179087
7552 0.017216793299371706
7763 0.04987556499048034
7952 0.09178756857599006
8036 0.03577802362249373
8098 0.01835463943251696
8101 0.059825162190055896
8107 0.045245794058959184
8166 0.040917517056772996
8224 0.01912245352653447
8252 0.01494502302152499
8324 0.008534785587409244
8343 0.05346015253546214
8515 0.022156222568112692
8532 0.18764173371269832
8560 0.033241131862401935
8603 0.10174446717820343
8776 0.02655246142407415
8786 0.03214329420068035
8880 0.03538242723521136
8890 0.014982838648662103
8909 0.07856632689741373
8942 0.06258455712817534
8962 0.11613028056517198
8996 0.03682571940738374
9027 0.019175363328234298
9033 0.05431982024334862
9115 0.03538242723521136
9151 0.030996716676942433
9160 0.033406170560969235
9232 0.03538242723521136
9287 0.03704626037846767
9338 0.030415637462755756
9370 0.39229345302727203
9371 0.09520758942526726
9385 0.20245772576635235
9409 0.049267627855889944
9433 0.043647859640699
9546 0.02536487374951086
9616 0.03426583826885571
9658 0.08399714961957631
9664 0.01912245352653447
9675 0.055513391272838344
9731 0.08727156985691675
9749 0.04868797731591706
9933 0.05431982024334862
9978 0.04613618987015675
10004 0.02069610360124564
10005 0.04709514288086838
10116 0.03059256537028673
10129 0.06295660017578911
10135 0.03704626037846767
10143 0.05851234492292081
10144 0.06962325888262887
10145 0.05051469172728288
10230 0.06487735457751458
10237 0.03773231839326745
10325 0.0548928153337217
10385 0.05118838225761543
10392 0.013485811739202342
10402 0.06714912485536129
10499 0.03977118021556299
10500 0.05051469172728288
10563 0.06714912485536129
10580 0.06714912485536129
10618 0.03727077527386461
10628 0.02921364588139703
10645 0.04660644339856705
10647 0.09258161351924662
10672 0.05190058978794715
10844 0.06782964478546895
10845 0.023209827881013764
10852 0.05524322333100753
10861 0.05851234492292081
10951 0.006967258480672775
10988 0.029515294933643046
11084 0.03260200512559939
11103 0.020225850072835325
11145 0.02808011573013691
11217 0.015173657685376646
11319 0.00781129671671632
11332 0.023643957191892054
11353 0.0562405746450741
11629 0.01584521186944116
11634 0.015804690729411475
11768 0.029332883533686113
11795 0.04326380985550667
11893 0.015245581200935337
11921 0.03374295429439206
11926 0.05346015253546214
11963 0.07351413450995506
11974 0.03618659267058119
12029 0.027041160906375466
12109 0.04033765228833409
12198 0.05346015253546214
12265 0.023883878440798867
12275 0.023581802953965468
