204
36 0.05261441725287633
186 0.059586674185131576
313 0.04173146297318542
380 0.04984132370917926
390 0.029165183764633357
456 0.04636372803015068
469 0.16924555646444303
478 0.04775096802116462
609 0.08462277823222152
628 0.027960742936015002
697 0.10247798944416768
711 0.04736782415370459
744 0.030563109183675913
829 0.11374337345408718
905 0.09588816224214103
956 0.03167051979188426
992 0.057932449557052616
1057 0.04335807074900362
1143 0.04192610618158514
1373 0.08802524568854625
1374 0.03648558401124512
1413 0.030273739278878938
1423 0.06142855018943323
1450 0.12461736986639536
1530 0.05462345475892314
1575 0.03136093874321385
1595 0.041539123288798455
1630 0.07803295103019486
1698 0.032858940398757176
1816 0.10233759404544146
1918 0.05116879702272073
1929 0.028724709281118834
2002 0.037950765945240494
2046 0.18835113277932677
2080 0.023058738322833033
2084 0.06142855018943323
2163 0.10924690951784628
2181 0.036346076599777136
2266 0.025360915284195786
2306 0.11374337345408718
2327 0.07205649902366944
2373 0.015886609312999924
2392 0.045165766901286396
2428 0.050163166179513725
2454 0.05462345475892314
2495 0.12701232760832215
2541 0.0366262992941153
2627 0.04747314050974212
2641 0.06505519380192118
2644 0.06151784993961493
2804 0.06676756702027535
2806 0.04252442578208215
2819 0.05420128781172329
2829 0.06017773981824871
2901 0.04173146297318542
2904 0.05049151095585403
2942 0.055960030572643635
3121 0.10247798944416768
3276 0.05901635203108414
3278 0.07440333919312651
3332 0.028899469176182448
3350 0.0437914967985899
3390 0.04861413618175362
3520 0.040791749608377094
3591 0.020301285501176828
3619 0.055056880808509415
3818 0.07085205819505108
3819 0.036207756499822615
3820 0.04666706554713311
3887 0.027713864564057087
3891 0.026457005620549364
3908 0.08462277823222152
3918 0.014744276480788179
3933 0.02557429927250035
3955 0.06278371092644226
4025 0.026381587788490164
4065 0.07803295103019486
4101 0.024942372489903098
4143 0.03607060367200885
4214 0.08462277823222152
4356 0.043866685138263035
4381 0.030466078963265905
4410 0.03553279888195329
4414 0.055056880808509415
4574 0.06278371092644226
4667 0.07335739422230199
4676 0.030758924969807463
4699 0.032858940398757176
4791 0.04192610618158514
4848 0.0875859618217602
4861 0.024243223124092765
4886 0.06676756702027535
4931 0.03390038289136688
4941 0.05998097328672938
4972 0.025790522155373037
4978 0.07994722142432864
5001 0.021762561519833808
5005 0.021426290621100456
5051 0.07186919716011102
5486 0.11374337345408718
5591 0.11374337345408718
5752 0.06901832487513415
5842 0.02420196433842492
5845 0.03167051979188426
5927 0.1707490098064033
5950 0.06769653492112543
5977 0.05299684698310494
5996 0.1751719236435204
6068 0.028043876179396316
6082 0.16260386343516986
6146 0.05187553939786789
6162 0.03726074559859792
6232 0.05049151095585403
6260 0.08211744220497061
6264 0.08211744220497061
6277 0.04272886261153438
6281 0.034385568582295405
6371 0.08462277823222152
6448 0.07335739422230199
6452 0.018771088082169145
6474 0.22748674690817436
6494 0.21616949707100833
6554 0.045899087391342484
6584 0.02287578126531956
6732 0.03426290751972608
6772 0.0336631157045766
6867 0.0956406976651335
6982 0.03354576852586851
7017 0.055056880808509415
7150 0.06211428919276607
7163 0.05901635203108414
7179 0.06505519380192118
7205 0.02925472952087941
7206 0.04565095259221492
7231 0.19564942323331677
7246 0.0875859618217602
7507 0.023620301374731072
7537 0.009615469059766948
7542 0.05589111839789688
7547 0.050163166179513725
7952 0.03990770539613861
8069 0.07632057781184069
8082 0.06769653492112543
8295 0.06769653492112543
8532 0.08158349921675419
8644 0.11374337345408718
8708 0.030466078963265905
8942 0.03265286714051632
8961 0.07353648709395397
8962 0.05049151095585403
8969 0.07812225078037655
9058 0.11374337345408718
9091 0.07994722142432864
9144 0.06973075060981404
9160 0.04357333897748709
9247 0.04666706554713311
9273 0.023683912076852293
9338 0.059508955641692084
9370 0.05116879702272073
9371 0.06209201021238248
9409 0.06426223099302444
9444 0.038736064281632614
9657 0.16924555646444303
9820 0.07335739422230199
9923 0.03036962459325172
10076 0.08211744220497061
10081 0.039392820854849867
10108 0.07085205819505108
10312 0.03125904177216264
10420 0.05942002354880507
10597 0.027551338073212424
10628 0.03810481936069748
10647 0.12075882871980975
10827 0.07477154781408059
10951 0.009087743684001545
10960 0.02557429927250035
10979 0.03402032818592174
10988 0.03849827530566322
11045 0.06278371092644226
11095 0.05116879702272073
11103 0.026381587788490164
11129 0.055056880808509415
11189 0.044012622844273125
11217 0.01979176058646352
11233 0.059586674185131576
11271 0.07477154781408059
11281 0.16423488440994122
11319 0.010188664967450162
11634 0.020614848545124992
11770 0.0334292625528046
11871 0.059586674185131576
11877 0.05187553939786789
11893 0.02319983636233344
11974 0.04719998258997502
12029 0.035271138557106264
12052 0.04007723834510647
12078 0.06951841208186035
12156 0.04693133988447361
12177 0.039885895700274496
12180 0.03331358581077458
12204 0.02593902699624477
12256 0.06350616380416108
12265 0.02076862475648831
12291 0.04134903324295682
