135
79 0.1656845056956974
84 0.04052628972540544
159 0.049007893546418234
279 0.05361079783781855
319 0.15585020378801742
330 0.08047419403419664
344 0.015860629126388234
380 0.058531815386427606
435 0.023963040137013572
450 0.03623817575149081
517 0.1066475591860798
571 0.04023709701709832
613 0.13357602970761373
628 0.03283606697822873
711 0.02781351429186449
846 0.21104950311692725
928 0.07373087839046621
958 0.03781445263014319
979 0.025227499335260358
1814 0.03273893519811226
1898 0.089628076427782
1929 0.03373324092436985
2080 0.05415866650858786
2110 0.050918121825985055
2195 0.06365199669281933
2294 0.07639842424251342
2298 0.051950067929339136
2337 0.1008446890151015
2650 0.04606571916349732
2768 0.04665912510195911
2783 0.06627066581239344
2979 0.089628076427782
3239 0.025960398764396632
3287 0.08188922600181618
3361 0.047926080274027144
3609 0.04052628972540544
3616 0.06009075116774813
3652 0.06178843433772319
3737 0.0430125772959031
4030 0.05511443752947087
4081 0.08059342566750817
4101 0.029291403863931597
4178 0.04923647536352146
4196 0.38362858434870084
4200 0.06465677360496588
4451 0.04332138341595723
4624 0.014293556995781519
4861 0.02847034859168545
4926 0.03912224855651372
4941 0.023479815501439072
4942 0.09937787491111073
4990 0.07457930044905298
5129 0.06134964826378438
5131 0.179256152855564
5149 0.06930663081943098
5183 0.06365199669281933
5246 0.08320604834292122
5293 0.05968891835530497
5384 0.07213942751848748
5425 0.07829019132355682
5431 0.07139084711878514
5433 0.03967153405016845
5540 0.270990582980011
5541 0.39107832068764636
5672 0.07291857054057356
5681 0.055429921631279015
5842 0.028421895792962257
6024 0.06997639615765264
6057 0.02464810515829929
6088 0.06517972011460772
6167 0.06684045002308714
6186 0.09801578709283647
6209 0.036472367077407496
6791 0.033229613984767786
6934 0.0860251545918062
6949 0.25078992048811194
7205 0.034355677178385766
7256 0.05511443752947087
7262 0.01917316243904512
7282 0.02913033663296952
7408 0.06517972011460772
7507 0.027738812225465023
7542 0.02187882383765939
7589 0.04220026944601043
7631 0.06050122620519763
7706 0.06930663081943098
7789 0.06571739943362669
7922 0.08614822272584213
7993 0.10960816695677167
7996 0.058909775333218894
8103 0.07737742619652223
8201 0.04686109898247954
8224 0.029291403863931597
8252 0.022892496743255435
8324 0.026146838446852085
8326 0.030544787594102046
8402 0.058531815386427606
8473 0.03612214892852403
8556 0.031159114073787162
8754 0.03885342223076158
8942 0.01917316243904512
8954 0.06930663081943098
8972 0.049007893546418234
8986 0.034999098339063575
9027 0.02937245007318501
9338 0.04659008424124359
9445 0.011705951601223064
9453 0.0533237795930399
9567 0.0487820169030989
9602 0.06269748012202798
9821 0.06706038538897317
10105 0.04351709178711546
10110 0.042847326448893795
10195 0.050918121825985055
10216 0.050918121825985055
10334 0.0381974692344287
10382 0.13357602970761373
10445 0.0916390244851449
10583 0.13357602970761373
10597 0.06471055396361097
10760 0.03707073437633403
10845 0.03555236471783031
10881 0.0412690431204524
10988 0.045210956996953544
11036 0.015230919109479265
11080 0.026234042929835194
11177 0.0706705218739105
11300 0.03425051793936125
11310 0.0541981165960022
11634 0.024209319084360473
11669 0.06465677360496588
11847 0.06223754573168682
11908 0.045871947411852736
12006 0.02019982073142194
12265 0.012194954102441728
