257
76 0.0491111644510272
103 0.053708061152620265
193 0.03448882908459866
194 0.03931890783518244
201 0.05432305860686854
230 0.04702549908954847
236 0.022271584264241053
247 0.07546490750589081
269 0.04923892184280901
344 0.01009286966910139
373 0.02607017467880937
374 0.01374926876578994
399 0.0613666046361399
450 0.046120135839665094
495 0.02969141165685959
547 0.043062365956509245
587 0.02120900093163647
594 0.02192943344239245
609 0.06323884957383813
711 0.017699056736685825
744 0.04567980169290485
862 0.03849979632232492
938 0.013714910748642332
952 0.012507513671122033
1119 0.041819094450190476
1184 0.021401282799231806
1373 0.032890761725656394
1413 0.09049461548241403
1450 0.09312692482917839
1532 0.06323884957383813
1551 0.040820267437019726
1575 0.04687224241761672
1587 0.0291904932021528
1643 0.05831425243992045
1691 0.05703459092759568
1698 0.07366674667654081
1702 0.0620846165527856
1872 0.07863781567036487
1895 0.09801548164283913
1918 0.038238591610810384
2002 0.056721436685452084
2046 0.1876738029124568
2049 0.12360101371757261
2061 0.05831425243992045
2080 0.017231862562565908
2100 0.03177862771022781
2105 0.02758402584912635
2163 0.040820267437019726
2181 0.02716152930343427
2266 0.018952286136375496
2356 0.012507513671122033
2373 0.02374421917054482
2392 0.03375250965076364
2405 0.0858149669807759
2473 0.038238591610810384
2644 0.06895870366773103
2679 0.0291904932021528
2780 0.04802335309643293
2853 0.029438370192630424
2895 0.04229115508978338
2904 0.03773245375294541
2942 0.08363818890038095
3046 0.05384803238284821
3226 0.04745834187577745
3278 0.08340274935396427
3350 0.22907859509667375
3363 0.07920939738128728
3407 0.05560183290264285
3412 0.07658210111354512
3428 0.04923892184280901
3429 0.03748708074164626
3434 0.04290748349038795
3561 0.06936020311345191
3626 0.05482019516804885
3765 0.04372428979860138
3805 0.027910831689828025
3830 0.03162774936050651
3878 0.029949837384043918
3891 0.019771397649233018
3933 0.01911174861467924
3977 0.03773245375294541
3990 0.052109993793678
4033 0.02824667477278534
4099 0.03798288635647027
4101 0.018639507882560014
4124 0.041144167991028394
4336 0.05587699628156674
4378 0.04410309241146303
4574 0.2815107043686852
4676 0.022986234555910347
4712 0.03075984087175605
4827 0.015209951829528863
4861 0.006039010505825166
4873 0.03931890783518244
4907 0.0270581622883493
4941 0.04482395669594771
4955 0.05831425243992045
4956 0.06323884957383813
4978 0.05974479230196653
4988 0.06124206612839774
5001 0.03252645169643326
5005 0.016011929622480558
5042 0.04329308892375088
5051 0.026854030576310133
5121 0.04290748349038795
5146 0.026455780112172308
5161 0.07165750397962743
5224 0.016011929622480558
5297 0.022986234555910347
5312 0.04687224241761672
5313 0.034680101556725955
5337 0.026455780112172308
5389 0.07819004074379769
5517 0.06545324533338497
5521 0.06545324533338497
5622 0.02542349071426406
5802 0.045298122275299516
5820 0.05482019516804885
5839 0.08905859164912264
5842 0.03617239741264566
5845 0.04733494406312533
5927 0.17013497896743907
5977 0.03960469869064364
6010 0.023359973304438522
6066 0.060345487815124076
6068 0.020957270657191815
6162 0.013922532060177475
6230 0.02906842633585697
6371 0.06323884957383813
6384 0.07095363338827718
6436 0.020057188504694217
6452 0.014027689002457816
6548 0.039897376731411124
6630 0.030081141916535634
6712 0.042171164056552926
6715 0.05294795023035061
6729 0.041819094450190476
6732 0.02560477095961452
6751 0.11175399256313348
6772 0.0503130895652359
6791 0.02114557754489169
6867 0.023824190992582952
7176 0.04348257873589975
7205 0.02186214489930069
7206 0.06823018067214096
7230 0.03133150172354516
7231 0.07310469298884839
7272 0.013783724252620293
7312 0.02077183879636351
7385 0.05058981846234222
7425 0.0245555822255136
7484 0.019236942601187457
7507 0.05295456081906024
7537 0.007185668139892904
7542 0.013922532060177475
7552 0.016781975909667894
7763 0.04861593652180639
7889 0.045905735147435546
7952 0.08946943474691468
8036 0.0348744345179616
8098 0.03578217051585104
8101 0.05831425243992045
8107 0.04410309241146303
8166 0.0398841278738735
8198 0.03448882908459866
8224 0.018639507882560014
8252 0.014567580150121056
8324 0.00831923597103937
8343 0.052109993793678
8515 0.021596657805078974
8532 0.18290276244007284
8560 0.03240161303123044
8603 0.09917486766765776
8776 0.0258818677911095
8786 0.03133150172354516
8880 0.03448882908459866
8890 0.01460444072761589
8909 0.07658210111354512
8942 0.06100395769289982
8962 0.15092981501178163
8996 0.03589567030310205
9027 0.01869108142486096
9033 0.05294795023035061
9115 0.03448882908459866
9151 0.030213881499653723
9160 0.03256248360772858
9232 0.03448882908459866
9287 0.03611064141877203
9338 0.029647477686555415
9370 0.3823859161081038
9371 0.09280308152451912
9385 0.19734457035393835
9409 0.04802335309643293
9433 0.042545514502140606
9546 0.02472427314508056
9616 0.06680088008880236
9658 0.08187576611307411
9664 0.018639507882560014
9675 0.05411137711914906
9731 0.08506748948371953
9749 0.04745834187577745
9933 0.05294795023035061
9978 0.044971000900213484
10004 0.020173414759691057
10005 0.045905735147435546
10116 0.02981993720502109
10129 0.0613666046361399
10135 0.03611064141877203
10143 0.05703459092759568
10144 0.06786489406035257
10145 0.04923892184280901
10155 0.04861593652180639
10230 0.06323884957383813
10237 0.03677937274851533
10325 0.05350647408759817
10385 0.04989559803413117
10392 0.013145221865320834
10402 0.06545324533338497
10499 0.038766742253971025
10500 0.04923892184280901
10563 0.06545324533338497
10580 0.06545324533338497
10597 0.020589195490469316
10618 0.036329486095617314
10628 0.028475842910483506
10645 0.04542937797705892
10647 0.0902434257496069
10672 0.05058981846234222
10746 0.05831425243992045
10844 0.06611657844510517
10845 0.022623653870603506
10852 0.05384803238284821
10861 0.05703459092759568
10951 0.006791297423739575
10988 0.028769873688453722
11084 0.03177862771022781
11103 0.01971503768284561
11145 0.027370940542164785
11217 0.014790440548927931
11319 0.007614019117484847
11332 0.023046819062294926
11353 0.05482019516804885
11624 0.030081141916535634
11629 0.015445034348309758
11634 0.015405536586793668
11768 0.0571841383309607
11795 0.042171164056552926
11893 0.014860547605710022
11921 0.032890761725656394
11926 0.052109993793678
11963 0.07165750397962743
11974 0.03527268498209942
12029 0.02635822496148612
12109 0.03931890783518244
12198 0.052109993793678
12265 0.023280680998682263
12275 0.022986234555910347
