69
110 0.10153792986257804
230 0.06998181422458004
373 0.07759356759619267
374 0.040922426816100865
495 0.08837158115766545
638 0.11304978567692053
661 0.2529907049099273
1119 0.12446762524648396
1698 0.07308563340114431
1702 0.09239230174947721
2002 0.08441099236636938
2473 0.11381085011863555
2578 0.14088464028626352
2644 0.06841472935145772
2679 0.08688068013938173
2900 0.08407156052281148
3017 0.16026977157221434
3278 0.16548966905504695
3350 0.29220625275215933
3407 0.08274483452752347
4356 0.04878465996821644
4446 0.2278127650112885
4574 0.13964501668796758
4624 0.027071751331046428
4827 0.04526990862008608
4907 0.1610682989597574
4941 0.04447036708507233
4955 0.17356273765961047
5083 0.2529907049099273
5389 0.05817993441308242
5807 0.16293016454977036
5820 0.1631632534808447
5842 0.05383058223303494
5977 0.1178768421324459
6066 0.059869458050519124
6162 0.04143811638514414
6232 0.11230441440920548
6384 0.10559088338184079
6409 0.06182394623741964
6452 0.04175109864972677
6867 0.07090876823737553
7176 0.0431395704602275
7507 0.052536833694230574
7536 0.07513720377959568
7952 0.05917577562489656
8098 0.05324985929068162
8107 0.13126556781422674
8324 0.024760831356922915
8532 0.09072997551016226
8786 0.09325303826415167
8837 0.07090876823737553
8942 0.03631364018996654
8961 0.0817807980436274
8962 0.11230441440920548
9160 0.09691685245860406
9370 0.3414325503559067
9371 0.13810651957888262
9445 0.022170871178888708
9546 0.0735877140519856
9749 0.14125191348773647
9758 0.14125191348773647
10618 0.10812871297661611
11233 0.13253409185564222
11260 0.1234492698556863
12156 0.10438579760018293
12177 0.04435757689765306
12200 0.10498331906776229
12265 0.023097033513229868
12274 0.10099432223905826
