89
23 0.08082317011197016
189 0.07352654900860324
273 0.08763179101219667
330 0.04989419609821159
390 0.0424708089106335
450 0.08987102853955975
495 0.057857542173553614
515 0.0894532411592873
740 0.08763179101219667
887 0.04170315768191626
1530 0.07954355192227683
1536 0.03632148332564547
1553 0.048013503939361865
1554 0.3046291161657986
1902 0.07212016473469873
2002 0.16579354426290363
2243 0.05548884981156349
2373 0.04626867115361667
2377 0.15214772475901175
2382 0.12324580925407154
2521 0.3334177527240315
2670 0.06222245584283916
2677 0.04353468110915054
2739 0.08082317011197016
3361 0.059428572752025614
3407 0.05417366862293194
3453 0.07502181489836707
3918 0.021470852163820567
3933 0.037241705253468343
4025 0.03841729175328422
4048 0.02593629236922508
4198 0.061053469039488405
4301 0.10492983090730702
4320 0.03693097206333972
4451 0.026859363120593435
4577 0.07954355192227683
4624 0.017724080228388128
4772 0.03953916866311248
4861 0.03530337079273805
5200 0.11363283628457845
5496 0.2177392076993337
5497 0.17526358202439335
6008 0.018223689712890272
6057 0.0305637703359896
6318 0.23284085514085914
6360 0.030960214636401282
6443 0.11363283628457845
6620 0.06376988080900957
6778 0.03210694549583862
6952 0.033048620827298675
7035 0.18756042107840487
7042 0.03476898120160077
7176 0.028243802866880115
7202 0.1111392509080105
7269 0.08217594808585554
7272 0.026859363120593435
7471 0.06313871883597268
7561 0.04170315768191626
7619 0.3405528225425149
8118 0.08436216328066146
8252 0.028386807358400885
8326 0.03787568525012471
8453 0.07502181489836707
8515 0.08416774212057274
8642 0.25508816798862927
8863 0.205026512183733
8898 0.08763179101219667
8942 0.02377481472259474
8974 0.08361076139782127
9010 0.08594055946783648
9027 0.036421981019497195
9151 0.05887564199693766
9267 0.04059643895599933
9273 0.03448889306475055
9338 0.02888596558515395
9789 0.07661795924635897
10318 0.029512244240602843
10472 0.11958073791897264
10619 0.06609724165459735
10624 0.14902564770904908
10845 0.044085105250828184
10951 0.013233718276792697
11781 0.12322904847065608
11812 0.055264514754301206
11852 0.13907145276306465
11877 0.07554199344955108
11893 0.028957692202581112
12029 0.05136239832425994
12204 0.018886413810654153
