104
116 0.07753207556705678
150 0.08082420937485982
201 0.06435008993779576
343 0.05463305942884734
344 0.023911653268176108
373 0.061764492953764294
587 0.050247580031108074
594 0.05195440207133088
638 0.08998764855360684
665 0.1498231418480802
1119 0.09907625078557994
1143 0.07422943425874808
1395 0.16149031511121995
1413 0.05359912341573575
1450 0.07354428784722689
1575 0.05552399096280694
1632 0.053768886679912656
1702 0.07354428784722689
1929 0.05085659302463385
2080 0.0816501820136208
2084 0.10875816867294742
2181 0.06435008993779576
2253 0.09121229251311629
2299 0.10654363089030969
2473 0.18118691195632844
2525 0.17536887292815032
2656 0.1421461531907539
2938 0.06829802337173227
2942 0.09907625078557994
3278 0.06586490230391708
3332 0.10233200469584107
3342 0.06535105311663472
3350 0.23259622670117033
3520 0.07222107587907318
3604 0.08504269353088381
3759 0.04711058876896154
3891 0.046841663542236595
4025 0.046708137595836294
4105 0.03996927209443172
4574 0.22231491388921482
4575 0.18143547954271108
4676 0.05445813615572358
4782 0.1731969329176371
4803 0.08126352767643005
4824 0.1498231418480802
4827 0.03603485493197064
4861 0.014307400177795119
4879 0.11665503122551463
5224 0.03793487103666145
5480 0.14538748843620733
5820 0.1298779774165891
5977 0.09382998631008535
6066 0.047656098752294235
6384 0.08405036106291187
6452 0.033233881599349216
6867 0.05644339153149578
7176 0.034339105395765825
7205 0.051794984545485215
7230 0.07422943425874808
7312 0.04921187168022899
7371 0.12757476532705742
7554 0.054284269827256953
7833 0.04367641090297946
7952 0.02355196371198172
7986 0.13121366142048557
8107 0.10448741422132386
8312 0.061764492953764294
8385 0.06886783980996518
8532 0.07222107587907318
8716 0.08454224978983273
8786 0.14845886851749615
8837 0.05644339153149578
8880 0.16341931477051086
8961 0.06509752909939268
9115 0.08170965738525543
9370 0.2717803679344927
9371 0.10993281298509797
9445 0.017648017214953775
9546 0.05857583285383702
9547 0.14538748843620733
9749 0.11243654706949066
10364 0.06002003220338086
10400 0.1550694063235748
10428 0.06829802337173227
10490 0.07004248412211571
10647 0.07126712808162518
10816 0.12772473991971875
10988 0.034080259963803636
11036 0.022962295744975925
11067 0.03576037154875945
11084 0.15057749719522057
11104 0.11377515074157647
11106 0.05132196365013404
11217 0.035040964332696586
11319 0.018038852287168373
11634 0.036498227100004665
11768 0.06773927203258404
11893 0.005867843229476679
11934 0.16976830627957135
11965 0.06509752909939268
12177 0.035308638726331505
12180 0.0589811182835334
12265 0.01838524259001519
12274 0.08039149761443101
