145
111 0.029586027075173216
352 0.03287237079696079
405 0.07184023481909663
548 0.10417874337979746
627 0.04795478154214306
670 0.07864991088258631
683 0.057194936194402024
702 0.0640046122578917
706 0.18142074150557388
731 0.05811466121142924
769 0.05643367335509624
819 0.04795478154214306
937 0.031382110273518705
938 0.015053224690187609
942 0.030041822766054733
952 0.013728008665724005
1023 0.0635446113984156
1374 0.029926404510049257
1596 0.04114510547865339
1698 0.02695173912638293
1710 0.039634351906911294
1734 0.039874551653973425
1856 0.15729982176517263
2080 0.018913363983095163
2356 0.013728008665724005
2382 0.06941919687687564
2630 0.01110571777065527
3102 0.04346936258673464
3195 0.04062226492577767
3249 0.08405505485502195
3661 0.0235607375536427
3709 0.07448721450610932
3819 0.02969852331488221
4095 0.056334590898245024
4105 0.01851688196200832
4259 0.03939840370678167
4356 0.017990285746255563
4410 0.014572452950017498
4473 0.11233221919561236
4624 0.014974846880589174
4700 0.04552430295337375
4827 0.016694153291481915
4858 0.13470963172737643
4861 0.006628302853490226
4907 0.05939704662976442
4928 0.07481490020276296
4965 0.039166559162308226
5057 0.05038526013091236
5181 0.02761134417728543
5681 0.038714626889884085
6008 0.02052928065723144
6031 0.5519657370794192
6162 0.030562211770709308
6218 0.06735481586368822
6409 0.02279877444050952
6452 0.01539652414136013
6476 0.049359313633197094
6560 0.036659686523244965
6585 0.08891455121120201
6649 0.04887450655917027
6673 0.04515905475513841
6747 0.02459809490186755
6867 0.02614897804630603
7042 0.01958390930978106
7150 0.025473860356243515
7267 0.06940975623032733
7301 0.07184023481909663
7507 0.07749588915683653
7537 0.00788685242225423
7542 0.015281105885354654
7552 0.11051746179473494
7823 0.041689292273550414
7917 0.0932952095072809
8005 0.08960709535843461
8112 0.14152646619159684
8113 0.1604766359237525
8224 0.020458368662623242
8374 0.04254963756970742
8394 0.057194936194402024
8559 0.15729982176517263
8592 0.1936268552582688
8633 0.028824063962040028
8662 0.043790600427089744
8774 0.06845841586895134
8777 0.041689292273550414
8778 0.0640046122578917
9020 0.057194936194402024
9099 0.022598308628360056
9115 0.07570856318745416
9161 0.056334590898245024
9165 0.10077052026182472
9199 0.04986241957803664
9292 0.026062694733471115
9333 0.0484067138145672
9338 0.0433873420729062
9381 0.09590956308428612
9445 0.008175937026341687
9549 0.07077826539713002
9578 0.02334857299103303
9579 0.038494279306273214
9582 0.02780595676198899
9673 0.04751766942165538
9814 0.03538913269856501
9906 0.04062226492577767
9923 0.024909938953310326
9949 0.11749967748692469
10117 0.07184023481909663
10306 0.044457275605601004
10312 0.07691838467340532
10487 0.12520016033367531
10571 0.03244913762129144
10597 0.022598308628360056
10636 0.07184023481909663
10705 0.06260008016683766
10825 0.04315568398973142
10873 0.31120092923920706
10951 0.014907997278445887
10959 0.025068639938272252
10960 0.02097669109130934
11036 0.010637925026052202
11045 0.051496797454239
11056 0.08229021095730678
11067 0.01656699119567376
11125 0.03573996150621776
11139 0.1635244883762852
11217 0.01623370570398454
11246 0.07864991088258631
11315 0.04346936258673464
11332 0.025295749429005046
11634 0.016908823394047062
11692 0.0640046122578917
11736 0.07367830786315663
11855 0.06735481586368822
11893 0.016310653873568
11977 0.017083083722440384
12006 0.01410841833877406
12039 0.049359313633197094
12104 0.051496797454239
12105 0.0524716469387534
12162 0.05476445760563273
12163 0.12520016033367531
12204 0.010637925026052202
12265 0.05962234094594356
12291 0.06783105867494492
12293 0.05335992551457869
