264
82 0.05239074136482877
103 0.02657142655014828
194 0.03890512705739812
247 0.037335368357617256
313 0.03085785140334566
336 0.04007852028189896
344 0.009986655237122187
399 0.060720800294301
547 0.021304595055805092
641 0.06412125571385763
788 0.04007852028189896
862 0.03809463563643896
913 0.031748461352426746
938 0.013570579007267315
952 0.012375888226267891
965 0.04699137431375861
1020 0.044497739134952065
1143 0.062003556180311524
1184 0.06352818572572838
1330 0.1084865666800588
1390 0.049370511237490734
1450 0.06143125606186509
1532 0.06257334226950162
1536 0.01844335110980598
1575 0.04637897253826615
1587 0.02888330092123479
1698 0.04859433280581411
1702 0.030715628030932546
1746 0.041040452308018505
1814 0.020614091411422147
1872 0.1945256352869906
1895 0.01939679903059055
1971 0.01732574676827444
2002 0.028062258371671745
2046 0.27854816739546706
2049 0.030575068127925903
2075 0.06476443437057583
2100 0.06288839730537388
2163 0.04039068678640104
2266 0.01875283777603006
2356 0.024751776452535783
2362 0.06288839730537388
2392 0.033397308032396995
2450 0.02533531377918952
2454 0.04039068678640104
2473 0.11350853930256172
2531 0.07090340119897384
2578 0.09367360969181808
2588 0.26978445748816116
2596 0.028407288807601443
2644 0.11372167046418394
2656 0.01978902098875372
2828 0.03782124423495947
2895 0.06276914286642153
2904 0.037335368357617256
2957 0.032060627856928814
3019 0.04363896426331595
3039 0.050785996513095844
3091 0.04245593758362362
3112 0.027726857960062776
3184 0.07090340119897384
3277 0.07090340119897384
3278 0.05501669534589458
3285 0.02579581972467918
3345 0.06476443437057583
3350 0.09714335932645786
3363 0.039187910332817884
3390 0.03594716512484767
3407 0.05501669534589458
3429 0.037092577580694716
3561 0.034315138230279214
3591 0.030023105190188932
3709 0.03357535180303704
3830 0.03129490810294117
3843 0.08410623223098473
3868 0.050785996513095844
3918 0.010902486044794345
3933 0.03782124423495947
3955 0.046424694565911175
4105 0.016693088345215226
4320 0.01875283777603006
4391 0.04810431651163139
4410 0.02627432037426573
4494 0.04695890405578435
4509 0.049370511237490734
4533 0.06744611437204029
4552 0.02092304762214051
4567 0.07577617330151251
4574 0.046424694565911175
4676 0.022744334092836785
4712 0.030436133231305056
4791 0.031001778090155762
4827 0.030099773419201323
4879 0.04872074571587326
4907 0.053546820078556406
5001 0.016092076378120324
5005 0.06337369888380395
5041 0.0349014854796205
5051 0.07971427965044484
5057 0.18169054604066773
5085 0.06744611437204029
5104 0.06476443437057583
5121 0.04245593758362362
5167 0.08410623223098473
5224 0.015843424720950988
5312 0.06956845880739923
5388 0.06476443437057583
5389 0.019341797860408898
5500 0.04208613195324568
5622 0.025155941274543167
5640 0.050785996513095844
5662 0.05005742589134145
5752 0.025517404152272372
5802 0.033616063484700046
5839 0.04406068243535655
5927 0.2525167917194741
5943 0.04245593758362362
5977 0.1959395516640894
6010 0.023114139723214723
6066 0.0199034764701451
6114 0.02937894785546436
6176 0.07577617330151251
6214 0.0387935980611811
6230 0.028762518651222493
6311 0.04810431651163139
6384 0.035103468968750426
6398 0.02637278178439248
6452 0.02776013134698279
6570 0.03190353104857283
6576 0.08410623223098473
6587 0.04323154440909272
6712 0.12518210088560766
6731 0.11057792597051314
6772 0.07467541381328421
6791 0.02092304762214051
6867 0.02357347211910061
6952 0.016781454439729553
6978 0.059116055442568066
6982 0.02480503357975772
7121 0.03144419865268694
7176 0.10039162161847924
7179 0.04810431651163139
7205 0.02163207402962176
7206 0.03375607302377345
7220 0.03969222494481797
7231 0.03616768020547984
7248 0.06476443437057583
7382 0.0349014854796205
7385 0.05005742589134145
7425 0.04859433280581411
7482 0.02579581972467918
7507 0.017465760795206956
7537 0.007110048253290551
7542 0.041328046117081844
7697 0.059116055442568066
7698 0.04542263651016693
7782 0.09182644882111436
7822 0.07090340119897384
7889 0.04542263651016693
7952 0.06885502118051587
7956 0.02912856932618546
7963 0.05239074136482877
8006 0.044951292384437624
8101 0.05770057016696295
8166 0.03946439888439904
8198 0.034125878654151405
8209 0.07577617330151251
8225 0.02963465398527732
8272 0.046424694565911175
8279 0.05643437544110361
8368 0.06744611437204029
8515 0.02136938084454928
8532 0.1508149556974065
8556 0.039238712067398894
8558 0.041040452308018505
8697 0.06476443437057583
8741 0.04695890405578435
8774 0.03085785140334566
8776 0.051218989048057474
8786 0.062003556180311524
8880 0.034125878654151405
8942 0.03621718184536234
8961 0.1087514230175606
8962 0.07467073671523451
8969 0.02888330092123479
9033 0.05239074136482877
9139 0.06940568142772939
9143 0.0542432833400294
9144 0.051561603338564944
9247 0.034507426087815984
9265 0.08208090461603701
9338 0.03422472227243574
9370 0.18918089883760286
9385 0.09763388667725935
9387 0.05528896298525657
9409 0.0475179692622901
9433 0.06314666677797642
9470 0.029506120838048346
9593 0.060720800294301
9616 0.03304894350441987
9625 0.024633348735509684
9658 0.02025353232663221
9671 0.02454841739468646
9675 0.017847308228871542
9731 0.04208613195324568
9820 0.0542432833400294
9922 0.031147449385331837
9966 0.041040452308018505
9972 0.059116055442568066
9995 0.03977425758215917
10098 0.06257334226950162
10129 0.060720800294301
10135 0.035730623505884324
10144 0.03357535180303704
10155 0.04810431651163139
10168 0.04872074571587326
10202 0.049370511237490734
10282 0.060720800294301
10318 0.014985750380504726
10415 0.049370511237490734
10460 0.021900637936739537
10547 0.05005742589134145
10571 0.029253106551612732
10597 0.06111756231307846
10618 0.03594716512484767
10646 0.028642938214773657
10647 0.05952915341393348
10729 0.07577617330151251
10746 0.05770057016696295
10749 0.013949936420933515
10844 0.03271039337854628
10852 0.053281351313909854
10862 0.031748461352426746
10951 0.013439655560256877
10979 0.050311882549086334
10988 0.02846710788525629
11036 0.00959015792367266
11067 0.014935249261252528
11080 0.0165182818492514
11084 0.03144419865268694
11103 0.019507562346535393
11319 0.007533891389479176
11424 0.03594716512484767
11497 0.025692005958207812
11624 0.02976457670696674
11634 0.03048682637925678
11736 0.01660536726443878
11768 0.02829117452549319
11816 0.07577617330151251
11893 0.012253466262045513
11921 0.03254462889241979
11994 0.051561603338564944
12021 0.017847308228871542
12029 0.026080838649758038
12109 0.07781025411479624
12138 0.024633348735509684
12177 0.014746583931160774
12180 0.024633348735509684
12193 0.03662123345496541
12198 0.051561603338564944
12215 0.05239074136482877
12256 0.04695890405578435
12265 0.015357121244451863
12309 0.08410623223098473
