254
110 0.03924546282679316
191 0.09778353092784493
235 0.09778353092784493
236 0.025620879901698704
241 0.07841415595159341
313 0.14350373745332454
335 0.03112728390245454
337 0.03112728390245454
343 0.13263969542742765
344 0.011610678368791656
362 0.043989073774319654
374 0.03163388464915614
478 0.041050815678654415
547 0.04953826783782771
587 0.024398500764803634
744 0.05254932470100193
769 0.014787157542797781
895 0.04523185255072369
952 0.01438844681342171
978 0.05819773069100878
1057 0.037274305511681115
1174 0.03989544283969996
1230 0.06872946846346764
1362 0.034757573600620706
1413 0.026025895233999678
1450 0.03571058272212545
1524 0.015122056280177505
1542 0.04340682075108581
1557 0.07841415595159341
1575 0.02696054486867436
1622 0.024996326739506625
1663 0.0442895595621321
1698 0.028248355197896844
1702 0.03571058272212545
1736 0.06716056763007244
1769 0.07059517583946538
1895 0.02255109339222313
1964 0.06306428945171069
2002 0.03262572388043131
2049 0.03554716506259793
2172 0.042847864191126066
2181 0.03124619568923485
2356 0.02877689362684342
2373 0.013657487956635746
2450 0.02945532539955308
2473 0.043989073774319654
2578 0.027226687212866023
2586 0.05739911043995376
2630 0.01164000062637768
2644 0.026443002346035596
2656 0.04601419644078892
2726 0.04980368790692233
2788 0.05459532932667587
2851 0.12315244703596324
2904 0.08681364150217162
2921 0.09778353092784493
2942 0.048108027870582035
3091 0.0493600934872161
3190 0.05819773069100878
3278 0.06396347319576176
3332 0.09937782051552099
3350 0.15058766243855126
3407 0.03198173659788088
3462 0.07059517583946538
3520 0.07013615278505385
3591 0.017452721142305824
3605 0.03709166172642207
3606 0.05739911043995376
3668 0.0442895595621321
3759 0.06862585633367328
3765 0.07544960190701619
3790 0.04893015031491893
3805 0.03210818135779253
3891 0.06823411374552109
3977 0.04340682075108581
4033 0.032494529953032834
4095 0.059044780975341875
4105 0.019407707100737994
4289 0.03491196247107042
4356 0.018855776968188936
4381 0.05238249375041073
4422 0.07841415595159341
4429 0.037646915609637815
4431 0.023342175444761512
4446 0.029350665355037824
4503 0.05026182897095313
4554 0.04034619323938933
4624 0.020927025239862333
4697 0.09778353092784493
4717 0.05459532932667587
4791 0.03604326631077097
4803 0.03945878072011693
4827 0.052491867373889445
4848 0.0752963829589616
4861 0.006947182609872403
4883 0.08162394278116061
4907 0.06225456780490908
4941 0.034376516060414
4972 0.08868695359534616
4988 0.03522595435042433
5001 0.07483583589343
5010 0.06306428945171069
5051 0.0926773619841048
5065 0.07274897693983647
5112 0.0340102269873334
5181 0.028939693062249392
5310 0.03445382140703963
5312 0.02696054486867436
5337 0.0608686258613416
5372 0.05994651645907889
5444 0.0493600934872161
5682 0.15682831190318683
5769 0.03989544283969996
5773 0.17619768687943838
5842 0.06241823474726391
5977 0.0455606218514569
5979 0.15682831190318683
6008 0.02151691990054577
6079 0.062080199432664795
6125 0.03262572388043131
6150 0.029350665355037824
6162 0.01601626169064594
6209 0.02669937744018834
6214 0.04510218678444626
6230 0.03343986001382673
6251 0.021442596414328774
6294 0.0431245475019525
6311 0.05592700798271007
6360 0.018277540633386283
6368 0.0609104883513396
6384 0.04081197139058031
6398 0.030661505751263567
6412 0.059044780975341875
6437 0.03522595435042433
6452 0.03227446516298365
6585 0.09319212437823511
6715 0.0609104883513396
6772 0.057879386124498784
6828 0.03160912649992417
6830 0.06561169547083583
6869 0.0417928688459183
6870 0.08243366442796224
6885 0.0752963829589616
6892 0.05226124120087449
6934 0.03148709908137454
6978 0.06872946846346764
6982 0.028838811392134966
6998 0.04459664995919618
7046 0.1505927659179232
7201 0.15698185130717263
7205 0.02514986730233873
7215 0.05026182897095313
7262 0.014035598501069241
7272 0.031713158748345606
7312 0.07168678898073137
7396 0.036212626573611295
7507 0.020306031022838806
7537 0.016532558999069705
7552 0.019305720877034967
7726 0.05173393142819682
7818 0.04057714148282736
7854 0.036212626573611295
7952 0.011436025461995595
7968 0.04154111337508807
7971 0.04523185255072369
7986 0.0318564258869623
8092 0.022615332818542763
8107 0.05073550316678018
8117 0.059044780975341875
8125 0.07059517583946538
8147 0.05592700798271007
8272 0.10794849410051573
8281 0.07841415595159341
8361 0.0462423204945843
8532 0.035068076392526924
8558 0.04771442295182799
8586 0.0331631767030003
8786 0.03604326631077097
8837 0.027406974238296303
8880 0.11902621799727103
8890 0.03360143737188018
8942 0.028071197002138483
8961 0.15804563249962086
8962 0.04340682075108581
8986 0.025620879901698704
9099 0.04737097268656176
9160 0.037459368490195565
9370 0.17595629509727861
9371 0.05337960196358493
9385 0.03783701446876604
9392 0.19556706185568987
9409 0.11049061867916533
9433 0.024471845030923547
9438 0.03842334038245627
9470 0.03430438628619388
9546 0.14221207287978482
9620 0.04154111337508807
9625 0.02863920727443695
9664 0.021442596414328774
9749 0.05459532932667587
9758 0.05459532932667587
9866 0.048513043202883015
10081 0.033865437602394695
10100 0.16378598798002764
10105 0.0318564258869623
10122 0.05459532932667587
10184 0.0417928688459183
10298 0.02988198605084099
10318 0.017422722989001157
10392 0.015122056280177505
10490 0.0340102269873334
10618 0.1671714753836732
10619 0.01951044322987744
10646 0.06660166697508664
10647 0.13841948829602535
10781 0.05226124120087449
10797 0.06306428945171069
10827 0.12856003362960328
10899 0.0455606218514569
10951 0.023437804909512142
10979 0.02924678345931348
10997 0.03842334038245627
11036 0.02229940585988804
11084 0.03655763300645853
11101 0.06578373244924593
11103 0.022679868963819513
11159 0.043694914475459166
11189 0.03783701446876604
11300 0.025072886112494933
11332 0.01325634890417977
11434 0.06708379792807952
11497 0.029870022619884706
11626 0.06306428945171069
11736 0.019305720877034967
11768 0.032891866224622965
11783 0.05397424705025786
11871 0.10245160172642769
11877 0.04459664995919618
11893 0.01709534000644418
11934 0.08243366442796224
11957 0.022941036392305533
11960 0.03358028381503622
11965 0.06321825299984835
11982 0.09778353092784493
12029 0.03032208702119493
12083 0.03783701446876604
12137 0.0331631767030003
12177 0.034289326906300245
12180 0.0572784145488739
12200 0.08115428296565472
12204 0.01114970292994402
12256 0.05459532932667587
12265 0.017854485932093708
12286 0.034757573600620706
