38
9 0.31692410901402535
194 0.17389818429361603
373 0.11530218641540552
1702 0.13729275157325463
2074 0.1849559154637596
2450 0.11324381637952516
2578 0.10467560366531707
2644 0.10166265222258394
2828 0.08452672176705008
3278 0.2459136918476354
3332 0.09551688451918972
3350 0.28947433720205923
4410 0.05872049460078463
4670 0.23047011738621345
5005 0.07081695910930214
5051 0.11876899474829758
6014 0.15600270229426955
6337 0.37593813923720926
6554 0.15170305735263304
6867 0.10536873438197
7208 0.1210551646714857
7952 0.043966893930475925
8890 0.06459197025009013
8961 0.12152431075600706
9042 0.16473271297788258
9370 0.16912020239572786
9546 0.10934958381681538
9616 0.14772220791778765
9795 0.1702754487533256
10318 0.03349166264901822
10428 0.1274990054319106
10618 0.16067668244576783
10981 0.10467560366531707
11101 0.12645592634252903
11106 0.09580803366138169
11497 0.057419079757811985
12000 0.27140990709157153
12274 0.15007514837192273
