221
104 0.018160295866508004
106 0.021677993022277638
132 0.05865414596014891
207 0.033145161629267554
214 0.046062880868203857
390 0.015568584855274742
495 0.021208921561677186
642 0.019254747666964136
682 0.05097962032802283
854 0.026109767317728277
866 0.041654550488184096
894 0.03722277619273346
938 0.009796720669768395
1000 0.060717030814409545
1026 0.060717030814409545
1068 0.02534150384022421
1364 0.04383488125373984
1456 0.04675401635584618
1468 0.021677993022277638
1524 0.009389785257583851
1543 0.01696174377651425
1553 0.01760037845881173
1564 0.049822430455469045
1632 0.016211524032165546
1726 0.025950575536208276
1759 0.045178391668179725
1761 0.04675401635584618
1901 0.02505228676971967
1958 0.06057339981235654
2090 0.051185790651296824
2096 0.04260145771878902
2099 0.021774929323203684
2105 0.03940718261229848
2110 0.023144850005554368
2127 0.034303641090627106
2161 0.027314271866737603
2172 0.05321131412904224
2249 0.10418079102348
2287 0.037935842514897566
2298 0.02361392146615482
2325 0.10998857635511156
2360 0.033145161629267554
2362 0.02269984432647382
2627 0.02534150384022421
2630 0.007227661652277953
2650 0.02093918868572703
2665 0.02713161862192446
2675 0.020507472325571013
2677 0.01595857000089869
2681 0.02713161862192446
2757 0.015287185852051422
2781 0.01566445001493455
2937 0.02871338733381691
2938 0.020592114057178024
3089 0.02139351807196489
3097 0.027314271866737603
3112 0.020016263295738145
3246 0.03212331032507137
3453 0.027500853437936575
3484 0.0484766851624254
3524 0.03991358999477164
3538 0.051185790651296824
3548 0.023376215948108556
3619 0.029389758955451647
3633 0.03351439644527966
3737 0.019551381986716302
3814 0.017969613274823847
3817 0.04675401635584618
3830 0.02259207016195864
3890 0.04954480185502876
3892 0.028085954342778472
3918 0.01574120165833751
4078 0.021208921561677186
4081 0.02442251313305304
4134 0.04821962242589533
4170 0.02269984432647382
4200 0.029389758955451647
4205 0.02361392146615482
4381 0.016263012068597836
4485 0.02713161862192446
4552 0.015104532607238276
4589 0.05699832284112303
4623 0.030649315777694093
4624 0.0097457119641158
4656 0.04868994479972337
4861 0.034509884975064825
5005 0.0457500321424871
5013 0.01889767222039143
5129 0.027886503980085457
5207 0.041654550488184096
5209 0.054703487807066464
5224 0.011437508035621775
5271 0.09542338571716097
5425 0.01186227790885216
5606 0.041654550488184096
5700 0.020592114057178024
5807 0.019551381986716302
5845 0.016905951245488635
6008 0.013360567738105632
6034 0.03657957291914168
6066 0.014368495200602642
6122 0.06909432130230579
6143 0.035171936020240546
6150 0.01822479957386961
6214 0.014002720288395052
6304 0.054703487807066464
6360 0.02269825986684475
6409 0.014837566661203094
6493 0.03212331032507137
6609 0.060717030814409545
6686 0.03846427742328754
6719 0.02769153602962073
6747 0.016008574223909167
6785 0.6504641500974093
6791 0.015104532607238276
6952 0.012114679962471309
7016 0.028933037260174817
7066 0.054703487807066464
7084 0.12143406162881909
7208 0.019551381986716302
7262 0.034860670650845894
7272 0.01969174991611237
7277 0.025489810164011414
7349 0.24286812325763818
7386 0.051185790651296824
7394 0.02385832378783338
7443 0.05925492894699583
7467 0.0242383425812127
7483 0.0191100836958633
7484 0.027482344822821
7537 0.015398419621320613
7558 0.0232597617341701
7560 0.05658019616656804
7580 0.055065791450918194
7593 0.027500853437936575
7753 0.028933037260174817
7756 0.03120923318539037
7817 0.258985534351414
7833 0.013168604163361094
7939 0.035171936020240546
7962 0.12143406162881909
7966 0.03180779523905365
8028 0.09737988959944674
8117 0.07332571757007438
8118 0.06184951647015522
8224 0.02662883565107606
8324 0.02971263630068833
8327 0.01911014917513373
8364 0.05316515705892229
8395 0.03038234983165891
8412 0.020507472325571013
8414 0.027500853437936575
8437 0.06076469966331782
8438 0.05010457353943934
8447 0.018487719957381094
8453 0.027500853437936575
8455 0.04187837737145406
8626 0.03722277619273346
8754 0.017660836603649636
8774 0.022276555075940927
8843 0.03915870463661064
8863 0.02505228676971967
8873 0.03414883380281679
8942 0.017430335325422947
8956 0.02579425223171056
8992 0.04675401635584618
9027 0.013351257408174243
9077 0.026952731693070123
9190 0.060717030814409545
9193 0.034726930341160006
9194 0.03846427742328754
9253 0.060717030814409545
9282 0.060717030814409545
9338 0.03176630852159867
9433 0.0303907571086682
9485 0.026109767317728277
9558 0.15355737195389046
9575 0.0739548890309072
9580 0.021487310430593487
9618 0.01875885792017129
9650 0.029158393012897462
9656 0.030574371704102845
9658 0.029242407221369587
9669 0.03038234983165891
9670 0.042676401792380275
9671 0.01772171901964076
9896 0.042676401792380275
9898 0.010121317415439705
9923 0.016211524032165546
10334 0.017362672940765465
10460 0.015810263677111486
10490 0.021118075614581365
10523 0.04868994479972337
10597 0.014707102418099973
10844 0.02361392146615482
10876 0.028933037260174817
10951 0.0048511029393523775
11036 0.013846439169157614
11174 0.09034449528790746
11201 0.054703487807066464
11319 0.016316347915496188
11332 0.016462611592448585
11499 0.024501262964724185
11624 0.042974620861186974
11780 0.02505228676971967
11811 0.09277427470523283
11893 0.017691770725686076
11918 0.30684416877617887
11921 0.023494254621676088
12007 0.024501262964724185
12011 0.03846427742328754
12021 0.012884129213048342
12064 0.06505204827439134
12078 0.018554714179665747
12138 0.01778303170362488
12186 0.013025200755033493
12204 0.006923219584578807
12225 0.055773007960170914
12229 0.028499161420561515
12265 0.005543220633515056
12286 0.0647463835878535
