112
201 0.07289678081941074
230 0.09465614385400552
236 0.029886512988172218
374 0.018450312949061975
456 0.023247120709896568
594 0.02942737658998117
638 0.05096970260187286
641 0.04348012324612228
711 0.023750582031501623
887 0.05743728948548456
1119 0.056117557449468156
1347 0.03524055909326721
1450 0.04165605546861953
1702 0.04165605546861953
1854 0.05659000398665439
1996 0.061601470889443184
2299 0.12069427900136273
2344 0.09146936792551293
2371 0.11223511489893631
2373 0.03186265989051666
2464 0.03590049800224205
2560 0.41106585547509605
2578 0.06351934392060224
2620 0.057578080095729685
2630 0.013577950142122338
2644 0.030845511008724718
2853 0.039503711216686194
2957 0.1304403697383668
3048 0.060962241340680096
3186 0.07225933728394117
3278 0.11191917567438779
3350 0.08782953877063884
3369 0.0644431284736462
3407 0.186531959457313
3814 0.03375787700879427
3903 0.06946239375876832
3911 0.11406355981203507
3918 0.014785781458560498
3933 0.025646290646524763
3936 0.11406355981203507
3985 0.05477721918938336
4048 0.017860881714927408
4410 0.01781641166198001
4448 0.04326707100586759
4552 0.02837551071535071
4624 0.006102794030050916
4827 0.04082084305358944
4941 0.04009987938234534
4950 0.10276646386877401
5018 0.09577077295255779
5065 0.0848609904316561
5224 0.021486605395930593
5296 0.11406355981203507
5389 0.02623104446129594
5687 0.05353878079485387
5820 0.07356389448839501
6008 0.01254964131872938
6079 0.02413865427691842
6364 0.09615808637491717
6384 0.047606776883436445
6412 0.06887517603899077
6630 0.040366254502651105
6657 0.05461547266711586
6712 0.11318000797330878
6715 0.4263090358050181
6867 0.03196997506260651
7033 0.10276646386877401
7176 0.019449935827514173
7185 0.05063364400949313
7220 0.05382997613817835
7254 0.042441666063563456
7952 0.04002004515235311
8107 0.11836496483907995
8246 0.061601470889443184
8311 0.11406355981203507
8444 0.040544379382670206
8532 0.04090657793942445
8558 0.055658421051277114
8716 0.04788538647627889
8961 0.11061523725679635
8985 0.05030437494618212
8986 0.08965953896451664
9072 0.10276646386877401
9338 0.013261438378655286
9370 0.1539385098877933
9385 0.04413651789841384
9433 0.05709234945617483
9546 0.03317780637904467
9616 0.044820461506207075
9749 0.06368493296387749
9758 0.12736986592775498
10141 0.03550133688532236
10172 0.0373063918914626
10218 0.02906915855939002
10250 0.06296044638917325
10597 0.027628894789936798
10618 0.2437549222292131
10750 0.03498388820920754
10789 0.07825261293779927
10799 0.09615808637491717
10816 0.217032852171867
10981 0.03175967196030112
11103 0.026455851670898128
11297 0.06788709992991547
11332 0.046390215155051345
11621 0.08017227198225185
11629 0.020725881651565366
11631 0.20553292773754803
11634 0.020672879119345434
11893 0.006647183899747581
11965 0.0737434915045309
12232 0.09412690219061277
