297
6 0.03610316007290386
36 0.07009230979239917
103 0.04787165091714597
200 0.03530088909762744
313 0.027797082848490928
335 0.024117774347625028
336 0.03610316007290386
343 0.020554149561402345
344 0.008996085935377322
374 0.012255147190130931
428 0.1919856463618492
449 0.046447244205982514
471 0.04049260534132579
547 0.038382814543954695
576 0.022580846313305276
587 0.018904236479800586
594 0.05863914057045316
669 0.0959928231809246
744 0.02035790786035951
745 0.060756181773729365
752 0.06825998802286587
862 0.06863211109729817
938 0.024449045660133176
956 0.042191095149261684
959 0.0385884650386723
979 0.014308937567746843
1029 0.02402641765303482
1054 0.058340495723540955
1119 0.03727464831586097
1143 0.027926733548569657
1149 0.037588458811578296
1188 0.050836689474404444
1229 0.058340495723540955
1274 0.03727464831586097
1330 0.04886293025617092
1450 0.05533793302450678
1483 0.05636673650530743
1507 0.058340495723540955
1524 0.035150224688442644
1536 0.06645587239395408
1691 0.050836689474404444
1820 0.046447244205982514
1861 0.031084658789535792
1872 0.03504615489619958
1896 0.029316550066019863
1918 0.03408323573539973
1929 0.05740008138697147
1940 0.05636673650530743
1980 0.04230108342447489
2046 0.20909930898892795
2049 0.027542348647063074
2072 0.054697946864322396
2080 0.015359290422032783
2327 0.1439892347713869
2399 0.06387054275444394
2405 0.03824476302631983
2419 0.05533793302450678
2450 0.04564464368613099
2454 0.10915308900482693
2492 0.04280469534676395
2558 0.049804889673611394
2588 0.060756181773729365
2622 0.06476318225029995
2644 0.020488339607591534
2677 0.019913388355882747
2819 0.07220632014580772
2904 0.0672641989132848
2906 0.06387054275444394
2942 0.18637324157930485
2950 0.04135912400703441
3082 0.03298879909218928
3226 0.08460216684894978
3243 0.1919856463618492
3276 0.15724178449031082
3277 0.06387054275444394
3278 0.024779814034852198
3335 0.058340495723540955
3364 0.06387054275444394
3441 0.03791163815605295
3442 0.014879845102520075
3472 0.022580846313305276
3490 0.03479727717533838
3591 0.01352256726225203
3648 0.04049260534132579
3680 0.017227352854092017
3696 0.05636673650530743
3709 0.06049007259365182
3750 0.04008403971932706
3759 0.01772403188849545
3791 0.05776111350494493
3868 0.04574856927545634
3878 0.026695213521113863
3908 0.05636673650530743
3918 0.019642152260076446
3952 0.0479964115904623
3962 0.029465872489475964
4078 0.026464870702284062
4101 0.01661396809848852
4123 0.06825998802286587
4131 0.04333288322526794
4297 0.025381396798302525
4303 0.060756181773729365
4320 0.016892757000187657
4363 0.049804889673611394
4410 0.011834094517547517
4414 0.07334613110482129
4429 0.058338518606548255
4446 0.022741230047689402
4546 0.06387054275444394
4552 0.03769541051924975
4554 0.031260690376410764
4655 0.04733702108423384
4676 0.04097667921518307
4791 0.027926733548569657
4827 0.0542283961717198
4861 0.09688961282683044
4882 0.11473428907895948
4886 0.04447348498774899
4941 0.02663531645744379
4972 0.017178915618639837
4982 0.05636673650530743
5001 0.043487743955986126
5005 0.09990348604344125
5006 0.06387054275444394
5008 0.06825998802286587
5051 0.07180747637571896
5069 0.029169259303274127
5071 0.06825998802286587
5181 0.022422804031090638
5312 0.041778674905871525
5504 0.06825998802286587
5631 0.05325237552459285
5682 0.060756181773729365
5718 0.04719414061518588
5739 0.06387054275444394
5842 0.01612078656920541
5927 0.18955819078026476
6066 0.0179292646523545
6079 0.04810044609303365
6119 0.04860566724860936
6160 0.060756181773729365
6162 0.01240958210674624
6209 0.041373963905264204
6214 0.017472844191296997
6221 0.04574856927545634
6229 0.06825998802286587
6258 0.017324882379174733
6294 0.033413390925943025
6350 0.06387054275444394
6360 0.028323293610002218
6448 0.04886293025617092
6463 0.04280469534676395
6548 0.035561762059675366
6573 0.058340495723540955
6698 0.02819078820176861
6732 0.022822321843065495
6751 0.049804889673611394
6772 0.022422804031090638
6828 0.024491111484050535
6831 0.054697946864322396
6867 0.021235236016794893
6923 0.024877784876013463
6991 0.060756181773729365
7017 0.03667306555241064
7027 0.058340495723540955
7043 0.04135912400703441
7044 0.060756181773729365
7150 0.020686981952632102
7205 0.01948640383694667
7220 0.017877590549166017
7230 0.027926733548569657
7231 0.09774070041057163
7262 0.010874941692421774
7282 0.016522611403898307
7396 0.028057955810538854
7414 0.05325237552459285
7484 0.008573240042126262
7507 0.047200032836730896
7537 0.006404807572962042
7542 0.02481916421349248
7547 0.06682678185188605
7600 0.20477996406859764
7739 0.028739042265931405
7769 0.06825998802286587
7818 0.0314396317077095
7833 0.016432019209436474
7952 0.026582288617641472
8006 0.04049260534132579
8036 0.062169317579071584
8045 0.031260690376410764
8061 0.04135912400703441
8068 0.03969033436604937
8094 0.18226854532118808
8118 0.0385884650386723
8127 0.06387054275444394
8192 0.05197729123688549
8247 0.03610316007290386
8349 0.04719414061518588
8492 0.05636673650530743
8515 0.01924976700394922
8532 0.02717114528497451
8558 0.036969678738612476
8586 0.025695207294019848
8642 0.17502148717062288
8653 0.06387054275444394
8668 0.0479964115904623
8708 0.04058655319870883
8716 0.03180663987344119
8719 0.029169259303274127
8741 0.04230108342447489
8753 0.023069306792864373
8786 0.027926733548569657
8867 0.0290239456575211
8961 0.024491111484050535
8962 0.1008962983699272
9033 0.04719414061518588
9088 0.04509226506071481
9139 0.031260690376410764
9199 0.04049260534132579
9265 0.036969678738612476
9273 0.03155142998938989
9338 0.04844713683316898
9357 0.04719414061518588
9423 0.07862089224515541
9433 0.018961064453147554
9520 0.13934173261794752
9578 0.018961064453147554
9673 0.0385884650386723
9675 0.016077046291262772
9702 0.039310446122577704
9818 0.039310446122577704
9820 0.14658879076851275
9875 0.08777633850149097
9896 0.05325237552459285
9898 0.01262956044028132
10081 0.05247865408608461
10103 0.0672641989132848
10105 0.024682721867776345
10110 0.02430283362430468
10116 0.02657942948626322
10135 0.03218652811691286
10250 0.04181986179778559
10298 0.02315290337864114
10418 0.06081566381383288
10426 0.03024503629682591
10428 0.025695207294019848
10460 0.019728329079203098
10466 0.0479964115904623
10506 0.05197729123688549
10508 0.032580233470190546
10567 0.04333288322526794
10597 0.07340713911706988
10629 0.06825998802286587
10646 0.02580186533965699
10647 0.026812249299512574
10670 0.04574856927545634
10686 0.03610316007290386
10689 0.058340495723540955
10848 0.02507642722105403
10867 0.049804889673611394
10890 0.03969033436604937
10925 0.02420990855534542
10951 0.01815987838138032
10959 0.02035790786035951
10980 0.05055756544271539
10988 0.05128695099345796
11080 0.014879845102520075
11103 0.01757262097191752
11106 0.05792532915112819
11145 0.048793126498648344
11159 0.0338553177578979
11783 0.04181986179778559
11893 0.028698939283856903
11904 0.10395458247377098
11908 0.10407354655397805
11917 0.0598532205604543
11921 0.05863310013203973
11926 0.046447244205982514
11929 0.014495914651995375
11960 0.02601838663849451
11974 0.0314396317077095
11977 0.041618832762598326
11988 0.046447244205982514
12010 0.04719414061518588
12064 0.04058655319870883
12089 0.022986350800245185
12137 0.025695207294019848
12152 0.060756181773729365
12156 0.06252138075282153
12186 0.016253077878137744
12198 0.046447244205982514
12204 0.034555667645160514
12209 0.04509226506071481
12256 0.04230108342447489
12265 0.020750788800872177
12286 0.026930564182782318
12340 0.03969033436604937
