379
79 0.0200324062775355
106 0.023064725580323665
110 0.025927669666890092
330 0.01945977679664363
339 0.06460107503251121
344 0.023011921251876455
346 0.03694839820931523
373 0.019813486365463612
374 0.010449525274853863
392 0.033205675371037136
423 0.12072226245814431
435 0.034767573732056835
456 0.01316624688677669
496 0.03176086654583668
650 0.04663898110515015
671 0.0433466251617506
711 0.013451387405506525
769 0.009769193900808718
814 0.04246684641003893
938 0.02084682595875768
958 0.018288118736725565
965 0.03609355950682559
975 0.04418435058197999
1029 0.020486466187184166
1057 0.024625416819133952
1068 0.026962589722527675
1132 0.04431917545108427
1205 0.013307716173727844
1266 0.05820284808007584
1327 0.0396039023234725
1347 0.019958854571287838
1373 0.0499943454180774
1465 0.04436989365722399
1524 0.019980892142716047
1536 0.014166135817656937
1684 0.023812125920029053
1685 0.06460107503251121
1706 0.028128367987167783
1709 0.03152272154621353
1782 0.03055017125687986
1847 0.06460107503251121
1872 0.029882601627926136
1896 0.0249971727090387
1929 0.01631433149207295
1933 0.02744430024784403
1958 0.025779302405042344
2041 0.02946295253275904
2077 0.03606861945760356
2102 0.030783872101325056
2107 0.026068598973713292
2150 0.05735377435557817
2156 0.045406394175205096
2157 0.03900816722276972
2167 0.03823824452221425
2192 0.10055583028520153
2243 0.04328361679222289
2343 0.030322241397489635
2356 0.028517352258869942
2358 0.029882601627926136
2373 0.027068619711430444
2382 0.04806843534436491
2433 0.03900816722276972
2455 0.023812125920029053
2502 0.04431917545108427
2630 0.03076004912925369
2658 0.026068598973713292
2666 0.023812125920029053
2675 0.021819327142014223
2701 0.0375811865391325
2753 0.06460107503251121
2781 0.0333329972557766
2783 0.032050333162109854
2822 0.02072215619019643
2889 0.033518610095067174
2933 0.025517349213542494
3112 0.021296695666672888
3269 0.033230717877327766
3280 0.032050333162109854
3442 0.03806253366175183
3471 0.03417822566037081
3510 0.04663898110515015
3580 0.028490402243425368
3581 0.056256735974335566
3591 0.0576510449836157
3599 0.02286184509938522
3605 0.02450475248267787
3648 0.03452659493960315
3709 0.025788859678247428
3753 0.033205675371037136
3759 0.015112647471121097
3787 0.05820284808007584
3887 0.031480435119434595
3918 0.016748160043274347
3961 0.06460107503251121
4025 0.029967089606129385
4048 0.010115694808352718
4059 0.03223793134962424
4143 0.04097293237436833
4180 0.06460107503251121
4226 0.02327216555273282
4259 0.08184276279987368
4320 0.014403849133495355
4356 0.03737143007089147
4381 0.03460670091426113
4382 0.020802076085930727
4387 0.06460107503251121
4410 0.050452543673121374
4414 0.03126981010108891
4416 0.032325896619325466
4431 0.015421100189578853
4440 0.025927669666890092
4446 0.019390632725812058
4451 0.020951423295724154
4547 0.021730141034732413
4616 0.09697768985797639
4624 0.02073828253438481
4625 0.05180462112764047
4638 0.032325896619325466
4676 0.01746967370100023
4699 0.01866238717674194
4712 0.0233776603043537
4721 0.04806189828936237
4746 0.06460107503251121
4800 0.033518610095067174
4820 0.017582244489989293
4827 0.011559653009869735
4861 0.022948417836133012
4926 0.018920605141296846
4972 0.04394353902891988
5005 0.048676643431569126
5066 0.03126981010108891
5108 0.030322241397489635
5139 0.0338425272002794
5181 0.019119122261107124
5253 0.058123109864020625
5351 0.02512449459377816
5364 0.05446012524179775
5380 0.021554313046283715
5389 0.014856222918325234
5400 0.040240754152714775
5433 0.03837250970012438
5489 0.06460107503251121
5490 0.07389679641863046
5696 0.05820284808007584
5700 0.04381876674279277
5721 0.06460107503251121
5752 0.039199276832390814
5777 0.0749915181271161
5780 0.06460107503251121
5842 0.01374561758353201
5875 0.029061554932010313
5882 0.17455461713611378
5943 0.032609940270334356
5971 0.02795253999871909
5989 0.11640569616015169
6008 0.014215237921704751
6057 0.03576152310169524
6058 0.032050333162109854
6068 0.015927649182999822
6079 0.027342352258631172
6090 0.041663671336927
6119 0.06216646857058929
6150 0.11634379635487234
6155 0.11532362790161832
6162 0.02116241279896593
6209 0.01763904891722197
6214 0.014898468714237514
6251 0.014166135817656937
6258 0.014772306974072546
6281 0.019529442714454722
6409 0.015786719876176625
6410 0.025508801146776925
6436 0.030487162887352145
6554 0.026068598973713292
6584 0.012992405773376688
6616 0.022184946828611996
6638 0.03427994228515552
6673 0.03126981010108891
6696 0.08901117751550458
6701 0.05446012524179775
6778 0.025044756377722948
6791 0.016070763527185516
6794 0.42659391996786533
6817 0.03427994228515552
6877 0.032609940270334356
6886 0.13991694331545046
6932 0.01537639942282903
6994 0.02426805514728126
7042 0.027121255237704936
7150 0.01763904891722197
7175 0.06460107503251121
7176 0.04406268806063325
7178 0.079207804646945
7201 0.051855339333780184
7262 0.02781802037490893
7272 0.03142713494358623
7282 0.028176478469497585
7312 0.015786719876176625
7376 0.025517349213542494
7441 0.04431917545108427
7461 0.02926007205182059
7482 0.019813486365463612
7483 0.010166274059806722
7484 0.014620189723993097
7501 0.03900816722276972
7534 0.06460107503251121
7537 0.03276690075243099
7552 0.012754400573388463
7561 0.06506040410855828
7583 0.03900816722276972
7602 0.03844856011454523
7620 0.04092482189203852
7622 0.06460107503251121
7631 0.02926007205182059
7756 0.033205675371037136
7835 0.016070763527185516
7854 0.023924014445054265
7952 0.05288678700327003
7968 0.02744430024784403
8045 0.026654871551501553
8052 0.028676887177789084
8092 0.014940908744376969
8124 0.025652106209674484
8156 0.03243226346601949
8171 0.11555256055900708
8222 0.021046073295408658
8233 0.04092482189203852
8252 0.03321434024569457
8272 0.03565829900425596
8312 0.019813486365463612
8324 0.018968005068709146
8326 0.014772306974072546
8327 0.020332617787566655
8346 0.032609940270334356
8361 0.03055017125687986
8380 0.022184946828611996
8438 0.026654871551501553
8447 0.01967037202127792
8483 0.019958854571287838
8514 0.025788859678247428
8517 0.025253597261834567
8556 0.015069412308730764
8562 0.040240754152714775
8571 0.02635708152372321
8594 0.19380322509753362
8596 0.06460107503251121
8599 0.12920215006502242
8716 0.0271203831426318
8719 0.024871583148653537
8721 0.0379209484986489
8723 0.021641808396111444
8753 0.01967037202127792
8828 0.02096402217475365
8863 0.026654871551501553
8869 0.030322241397489635
8881 0.04431917545108427
8890 0.0221989220092985
8893 0.030783872101325056
8942 0.009272673458302976
8965 0.041663671336927
9049 0.06641135074207427
9077 0.05735377435557817
9099 0.09388745932520377
9160 0.024747679405147275
9182 0.08088776916758303
9202 0.0271203831426318
9267 0.015833457648406365
9273 0.013451387405506525
9291 0.019741651837212673
9292 0.09023389876706399
9338 0.007510752576460808
9388 0.1687702079230067
9421 0.06460107503251121
9445 0.06227455369875373
9470 0.02266332797957494
9509 0.06460107503251121
9575 0.022481643929573192
9578 0.03233484170648818
9582 0.019253879257239113
9636 0.14245201121712683
9638 0.02512449459377816
9702 0.033518610095067174
9792 0.03844856011454523
9821 0.03243226346601949
9898 0.010768774049265756
9901 0.04806189828936237
9922 0.04784802889010853
9987 0.05987656371386352
10100 0.03606861945760356
10103 0.05735377435557817
10108 0.040240754152714775
10116 0.02266332797957494
10127 0.02795253999871909
10140 0.022762052881024567
10153 0.03694839820931523
10191 0.02728092093329123
10192 0.04974316629730707
10298 0.019741651837212673
10312 0.01775371735200912
10318 0.01726558589779788
10334 0.07389342478487265
10392 0.039961784285432095
10410 0.034888629195860735
10460 0.06728655972725685
10480 0.040240754152714775
10490 0.022468990479620886
10521 0.032325896619325466
10576 0.02266332797957494
10619 0.03866895360756351
10656 0.04092482189203852
10749 0.01071479325042802
10753 0.06460107503251121
10760 0.05378530784747554
10890 0.0338425272002794
10899 0.03009980436200131
10925 0.06192876693183477
10951 0.08258281691894981
10959 0.06943383687836394
10960 0.08715024933950519
11036 0.05156266623970834
11067 0.045886404969642074
11101 0.08692056413892965
11110 0.03452659493960315
11153 0.029061554932010313
11190 0.04092482189203852
11217 0.022481643929573192
11219 0.023924014445054265
11225 0.033205675371037136
11233 0.0676850544005588
11249 0.026211713317898986
11260 0.03152272154621353
11293 0.05180462112764047
11300 0.03312900202448418
11310 0.026211713317898986
11319 0.011573398784572711
11322 0.03565829900425596
11332 0.02627357742423892
11339 0.03290300267173803
11451 0.09081278835041019
11497 0.009866874074704199
11510 0.03290300267173803
11580 0.05446012524179775
11629 0.023476634218572757
11634 0.02341659715561426
11736 0.012754400573388463
11754 0.06064448279497927
11770 0.07594521712781667
11781 0.09612379657872475
11858 0.04663898110515015
11861 0.02227866022535371
11875 0.01651392176078809
11892 0.02426805514728126
11893 0.0037647012470075963
11917 0.025517349213542494
11929 0.012360147470128572
11930 0.03166691529681273
11939 0.040240754152714775
11957 0.015156086093848343
11977 0.03548688874278962
12006 0.009769193900808718
12016 0.028676887177789084
12021 0.013708321814431922
12051 0.01564790988753396
12064 0.0519100513713917
12072 0.025652106209674484
12175 0.02286184509938522
12177 0.03398006841135799
12186 0.013858417646630816
12193 0.028128367987167783
12194 0.06460107503251121
12196 0.0338425272002794
12204 0.11049142765651787
12227 0.028490402243425368
12264 0.04092482189203852
12265 0.01179563648828775
12274 0.07736657903474228
12275 0.03493934740200046
12303 0.0989907176205891
12304 0.09870825918606335
