188
86 0.05042376711936625
88 0.048110046738744104
150 0.03825156958768053
198 0.042875048359150514
210 0.022685085859506165
337 0.030338983936185115
344 0.022633274758110514
351 0.07090660558975262
352 0.06716255343601883
374 0.01541637749727018
422 0.04258833865872259
443 0.0653848975097311
445 0.05384621921577321
466 0.07338949842856804
469 0.07090660558975262
528 0.06880734960613809
548 0.05321269997804539
706 0.14826652231480428
769 0.04323801619428194
788 0.0454160146665943
889 0.05754946904908745
913 0.03597659235625096
931 0.10740932896981507
937 0.032058878125929134
938 0.015377853545820257
952 0.014024058703838034
1055 0.04203241625633191
1115 0.06880734960613809
1252 0.0653848975097311
1334 0.07090660558975262
1605 0.04945062410182966
1734 0.12220338727948785
1736 0.03272986150765901
2080 0.01932123829789219
2219 0.05042376711936625
2266 0.02125026446799975
2378 0.045071231497538
2382 0.1181937497127459
2599 0.07090660558975262
2625 0.043773277667702046
2630 0.011345217049053542
2675 0.03219045603604502
2704 0.029997086286316643
2715 0.046132927966249695
3175 0.04258833865872259
3342 0.030928608832104583
3344 0.10642539995609078
3357 0.13761469921227618
3378 0.048110046738744104
3472 0.05681120684606589
3605 0.03615231360406599
3797 0.04230754092181533
3809 0.0669888913594308
3827 0.0454160146665943
3830 0.035462636729001386
3844 0.12293436655881855
3852 0.07090660558975262
3892 0.04408635370309608
3897 0.03977840624652846
3903 0.029020062884723037
3918 0.03706330443065392
3933 0.021429061886543015
4033 0.031671604414582735
4097 0.04024804615697526
4105 0.037832411964543115
4106 0.08049609231395052
4170 0.035631809187194656
4252 0.0669888913594308
4259 0.04024804615697526
4381 0.025527952284743183
4384 0.06265212228838873
4405 0.07642831366977414
4431 0.02275103372570168
4446 0.02860735833917779
4460 0.07090660558975262
4473 0.07650313917536106
4485 0.04258833865872259
4624 0.00509926182905938
4655 0.02977383197887932
4696 0.07090660558975262
4838 0.12293436655881855
4861 0.0067712448751766335
4864 0.07090660558975262
4893 0.135213694492614
4972 0.021610238054421357
5196 0.11933521873958537
5634 0.05936792729579473
5662 0.056723870354062976
5885 0.05321269997804539
6008 0.02097200286618529
6074 0.02966356248768759
6079 0.020169338462521256
6162 0.06244259636311246
6178 0.04473496236924418
6258 0.021793857120561318
6273 0.07090660558975262
6277 0.03580310965660502
6280 0.027071285865967052
6281 0.028812147277337188
6295 0.04024804615697526
6476 0.05042376711936625
6494 0.06037714505695916
6534 0.045071231497538
6560 0.18725133716950973
6649 0.049928504985451386
6666 0.022042598424051527
6828 0.030808623846631918
6923 0.031295040116152605
6932 0.022685085859506165
6937 0.048110046738744104
7034 0.05754946904908745
7042 0.02000624420472167
7262 0.027360292584031404
7501 0.05754946904908745
7552 0.15053442051682533
7565 0.061467183279409275
7660 0.02497202988235251
7823 0.04258833865872259
7861 0.0280108451235586
8005 0.04576975423699677
8112 0.0867471248749985
8113 0.0409843448090229
8156 0.0239239584350435
8252 0.016333909725787746
8258 0.0454160146665943
8403 0.09377937948849058
8708 0.025527952284743183
8723 0.031928559353880434
8753 0.029020062884723037
8988 0.03387733637263642
9017 0.03343562604880717
9020 0.05842836803820318
9099 0.023085650259156272
9114 0.2836264223590105
9199 0.050937722746615816
9230 0.061857217664209166
9333 0.2472531205091483
9338 0.04432300758617333
9381 0.048988945727859834
9387 0.06265212228838873
9398 0.06395007611822469
9549 0.03615231360406599
9563 0.10020028560448582
9579 0.27527096764638403
9599 0.3429226200950189
9608 0.048988945727859834
9641 0.04854240710837427
9656 0.047992407476927665
9821 0.047847916870087
9865 0.02870936786301737
9949 0.08002240358297263
9993 0.0669888913594308
10124 0.0669888913594308
10234 0.06880734960613809
10274 0.06037714505695916
10279 0.07642831366977414
10388 0.07642831366977414
10445 0.0653848975097311
10513 0.06037714505695916
10686 0.0454160146665943
10749 0.015807732237492583
10781 0.050937722746615816
10905 0.0653848975097311
10951 0.015229494246429841
10963 0.055827835937571325
11035 0.05842836803820318
11036 0.021734672330863628
11056 0.12609724876899572
11139 0.12528821989109434
11164 0.05936792729579473
11204 0.04728444804371963
11217 0.016583792108314694
11229 0.07090660558975262
11281 0.06880734960613809
11315 0.044406796905429875
11319 0.01707444882867332
11332 0.025841262457509888
11730 0.09301210577808883
11770 0.0280108451235586
11822 0.06880734960613809
11855 0.06880734960613809
11893 0.013885333080149078
11984 0.049928504985451386
12006 0.0288253441295213
12072 0.03784502573337629
12098 0.08316632716466121
12105 0.05360321914666651
12265 0.034804640429287145
