209
86 0.04814492358019432
88 0.04593576910255894
150 0.036522834366218025
198 0.08187472077847331
210 0.021659859774669648
337 0.02896784882515009
344 0.01080519510788653
351 0.06770206397646328
352 0.0641272199074936
374 0.014719652237256896
390 0.023333470944430373
409 0.07297422487859222
422 0.04066360820043001
443 0.06242990307433434
445 0.05141270193257975
466 0.07007274535970068
469 0.06770206397646328
528 0.06569768142671978
548 0.050807813860358056
706 0.14156578919320428
769 0.04128392431499617
788 0.04336349067819605
872 0.07297422487859222
889 0.054948587694570034
913 0.03435067208618497
931 0.17092514867741113
937 0.030610014396302815
938 0.014682869331010068
952 0.013390257673174167
1055 0.04013281006477589
1115 0.06569768142671978
1252 0.06242990307433434
1334 0.06770206397646328
1605 0.04721576063009208
1734 0.15557406299782173
1736 0.03125067346408909
1948 0.05982063245236914
2080 0.01844803739325287
2219 0.04814492358019432
2266 0.020289883468024898
2378 0.04303428958366741
2382 0.11285212059039602
2599 0.06770206397646328
2625 0.041794995268346964
2630 0.010832483152922066
2675 0.03073564579572553
2704 0.05728280568424779
2715 0.04404800391465905
3175 0.04066360820043001
3269 0.02340511161429298
3342 0.02953082630931589
3344 0.050807813860358056
3357 0.13139536285343956
3378 0.04593576910255894
3472 0.05424369039361118
3605 0.034518451816474525
3797 0.040395500790825156
3809 0.06396140628658113
3827 0.04336349067819605
3830 0.033859944086054285
3844 0.11737849076890437
3852 0.06770206397646328
3892 0.042093922196260826
3897 0.037980667417161176
3903 0.027708534877411286
3918 0.04718436196219785
3933 0.02046060034508257
4033 0.030240243070149168
4097 0.03842908249779459
4105 0.03612262008460288
4106 0.07685816499558917
4170 0.03402147099165632
4252 0.06396140628658113
4259 0.03842908249779459
4381 0.02437424615654648
4384 0.05982063245236914
4405 0.07297422487859222
4431 0.02172282720371444
4446 0.027314482034047995
4460 0.06770206397646328
4473 0.07304566873243605
4485 0.04066360820043001
4613 0.054160300972838867
4624 0.004868806618400695
4655 0.02842823825358622
4696 0.06770206397646328
4838 0.11737849076890437
4861 0.00646522633436791
4864 0.06770206397646328
4893 0.12910286875100224
4972 0.02063358846666433
5196 0.11394200225148354
5603 0.05982063245236914
5634 0.05668486283470868
5662 0.054160300972838867
5805 0.0520471081756785
5885 0.050807813860358056
5904 0.054948587694570034
6008 0.02002419757583549
6074 0.028322952263864644
6079 0.019257808656826997
6162 0.0596205758077195
6178 0.04271321774772625
6258 0.020808909082560553
6273 0.06770206397646328
6277 0.03418502973548222
6280 0.025847830570635864
6281 0.02751001577420694
6295 0.03842908249779459
6360 0.017009548138625784
6476 0.04814492358019432
6494 0.057648470172336076
6507 0.03323318426992516
6534 0.04303428958366741
6560 0.17878873065897488
6649 0.09534408848539519
6666 0.0210464088119922
6769 0.06569768142671978
6828 0.05883252781156699
6923 0.029880697157444343
6932 0.021659859774669648
6937 0.04593576910255894
7034 0.054948587694570034
7042 0.019102085254417544
7262 0.02612377596603705
7501 0.054948587694570034
7552 0.14373119237233384
7565 0.058689245384452186
7660 0.02384344802089236
7823 0.04066360820043001
7861 0.026744927539783886
8005 0.04370124339992352
8112 0.11043558587551687
8113 0.03913210498818323
8156 0.022842742944299697
8252 0.01559571766330432
8258 0.04336349067819605
8403 0.08954112944761213
8708 0.02437424615654648
8723 0.030485585229666042
8753 0.027708534877411286
8988 0.03234628953644147
9017 0.031924541797225564
9020 0.055787765865560654
9099 0.022042321131919056
9114 0.2708082559058531
9199 0.048635651580324984
9230 0.05906165261863178
9292 0.02542147274497311
9333 0.1888630425203683
9338 0.04231988078219389
9340 0.054948587694570034
9381 0.04677494727354957
9387 0.05982063245236914
9398 0.061059926767689586
9549 0.034518451816474525
9563 0.09567185017576384
9579 0.26283041625605286
9599 0.327424630914847
9608 0.04677494727354957
9641 0.046348589447886814
9656 0.04582344641042895
9664 0.019955030233139003
9821 0.04568548588859939
9865 0.02741188135603999
9925 0.045147482380827775
9949 0.07640588407616197
9993 0.06396140628658113
10124 0.06396140628658113
10234 0.06569768142671978
10274 0.057648470172336076
10279 0.07297422487859222
10388 0.07297422487859222
10445 0.06242990307433434
10513 0.057648470172336076
10602 0.07297422487859222
10686 0.04336349067819605
10749 0.015093320154930541
10781 0.048635651580324984
10905 0.06242990307433434
10951 0.014541214957693335
10963 0.053304761790193264
11035 0.055787765865560654
11036 0.02075239908063309
11056 0.12039843019432765
11139 0.15950128591479532
11164 0.05668486283470868
11204 0.045147482380827775
11217 0.015834306902032108
11229 0.06770206397646328
11281 0.06569768142671978
11315 0.04239988334056866
11319 0.016302788962284643
11332 0.024673396640266628
11611 0.04303428958366741
11681 0.06242990307433434
11730 0.08880853178062433
11822 0.06569768142671978
11855 0.06569768142671978
11893 0.010606241274227489
11984 0.047672044242697595
11995 0.04066360820043001
12006 0.02752261620999745
12024 0.025090174602026553
12072 0.03613466378881668
12098 0.0794077216862725
12105 0.05118068396911762
12157 0.030362335504155492
12265 0.03323168516420896
