223
86 0.046115498689827394
88 0.04399946541272962
150 0.034983308625646636
198 0.11763525512198239
210 0.02074684433545406
337 0.027746783984778634
344 0.010349730019013969
351 0.06484825835074265
352 0.061424102599320365
374 0.01409918331953027
390 0.02234990874945868
409 0.0698981849285616
422 0.03894953883491066
443 0.05979833177292368
445 0.049245532286766557
466 0.06711900978397696
469 0.06484825835074265
528 0.06292836536986285
548 0.048666141708742935
706 0.13559844902836676
769 0.03954370712600589
788 0.04153561474089313
872 0.0698981849285616
889 0.05263237191800695
913 0.03290270823561581
931 0.16372024055168083
937 0.029319728308157444
938 0.014063950901682347
952 0.012825825949337236
1055 0.03844111512356033
1115 0.06292836536986285
1252 0.05979833177292368
1334 0.06484825835074265
1580 0.04361621513092397
1605 0.04522550220376582
1734 0.14901624023552382
1736 0.02993338204782768
1948 0.05729904821402026
2080 0.017670408030067246
2177 0.03596449699657848
2219 0.046115498689827394
2266 0.019434615841230008
2378 0.04122029026814497
2382 0.1080951309552301
2599 0.06484825835074265
2625 0.040033235203465606
2630 0.010375867806998782
2675 0.02944006404045597
2704 0.054868196977848525
2715 0.042191274090039234
3175 0.03894953883491066
3269 0.022418529591938244
3342 0.02828603060732661
3344 0.048666141708742935
3357 0.1258567307397257
3378 0.04399946541272962
3472 0.05195718774194974
3605 0.03306341564476684
3797 0.038692732800609426
3809 0.06126527842328428
3827 0.04153561474089313
3830 0.06486533121346219
3844 0.11243070369093063
3852 0.06484825835074265
3892 0.04031956163889143
3897 0.07275938098011192
3903 0.026540553163572796
3918 0.04519542706561077
3933 0.019598136589314093
4033 0.02896554373710146
4097 0.0368092037912663
4105 0.03459996434327944
4106 0.0736184075825326
4170 0.03258738376286764
4252 0.06126527842328428
4259 0.0368092037912663
4381 0.023346812770934568
4384 0.05729904821402026
4405 0.0698981849285616
4431 0.04161431507035729
4446 0.02616311059994355
4460 0.06484825835074265
4473 0.06996661725129327
4485 0.03894953883491066
4613 0.05187731338680686
4624 0.004663574652016801
4655 0.027229919302990926
4696 0.06484825835074265
4712 0.03154266912066952
4838 0.11243070369093063
4840 0.07348116485601998
4861 0.006192701418569322
4864 0.06484825835074265
4893 0.1236608708044349
4972 0.019763832843476204
5196 0.1091390714701679
5313 0.035562699203670264
5571 0.040033235203465606
5603 0.05729904821402026
5634 0.05429545886458551
5662 0.05187731338680686
5805 0.0498531967734223
5885 0.048666141708742935
5904 0.05263237191800695
6008 0.019180129251532597
6074 0.027129071372201816
6079 0.018446045477745626
6162 0.07138428055057436
6178 0.04091275238608722
6258 0.01993176327168002
6273 0.06484825835074265
6277 0.03274404811033617
6280 0.024758282040464038
6281 0.026350402120369317
6295 0.0368092037912663
6360 0.016292554574207245
6452 0.014384689263411049
6476 0.046115498689827394
6494 0.05521844782398942
6507 0.031832325231667555
6534 0.04122029026814497
6560 0.17125235354723106
6649 0.09132510471861638
6666 0.02015925181350305
6769 0.06292836536986285
6828 0.05635259457197794
6923 0.028621153553603628
6932 0.02074684433545406
6937 0.04399946541272962
7034 0.05263237191800695
7042 0.018296886193115605
7135 0.07348116485601998
7262 0.025022595670516665
7501 0.05263237191800695
7552 0.13767257522993326
7565 0.05621535184546531
7660 0.02283838905958424
7823 0.03894953883491066
7861 0.051235128408337764
8005 0.041859130369085264
8112 0.10578045901910565
8113 0.037482592184550065
8156 0.021879866120573972
8252 0.01493832047050734
8258 0.04153561474089313
8403 0.08576675442944708
8455 0.0300598262953321
8633 0.026929792698392935
8708 0.023346812770934568
8723 0.02920054413162725
8753 0.026540553163572796
8988 0.030982815254736014
9000 0.025094914732958263
9017 0.03057884520205013
9020 0.05343617670088067
9099 0.021113184022124587
9114 0.3242412917537132
9199 0.04658554131871209
9230 0.05657206121465322
9292 0.024349896227617164
9333 0.18090200881506327
9338 0.04560299496484665
9340 0.05263237191800695
9381 0.04480327019560334
9387 0.05729904821402026
9398 0.058486103278699623
9549 0.03306341564476684
9563 0.09163905046156878
9579 0.2517514789760494
9599 0.3136228913692234
9608 0.04480327019560334
9641 0.04439488438275647
9656 0.043891877393545616
9664 0.019113877479501308
9821 0.043759732241147944
9865 0.02625640430510917
9925 0.04324440688152953
9949 0.07318519139697698
9993 0.06126527842328428
10086 0.05343617670088067
10124 0.06126527842328428
10234 0.06292836536986285
10274 0.05521844782398942
10279 0.0698981849285616
10312 0.023954477257590315
10334 0.02492546107948457
10388 0.0698981849285616
10445 0.05979833177292368
10513 0.05521844782398942
10602 0.0698981849285616
10686 0.04153561474089313
10749 0.014457100231356011
10781 0.04658554131871209
10905 0.05979833177292368
10951 0.013928267602565356
10963 0.05105783724846235
11035 0.05343617670088067
11036 0.01987763530291282
11056 0.11532334537068098
11139 0.15277792121484224
11164 0.05429545886458551
11204 0.04324440688152953
11217 0.01516685259617644
11229 0.06484825835074265
11281 0.06292836536986285
11315 0.04061262578148923
11319 0.015615587005315078
11332 0.023633353338749132
11611 0.04122029026814497
11681 0.05979833177292368
11730 0.08506503752473805
11822 0.06292836536986285
11855 0.06292836536986285
11893 0.007619371927721369
11984 0.04566255235930819
11995 0.03894953883491066
12006 0.026362471417337264
12024 0.024032563102110258
12072 0.0346115003762522
12098 0.07606049429668027
12105 0.04902329444122855
12157 0.029082489679929224
12265 0.031830889316880495
