345
36 0.03126626737237167
76 0.019526518960431935
82 0.04210403746870729
187 0.0675923237761717
193 0.054850808981738684
194 0.15633133686185835
247 0.030004724256343675
313 0.02479904078170729
336 0.032209269723605376
479 0.023712716883891972
628 0.03323150232248576
641 0.05153131417470727
769 0.010221540691750875
788 0.032209269723605376
862 0.06122982513357378
938 0.010906052331178024
952 0.019891868219949548
956 0.01882029662850459
965 0.018882406826760206
979 0.012765653439951589
992 0.03442652322236297
1134 0.047508864133520526
1184 0.05105469100902474
1242 0.03040720343144237
1330 0.08718568108324261
1352 0.03271770829987758
1390 0.03967681694972209
1450 0.09873896950482573
1536 0.02964415184615448
1575 0.09318163604105009
1587 0.023212185064134607
1608 0.0675923237761717
1639 0.06089783722862132
1664 0.020433722108483432
1688 0.03730939911433728
1698 0.019526518960431935
1702 0.024684742376206433
1709 0.032982330402171696
1746 0.032982330402171696
1872 0.12506506948948667
1971 0.013923908539963557
2002 0.022552350800109235
2025 0.03612529331550459
2028 0.08420807493741458
2046 0.29847519291469826
2049 0.04914356164964256
2063 0.0907074416660371
2075 0.052048207380568944
2080 0.013702720952056865
2102 0.06441853944721075
2163 0.0973804309047121
2167 0.020004402427337278
2174 0.026839885676708405
2324 0.06089783722862132
2362 0.050540522380734726
2378 0.031964747737917756
2392 0.026839885676708405
2419 0.024684742376206433
2450 0.02036083042254041
2454 0.06492028726980807
2458 0.031964747737917756
2473 0.12162881372576947
2531 0.0569818136367221
2541 0.04353056543746905
2578 0.09410148314252294
2588 0.16261005204321277
2596 0.02282963594675503
2622 0.02888908894743107
2630 0.008046085916794388
2641 0.03865923428546816
2644 0.054835736423944376
2656 0.04771058737520758
2728 0.0569818136367221
2731 0.0335343722242588
2819 0.032209269723605376
2828 0.015197600214251787
2895 0.06725957740567891
2904 0.09001417276903102
2942 0.03325440762065493
2957 0.025765657087353636
3019 0.0350706353560347
3039 0.04081437758597013
3091 0.06823978207683946
3112 0.022282804862611125
3151 0.0675923237761717
3156 0.047508864133520526
3176 0.0402288587718092
3184 0.0569818136367221
3226 0.03773871879548344
3252 0.044433205343033834
3278 0.022107198160427964
3279 0.035760793357822875
3285 0.020730917943318945
3345 0.052048207380568944
3350 0.05204644350465436
3359 0.052048207380568944
3363 0.031493527329257684
3407 0.022107198160427964
3462 0.0487985240162577
3584 0.044433205343033834
3591 0.024128193511368662
3709 0.026982971294411285
3805 0.022194602399880674
3830 0.025150283218373256
3918 0.008761828311142085
3933 0.06079040085700715
3965 0.06596466080434339
3990 0.08287539448223866
4025 0.015677333715171684
4030 0.02788908245280212
4101 0.01482207592307724
4105 0.013415469963691364
4124 0.03271770829987758
4170 0.050540522380734726
4187 0.06392949547583551
4350 0.027577503737358466
4385 0.0675923237761717
4391 0.03865923428546816
4410 0.021115466982980332
4431 0.016135149399204636
4494 0.07547743759096688
4509 0.03967681694972209
4524 0.06089783722862132
4547 0.02273632022040381
4563 0.06089783722862132
4567 0.06089783722862132
4574 0.07461879822867457
4611 0.0675923237761717
4655 0.021115753814004684
4676 0.054835736423944376
4827 0.01209490412644206
4848 0.052048207380568944
4879 0.03915463018245442
4886 0.07935363389944418
4972 0.015326091278505717
4988 0.0486994914007653
5001 0.025864928387080557
5003 0.0675923237761717
5005 0.02546526850759116
5041 0.02804872414601854
5051 0.08541695039387259
5057 0.14601636393986472
5085 0.054203350681070926
5104 0.052048207380568944
5112 0.02350938089897012
5121 0.03411989103841973
5224 0.01273263425379558
5284 0.047508864133520526
5312 0.03727265441642003
5354 0.025893580845516573
5389 0.015544116395602764
5622 0.02021667696222011
5640 0.08162875517194026
5662 0.0804577175436184
5752 0.04101433621829545
5802 0.018010459604610327
5842 0.01438208626933771
5927 0.27058156162867375
5943 0.03411989103841973
5977 0.09448058198777307
6001 0.024914708062916402
6010 0.03715154928563394
6074 0.021037550127262182
6082 0.032209269723605376
6084 0.026982971294411285
6114 0.02361051378685166
6176 0.06089783722862132
6214 0.031176636630121456
6230 0.02311511788986539
6258 0.015456314858692482
6267 0.050287327089171704
6279 0.02773203667481258
6309 0.06089783722862132
6311 0.03865923428546816
6384 0.08463314705453409
6398 0.021194595905251728
6436 0.01594941093365492
6452 0.02230954515856982
6503 0.04637130349727248
6570 0.025639405583119817
6573 0.052048207380568944
6587 0.03474321069356894
6621 0.026698888974887675
6632 0.07935363389944418
6712 0.10060311667277641
6747 0.017821305120219223
6751 0.044433205343033834
6772 0.08001760970934911
6791 0.016814894351419727
6867 0.03788983807113884
6952 0.013486485743530894
6974 0.09501772826704105
6978 0.047508864133520526
6982 0.019934668532020212
7002 0.027425404490869342
7018 0.050287327089171704
7121 0.025270261190367363
7176 0.04610293987126245
7205 0.03476941275278407
7220 0.03189882186730984
7231 0.058132613620544955
7272 0.01096077260528186
7356 0.030827187101669717
7382 0.02804872414601854
7482 0.020730917943318945
7483 0.010637007008040185
7484 0.007648577032161392
7507 0.014036431395768552
7537 0.005714019887144245
7542 0.03321345636445289
7697 0.047508864133520526
7698 0.03650409098496618
7726 0.035760793357822875
7776 0.052048207380568944
7782 0.07379670798814184
7790 0.04081437758597013
7822 0.0569818136367221
7875 0.03915463018245442
7889 0.03650409098496618
7952 0.039525446074868284
7956 0.07022788811743468
7963 0.04210403746870729
8006 0.03612529331550459
8036 0.02773203667481258
8047 0.0675923237761717
8092 0.015632723462448952
8101 0.04637130349727248
8166 0.031715728505117675
8198 0.027425404490869342
8225 0.02381601308291336
8252 0.023168184520862126
8279 0.04535372083301855
8304 0.10409641476113789
8324 0.006615429332236488
8368 0.054203350681070926
8483 0.02088301718980807
8532 0.16968429405931357
8556 0.031534354354807476
8560 0.025765657087353636
8697 0.052048207380568944
8708 0.03620910846831379
8741 0.03773871879548344
8776 0.020581176919901835
8786 0.0747441241887492
8880 0.027425404490869342
8921 0.047508864133520526
8961 0.08739853398181768
8962 0.1200188970253747
8969 0.023212185064134607
8982 0.06089783722862132
9001 0.0350706353560347
9027 0.014863087035839608
9033 0.04210403746870729
9045 0.03967681694972209
9115 0.027425404490869342
9211 0.03382269520358422
9247 0.02773203667481258
9265 0.032982330402171696
9338 0.0510804182131624
9370 0.12162881372576947
9385 0.07846387960515712
9387 0.044433205343033834
9433 0.050748081717903806
9448 0.03689835399407092
9470 0.023712716883891972
9503 0.03271770829987758
9546 0.03932132285983424
9582 0.020145399129158012
9593 0.0487985240162577
9616 0.05311984214620906
9625 0.03959338658398552
9648 0.047508864133520526
9671 0.039456875732520866
9702 0.0350706353560347
9820 0.08718568108324261
9923 0.03609447189987656
9946 0.08287539448223866
9966 0.032982330402171696
9972 0.047508864133520526
10044 0.0569818136367221
10046 0.04281977986305499
10098 0.050287327089171704
10116 0.023712716883891972
10129 0.0487985240162577
10135 0.028715064373606505
10142 0.03325440762065493
10155 0.03865923428546816
10173 0.03818801387680808
10202 0.03967681694972209
10216 0.025765657087353636
10282 0.0487985240162577
10318 0.012043360698481075
10392 0.020906075175491222
10415 0.03967681694972209
10460 0.01760053887872842
10490 0.02350938089897012
10492 0.04535372083301855
10547 0.0402288587718092
10571 0.04701876179794024
10594 0.03689835399407092
10597 0.1146072280847317
10618 0.05777817789486214
10646 0.02301901657414425
10647 0.095681704076946
10729 0.06089783722862132
10746 0.04637130349727248
10749 0.011210924496429655
10789 0.04637130349727248
10799 0.0569818136367221
10860 0.04281977986305499
10951 0.005400417578891664
11036 0.007707170351672185
11067 0.01200277526369214
11080 0.02654997199052603
11084 0.050540522380734726
11103 0.015677333715171684
11189 0.026154626535052378
11207 0.04281977986305499
11217 0.011761310123272466
11233 0.035409550921156906
11424 0.02888908894743107
11497 0.02064748757758237
11624 0.0239204260192365
11629 0.012281840979255583
11634 0.03675129746405709
11736 0.013344972551828309
11768 0.02273632022040381
11816 0.06089783722862132
11871 0.035409550921156906
11893 0.019695098377250884
11908 0.023212185064134607
11921 0.026154626535052378
11977 0.012376683992252845
12021 0.014343063579711789
12029 0.04191994917872683
12109 0.06253253474474334
12137 0.022923862084809184
12138 0.01979669329199276
12177 0.02370230717100903
12180 0.07918677316797104
12193 0.0294308067679542
12198 0.04143769724111933
12256 0.03773871879548344
12265 0.012341814439792579
12275 0.01827857880798146
