167
111 0.03475435896548977
150 0.0879702268325266
198 0.14790482208701672
206 0.07068052519324089
266 0.21918557653842283
422 0.04897192262451506
528 0.15824182426611805
670 0.09238912776196671
705 0.060492683919686555
706 0.1278676902048998
756 0.21918557653842283
785 0.05222344017664031
931 0.04116965279793047
932 0.055818448894393136
952 0.03225226150423463
965 0.030615541791858908
1029 0.03475435896548977
1115 0.07912091213305902
1227 0.06826661084869609
1308 0.0358441514045917
1352 0.0530478119118364
1644 0.09873848698484851
1734 0.09368033621067338
1742 0.06353652423454072
1755 0.06942710068388501
1954 0.09873848698484851
2177 0.04521877836888348
2356 0.016126130752117315
2382 0.054363944196244476
2518 0.08788418570048559
2555 0.06826661084869609
2704 0.03449336214653043
2951 0.059186974064142944
3273 0.060492683919686555
3280 0.054371933817279255
3308 0.04864903599690661
3350 0.08438702125494696
3420 0.049301607362338906
3466 0.06348450320416014
3471 0.05798180674747731
3472 0.06532666249710685
3591 0.0391209512424275
3602 0.06268127859795135
3605 0.04157119907171852
3737 0.035289776817152334
3842 0.09238912776196671
3891 0.025491568670420985
3892 0.050694475772955216
3897 0.09148161652614922
3918 0.028412492463905713
4252 0.07702988441612267
4259 0.046280842696915445
4297 0.03671434452328008
4381 0.029354347772725567
4410 0.01711808954767048
4473 0.0879702268325266
4613 0.06522623510164217
4624 0.011727184651927876
4772 0.026161195724750386
4838 0.07068052519324089
4857 0.10959278826921141
4861 0.0389309480649204
4865 0.10959278826921141
5313 0.04471359111856961
5373 0.05347686468599618
5492 0.10959278826921141
5556 0.13967402483991082
5603 0.07204307520787093
5727 0.07068052519324089
5795 0.07353557988231427
5831 0.09873848698484851
5904 0.06617558313175975
6008 0.024115505182627835
6153 0.09873848698484851
6156 0.04963838263532365
6249 0.05483941470062622
6360 0.020484908058747656
6410 0.02163726100280246
6476 0.05798180674747731
6560 0.08612740749232373
6616 0.07527150838676304
6705 0.06718622065943247
6932 0.07825608871559149
6952 0.021866707549231586
6969 0.10959278826921141
6983 0.3287783648076342
6984 0.07702988441612267
7259 0.03187738762254453
7262 0.015730669164466866
7507 0.0455167559886162
7542 0.01795053583841705
7552 0.08654904401120984
7558 0.04198331355689825
7625 0.047420213922517475
7629 0.09238912776196671
7745 0.10874386763455851
7763 0.1253625571959027
7819 0.07518546725472201
8005 0.05263020191979723
8252 0.018782206313729073
8469 0.08788418570048559
8546 0.1171455987990442
8571 0.04471359111856961
8586 0.03716827331003454
8592 0.11372559782877516
8708 0.029354347772725567
8723 0.03671434452328008
8817 0.05347686468599618
8931 0.05798180674747731
8949 0.0439851134162633
8954 0.05686279891438758
9017 0.03844730607797599
9230 0.14225804399153325
9291 0.033490815265710516
9292 0.030615541791858908
9333 0.22745119565755031
9338 0.038224951354459205
9381 0.05633191937506957
9563 0.028804837122779963
9579 0.04521877836888348
9664 0.07209661708304635
9898 0.018268735833052652
9949 0.09201699526004932
10012 0.059186974064142944
10105 0.03570370699560735
10125 0.08788418570048559
10155 0.06268127859795135
10229 0.06826661084869609
10437 0.17756092219242886
10560 0.08612740749232373
10576 0.03844730607797599
10695 0.059186974064142944
10749 0.01817715986075421
10781 0.0585727993995221
10786 0.10959278826921141
10848 0.07254640835750296
10873 0.05222344017664031
10941 0.10959278826921141
10951 0.017512249534390026
10963 0.03209794685509421
11035 0.06718622065943247
11139 0.04802257459439746
11161 0.04998256015218778
11194 0.042841580211464614
11217 0.019069543671506775
11276 0.029731702095718415
11319 0.01963374513372276
11332 0.01485731006942873
11424 0.04684016810533669
11524 0.05798180674747731
11643 0.05222344017664031
11681 0.07518546725472201
11770 0.03220940246179895
11893 0.022353256081013472
11929 0.02096842852829184
11979 0.0815348264776038
11993 0.051826977313588436
12006 0.016572993532900086
12021 0.0232555450413044
12024 0.03021655341527277
12052 0.03861478838714844
12072 0.04351763253291634
12105 0.06163782817430553
12186 0.04702035160031532
12265 0.06003228389826005
12286 0.03895522454773262
12290 0.10959278826921141
