299
76 0.02437133855619044
193 0.03423005499556063
194 0.11707167914535214
200 0.0393075395786263
300 0.08436298399560113
324 0.15201499165785545
343 0.0457740905706609
344 0.010017141579058239
547 0.042739263525432676
628 0.020738366000444923
641 0.03215849959078998
679 0.03423005499556063
711 0.05269877536116593
791 0.052550674998023024
904 0.06765200766225431
911 0.05929651949558089
952 0.012413668198768183
956 0.023489891966441353
992 0.04296825534878648
1134 0.05929651949558089
1155 0.08436298399560113
1162 0.038210927433879285
1184 0.1911663561719314
1215 0.036503412417851704
1352 0.040835458044251434
1374 0.02706120494354151
1450 0.15404696936559353
1451 0.10688800743836983
1536 0.018499653274547802
1575 0.023260276998454968
1639 0.07600749582892773
1664 0.02550363228991776
1698 0.02437133855619044
1702 0.030809393873118707
1736 0.028971473203867868
1779 0.05545774404266133
1818 0.033323280181155976
1838 0.03959802161867729
1872 0.03902389304845071
1905 0.025780757629053987
1978 0.06090616316469646
2002 0.02814792425117828
2028 0.052550674998023024
2046 0.1862656624022108
2049 0.0306684048817773
2063 0.0566066531082298
2080 0.017102569697153788
2163 0.0810279755149268
2167 0.024967792014482553
2181 0.026957732880391463
2324 0.07600749582892773
2327 0.16033201115755474
2356 0.049654672795072734
2389 0.13530401532450861
2392 0.06699852052093955
2473 0.07590336514934509
2498 0.08436298399560113
2541 0.027165572879854796
2578 0.023489891966441353
2644 0.09125506361026677
2656 0.039698862181293045
2728 0.07111984857620442
2807 0.05929651949558089
2828 0.018968350724146155
2851 0.03541669311021493
2895 0.020986919576163894
2906 0.07111984857620442
2942 0.04150532044399854
3022 0.05440887224285757
3039 0.05094103132890746
3046 0.05344400371918492
3091 0.04258554316223404
3112 0.027811499960063008
3176 0.05021023659381662
3198 0.06276436040953098
3239 0.01639588113431839
3278 0.05518464524970941
3285 0.025874566828887207
3350 0.09743990963273404
3389 0.0418547484271432
3407 0.027592322624854705
3490 0.03874676770931449
3494 0.06765200766225431
3591 0.01505737848119334
3604 0.035626340504740096
3721 0.021369631762716338
3723 0.03847587043610976
3759 0.05920712787344728
3765 0.021698110434203107
3830 0.03139044231801422
3854 0.05021023659381662
3891 0.039246100655505614
3965 0.04116573682346084
3990 0.0517190058555065
4101 0.018499653274547802
4124 0.040835458044251434
4170 0.03154018860820955
4200 0.040835458044251434
4209 0.04886947592413682
4297 0.02826218502460181
4350 0.034419892325902986
4431 0.020138519797592763
4474 0.07600749582892773
4494 0.04710225587598792
4495 0.07600749582892773
4547 0.028377539219164666
4574 0.0465664156005527
4655 0.05270977239856111
4699 0.02437133855619044
4820 0.022960772862823574
4827 0.03019165923711205
4848 0.12992428254980645
4861 0.01198739807756911
4886 0.04952122499013426
4972 0.019128722331329357
5001 0.0161412007877726
5005 0.015891790069710157
5051 0.053305082710972486
5057 0.045561298554205314
5085 0.06765200766225431
5110 0.04296825534878648
5112 0.05868481548567463
5121 0.04258554316223404
5147 0.07111984857620442
5184 0.040835458044251434
5197 0.07111984857620442
5237 0.04886947592413682
5312 0.046520553996909936
5389 0.01940084272069791
5622 0.02523273501671304
5640 0.05094103132890746
5690 0.057876713156807674
5752 0.025595301335046332
5766 0.04020086829978819
5802 0.01123956116976112
5842 0.017950495647720603
5927 0.1688584344930584
5951 0.07600749582892773
5977 0.11792261873587892
6010 0.046369400883072266
6045 0.04605338407618415
6055 0.02183204982710581
6074 0.026257279015439654
6082 0.04020086829978819
6162 0.027636139048289567
6180 0.023336330382230226
6209 0.023034954151340797
6214 0.01945601179338959
6230 0.02885032222085848
6232 0.03744934233379176
6258 0.0192912563174004
6280 0.02396267496813517
6309 0.07600749582892773
6344 0.07111984857620442
6360 0.01576899354423118
6384 0.07042125921578928
6432 0.08436298399560113
6436 0.01990669685792839
6448 0.05440887224285757
6452 0.02784487492091613
6478 0.08436298399560113
6503 0.057876713156807674
6548 0.15839208647470915
6560 0.03314983227732512
6620 0.032479969877578015
6657 0.020197178897979378
6712 0.1255642452814296
6747 0.022243035815966313
6771 0.08436298399560113
6772 0.07490337604344767
6791 0.020986919576163894
6867 0.07093630513524966
6974 0.05929651949558089
6978 0.11859303899116178
7016 0.04020086829978819
7157 0.07600749582892773
7176 0.02877088226311726
7179 0.04825116494155639
7193 0.018810084713181373
7205 0.021698110434203107
7220 0.01990669685792839
7231 0.03627808957073753
7262 0.01210924744155671
7312 0.020615985037194452
7344 0.04020086829978819
7382 0.03500802952215966
7396 0.031242533452003868
7425 0.02437133855619044
7482 0.025874566828887207
7483 0.013276206554933395
7484 0.01909260536418563
7492 0.052550674998023024
7507 0.03503815732442758
7537 0.028527012616757174
7542 0.013818069524144784
7616 0.04710225587598792
7763 0.04825116494155639
7782 0.0921067681523683
7790 0.05094103132890746
7833 0.01829705318881282
7889 0.045561298554205314
7898 0.06765200766225431
7911 0.02748421049800277
7952 0.01973291870050257
8061 0.04605338407618415
8092 0.0195114345178818
8166 0.039584872169009716
8198 0.03423005499556063
8252 0.01445827773589327
8324 0.008256815681135718
8349 0.052550674998023024
8532 0.1512753497131497
8609 0.07600749582892773
8692 0.05929651949558089
8731 0.06276436040953098
8786 0.06219283492981093
8822 0.07600749582892773
8867 0.06463632626961718
8942 0.01210924744155671
8961 0.027270852338066674
8962 0.07489868466758352
9247 0.03461276718211307
9330 0.03605690132196342
9338 0.03432920035454529
9370 0.15180673029869018
9385 0.03264397814009464
9396 0.08436298399560113
9433 0.042226290073530987
9445 0.007393160357804626
9578 0.021113145036765493
9593 0.06090616316469646
9616 0.06629966455465024
9625 0.049417094310551635
9648 0.05929651949558089
9658 0.02031536044598366
9784 0.04766302774529972
9821 0.02117675690650626
9888 0.037951682574672546
9901 0.06276436040953098
9919 0.037951682574672546
9923 0.04505004688553741
9946 0.0517190058555065
10044 0.07111984857620442
10057 0.06765200766225431
10060 0.07111984857620442
10076 0.12181232632939291
10081 0.029217490341630663
10116 0.029596194407999123
10155 0.04825116494155639
10160 0.04825116494155639
10295 0.08436298399560113
10309 0.08436298399560113
10318 0.015031497499977736
10351 0.05929651949558089
10373 0.052550674998023024
10392 0.01304659158694701
10490 0.029342407742837313
10571 0.05868481548567463
10579 0.08233147364692169
10594 0.04605338407618415
10597 0.14304298489144265
10647 0.05971087853441174
10674 0.06496214127490323
10746 0.057876713156807674
10789 0.057876713156807674
10848 0.05584520280812822
10951 0.006740341451882607
10988 0.028554009652095542
10998 0.05021023659381662
11080 0.016568707339737993
11095 0.037951682574672546
11117 0.08436298399560113
11189 0.03264397814009464
11190 0.05344400371918492
11217 0.014679465984667378
11233 0.04419518683134961
11319 0.007556890159693549
11383 0.07600749582892773
11484 0.0517190058555065
11497 0.02577043614930458
11510 0.04296825534878648
11565 0.057876713156807674
11613 0.07111984857620442
11624 0.02985543926720587
11768 0.05675507843832933
11871 0.04419518683134961
11893 0.022123570528874058
11908 0.028971473203867868
11921 0.03264397814009464
11977 0.015447523257443143
11993 0.03989567677488297
11994 0.0517190058555065
12024 0.023260276998454968
12118 0.05094103132890746
12137 0.02861161300774646
12156 0.03480877835194622
12180 0.024708547155275817
12186 0.01809780201859939
12265 0.015404002050717354
