307
84 0.01885459087419037
86 0.09863699236913849
150 0.024942072578564584
198 0.11182731370352049
220 0.02688997084429865
344 0.022137161473075796
351 0.04623490544264758
374 0.020104608024205193
390 0.01593482915291263
409 0.04983535491894564
422 0.027769878341631683
430 0.040079896408975614
443 0.042634455966349516
445 0.035110619570331535
469 0.04623490544264758
528 0.04486607808030156
548 0.034697531088534614
677 0.020246041945613698
705 0.03430280828238383
706 0.21752485978800262
744 0.01669860636414931
769 0.028193502899244695
777 0.03871106904662959
788 0.05922734916520516
872 0.04983535491894564
931 0.16341881874480457
952 0.009144437569689513
979 0.011736928842194546
1023 0.021164021161853862
1029 0.019707707367607245
1115 0.2691964684818094
1122 0.020487137325730598
1242 0.027956828425880122
1308 0.06097704585114161
1334 0.04623490544264758
1362 0.0662695145597538
1363 0.02758678317431355
1580 0.0621941632244731
1605 0.03224445607587264
1622 0.01588617258728436
1634 0.03392488737530365
1682 0.04623490544264758
1734 0.15936631033582874
1738 0.05238991447631955
1860 0.05238991447631955
1948 0.04085254012220657
2020 0.04486607808030156
2086 0.01912995560572196
2158 0.05238991447631955
2258 0.03356239618715266
2266 0.013856310849143412
2356 0.009144437569689513
2373 0.008679883770480571
2382 0.030827462668276497
2473 0.027956828425880122
2555 0.03871106904662959
2581 0.05238991447631955
2599 0.04623490544264758
2622 0.02656105172263812
2625 0.11417008821945059
2627 0.025937651875599838
2694 0.02672398842270753
2701 0.07230520091395845
2704 0.05867912177437075
2736 0.04486607808030156
2748 0.023806937677182644
2781 0.01603294949943714
2822 0.019934438008528708
2848 0.040079896408975614
3095 0.2558067357980971
3104 0.037525336851601705
3112 0.020487137325730598
3172 0.05599036395261761
3175 0.027769878341631683
3195 0.05411823005045735
3269 0.01598375380014491
3342 0.020167109861364597
3357 0.04486607808030156
3440 0.03809842607675109
3442 0.012205216657371676
3472 0.03704395034515871
3539 0.055913656851760245
3589 0.02535516106036151
3605 0.023573245216218567
3759 0.014538165400970079
3791 0.02368932269931668
3819 0.03956528568385575
3827 0.02961367458260258
3844 0.040079896408975614
3887 0.015141879460081668
3888 0.047853884586721115
3892 0.028746664402002364
3897 0.025937651875599838
3918 0.05639027342344426
3933 0.02794579268908467
4014 0.028342967566781067
4025 0.014413970355363598
4048 0.009731163553612395
4057 0.03809842607675109
4078 0.02170785236709216
4105 0.012334379676614573
4106 0.02624388225669059
4156 0.04883916129412228
4244 0.04809389381907695
4252 0.043680345885273676
4259 0.2099510580535247
4297 0.020819131170763082
4350 0.02535516106036151
4356 0.011983605843596173
4429 0.023926131426678595
4431 0.029669785608305074
4446 0.018653530186290155
4473 0.024942072578564584
4624 0.006649983778886041
4670 0.03809842607675109
4696 0.04623490544264758
4712 0.02248899756590261
4803 0.025077644693004157
4827 0.011120232094108454
4838 0.040079896408975614
4840 0.05238991447631955
4861 0.048567358474124
4864 0.04623490544264758
4907 0.019782642841927874
5001 0.03567089128052972
5013 0.019342231873930103
5015 0.037525336851601705
5068 0.05599036395261761
5146 0.03868446374786021
5181 0.01839234073874184
5313 0.02535516106036151
5476 0.04085254012220657
5533 0.05599036395261761
5556 0.026401050979285662
5567 0.043680345885273676
5571 0.028542522054862646
5603 0.04085254012220657
5634 0.03871106904662959
5662 0.036987002273595256
5769 0.02535516106036151
5777 0.04809389381907695
5805 0.03554386651937719
5885 0.06939506217706923
6008 0.06837434688885619
6013 0.015413731334138248
6055 0.016082419270891293
6068 0.015322186183034128
6079 0.026302978372728467
6082 0.02961367458260258
6178 0.05833918399899584
6183 0.04983535491894564
6197 0.05599036395261761
6198 0.021522849821180183
6226 0.08736069177054735
6268 0.04983535491894564
6273 0.04623490544264758
6277 0.023345545534972083
6311 0.03554386651937719
6494 0.0393691330925726
6504 0.05599036395261761
6535 0.08736069177054735
6560 0.2930349677647337
6628 0.02467698420625132
6649 0.03255606001295763
6666 0.014372955035286022
6828 0.06026661966905587
6867 0.0174182361825466
6923 0.040812085377932315
6932 0.014791891262443782
6937 0.03137032781792974
6984 0.043680345885273676
7034 0.037525336851601705
7135 0.05238991447631955
7220 0.01466412213709112
7254 0.0693706168392284
7262 0.008920188253156776
7484 0.007032213806586171
7501 0.037525336851601705
7507 0.025810601433827695
7537 0.005253553618211873
7542 0.010178979498558685
7552 0.0981565065845574
7631 0.028147799248711865
7823 0.027769878341631683
7854 0.023014582965825953
7878 0.02656105172263812
8005 0.029844331732988647
8076 0.04623490544264758
8082 0.036987002273595256
8093 0.04169887555304915
8112 0.03770918174838074
8113 0.05344797684541506
8156 0.07799851275195743
8246 0.03356239618715266
8252 0.021301168357992267
8380 0.021341623102266526
8483 0.019200152026689545
8514 0.024808539219962122
8515 0.03157930412156422
8533 0.04983535491894564
8547 0.04983535491894564
8558 0.030324437899005588
8560 0.02368932269931668
8571 0.02535516106036151
8592 0.03224445607587264
8612 0.065757994912759
8662 0.05833918399899584
8682 0.02535516106036151
8708 0.01664559246931564
8723 0.041638262341526164
8776 0.01892263565933219
8890 0.010677533519892115
8911 0.05599036395261761
8969 0.021341623102266526
9000 0.017891937875866508
9017 0.021801819392208155
9020 0.03809842607675109
9097 0.03430280828238383
9114 0.04623490544264758
9199 0.03321412405890064
9230 0.12100265916818759
9251 0.04486607808030156
9273 0.012940055364056775
9292 0.017360761541705582
9333 0.2257111925311085
9338 0.018063109632347096
9381 0.03194341704307913
9387 0.04085254012220657
9398 0.04169887555304915
9404 0.05599036395261761
9430 0.03809842607675109
9503 0.03008114046035056
9506 0.043680345885273676
9563 0.0980039311933839
9579 0.10256652438901753
9599 0.12777366817231653
9609 0.08015979281795123
9656 0.07823405179268096
9658 0.07482580584942315
9664 0.1362763380825591
9729 0.03871106904662959
9804 0.021522849821180183
9814 0.1414394712973114
9818 0.03224445607587264
9821 0.015599702550391486
9849 0.01724691637965065
9865 0.018720045860672604
9923 0.016592893198855645
9925 0.061663986479846576
9949 0.026089447042200672
9973 0.04085254012220657
9993 0.13104103765582104
10071 0.040079896408975614
10155 0.07108773303875437
10178 0.04486607808030156
10184 0.02656105172263812
10234 0.04486607808030156
10242 0.047853884586721115
10274 0.0393691330925726
10501 0.04833885773066724
10513 0.0393691330925726
10521 0.03109708161223655
10646 0.021164021161853862
10749 0.01030748826832554
10781 0.03321412405890064
10873 0.08884102374780774
10905 0.042634455966349516
10914 0.04065136390076107
10925 0.019858216072632558
10963 0.0546041097477303
10988 0.01051705082039367
11022 0.04169887555304915
11035 0.03809842607675109
11036 0.014172170726356645
11056 0.027407387153480702
11067 0.01103552746762815
11129 0.03008114046035056
11132 0.03109708161223655
11139 0.08169463129087567
11202 0.02961367458260258
11315 0.02895561053665957
11319 0.02783363836532052
11332 0.02527483122984826
11351 0.03392488737530365
11367 0.04623490544264758
11643 0.02961367458260258
11681 0.042634455966349516
11736 0.02453912664613935
11770 0.0730582864535567
11811 0.03165224994127403
11822 0.04486607808030156
11855 0.04486607808030156
11868 0.07505067370320341
11893 0.016297165856260502
11945 0.020487137325730598
11977 0.01137930463197275
11984 0.03255606001295763
12006 0.009397834299748232
12024 0.017134512334328625
12045 0.05238991447631955
12105 0.06990434101462081
12113 0.0225916553683304
12157 0.04146992362125337
12204 0.007086085363178322
12265 0.051062602745060734
12304 0.01899120589203234
12305 0.03809842607675109
