67
41 0.10572647539135703
75 0.1629275434875185
313 0.08908743805797784
335 0.07729554716231586
343 0.06587441336439565
769 0.03671960061879317
1119 0.11946228102681822
1347 0.07501961534467998
1468 0.08669369451469652
1524 0.07510244826105653
1622 0.06207110001736564
2105 0.07879775234646051
2371 0.11946228102681822
2373 0.033914395093998385
2381 0.09962385727883982
2473 0.10923405772263338
2560 0.4375356571026308
3111 0.1406580892288163
3152 0.07849206296929219
3330 0.09255988568259003
3332 0.06169397108833428
3350 0.093485154379018
3407 0.07941733166572017
3668 0.21996045338623507
4244 0.1879144191004157
4356 0.04682283242232479
4502 0.08409495468899392
4827 0.17379769349407986
5261 0.11946228102681822
5676 0.2428169303244285
5820 0.15660180229179124
5842 0.10333167568394219
6079 0.05138603374594604
6162 0.03977172292811885
6410 0.047940137123100905
6630 0.08593112492000442
6657 0.11626466369365011
6715 0.3025069286350039
7425 0.07014656589695924
7589 0.07671241545488125
7833 0.052663313681768104
8100 0.07529607513303789
8246 0.13113636019683475
8312 0.07447321791263656
8483 0.07501961534467998
8532 0.0870813579875665
8716 0.10193774918764296
8786 0.08950295823235702
8961 0.07849206296929219
8986 0.12724399192604272
9370 0.10923405772263338
9445 0.02127929120634208
9463 0.15660180229179124
9620 0.10315526077127568
9664 0.05324644538920272
10100 0.1355716054775815
10160 0.13887844171440536
10167 0.07340557921805739
10460 0.06322772444901802
10749 0.040273837622988265
10816 0.23100826868270252
10951 0.01940032160040683
11332 0.03291828304500227
11736 0.047940137123100905
11768 0.0816773736182439
11965 0.07849206296929219
11977 0.044461682136363756
