45
344 0.09613719306742682
373 0.12416257707513755
1524 0.06260581845465493
1698 0.11694913472054469
1936 0.20618893262289018
1958 0.08077388710824324
2070 0.24818058185285527
2105 0.13137248897371612
2129 0.1361734255805435
2194 0.13188666797303583
2227 0.12282248417106108
2480 0.13507158737978237
3049 0.19441180062350705
3442 0.07950716298789882
4827 0.07243936182284358
4934 0.21636328540356917
5196 0.16896292569711624
5224 0.07625888473577794
6507 0.14784300609580062
6982 0.11939364310068837
7537 0.03422267342846049
7761 0.2661214181727936
7833 0.08780086220680385
7952 0.047345527661804436
8324 0.07924287352781229
8397 0.20618893262289018
8405 0.21636328540356917
8586 0.1372966600295782
8587 0.32463722663270184
8766 0.1900164143332803
8868 0.1361734255805435
8996 0.170957770156229
9099 0.09805870514854649
9616 0.15907391348349303
9618 0.1250735369499926
9626 0.14140918631093852
9658 0.09748598010798577
9675 0.08590414288835162
10192 0.15585948897202717
11080 0.07950716298789882
11499 0.16336067109100072
11875 0.10348562820376035
11929 0.07745571549664
11957 0.09497665746826948
12124 0.19441180062350705
