85
198 0.0938375684186751
352 0.07349695154198317
422 0.09321006729249944
462 0.1103589121895656
931 0.0783597192441643
938 0.06731282829820065
1113 0.08861557505214955
1580 0.10437788145911639
1729 0.07653060536519674
1733 0.28620654802400863
1738 0.17584763583444304
1971 0.04296961156655198
1995 0.09259550526033276
2625 0.09580345901058332
2704 0.13130497781245695
3091 0.10529503697945225
3095 0.14310327401200432
3390 0.08915262025887538
3721 0.05283755940649725
3798 0.12993435932312133
3876 0.07912399708328062
3918 0.05407854526794801
4099 0.09321006729249944
4446 0.06261089020689652
4473 0.08371848932363049
4616 0.10437788145911639
4624 0.01116039162826914
4778 0.11265275161152229
5001 0.0399099837089437
5525 0.08861557505214955
5567 0.14661382125042405
5603 0.13712224328155512
5732 0.17584763583444304
5753 0.13712224328155512
5885 0.11646285114606922
5902 0.17584763583444304
6178 0.0979082299072182
6360 0.03898968135836878
6535 0.14661382125042405
6560 0.08196473630044161
6666 0.048243067166147374
7025 0.048937858594218175
7282 0.04548986164650324
7425 0.06025944026912349
7537 0.017633641755792802
8005 0.10017300525804528
8112 0.12657150762674663
8113 0.0896995200540797
8571 0.08510502781372982
8695 0.18793260552139587
9183 0.1103589121895656
9230 0.2030737381144651
9251 0.15059375145860726
9381 0.10721862067627741
9444 0.07103739571371741
9563 0.1096506186677572
9579 0.17213313869520494
9599 0.10721862067627741
9664 0.04574138383605314
9949 0.08756967115631732
10226 0.08706016810702494
10389 0.17584763583444304
10437 0.11265275161152229
10832 0.16727321338590995
10862 0.07873940848815339
10873 0.09939880062363929
10951 0.016665855352046233
10980 0.06959725072970407
10985 0.0698797666134888
11067 0.03704093497319249
11103 0.04838073578310789
11106 0.1594793428532298
11132 0.10437788145911639
11139 0.09140313815782491
11249 0.08463564484396635
11554 0.13452885156347122
11611 0.09864419822774431
11681 0.14310327401200432
11736 0.04118299723619566
11893 0.006077968155324537
11977 0.038194828851587564
12021 0.08852627391592836
12046 0.13452885156347122
12105 0.0586587763353862
12265 0.019043610168159628
