166
159 0.046141375863539336
201 0.040186896458264676
279 0.05047505196353819
380 0.11021646915562386
411 0.06791992470678955
435 0.022561419432315762
450 0.03411857084562941
493 0.031192631951174415
513 0.05582712943538683
517 0.05020482168523655
571 0.07576718290759189
593 0.08291927768577655
654 0.06525282094497702
937 0.04230345464883007
1055 0.05546408729263515
1202 0.11330720496718369
1232 0.05441699647808948
1328 0.05947397130160059
1472 0.09684148354406381
1536 0.02757812216467269
1553 0.03645562229169185
1605 0.06525282094497702
1759 0.06238526390234883
1814 0.06164800831185938
1929 0.03176015200719506
2080 0.02549543764081521
2086 0.11613936655234013
2181 0.08037379291652935
2194 0.04097173625174483
2196 0.058597213277693745
2337 0.09494618852124916
2373 0.017565404116777383
2377 0.11552249953179618
2630 0.014970638493041793
2650 0.04337129202123242
2679 0.04318885416117829
2768 0.04392998908949731
3037 0.08110933233651497
3152 0.04065367529610287
3304 0.08438564612990941
3361 0.045122838864631525
3616 0.05657598674236681
3889 0.11806049134787645
3962 0.048911459705846254
4048 0.019692869727931085
4081 0.10117258742771097
4195 0.048663594053788575
4196 0.20639416482880452
4317 0.047704968121231275
4381 0.033685538449384926
4410 0.019643838388187347
4451 0.0815749500937395
4624 0.013457513433924746
4772 0.03002124153093179
4827 0.02250391546366961
4861 0.035740121581045614
4869 0.10750273151386526
4926 0.03683395152585251
4944 0.06791992470678955
5005 0.023690483354127177
5129 0.05776124976589809
5131 0.08438564612990941
5146 0.03914270379304672
5293 0.056197657508206156
5346 0.06721512947713887
5368 0.08259105668555645
5384 0.06791992470678955
5401 0.039731936085086295
5425 0.02457030818832692
5433 0.03735110879553003
5515 0.05375136575693263
5540 0.051028017896411655
5640 0.07593969272472047
5681 0.0521877734992407
6008 0.02767371236946836
6010 0.03456229647329179
6013 0.06238526390234883
6024 0.06588341108005365
6068 0.031007372837504706
6232 0.05582712943538683
6443 0.08627897194830947
6778 0.0731343423350943
6817 0.06673495498748594
6934 0.04049673128656339
6949 0.4722419653915058
6952 0.050186215930540734
6970 0.060395710512617176
7016 0.11985786334955795
7117 0.07485026979432624
7176 0.021444912887348618
7205 0.032346181380615055
7262 0.0180517061757561
7312 0.06146603349404777
7408 0.06136729712000066
7470 0.04097173625174483
7482 0.07714436096451449
7483 0.03958267118001769
7484 0.014231028964737906
7561 0.031664311914058
7717 0.08627897194830947
7782 0.06865349492236057
7789 0.06187352707108819
7833 0.027276098670931885
7922 0.08110933233651497
7990 0.06653693673179517
7993 0.20639416482880452
8092 0.05817284429675979
8128 0.06791992470678955
8171 0.028119194540379224
8252 0.02155349312626392
8324 0.024617485329720263
8326 0.028758194304281438
8329 0.04841910082829001
8339 0.052796983530822614
8364 0.03670695470846898
8432 0.13307387346359034
8459 0.10085136755302929
8633 0.038855178061179434
8659 0.05696245270968325
8769 0.07285154792677158
8824 0.09079508590836247
8828 0.04081200209005822
8837 0.035249130707076866
8873 0.035366199361297625
8890 0.02160803026939118
8936 0.05776124976589809
8943 0.06588341108005365
8954 0.06525282094497702
9017 0.0441201493282124
9027 0.027654427905092545
9259 0.1060210071648238
9338 0.021932493246756734
9453 0.05020482168523655
9631 0.05657598674236681
9632 0.10095010392707637
9898 0.020964260834224348
9981 0.06464361091339511
10172 0.04113290302593012
10195 0.09587974619692553
10248 0.07285154792677158
10318 0.01120400658921244
10364 0.03748275755186302
10597 0.060925572937444494
10619 0.025093107965270367
10643 0.05189074235859979
10749 0.02085917296241119
10845 0.03347287354289756
10951 0.010048078049515205
10985 0.04213149185457388
11106 0.03205077788137444
11177 0.06653693673179517
11217 0.021883226686972044
11300 0.09674151901248974
11470 0.0770994483275495
11497 0.019208474499903594
11634 0.022793293292922463
11669 0.06087493824244442
11771 0.05947397130160059
11798 0.31806302149447135
11847 0.058597213277693745
11893 0.021986953726801844
11997 0.07382313453415507
12007 0.05074940805401902
12024 0.034674961261575175
12078 0.07686467122819601
12246 0.1060210071648238
