130
69 0.04756582080695619
236 0.026552276690559415
471 0.05416109602331337
484 0.05796012455971841
547 0.07700870146425953
571 0.030526115926547127
677 0.033014503708236845
711 0.04220178017501316
769 0.015324715624510116
1362 0.03602111695137274
1587 0.03480102910693708
1663 0.04589961954892787
1688 0.11187274967461502
1736 0.03480102910693708
1759 0.05026925180296011
1861 0.041577447915749674
1952 0.05658003534055042
2201 0.05532011259594029
2227 0.03074551371598367
2287 0.0949738201378791
2330 0.05472901105087969
2371 0.14957070232847225
2422 0.13904499540016546
2534 0.09130150393369607
2575 0.04905225060503221
2596 0.034227489695116256
2665 0.04528335730756064
2781 0.026144363037725434
2976 0.04905225060503221
3014 0.05161420320412931
3219 0.07539362317269957
3269 0.026064141352861024
3544 0.22205262509101845
3589 0.04134576333976245
3609 0.03074551371598367
3833 0.15078724634539914
3887 0.024691326676464048
3918 0.013136231735338746
3962 0.039412231834943794
4297 0.03394902001516093
4547 0.03408758544655409
4623 0.051154482780177486
4772 0.024190734406736615
4872 0.024050830158174445
4898 0.06661679062893006
4905 0.0353982262012694
4924 0.24379424593594928
5112 0.03524660201918099
5224 0.01908949002646787
5252 0.03806875446102338
5319 0.19026328322782476
5425 0.019798441682136337
5515 0.0866243330866641
5525 0.04305125899661649
5577 0.06799687984809805
5583 0.09130150393369607
5796 0.05161420320412931
5842 0.02156244237648472
5845 0.02821645997393724
6010 0.02784985869457948
6037 0.0780336351364777
6075 0.12839570262338604
6150 0.030417651171586423
6360 0.018941984739893277
6404 0.058702850286867406
6436 0.023912264726781287
6458 0.16252949729063285
6552 0.45650751966848035
6583 0.10055327929144287
6590 0.17086075692215844
6772 0.02999173878793138
6867 0.028403300980230133
6932 0.024120613315314537
6982 0.02988718976275499
7029 0.09130150393369607
7083 0.13237302220480118
7230 0.11206064548762709
7483 0.0318952127492269
7504 0.09130150393369607
7505 0.12839570262338604
7507 0.042088433830077106
7552 0.020007542457734052
7832 0.061191238068557134
7905 0.09130150393369607
7945 0.08543037846107922
8086 0.09130150393369607
8133 0.05796012455971841
8166 0.023775012731561292
8302 0.05532011259594029
8364 0.11831198803923985
8369 0.0425431374900016
8666 0.21368398007081033
8708 0.027143378235620002
8905 0.037886613982959116
9139 0.04181289988530079
9151 0.07204223390274549
9199 0.05416109602331337
9338 0.058909746560967674
9385 0.0392125048465945
9546 0.029476382718547377
9575 0.05289967680399137
9626 0.0707964524025388
9632 0.04067215457955392
9656 0.025514699613466276
9671 0.029577997009809964
9765 0.06312476957337577
9898 0.01689273461098367
9964 0.13071373576863984
10142 0.04985690077615742
10153 0.05796012455971841
10218 0.025826108972168586
10220 0.05308801428499614
10318 0.02708413781738955
10340 0.05361461693908624
10372 0.08543037846107922
10653 0.029577997009809964
10811 0.18260300786739214
10909 0.0349480352130555
10963 0.029680329429229078
10968 0.23794296964681236
11036 0.01155502849040661
11076 0.08543037846107922
11319 0.0272323971123061
11497 0.030955888650173263
11893 0.0177168075301036
11977 0.037111658266697656
12097 0.08126474864531642
12111 0.07316152486175544
12138 0.029680329429229078
12265 0.03700710143098721
