130
69 0.047907298323484386
236 0.02674289687430984
471 0.054549921365727755
484 0.05837622332678569
547 0.07756155096167072
571 0.03074526451010998
677 0.033251516557893185
711 0.04250474896316292
769 0.015434732559867893
1362 0.03627971443482724
1587 0.035050867515913395
1663 0.046229135319438126
1688 0.11267588999844354
1736 0.035050867515913395
1759 0.05063013739206981
1861 0.04187593458994103
1952 0.05698622637489799
2201 0.05571725857897689
2227 0.030966237367757218
2287 0.09565564216230078
2330 0.055121913484994005
2371 0.1506444782270064
2422 0.14004320669788742
2534 0.09195696220792832
2575 0.04940439927886053
2596 0.03447321063464377
2665 0.045608448899193244
2781 0.026332054788017447
2976 0.04940439927886053
3014 0.05198474426972467
3219 0.07593487793854418
3269 0.02625125718747967
3544 0.2236467525057935
3589 0.04164258673825954
3609 0.030966237367757218
3833 0.15186975587708837
3887 0.024868587002686193
3918 0.013230537430340361
3962 0.03969517430959277
4297 0.034192741806284684
4547 0.03433230200616047
4623 0.05152172348879371
4772 0.024364400954860126
4861 0.00725142106030864
4872 0.02422349232637682
4898 0.06709503605468163
4905 0.03565235191943518
4924 0.245544457584434
5112 0.035499639219409594
5224 0.019226534474254937
5252 0.038342052041305454
5319 0.19162919329393754
5425 0.01994057573095644
5515 0.08724621370664531
5525 0.043360326237676834
5577 0.06848503300656933
5583 0.09195696220792832
5796 0.05198474426972467
5842 0.021717240278593612
5845 0.028419027416559994
6010 0.028049794287434742
6037 0.07859384268635297
6075 0.1293174620910228
6150 0.030636021080997826
6360 0.019077970239509582
6404 0.05912428112079415
6436 0.02408393212650104
6458 0.16369630505628932
6552 0.45978481103964153
6583 0.1012751565450818
6590 0.17208737523665568
6772 0.030207051050054005
6867 0.02860720976421381
6932 0.024293776460453536
6982 0.030101751461955182
7029 0.09195696220792832
7083 0.13332333505783234
7230 0.07524342315021944
7483 0.03212419015051988
7504 0.09195696220792832
7505 0.1293174620910228
7507 0.021195294449442775
7552 0.02015117765196369
7832 0.06163053316857736
7905 0.09195696220792832
7945 0.08604368761832784
8086 0.09195696220792832
8133 0.05837622332678569
8166 0.02394569479202544
8302 0.05571725857897689
8364 0.1191613559922311
8369 0.042848556900177706
8666 0.21521802854508304
8708 0.027338241968292716
8905 0.03815860396721839
9139 0.04211307688150195
9151 0.07255942886965448
9199 0.054549921365727755
9338 0.05933266271407236
9385 0.03949401347074309
9546 0.029687995212481087
9575 0.053279446351824536
9626 0.07130470383887036
9632 0.040964142105513864
9656 0.025697870977087423
9671 0.029790338998057775
9765 0.06357794559724413
9898 0.017014008436694355
9964 0.13165213651752108
10142 0.0502148260756688
10153 0.05837622332678569
10218 0.02601151595987083
10220 0.053469135917460484
10318 0.02727857625999994
10340 0.0539995190795596
10372 0.08604368761832784
10653 0.029790338998057775
10811 0.18391392441585663
10909 0.035198928986559956
10963 0.0298934060672706
10968 0.23965117467664027
11036 0.011637982644573955
11076 0.08604368761832784
11319 0.027427899916152593
11497 0.031178122594607553
11893 0.017843997418421537
11977 0.03737808480331913
12097 0.08184815252814466
12138 0.0298934060672706
12265 0.027954583011460515
