88
313 0.07333007204574428
344 0.023732117264482638
711 0.041617112250212675
895 0.092453480729333
927 0.16849363392959177
979 0.03774768123907279
1184 0.10064486506877578
1363 0.08872313291461495
1450 0.21897628454400678
1516 0.19986861652738133
1524 0.030909340653678598
1575 0.05510709986227221
1690 0.1800732064886492
2044 0.14429587472099814
2080 0.040518563741314295
2294 0.11431427773116955
2405 0.10089156633372061
2627 0.08341928525376606
2656 0.04702629213720051
3350 0.07694994103837091
3591 0.035673197687296085
3805 0.06562882037802155
3882 0.08200285911216709
4030 0.08246723909830542
4101 0.043828465176301776
4105 0.039669170578995244
4162 0.23464648258614007
4381 0.10706932401402425
4410 0.031218923521502486
4494 0.11159233909676905
4712 0.07232790817067343
4827 0.0357642942235327
4861 0.014199975842791765
5041 0.08293929513337997
5051 0.12628777018929566
5146 0.062207449073434944
5859 0.19986861652738133
5927 0.1000127665377116
5977 0.09312548208447642
6198 0.06922063559639308
6258 0.045703892022536434
6409 0.04884237390118989
6436 0.04716196336572892
6548 0.093813677792135
6554 0.08065337626442053
6571 0.1404823864111849
6731 0.1313877491355012
6867 0.11203919458077169
6932 0.09514577515208875
7043 0.10910740381339533
7205 0.05140609196527047
7220 0.14148589009718676
7231 0.08594825869528046
7272 0.03241069894184046
7425 0.05773937204971553
7484 0.045233257991941306
7537 0.0506885923955793
7952 0.04675025673490151
8078 0.1486982238908596
8107 0.10370289076846302
8361 0.09451886769243739
8880 0.08109615629498847
9025 0.10794157908988633
9075 0.1157791495839537
9160 0.07656659649209677
9370 0.26973975783555654
9385 0.15467700263307416
9409 0.11292089212320856
9445 0.017515510505846245
9749 0.11159233909676905
9923 0.053365173438954694
10004 0.04743525482823943
10298 0.06107849813154343
10318 0.017805940872195752
10378 0.13410968776990168
10392 0.030909340653678598
10837 0.19986861652738133
10981 0.16695327692374243
10988 0.0338243749520015
11084 0.07472345765370525
11095 0.08991325261185217
11145 0.12871866810575205
11497 0.03052702249565574
11646 0.19986861652738133
11852 0.08390748072973087
11893 0.00582378566842455
11965 0.19382627084229595
12180 0.0585382700140626
