214
26 0.02990198974884675
50 0.04128810454248683
73 0.04466394913222816
230 0.07407099393670967
247 0.07924439314167084
313 0.16373962650452087
335 0.0284133078663312
342 0.08925782208356091
344 0.021196695481896212
347 0.032900667639534815
352 0.0314498058320024
373 0.027375839178737957
380 0.039111975220594536
435 0.03202503889077445
477 0.06123478711944318
547 0.06782856767965449
553 0.08041753881144335
587 0.022271204769415083
594 0.046055436957831014
711 0.03717094624860398
742 0.10478900769465126
744 0.023983784540539888
766 0.055599726055080595
965 0.024934821217768705
983 0.09092264662812251
1158 0.08925782208356091
1184 0.15731181641244477
1319 0.06873131998726835
1450 0.03259699060636085
1451 0.056544886743798775
1524 0.02760713989740616
1536 0.058719073782640914
1575 0.04921973044601393
1657 0.22573891380450614
1702 0.03259699060636085
1736 0.0613048633003386
1991 0.07157725553932578
2028 0.055599726055080595
2046 0.09853650598608536
2080 0.05428464182631981
2105 0.028965508089273798
2109 0.08925782208356091
2356 0.013133923612135185
2373 0.0124666967798627
2381 0.03662104004194369
2392 0.03544292615841827
2472 0.1374626399745367
2662 0.04015368317458438
2819 0.042533369261739916
2900 0.029661344254146047
2904 0.03962219657083542
2942 0.043913507230905605
2950 0.04872545478514936
3091 0.2703384343378385
3096 0.17851564416712182
3195 0.038864320199563644
3252 0.05867546661428702
3276 0.09262378791213918
3278 0.1459663057822795
3330 0.034024373001062494
3332 0.022678276542222205
3350 0.03436449536639719
3391 0.17851564416712182
3420 0.08030736634916875
3580 0.07872906923771647
3732 0.1461763643554481
3759 0.0626423940395749
3784 0.04872545478514936
3891 0.14533121712335997
3999 0.05989103671515078
4001 0.04099490007005189
4101 0.058719073782640914
4170 0.033370186898798095
4197 0.06873131998726835
4381 0.02390764202878661
4410 0.027883648466049373
4416 0.04466394913222816
4547 0.030024036927446086
4580 0.05239450384732563
4624 0.0047756014685544435
4676 0.02413744703593561
4717 0.04983518334216946
4791 0.032900667639534815
4861 0.01902438120683843
4876 0.04320477863851476
4907 0.0284133078663312
4941 0.01568962035456297
4972 0.16190874373288275
5005 0.03362770028868232
5011 0.13281204265876898
5112 0.031044888240914226
5181 0.026416452238866267
5184 0.04320477863851476
5237 0.05170493954529762
5752 0.05416074075468495
5769 0.036416974363080445
5842 0.018992004205535488
5927 0.08932789826445632
5977 0.08317641714604349
6066 0.042245168152047465
6079 0.01888915015747596
6150 0.02679159201386632
6162 0.029239619859551216
6209 0.024371468883207906
6258 0.020410557362891272
6281 0.1349169129399652
6294 0.07872906923771647
6436 0.021061706476729187
6452 0.01473023341469128
6632 0.05239450384732563
6657 0.06410712786402956
6978 0.06273697226720822
7002 0.03621612245085552
7025 0.020940816160830693
7042 0.05620922345653594
7102 0.05576805447115376
7205 0.022957059944519534
7206 0.03582366586011059
7220 0.042123412953458374
7225 0.05756573805726692
7272 0.0434221507610976
7328 0.04015368317458438
7425 0.025785391859777042
7537 0.037727728680963565
7542 0.014619809929775608
7653 0.06873131998726835
7745 0.04428320943053584
7854 0.03305526144551817
7952 0.11482815030083195
7968 0.03791915951084547
7986 0.029078876238727902
8212 0.056544886743798775
8272 0.04926825299304268
8483 0.05515338218192575
8515 0.022678276542222205
8560 0.034024373001062494
8571 0.036416974363080445
8586 0.03027169194847697
8651 0.042533369261739916
8694 0.05756573805726692
8720 0.07157725553932578
8723 0.1794119384930805
8763 0.04015368317458438
8774 0.032747925300904174
8867 0.034193300408916945
8942 0.025623680019678803
8961 0.14426569395560598
8962 0.03962219657083542
9098 0.07157725553932578
9099 0.043240715607850054
9247 0.03662104004194369
9328 0.08925782208356091
9338 0.015566151573623253
9370 0.04015368317458438
9371 0.09745090957029871
9409 0.0504284918451393
9433 0.04467630835377501
9445 0.03128848035468111
9470 0.06262679980493363
9546 0.05192506254904978
9578 0.06701446253066251
9669 0.04466394913222816
9706 0.07524630460150206
9861 0.05867546661428702
9865 0.026887126788934873
9919 0.08030736634916875
9921 0.06674037379759619
10045 0.08925782208356091
10060 0.07524630460150206
10100 0.04983518334216946
10103 0.03962219657083542
10105 0.058157752477455804
10141 0.02778075676982613
10158 0.08041753881144335
10160 0.051050753443033225
10172 0.0583865223129118
10298 0.027276587060427977
10392 0.02760713989740616
10418 0.03582366586011059
10483 0.04872545478514936
10619 0.01780933511051927
10647 0.0947630593464227
10749 0.01480438381447267
10760 0.02477130830069256
10816 0.08491703983887197
10838 0.08041753881144335
10848 0.0295427030931492
10951 0.007131423873365581
10959 0.047967569081079776
10979 0.05339353508218356
11036 0.020355129150324176
11067 0.07925024020059497
11071 0.03039734649036913
11087 0.08317641714604349
11099 0.04428320943053584
11165 0.08925782208356091
11217 0.03106237122218068
11297 0.1062469854053068
11400 0.055599726055080595
11424 0.07629792903598893
11474 0.0531234927026534
11692 0.06123478711944318
11736 0.05286738726510575
11852 0.03747161068395203
11893 0.01040320254528438
11929 0.017077731961272994
11957 0.020940816160830693
11960 0.0613048633003386
12177 0.06259930708834872
12180 0.05228433138505105
12217 0.12246957423888637
12263 0.09540920694336241
12274 0.03563187528598388
12293 0.051050753443033225
