25
273 0.26786333290221104
495 0.17685264561101224
854 0.21771882238330242
1530 0.24314008287033237
2002 0.16892656126644948
2121 0.30571679719503964
2677 0.13307208085144526
3361 0.09082740055354752
3878 0.1783919214822536
4624 0.02708852088816401
4861 0.03597050208224556
5496 0.2218538470424607
6952 0.1010194316511179
7035 0.14332857667946988
7561 0.12747367913169524
7619 0.5204824243680981
8118 0.2578690902717412
8326 0.11577427746103533
8974 0.2555722866761311
9338 0.029431826533748054
9789 0.23419744920013172
10619 0.1010194316511179
10951 0.040451391479802395
11812 0.16892656126644948
11893 0.014752454288079388
