54
279 0.08680365617162675
344 0.02568065861503534
513 0.0960078050451308
571 0.06514969513012403
828 0.21627896287958887
1329 0.14512085332319402
1605 0.1122174859300425
1814 0.10601816756986887
2373 0.030207820302391226
2377 0.19866795455086886
2541 0.06964360019308034
2641 0.1237001279119754
3005 0.15201678664593296
3301 0.0836884306602025
3728 0.19485823746837025
4048 0.03386649495934745
4081 0.13049244356518233
4196 0.354943034681202
4320 0.1446686243455851
4772 0.051628545713609864
4861 0.015365874350631135
5368 0.14203463708295372
5433 0.06423396667047118
5640 0.13059606123471432
6008 0.047591420316854656
6010 0.05943795167831949
6057 0.039908856643312556
6817 0.05738318101730046
6949 0.30454893753702283
7035 0.30613541271621375
7176 0.03687954291257772
7625 0.09358275164508796
7717 0.14837686984953627
7993 0.177471517340601
8128 0.11680419458923647
8324 0.04233552317914865
8432 0.11442582333450997
8828 0.07018578207032311
8890 0.03716006139835693
8936 0.09933397727543443
9017 0.07587491490436732
9338 0.012572683789431037
9445 0.05686089960989938
9453 0.08633893201083138
9632 0.08680365617162675
9658 0.052081907012813455
9804 0.07490404214912286
10195 0.0824438232249158
10597 0.05238788549580507
10619 0.04315346753220366
11799 0.43255792575917773
11847 0.1007716120361149
11929 0.04138073359511191
12265 0.019745399166404096
