119
230 0.08851700111416397
247 0.07102452319601056
313 0.05870209078381363
343 0.04340640923056525
344 0.018998002637754408
362 0.07197723621758298
401 0.15999855645725472
464 0.05843153373141725
466 0.12320390218651722
495 0.11177743010049046
496 0.039331333082367165
547 0.04052855970855646
711 0.03331527480224162
979 0.03021772308626973
1184 0.04028404610393959
1413 0.04258493867459555
1450 0.1168630674628345
1523 0.15999855645725472
1524 0.024743503865483574
1575 0.04411426156693003
1691 0.10735730712969553
1895 0.11069785540729471
2080 0.03243586622536816
2578 0.08909947533774881
2630 0.019045981257889262
2656 0.037645424220257455
2883 0.1348822975280791
2986 0.10976603859890346
3278 0.10466039915112049
3322 0.15999855645725472
3350 0.1847995903437425
3581 0.06966599659805003
3765 0.08230307139215497
3830 0.05953352074055222
3891 0.03721608194764918
3944 0.2697645950561582
3977 0.07102452319601056
3992 0.14415196140043304
4101 0.03508550407654748
4124 0.07744645850473587
4272 0.10135918671169342
4381 0.04285549572699193
4410 0.02499133072703056
4431 0.038193695198935784
4494 0.08933174941312257
4515 0.18302142414574768
4574 0.08831550192517498
4624 0.017120949701607904
4805 0.08076558117314625
4827 0.028629984776493606
4861 0.022734691179125847
4873 0.07401073621838666
4955 0.10976603859890346
4972 0.036278564542524164
4988 0.11527711859895834
5389 0.03679465427073749
5472 0.06191091319991311
5802 0.021316381630936153
6162 0.02620664979091339
6436 0.03775403156989783
6452 0.05280917745052375
6548 0.07509959934420864
6621 0.06319924299599937
6632 0.09391944354208179
6712 0.3968979647266652
6778 0.03101438223158566
6932 0.03808298406682374
6998 0.07297138432816598
7043 0.08734251235761402
7176 0.054565396007571536
7205 0.08230307139215497
7220 0.03775403156989783
7256 0.06601656348052283
7272 0.02594536918583578
7379 0.06039633272569611
7484 0.03621006693453401
7537 0.01352572130140937
7634 0.10517834446994426
7782 0.08734251235761402
7952 0.01871222636537728
8045 0.06601656348052283
8224 0.03508550407654748
8324 0.015659457825534278
8339 0.06716950377691071
8668 0.10135918671169342
8708 0.04285549572699193
8880 0.06491898611632456
8962 0.07102452319601056
8986 0.041922231285157666
9082 0.11551153982663265
9160 0.061292988986604124
9370 0.2879089448703319
9371 0.08734251235761402
9385 0.06191091319991311
9433 0.08008423998684709
9445 0.028042985889816786
9448 0.08734251235761402
9870 0.07509959934420864
9923 0.04271981696613213
10141 0.0497982235809104
10237 0.06923052049610566
10318 0.014253987871699
10428 0.054263334016157405
10647 0.0566223118115316
10844 0.062226253428438384
10845 0.04258493867459555
10846 0.15999855645725472
10925 0.051126668853342175
10981 0.044549737668874406
11084 0.059817521959230444
11095 0.07197723621758298
11099 0.07937959294533305
11159 0.07149591730079233
11202 0.0762429277825178
11497 0.024437451047117895
11634 0.028998137725678785
11768 0.05381940154122835
11852 0.13433900755382142
11893 0.009324098162621976
