286
36 0.039132308164577
84 0.02566640950365168
103 0.026726586719502798
107 0.04900524377028092
117 0.03432515200145764
194 0.039132308164577
313 0.09311412467289377
335 0.026929749663274383
336 0.04031255325648095
347 0.03118280868441766
374 0.013684017486850135
432 0.0447575775266561
478 0.07103017360356387
496 0.06238794229101772
547 0.06428700087384143
552 0.03858276305075002
594 0.02182536073838787
628 0.02079598076367257
679 0.03432515200145764
711 0.052845181662643854
744 0.02273150724629257
881 0.15243731556472606
888 0.06514261732534203
895 0.039132308164577
943 0.041620629394087345
956 0.04711030188823758
979 0.03195453287627184
992 0.04308762858475756
1143 0.06236561736883532
1182 0.12587746129013405
1184 0.08519886637008
1242 0.038057118904882156
1347 0.02613681557651633
1373 0.032734668750498075
1423 0.04568787571213996
1450 0.18536992614906372
1573 0.051862690188046026
1609 0.07621865778236303
1664 0.05114897157216049
1693 0.05946125547000087
1736 0.029051960961146397
1818 0.03341585800997647
1929 0.02136418560190699
1952 0.047233114079557326
2025 0.04521377923759587
2028 0.158090009553325
2046 0.09339157029454494
2063 0.1135278323383219
2064 0.0713174318012481
2076 0.05676391616916095
2102 0.04031255325648095
2105 0.05490623516158821
2129 0.02845637692523372
2194 0.055121132765130205
2246 0.08696797806372991
2266 0.05658702713366797
2274 0.038057118904882156
2301 0.05803750466395209
2327 0.053592480393776946
2373 0.023631533856533056
2375 0.05946125547000087
2376 0.051862690188046026
2382 0.020982430382130875
2392 0.033592326992350534
2541 0.054482087068140804
2578 0.04711030188823758
2596 0.028573169240628683
2656 0.1194274574348066
2662 0.038057118904882156
2720 0.1135278323383219
2828 0.01902104807917245
2851 0.07103017360356387
2853 0.029298661577016476
2942 0.041620629394087345
2957 0.06449568291583753
3089 0.02980770144746156
3091 0.08540770631527743
3278 0.02766897886358141
3298 0.0845973589385441
3332 0.021494164387675346
3350 0.1628510242234817
3389 0.04197102814853161
3407 0.02766897886358141
3472 0.025213625836169457
3506 0.0556118152357384
3582 0.04618132833270487
3661 0.02136418560190699
3721 0.04285800058256096
3737 0.027241043534070402
3759 0.019790538500832965
3784 0.04618132833270487
3887 0.020612363401074148
3891 0.019677566551374932
3894 0.053592480393776946
3990 0.2074507607521841
4105 0.016790565325226263
4124 0.040948906000877416
4349 0.04669578514727247
4356 0.016313063325766815
4431 0.04038893616889521
4451 0.02743661890966603
4494 0.047233114079557326
4507 0.0845973589385441
4547 0.08536913077570117
4554 0.034905483151299654
4574 0.04669578514727247
4624 0.004526250609212949
4655 0.02642810462585431
4699 0.04887809268952188
4787 0.032734668750498075
4822 0.04521377923759587
4827 0.015137768440986849
4861 0.012020701140208662
4879 0.04900524377028092
4886 0.09931760701554204
4941 0.02974082077651113
4972 0.03836373045276806
5005 0.031871880415547206
5013 0.026330226272395407
5051 0.16035952031701678
5069 0.06514040968939266
5119 0.047233114079557326
5181 0.02503715685379539
5297 0.02287714648524033
5312 0.02332489806608618
5469 0.04197102814853161
5802 0.011270786612284634
5839 0.04431796869492726
5844 0.05108255431381979
5845 0.04711030188823758
5927 0.0846637761968848
5938 0.07663416798218278
5977 0.11825022814143701
6001 0.03118280868441766
6066 0.02001970006747522
6074 0.026330226272395407
6079 0.03580576309424332
6162 0.013856458508304853
6209 0.02309894923317901
6214 0.019510063955107945
6258 0.01934485075994554
6264 0.06107537100728942
6267 0.06293873064506703
6280 0.024029247418662882
6360 0.01581280253233418
6384 0.03530845081945546
6410 0.016702332009334266
6452 0.0558444655870976
6463 0.09559088773998682
6587 0.043483989031864956
6620 0.03257020484469633
6657 0.04050658029989649
6791 0.021045224864161632
6932 0.060407792618041405
6934 0.027241043534070402
6982 0.02494987914173069
7002 0.03432515200145764
7018 0.12587746129013405
7043 0.04618132833270487
7102 0.02642810462585431
7150 0.02309894923317901
7176 0.028850812744111016
7189 0.0845973589385441
7208 0.027241043534070402
7220 0.03992400220122053
7228 0.06783995662618195
7230 0.03118280868441766
7231 0.10913662911142505
7269 0.04197102814853161
7312 0.02067325980496532
7318 0.06293873064506703
7344 0.04031255325648095
7425 0.04887809268952188
7484 0.0191456479200665
7507 0.017567749689095483
7542 0.027712917016609707
7547 0.037309174555958884
7589 0.026726586719502798
7604 0.1426348636024962
7606 0.06514261732534203
7660 0.04433177556177056
7733 0.048385215012979876
7781 0.05946125547000087
7952 0.05936322047233068
8022 0.0713174318012481
8098 0.01780617774650895
8104 0.06783995662618195
8113 0.036378876370475016
8117 0.05108255431381979
8118 0.04308762858475756
8156 0.021235589595401404
8166 0.019847422891020025
8324 0.01655950908286647
8394 0.051862690188046026
8405 0.04521377923759587
8483 0.02613681557651633
8514 0.03377141042495803
8532 0.09101737126015647
8621 0.04431796869492726
8671 0.07621865778236303
8709 0.06783995662618195
8776 0.05151807524878761
8867 0.03240794857484396
8890 0.02907026194725494
8905 0.031627812700617715
8961 0.027346615476803844
8962 0.07510676615206946
8969 0.08715588288343919
9000 0.024355967594316994
9074 0.050349729304712695
9099 0.020491483287662024
9115 0.03432515200145764
9139 0.034905483151299654
9160 0.03240794857484396
9247 0.03470892742857648
9338 0.06393134949198506
9370 0.22834271342929294
9385 0.032734668750498075
9409 0.19118177547997364
9433 0.04234360200179555
9445 0.0074136998344205675
9546 0.024606936690971252
9616 0.06648385647581254
9640 0.06293873064506703
9658 0.04074360005341665
9675 0.01795152511621433
9715 0.0447575775266561
9758 0.047233114079557326
9764 0.06783995662618195
9772 0.04779544386999341
9795 0.03831708399109139
9871 0.05803750466395209
9875 0.04900524377028092
9923 0.022587601849009802
9979 0.05676391616916095
10046 0.053592480393776946
10087 0.06293873064506703
10105 0.027560566382565103
10110 0.027136385645600856
10160 0.048385215012979876
10392 0.026165674544254988
10420 0.02209701061101409
10460 0.022028523682159462
10461 0.04965880350777102
10462 0.0447575775266561
10490 0.05884785204068542
10530 0.04031255325648095
10624 0.038057118904882156
10628 0.02834070225679134
10647 0.029938382834910317
10747 0.07621865778236303
10822 0.051862690188046026
10827 0.2224472609429536
10845 0.022516286535329545
10893 0.05803750466395209
10951 0.04055440370883462
10959 0.02273150724629257
10981 0.02355515094411879
11084 0.06325562540123543
11106 0.02155968167872924
11125 0.03240794857484396
11145 0.054482087068140804
11189 0.032734668750498075
11212 0.04669578514727247
11230 0.06783995662618195
11276 0.06885188835236447
11319 0.0075778845059828745
11400 0.05269666985110833
11417 0.06107537100728942
11484 0.051862690188046026
11621 0.05946125547000087
11629 0.015371735305163258
11634 0.015332424992121563
11736 0.016702332009334266
11886 0.041620629394087345
11893 0.012325018683094892
11908 0.029051960961146397
11965 0.027346615476803844
11977 0.030980878291113217
12021 0.01795152511621433
12072 0.033592326992350534
12078 0.051704762054562
12118 0.05108255431381979
12180 0.04955438353517231
12186 0.018148080838937507
12265 0.007723398514700201
