132
26 0.042694582160433696
201 0.040723997112007235
390 0.03267815870418795
425 0.07812988779288427
435 0.022862954365202196
607 0.10219925306341743
642 0.04041534320037869
677 0.04151932634367028
690 0.20439850612683486
956 0.03548526490885047
975 0.13074917434811278
1029 0.04041534320037869
1356 0.21276530705693902
1524 0.0197089777714517
1742 0.0369428542078413
1905 0.03894598644067087
2041 0.11624799781748897
2048 0.12744387415071395
2105 0.08271491464770518
2259 0.0728911555897275
2278 0.03267815870418795
2393 0.14765042781824278
2763 0.045910922324813364
3101 0.07695463197612086
3156 0.08957694251976914
3170 0.0637719650716184
3270 0.032087507635255606
3275 0.12744387415071395
3348 0.1148215636070657
3361 0.04572590873040439
3367 0.16755570791151636
3383 0.1148215636070657
3429 0.11241073731937176
3523 0.05514428340390228
3580 0.05620536865968588
3591 0.022746595216415432
3595 0.046542551359139366
3690 0.07938625797461511
3725 0.041847445938420005
3765 0.03277849033444647
3818 0.07938625797461511
3903 0.03880536686294862
4079 0.05938036909047533
4624 0.00681868701638991
4782 0.05480389695464633
4790 0.13962765407741812
5224 0.02400710830450605
5247 0.044137724695615735
5390 0.07480978583878611
5522 0.0807357748802868
5777 0.049313986357829694
5783 0.12744387415071395
5805 0.0728911555897275
6066 0.03015919371416562
6136 0.06612492941507227
6199 0.06676394743096684
6230 0.043583058116037604
6258 0.029142549562402115
6299 0.07695463197612086
6315 0.12744387415071395
6628 0.20242411098213087
6636 0.1896313494458518
6794 0.03825350205963972
7099 0.0807357748802868
7272 0.06199890371255044
7440 0.1148215636070657
7443 0.12437495059027569
7471 0.04858059282182484
7552 0.02516165900837838
7561 0.032087507635255606
7861 0.07491169991455386
7952 0.014904875861338955
7989 0.08551346613337578
8012 0.07695463197612086
8112 0.03866582484046951
8156 0.03199090186584403
8321 0.05258426572318544
8402 0.05584475994868948
8447 0.03880536686294862
8560 0.04858059282182484
8603 0.2478258237574478
8682 0.05199679074998381
8764 0.09813577667702406
8942 0.036585936957423806
9042 0.05584475994868948
9240 0.2296431272141314
9338 0.014817081691750496
9426 0.07938625797461511
9470 0.044709818178903876
9632 0.05114965452797012
9637 0.13898869434348715
9638 0.09913032950297913
9658 0.030689623782621692
9804 0.08827544939123147
9849 0.07073781152012741
9865 0.03838990827667082
9866 0.063228338289181
9987 0.039374480206335535
10177 0.10219925306341743
10318 0.011353748913053035
10325 0.2005591688040121
10457 0.07812988779288427
10476 0.04632956478116238
10619 0.02542847909069619
10654 0.06882767920333414
10749 0.021137957253362233
10773 0.1148215636070657
10845 0.06784048163098218
10848 0.042181586410998055
10914 0.041682647122951895
10951 0.040729485233540745
11011 0.08792429242106972
11268 0.0720026796341236
11569 0.07812988779288427
11634 0.023097927236011066
11684 0.12744387415071395
11752 0.09200856851826339
11770 0.03745584995727693
11852 0.053502618871424
11893 0.011140405442878774
11930 0.06247193821151246
11974 0.15865580011676317
12006 0.05781748604440483
12007 0.05142767740659691
12016 0.05657326288581281
12021 0.027043538195869504
12137 0.0432224494050412
12159 0.059819188994679175
12186 0.0546792892717778
12218 0.09813577667702406
12301 0.12744387415071395
12304 0.1168379593220126
