26
230 0.13676033922282985
313 0.1813915462031868
478 0.20755615319845147
677 0.16106859516527383
679 0.20060197366650434
2656 0.11632569837989974
3278 0.32340435195366474
3350 0.19034576669291867
3661 0.12485590150738626
3891 0.1149990155030391
4827 0.08846767018073307
5389 0.11369678900808593
6008 0.054395619787388286
6074 0.15387828019243338
6079 0.10462745722197345
7046 0.3807044351824138
7396 0.18309388850314678
9115 0.20060197366650434
9370 0.22241221725852803
9433 0.1237315734734171
9772 0.27932462971118527
10646 0.1683716336133768
11067 0.0877937974688306
11084 0.18483826816641682
11507 0.3807044351824138
12180 0.1448020847884425
