241
25 0.041592529904619306
26 0.055206330060295884
82 0.051325293962706846
116 0.06344519844623384
117 0.033431875709928845
170 0.0855029957849145
201 0.0526582604202999
230 0.04558434375672141
236 0.021589043662772946
238 0.07423514668338116
344 0.009783561033812779
390 0.02112728505465956
392 0.042352363556131783
435 0.014781498506015752
478 0.034590843697766785
482 0.04836648492350678
493 0.02043638450888274
547 0.08348533160706122
587 0.02055902452759326
638 0.11045655965811775
677 0.026843331378635465
979 0.015561474737868447
1059 0.03926346109008713
1184 0.02074541367646671
1413 0.021930323654977994
1522 0.0823958008780716
1536 0.036136553624098594
1575 0.04543578382749993
1649 0.053140161608753504
1663 0.0373199218317423
1664 0.024908936458876235
1709 0.04020583072881632
1729 0.030230308888079205
1895 0.0190023348829521
1964 0.053140161608753504
1979 0.03784326733881342
2046 0.04548057602643276
2080 0.016703770546374966
2105 0.08021603645969543
2141 0.06344734863075942
2167 0.024385590951805116
2240 0.05528669443606896
2266 0.018371469584430117
2301 0.056527139118197234
2373 0.011508273913732981
2376 0.05051301775082224
2378 0.15586154418675216
2392 0.06543624341519944
2541 0.07959637133736175
2578 0.045884305401412424
2596 0.0278295823031139
2630 0.05884961392155252
2726 0.04196631797639295
2739 0.04020583072881632
2806 0.03080473185199758
2853 0.05707238891577158
2901 0.030230308888079205
2904 0.07315219087344603
2942 0.08107499182017025
2957 0.18845175004419762
3112 0.027162989077642564
3152 0.053269896644239104
3269 0.021192152080114053
3278 0.13474461268935098
3332 0.1884132105344568
3350 0.06344519844623384
3407 0.0269489225378702
3557 0.04975318409930977
3582 0.04497950741406304
3602 0.0471260402413785
3620 0.0660744924886907
3661 0.041616409894206736
3765 0.042384304160228106
3903 0.025088685528021678
3918 0.02136153398848578
3934 0.09950636819861954
3986 0.0823958008780716
3990 0.10102603550164448
4025 0.01911084565418867
4030 0.13598841738672682
4124 0.03988325341780738
4320 0.018371469584430117
4356 0.1747738614778115
4382 0.026532123779120582
4410 0.012869995554069726
4416 0.04123024484825715
4547 0.02771582938595294
4574 0.04548057602643276
4624 0.008816919312856712
4670 0.05051301775082224
4788 0.056527139118197234
4791 0.030371308601333236
4814 0.056527139118197234
4827 0.029487647601575923
4886 0.04836648492350678
4907 0.026228931006739755
4941 0.028966846925233325
5001 0.01576481891763846
5051 0.07809316550025258
5188 0.04836648492350678
5243 0.04359280823826006
5267 0.06946146999813442
5310 0.02903198709645577
5372 0.05051301775082224
5389 0.05684535674193655
5433 0.024471215586212323
5641 0.11434179193833278
5807 0.053064247558241164
5842 0.12272347142089934
5927 0.04123024484825715
5977 0.11517288924830901
6001 0.030371308601333236
6066 0.019498708246869924
6079 0.017436977721396053
6125 0.02749156859899669
6155 0.02941803267619459
6156 0.0746398436634846
6196 0.04903943009698064
6221 0.04975318409930977
6251 0.018068276812049297
6281 0.04981787291775247
6410 0.016267671233569977
6452 0.04079337869755019
6554 0.033249339722712136
6616 0.02829591396831997
6712 0.04087877590229018
6867 0.02309406881282958
6982 0.09720233820478526
7017 0.03988325341780738
7018 0.061300815803443966
7025 0.03866182880861245
7035 0.023325682879231095
7042 0.051887934024426055
7061 0.056527139118197234
7102 0.02574034075837557
7205 0.021192152080114053
7220 0.09721255417728741
7282 0.05390676954484764
7295 0.06946146999813442
7312 0.02013525977362951
7396 0.06102803488724459
7425 0.023803045645145068
7467 0.03289254468059593
7540 0.10265058792541369
7552 0.016267671233569977
7593 0.0373199218317423
7644 0.0823958008780716
7645 0.11582767658800046
7660 0.04317808732554589
7790 0.09950636819861954
7833 0.0536112029161812
7839 0.03867467163831276
7952 0.08672753183239153
8061 0.04497950741406304
8092 0.019056465255718653
8200 0.07363770643874516
8312 0.025271221515238387
8324 0.016128565124848393
8337 0.038390963082769666
8380 0.02829591396831997
8723 0.027603165030147942
8776 0.025088685528021678
8777 0.03681885321937258
8880 0.033431875709928845
8893 0.03926346109008713
8942 0.011826882996810895
8961 0.18644463825483687
8969 0.02829591396831997
8985 0.03633824218875678
8986 0.06476713098831884
9099 0.07983285520263497
9117 0.03479560251681001
9139 0.1019913130400451
9199 0.04403713777533385
9287 0.03500398557332593
9332 0.038390963082769666
9370 0.18533361032923812
9372 0.07423514668338116
9385 0.0956483493817481
9414 0.0823958008780716
9433 0.08248330781897821
9445 0.007220766026164814
9490 0.24718740263421482
9546 0.09586626728058821
9675 0.05245306617696472
9789 0.1524557225844437
9849 0.022866923464953084
9898 0.027470185653031366
10004 0.03911035038252496
10116 0.028906067871157164
10141 0.025645009587012033
10155 0.0471260402413785
10312 0.04528815531461424
10392 0.06371185036506426
10427 0.0823958008780716
10485 0.059485948157397314
10553 0.04403713777533385
10560 0.032376841715394664
10594 0.04497950741406304
10618 0.17608061740441078
10628 0.027603165030147942
10646 0.028060439412216982
10647 0.029159267637051844
10746 0.056527139118197234
10749 0.02733248543209743
10754 0.0823958008780716
10760 0.022866923464953084
10816 0.1829070416341444
10838 0.07423514668338116
10925 0.0526582604202999
10951 0.032915848030487506
10959 0.022139943471339275
10960 0.037052090270625455
11033 0.06344734863075942
11036 0.018790254222732557
11067 0.043894553051010726
11145 0.07959637133736175
11159 0.03681885321937258
11212 0.09096115205286552
11217 0.04301150690682584
11257 0.03306959065356669
11319 0.007380677962837766
11472 0.053140161608753504
11565 0.056527139118197234
11629 0.059886807685084094
11690 0.059485948157397314
11736 0.04880301370070993
11893 0.004801709169046434
11927 0.056527139118197234
11945 0.027162989077642564
11977 0.015087316617985352
12006 0.012460172760054095
12086 0.04836648492350678
12150 0.06344734863075942
12151 0.06946146999813442
12177 0.014446689157192645
12186 0.03535159191460158
12204 0.009395127111366279
12256 0.09200784306700777
12264 0.05219779197002432
12340 0.04316463976801639
