142
76 0.031596244047644946
313 0.20063907608778178
587 0.054580238683686826
788 0.052118452287664964
926 0.06812937041918277
952 0.016093711431994426
955 0.08770750689304199
979 0.020656354690444346
1149 0.05426262668370714
1314 0.07053843192809772
1363 0.04855123394532355
1595 0.039942866721524896
1641 0.2187449347328126
1664 0.03306420728905584
1895 0.02522376419335611
1971 0.022530550028771974
2167 0.03236951667638501
2266 0.02438635144246486
2333 0.05845504701592706
2480 0.03649240200838081
2578 0.030453491814300654
2904 0.04855123394532355
2917 0.08422022716754189
2957 0.041691916056805965
3082 0.04762256677924491
3156 0.07687502665635983
3239 0.0425129100317319
3278 0.07154418354873819
3325 0.1093724673664063
3350 0.04210868650263119
3441 0.05472916776242016
3442 0.021480515707143787
3513 0.055706233745496804
3549 0.1093724673664063
3596 0.04988207723765338
3765 0.028130535016415513
3820 0.04487375350881465
3876 0.041487626016823036
3891 0.05088064290645292
4101 0.023983892321374177
4143 0.03468449020984792
4144 0.061065762490682254
4363 0.1437964854547288
4382 0.03521883167914702
4446 0.032829195860139056
4547 0.03679008654256276
4624 0.017555413192317782
4737 0.1093724673664063
4827 0.019571002045286102
4861 0.03108214629097075
4926 0.032033418442769
4972 0.024799449472454136
4988 0.03940080201731794
5001 0.10463137224421329
5005 0.020602925696461653
5035 0.041487626016823036
5337 0.034041273272132494
5371 0.056748484246509356
5433 0.03248317510840051
5640 0.2641701856787107
5970 0.2187449347328126
5977 0.05096029545423852
6045 0.05970595169141558
6079 0.02314590375332702
6082 0.10423690457532993
6150 0.032829195860139056
6214 0.02522376419335611
6251 0.047967784642748354
6277 0.04108688699540037
6279 0.04487375350881465
6310 0.08770750689304199
6409 0.026727612560793746
6435 0.09853998712972414
6436 0.07742416576612232
6452 0.03609951342840554
6711 0.08770750689304199
6757 0.12213152498136451
6830 0.14677549386171945
6987 0.1093724673664063
7025 0.025659921771698648
7043 0.17911785507424674
7046 0.08422022716754189
7185 0.04855123394532355
7205 0.028130535016415513
7220 0.025808055255374107
7262 0.015699044864302784
7312 0.026727612560793746
7396 0.04050441092270187
7507 0.02271262547294904
7537 0.00924596786622087
7554 0.08844749544476736
7579 0.08422022716754189
7854 0.04050441092270187
7935 0.1093724673664063
7952 0.012791380202525798
8069 0.07338774693085973
8224 0.023983892321374177
8376 0.04462370072597641
8483 0.06758244097858851
8532 0.03922421295744085
8668 0.06928752725260921
8672 0.09406552446978277
8723 0.036640535492056266
8961 0.17677660664271935
9265 0.05336935696315347
9370 0.0984049868154265
9372 0.09853998712972414
9385 0.04232131516380866
9433 0.054744312189247434
9445 0.038339477892852046
9547 0.07896185065586493
9584 0.032946259819628905
9620 0.04646440994581845
9649 0.4374898694656252
9664 0.023983892321374177
9675 0.02320879303545034
9789 0.05059256165209086
9804 0.03787904193958947
9921 0.04089030622081326
10184 0.0467460025285
10259 0.07896185065586493
10392 0.016914265534521588
10428 0.03709355171876288
10571 0.038040991218051254
10630 0.05729689018250061
10632 0.07503431743651778
10633 0.06928752725260921
10646 0.07449504613569455
10647 0.07741222280929423
10848 0.036200281998209224
10951 0.03495408723441578
11189 0.12696394549142598
11394 0.09853998712972414
11413 0.24411273649433968
11497 0.01670505269766678
11754 0.051336891159384036
11893 0.022308318000340638
12129 0.041691916056805965
12180 0.064066836885538
12186 0.023462911894939063
12265 0.009985266237690141
12291 0.07952016283081742
