33
450 0.12676192358072969
547 0.11835759464285393
593 0.1540364511299595
674 0.1702393434643321
1256 0.32841901517623295
2042 0.1774104064413786
2287 0.14596886704782844
2781 0.12054679005531029
3033 0.3746966250319018
3285 0.14330857575355765
3390 0.19970433548546396
5297 0.2527121184824502
5802 0.06225130314201784
6008 0.05140855735789141
6055 0.12091873797130524
6732 0.14075023677156243
6791 0.11623790936498761
7220 0.11025500034584464
7470 0.15222372951119076
7471 0.17811269286959816
7952 0.05464625732927463
8986 0.12242760395763862
9053 0.44878060545053394
9077 0.2074164931244927
9338 0.027162187277806137
9341 0.09969125719215963
10218 0.1190793798158804
10318 0.04162663886144786
11276 0.12676192358072969
11332 0.06334454709565202
11637 0.10476441662535926
12205 0.1597900600556743
12270 0.1013398465882115
