251
86 0.041071130398091016
137 0.03671138694687031
186 0.040667729842255876
204 0.05456374343736884
330 0.046768667178612416
335 0.024711687296962683
343 0.021060306365557942
344 0.018435238619233536
422 0.03468902286395536
424 0.06994092633102304
451 0.06994092633102304
548 0.04334276997708508
580 0.19633016595379132
594 0.02002772014052466
627 0.03990244071393814
705 0.08569939602663543
706 0.06038297036839216
744 0.04171846421766716
769 0.011739399247093545
777 0.048356321289082974
785 0.07398443896972974
842 0.056044912735910085
931 0.17497393820845392
937 0.026112574270969944
938 0.025051116340752615
956 0.021615036591210664
973 0.11955432257470323
1023 0.02643724992039869
1029 0.04923616179089823
1055 0.034236213350025996
1057 0.029591755737592065
1095 0.07032221313298123
1184 0.01954537054854608
1227 0.048356321289082974
1308 0.02539003006164436
1550 0.07762951777785014
1580 0.0388452322973258
1596 0.034236213350025996
1605 0.04027848664986368
1725 0.04620268593738918
1734 0.06635800986682731
1743 0.053257259524677386
1757 0.05977716128735162
1923 0.07762951777785014
1971 0.015991554146290676
2002 0.02590128611596242
2080 0.015737521072290997
2152 0.044399978393697415
2177 0.09609150423265797
2219 0.041071130398091016
2318 0.038514094490562076
2356 0.034268598518570254
2382 0.019254217540708534
2404 0.07762951777785014
2596 0.02621974701534434
2625 0.2852334282420638
2630 0.009240898001794909
2704 0.024433205069974217
2901 0.028481600715669502
3095 0.053257259524677386
3104 0.046875151990541736
3175 0.03468902286395536
3269 0.019966266837900787
3270 0.01954537054854608
3308 0.03446030769397002
3344 0.04334276997708508
3378 0.03918656054371463
3548 0.029887567741403633
3595 0.028350329446890657
3721 0.019664005826493743
3768 0.07762951777785014
3797 0.03446030769397002
3813 0.04759103216076524
3830 0.028885001271504635
3844 0.05006620575760956
3887 0.03782926207541795
3892 0.03590918499662823
3918 0.02012585064832636
3941 0.06994092633102304
3982 0.056044912735910085
3984 0.07762951777785014
4106 0.0655656190093198
4124 0.03757615918823074
4187 0.07342277389374062
4198 0.02861444413281066
4202 0.06994092633102304
4259 0.0327828095046599
4297 0.02600642711882518
4320 0.01730875007599209
4349 0.042849698013317714
4356 0.044908325343067886
4378 0.04027848664986368
4421 0.04759103216076524
4431 0.018531155568517234
4521 0.06544338865126377
4550 0.10013241151521912
4616 0.0388452322973258
4624 0.016613788257392553
4655 0.04850272026525154
4656 0.062252334884195945
4699 0.022426130159365155
4712 0.028092357523277295
4772 0.018531155568517234
4803 0.03132599212095273
4837 0.39266033190758265
4838 0.05006620575760956
4872 0.018423982824142836
4893 0.03671138694687031
4972 0.01760195550177457
5015 0.046875151990541736
5124 0.062252334884195945
5196 0.032400278743789784
5313 0.03167265448273733
5567 0.05456374343736884
5571 0.03565417853025798
5602 0.07762951777785014
5662 0.04620268593738918
5703 0.056044912735910085
5807 0.024997341522819197
5842 0.016517769464847374
5984 0.04192480479685309
5992 0.07762951777785014
6008 0.04270525159232988
6018 0.06994092633102304
6055 0.020089515803146458
6162 0.012715174629623096
6178 0.0728749785184243
6209 0.1271784589480652
6277 0.08748696910422696
6280 0.04410016844687924
6281 0.0234680494036716
6310 0.062252334884195945
6436 0.01831783567199808
6476 0.041071130398091016
6534 0.03671138694687031
6560 0.09151189439575336
6672 0.04759103216076524
6769 0.056044912735910085
6834 0.07762951777785014
6839 0.06994092633102304
6937 0.03918656054371463
6952 0.0154891757865149
7025 0.018212694669135315
7110 0.07762951777785014
7202 0.05208856984052451
7249 0.05006620575760956
7254 0.028885001271504635
7282 0.01692948944862201
7304 0.05456374343736884
7331 0.044399978393697415
7356 0.03540490303417886
7394 0.030503964798584454
7396 0.028748897812385044
7507 0.016120786203233324
7537 0.006562529346985217
7542 0.025430349259246192
7552 0.06130659377166055
7558 0.08921602701080017
7587 0.07762951777785014
7896 0.04917834861145125
8043 0.03990244071393814
8084 0.15525903555570028
8112 0.16486681292418606
8113 0.06676507790252782
8156 0.058459576068452854
8252 0.013304284360000179
8483 0.023984063035910223
8530 0.07762951777785014
8534 0.04556866807785029
8592 0.08055697329972736
8633 0.023984063035910223
8662 0.0728749785184243
8708 0.020793009268842397
8727 0.02654762190319889
9017 0.027233961995373177
9099 0.037607414371639586
9126 0.03643748925921215
9230 0.12595974070797294
9273 0.016164200320304276
9333 0.04027848664986368
9338 0.02707645810999129
9398 0.05208856984052451
9417 0.07762951777785014
9438 0.030503964798584454
9473 0.029022795500043205
9548 0.044399978393697415
9563 0.08161506430580079
9579 0.19218300846531594
9599 0.07980488142787628
9609 0.05006620575760956
9641 0.03953872639990722
9656 0.058636111645638235
9664 0.034046191700271164
9668 0.062252334884195945
9747 0.07762951777785014
9795 0.035161106566490616
9814 0.029446756381972118
9821 0.01948652535615095
9849 0.021544159080074468
9949 0.032589895203036574
10001 0.057754797204436666
10086 0.04759103216076524
10106 0.034236213350025996
10116 0.027233961995373177
10118 0.07762951777785014
10127 0.03358987756278952
10257 0.06994092633102304
10456 0.046875151990541736
10602 0.062252334884195945
10669 0.057754797204436666
10686 0.03699221948486487
10749 0.012875702652029957
10831 0.046875151990541736
10848 0.02569394750443681
10874 0.04556866807785029
10905 0.053257259524677386
10914 0.05078006012328872
10925 0.024806090358278497
10951 0.012404716660922863
10963 0.022736424315613908
10979 0.023218773907592492
10988 0.026274959643815297
10990 0.046875151990541736
11011 0.017852356490498524
11035 0.04759103216076524
11036 0.008851654809402709
11052 0.12083545994959104
11056 0.06847242670005199
11084 0.029022795500043205
11106 0.01978392367283641
11125 0.029738675670266723
11139 0.034016556810802796
11319 0.00695373386777997
11332 0.021048206444616427
11611 0.03671138694687031
11702 0.07762951777785014
11730 0.037880076631023184
11736 0.015326648442915137
11760 0.07762951777785014
11893 0.022619742955964105
11929 0.014852884217272086
11977 0.028429145687875714
12004 0.02021414961720341
12021 0.06589180823770367
12039 0.041071130398091016
12098 0.045160384515026575
12105 0.10915213842108212
12140 0.06544338865126377
12265 0.049610838550707755
12278 0.07762951777785014
12291 0.056441187099602254
