23
374 0.08867980660777677
711 0.11415508382923023
1665 0.3218158041433779
1702 0.20021616723784677
1896 0.21213829176653662
2373 0.07657253632773847
2781 0.4243202929151002
3278 0.17930989177812465
3350 0.2110724770396501
3557 0.33104247651933777
3759 0.1282533531255819
5609 0.1851695326219206
6010 0.15066677001432655
7484 0.12407411467894125
9338 0.03186996865600291
9370 0.2466306366370311
10318 0.04884141553847086
10321 0.18441265548752256
10468 0.3360981773411653
11194 0.21431443653419843
11276 0.14873244521782084
11332 0.1486469929552879
12078 0.16753735897026809
