322
85 0.0682044849258476
230 0.020940597718964147
313 0.027774480673617298
330 0.022803764712012183
337 0.024098163867045504
343 0.02053743671116199
344 0.00898877109919117
347 0.02790402595300093
380 0.03317201898715118
392 0.03891177253354679
398 0.048823199162785776
471 0.04045968026958348
496 0.018609343142255323
499 0.06381860877329643
574 0.0682044849258476
576 0.022562485529191715
587 0.03777773039131818
594 0.03906097354096992
711 0.015762887552656868
744 0.061024063730507616
769 0.011447942156175709
846 0.05980455311699519
927 0.06381860877329643
938 0.012214582909239002
943 0.03724433980744013
956 0.042156789013043316
992 0.03855708824853706
1028 0.07570218973110292
1106 0.03178077747484057
1143 0.02790402595300093
1184 0.07624045038460488
1227 0.04715576643667912
1253 0.23317223318643443
1272 0.04505559994495768
1298 0.0563209039680411
1330 0.048823199162785776
1347 0.07016581356319834
1362 0.026908666585670333
1374 0.02428307266958525
1396 0.04795738507483881
1450 0.05529293702092675
1468 0.05405638315148056
1524 0.0117072145256357
1536 0.016600459061790182
1575 0.06261705617099303
1586 0.03178077747484057
1593 0.07570218973110292
1634 0.041325494357530454
1691 0.050795353491353286
1693 0.10641815063067392
1702 0.027646468510463373
1880 0.06381860877329643
1895 0.017458636791113893
1918 0.03405552220666186
2046 0.04178585751630409
2049 0.02751995359993009
2075 0.05829305829660861
2327 0.04795738507483881
2356 0.011139267730158855
2376 0.09281895467760422
2396 0.054653471241934454
2450 0.022803764712012183
2473 0.03405552220666186
2622 0.0647105224521991
2630 0.01802294369055712
2656 0.07124666896832038
2818 0.0563209039680411
2819 0.0360738041170323
2895 0.03766475988352898
2942 0.11173301942232039
3048 0.04045968026958348
3082 0.032961975464328164
3120 0.03235526122609955
3132 0.03428815271104877
3186 0.1438721552245164
3226 0.04226668785533855
3244 0.04976439266059386
3276 0.039278482280095894
3278 0.049519330482133465
3287 0.04640947733880211
3350 0.029145541393617913
3363 0.03527218547887262
3407 0.024759665241066733
3494 0.06070678012059228
3582 0.041325494357530454
3591 0.013511571884367676
3603 0.050795353491353286
3737 0.024376726081809786
3775 0.05320907531533696
3863 0.0682044849258476
3882 0.03105938344328174
3891 0.035217053941382206
3897 0.031595868672300825
3946 0.0563209039680411
3977 0.03360475275276597
4030 0.18741163137930308
4101 0.033200918123580364
4143 0.024006881455789206
4184 0.054653471241934454
4198 0.02790402595300093
4291 0.07570218973110292
4356 0.014597791591576951
4382 0.024376726081809786
4414 0.036643246198873235
4429 0.08743662418085374
4552 0.03766475988352898
4555 0.04505559994495768
4571 0.0682044849258476
4574 0.04178585751630409
4624 0.00810065672707526
4676 0.02047168026829305
4789 0.04976439266059386
4791 0.02790402595300093
4795 0.03501765840518541
4822 0.08091936053916696
4827 0.027092151173598096
4861 0.032270276868029454
4879 0.08770496640236132
4941 0.05322731786030672
4972 0.03432989443131567
4988 0.027271278244827897
5001 0.043452383497512466
5005 0.014260321885802249
5009 0.07570218973110292
5013 0.02356167863802642
5055 0.06070678012059228
5056 0.04976439266059386
5157 0.0563209039680411
5312 0.020872352056997674
5469 0.03755789513970236
5640 0.04571137051008164
5798 0.0563209039680411
5802 0.030257087357600784
5927 0.037880811702787356
5977 0.07054437095774524
5998 0.04875345216361957
6010 0.020804534270332003
6013 0.01877618811908345
6079 0.016020444995194425
6082 0.0360738041170323
6144 0.07570218973110292
6150 0.022722738853444995
6170 0.03635477839592534
6180 0.041881195437928294
6214 0.034917273582227785
6230 0.05177703450320731
6251 0.033200918123580364
6258 0.05193238586608071
6280 0.021502641099052477
6435 0.0682044849258476
6452 0.04997258049601312
6482 0.07570218973110292
6508 0.037880811702787356
6622 0.06381860877329643
6632 0.0444373230102346
6666 0.01750836975936858
6675 0.0682044849258476
6732 0.022803764712012183
6772 0.06721371525972682
6831 0.054653471241934454
6974 0.05320907531533696
6978 0.05320907531533696
6982 0.022326471041814407
7017 0.07328649239774647
7020 0.04276989028412794
7027 0.05829305829660861
7042 0.015890899715810793
7079 0.04505559994495768
7100 0.0682044849258476
7176 0.012908616342490287
7205 0.03894111836968963
7208 0.024376726081809786
7230 0.02790402595300093
7231 0.06510748410485619
7269 0.07511579027940472
7312 0.018499525939725533
7328 0.03405552220666186
7425 0.021869350845601584
7482 0.02321825609431567
7507 0.04716165386718105
7536 0.02248324047483334
7542 0.012399491711778749
7552 0.044838389374815726
7633 0.06070678012059228
7660 0.019835208372945824
7726 0.040051446857683415
7936 0.06070678012059228
7937 0.0682044849258476
7952 0.07082846455463292
8036 0.03105938344328174
8049 0.050795353491353286
8082 0.04505559994495768
8092 0.01750836975936858
8107 0.039278482280095894
8108 0.09952878532118772
8193 0.040051446857683415
8402 0.03317201898715118
8455 0.026107047947510644
8477 0.07570218973110292
8483 0.04677720904213223
8504 0.07570218973110292
8532 0.05429810413638726
8543 0.03855708824853706
8560 0.028857073590670017
8700 0.04976439266059386
8705 0.04385248320118066
8776 0.023050548835089175
8777 0.03382778955227513
8786 0.02790402595300093
8844 0.04715576643667912
8890 0.026013607434986766
8908 0.05193502781548991
8921 0.10641815063067392
8942 0.010866099133826242
8961 0.04894239487623767
8962 0.03360475275276597
8969 0.025997230744980854
8991 0.05320907531533696
8995 0.07570218973110292
8996 0.03196890224337416
9027 0.033292781544335105
9045 0.0444373230102346
9139 0.031235271896550513
9199 0.04045968026958348
9210 0.1364089698516952
9247 0.06211876688656348
9269 0.05320907531533696
9270 0.07711417649707412
9294 0.0682044849258476
9319 0.0845333757106771
9338 0.017602815937055594
9370 0.10216656661998559
9371 0.08265098871506091
9385 0.08787813717690245
9409 0.04276989028412794
9438 0.02974663500218481
9448 0.041325494357530454
9519 0.0682044849258476
9546 0.022019588004329748
9578 0.01894564696143103
9604 0.04715576643667912
9620 0.06432071365233696
9648 0.05320907531533696
9658 0.018229763790927417
9664 0.016600459061790182
9672 0.04571137051008164
9675 0.016063973832771097
9714 0.05829305829660861
9720 0.0360738041170323
9748 0.06381860877329643
9761 0.0682044849258476
9789 0.03501765840518541
9813 0.03405552220666186
9817 0.04571137051008164
9842 0.040051446857683415
9865 0.022803764712012183
9920 0.0360738041170323
9923 0.020212580418574693
9956 0.07570218973110292
9990 0.0682044849258476
9998 0.04045968026958348
10012 0.0408839268621143
10016 0.03693961820497927
10034 0.07570218973110292
10040 0.05320907531533696
10105 0.024662652020913153
10191 0.03196890224337416
10228 0.037880811702787356
10256 0.06381860877329643
10318 0.006744173936197226
10325 0.023826595590084803
10392 0.0117072145256357
10418 0.06076621379506407
10460 0.019712287714494323
10544 0.07570218973110292
10618 0.03235526122609955
10647 0.026790447905793453
10670 0.04571137051008164
10827 0.04976439266059386
10845 0.02014876370520805
10951 0.006048370781543726
10988 0.012811312224206006
11032 0.0682044849258476
11036 0.008631892493950655
11067 0.013442892913708827
11080 0.0148677461041132
11084 0.02830223907558732
11094 0.03553284632167263
11103 0.017558332441917443
11120 0.07570218973110292
11145 0.04875345216361957
11159 0.03382778955227513
11217 0.013172456289366261
11249 0.030715960899570995
11257 0.06076621379506407
11259 0.05829305829660861
11260 0.03693961820497927
11276 0.06161231013348597
11319 0.020343275174194462
11332 0.010262818599038213
11351 0.041325494357530454
11497 0.011562407790895896
11625 0.06070678012059228
11675 0.3785109486555146
11742 0.07570218973110292
11821 0.0408839268621143
11871 0.039658061631423804
11893 0.028675603797614805
11908 0.025997230744980854
11917 0.05980455311699519
11921 0.029292712392300815
11960 0.025997230744980854
11963 0.06381860877329643
11965 0.14682718462871303
12004 0.05913686314348297
12007 0.030548253640344497
12029 0.023474795427619988
12089 0.022967660295082272
12131 0.04385248320118066
12177 0.03981923806465927
12265 0.020733916060671362
12268 0.054653471241934454
