368
6 0.031452484267542546
41 0.028739303771664282
72 0.04338920764117916
104 0.039483336291242156
114 0.038744574826007905
117 0.05356204041148332
132 0.02125388803173973
159 0.02421636524919899
169 0.02949420070161992
215 0.029299736557919235
230 0.03651590601156933
276 0.07748914965201581
280 0.0296927591266218
326 0.04798888993448969
343 0.03581287978156345
344 0.007837243354336592
432 0.03492056169337645
435 0.023681806764026793
456 0.013452211979892546
464 0.024104752386452644
496 0.016225349300899798
576 0.019672065048678862
654 0.0342466195680307
711 0.013743545625311474
736 0.027548205315714756
769 0.019962752993541246
818 0.10693918464386766
956 0.018378097010523113
958 0.018685328634309512
965 0.018438747874397157
975 0.09028803049707913
979 0.012465713051877107
983 0.033617641422152525
1012 0.03564639488128921
1049 0.055642975215658794
1095 0.029895587950985382
1111 0.04046408166790342
1113 0.028040378381830443
1143 0.024329314824700632
1206 0.05946698834829025
1227 0.04111476563884987
1247 0.03985540746276109
1353 0.028040378381830443
1356 0.027548205315714756
1362 0.023461468319243357
1385 0.03985540746276109
1413 0.017567558757942928
1524 0.020414868334357135
1536 0.014473818058695324
1575 0.03639690023095552
1622 0.016872596880178007
1630 0.04528176845451762
1684 0.048658629649401264
1698 0.01906772602027533
1736 0.02266679411889682
1754 0.055642975215658794
1830 0.049105781587149074
1838 0.03098082714780116
1895 0.030444113807558352
1896 0.02554010030889654
1902 0.028739303771664282
1905 0.02017043183461339
1929 0.016668671598587217
1955 0.04639260109127081
1971 0.013596753917551524
2000 0.032473065719604226
2003 0.04428809480053487
2080 0.02676152665772712
2100 0.024676513915005714
2133 0.033617641422152525
2150 0.029299736557919235
2157 0.03985540746276109
2181 0.021091277506401378
2183 0.029895587950985382
2192 0.0684932391360614
2227 0.020025333944535647
2233 0.041813691028683715
2243 0.022111858958463054
2274 0.0296927591266218
2278 0.03384854938146727
2283 0.04111476563884987
2356 0.038848982147612635
2362 0.024676513915005714
2373 0.01843769215290305
2382 0.04911246062411189
2406 0.04428809480053487
2425 0.05946698834829025
2455 0.024329314824700632
2456 0.04422371791692611
2460 0.0851501041946002
2469 0.038744574826007905
2630 0.05499925177423753
2666 0.024329314824700632
2679 0.02266679411889682
2701 0.01919871669306292
2757 0.03323674373920474
2822 0.021172232311011265
2832 0.0473421173039181
2911 0.05292979471978053
3019 0.0342466195680307
3160 0.049105781587149074
3239 0.025655724129339957
3269 0.016976237228954822
3270 0.03323674373920474
3279 0.03492056169337645
3301 0.02554010030889654
3361 0.07104542029208037
3362 0.024676513915005714
3442 0.012963078385532574
3523 0.028559656876618933
3548 0.02541178299848217
3571 0.06549290461139659
3574 0.04639260109127081
3580 0.058218402505559
3581 0.057478607543328564
3591 0.011780640066241119
3595 0.024104752386452644
3677 0.03053163859575456
3732 0.03603139433012964
3759 0.015440887529086794
3845 0.05946698834829025
3907 0.05946698834829025
3918 0.017111922715164114
4033 0.02193390694648978
4048 0.020670806503336577
4059 0.03293812504335762
4079 0.03075355887770871
4081 0.013274595113948308
4105 0.026200523116204372
4156 0.05187174418218901
4169 0.07654490403923649
4178 0.024329314824700632
4226 0.023777626755650007
4244 0.02554010030889654
4266 0.04256858795863935
4289 0.023565681278252527
4356 0.012727707033208531
4451 0.032109718495891726
4462 0.04528176845451762
4482 0.041813691028683715
4502 0.02285927379613481
4534 0.038744574826007905
4624 0.014125805941536387
4638 0.03302800088003799
4667 0.04256858795863935
4827 0.02362144718081315
4854 0.05292979471978053
4861 0.03282558633339882
4872 0.0313298330292897
4905 0.023055763753790055
4963 0.05292979471978053
4972 0.01496599112481101
4975 0.04256858795863935
4979 0.049105781587149074
5013 0.020543254165133095
5035 0.0250369849317388
5051 0.020852500782374266
5108 0.03098082714780116
5120 0.035276497400173995
5181 0.05860314356953265
5183 0.09435745280262764
5186 0.039283645934208015
5208 0.035276497400173995
5247 0.02285927379613481
5252 0.024795146634294385
5253 0.0890782773798654
5351 0.025670187568988465
5354 0.02528518812014805
5370 0.05859947311583847
5389 0.030357787095510742
5423 0.032746452305698295
5431 0.035276497400173995
5469 0.06549290461139659
5490 0.15100360468810062
5510 0.0476519592673596
5627 0.021091277506401378
5802 0.00879364391410064
5875 0.0593855182532436
5882 0.3789849666690063
6008 0.043571959916557844
6013 0.0163708202080373
6023 0.028922439173066843
6034 0.019882434592105064
6057 0.036538247658942605
6074 0.020543254165133095
6079 0.055872432254237846
6084 0.02634898237096774
6122 0.0250369849317388
6150 0.039623577484916045
6155 0.023565681278252527
6162 0.010811025549870096
6209 0.01802216130372556
6277 0.024795146634294385
6280 0.01874799449163833
6361 0.03075355887770871
6409 0.016129600490387103
6507 0.024104752386452644
6510 0.04338920764117916
6584 0.013274595113948308
6628 0.02620925867718858
6638 0.01751224377926309
6696 0.030314820384159728
6698 0.024559354932235277
6766 0.04428809480053487
6794 0.5151065073039086
6799 0.09056353690903524
6817 0.03502448755852618
6828 0.02133625691189454
6899 0.03492056169337645
7035 0.037370657268619024
7042 0.027710316976115642
7150 0.01802216130372556
7176 0.05627463783840599
7181 0.0296927591266218
7256 0.027233803641319172
7262 0.037896287394304756
7272 0.010703239498630576
7376 0.05214314963670787
7399 0.037750901172025154
7438 0.041813691028683715
7441 0.04528176845451762
7470 0.021503184753320723
7481 0.03985540746276109
7482 0.06073147973169582
7484 0.01493773381622732
7507 0.013706632948722222
7536 0.019602971869112848
7537 0.005579763904833805
7559 0.0339268880393937
7625 0.028559656876618933
7826 0.11083770375808392
7833 0.014315307153864549
7835 0.032839626889200974
7911 0.021503184753320723
7952 0.01543870421782714
8112 0.06007600183360694
8119 0.03492056169337645
8124 0.02620925867718858
8171 0.07378894460331689
8220 0.03564639488128921
8224 0.028947636117390648
8229 0.04428809480053487
8252 0.06787148222263742
8324 0.051679951462598246
8326 0.03018630997218355
8329 0.02541178299848217
8352 0.042182555012802755
8385 0.022572007624269783
8395 0.03302800088003799
8411 0.037750901172025154
8414 0.029895587950985382
8440 0.0339268880393937
8447 0.06029281155725589
8497 0.049105781587149074
8515 0.016770083079236515
8517 0.025802094290227964
8615 0.04256858795863935
8646 0.049105781587149074
8708 0.017679171620689275
8714 0.029895587950985382
8719 0.02541178299848217
8764 0.05082528842904459
8836 0.02678102020574166
8856 0.04639260109127081
8864 0.11128595043131759
8890 0.022681072834362877
8905 0.04935302783001143
8942 0.009474071848576189
8988 0.023461468319243357
9027 0.014513865578866433
9126 0.03098082714780116
9144 0.04046408166790342
9182 0.08264461594714427
9265 0.032207381197498185
9291 0.04034086366922678
9292 0.036877495748794314
9338 0.03836941409952939
9388 0.1436965188583214
9393 0.03603139433012964
9433 0.033037140250560676
9445 0.005784284511150581
9470 0.023155565498112082
9568 0.017735477321238733
9575 0.011484967675215844
9578 0.033037140250560676
9580 0.07007518296742701
9584 0.019882434592105064
9636 0.0291092012527795
9637 0.04798888993448969
9638 0.05134037513797693
9865 0.019882434592105064
9866 0.032746452305698295
9870 0.03098082714780116
9898 0.011002667086531732
9987 0.04078470423313507
10064 0.031948976626991886
10095 0.049105781587149074
10102 0.03985540746276109
10168 0.038234657301545426
10183 0.054160895587285623
10191 0.02787345054040426
10217 0.036432781579495095
10269 0.03053163859575456
10312 0.036278640572992
10318 0.0352811736634663
10321 0.02220211014315457
10364 0.019672065048678862
10420 0.01724043312714029
10429 0.029895587950985382
10460 0.01718699855457359
10464 0.03302800088003799
10465 0.0339268880393937
10490 0.022957007073110203
10495 0.04639260109127081
10541 0.05292979471978053
10560 0.025935872091094506
10591 0.03331821383425137
10619 0.052678435035982046
10749 0.02189502769695774
10845 0.017567558757942928
10951 0.010547059923793714
10979 0.039483336291242156
10981 0.018378097010523113
10997 0.025935872091094506
11011 0.015178893547755371
11036 0.007526083525438755
11071 0.02247816429448469
11080 0.012963078385532574
11091 0.05946698834829025
11099 0.032746452305698295
11187 0.02821031409342379
11217 0.034454903025647535
11219 0.024443633519291443
11225 0.0339268880393937
11233 0.03457757201034016
11300 0.016924274690733637
11332 0.017896151982179562
11494 0.027389694410883982
11497 0.03024353472327795
11524 0.03492056169337645
11629 0.011993268195503046
11634 0.011962597674719366
11647 0.05082528842904459
11736 0.026062841091336844
11770 0.03879735692516958
11794 0.05292979471978053
11812 0.044044926496218426
11846 0.024795146634294385
11861 0.022762542929409515
11893 0.009616172256836352
11929 0.025257208876721594
11930 0.09706412031887304
11935 0.04528176845451762
11957 0.015485269619599496
11977 0.012085882787506556
12021 0.014006060536623378
12029 0.020467501333533845
12030 0.06232269991667509
12091 0.037750901172025154
12113 0.023994444967244843
12124 0.03169746367303571
12136 0.05082528842904459
12177 0.011572700185348606
12186 0.014159416384299742
12204 0.01505216705087751
12265 0.03012958131553177
12303 0.1011407524805922
12304 0.12102259100768036
