75
170 0.0927787091061127
212 0.1507443209417211
343 0.04851095958398743
673 0.10962265209430944
766 0.11138544268859066
921 0.1855574182122254
952 0.02631178244163546
1286 0.3576284536491313
1664 0.05405702919870001
1818 0.14126282164610196
1895 0.041238604197618156
2133 0.09107472251804641
2154 0.05990400675977156
2266 0.03986950905704675
2373 0.024975096789394094
2415 0.12568381042025428
2495 0.0998370738829817
2630 0.021285769622893462
2656 0.04207248849289783
2830 0.17881422682456566
2895 0.04448348813309834
3187 0.17881422682456566
3278 0.11696835751363721
3343 0.17881422682456566
3350 0.06884394583822605
3407 0.058484178756818606
3687 0.08871455375886846
3721 0.045294677833764715
3788 0.12568381042025428
3933 0.04020496677846579
4093 0.17881422682456566
4624 0.009567178139551524
4787 0.06919157473025622
4988 0.06441679628010744
5313 0.07295576972433866
5663 0.3576284536491313
5845 0.049788742304217225
6008 0.01967371887246186
6418 0.3222081760462571
6436 0.042193867958334436
6830 0.11998241917571686
6952 0.03567824548828659
7043 0.09761390453740973
7272 0.028996518677233192
7507 0.07426623282613731
7537 0.03023266522285439
7838 0.18214944503609282
7861 0.05255363503974187
7952 0.020912765488513098
8272 0.09870131670589552
8380 0.06140740091872969
8483 0.05524563092290152
8532 0.06412808892104409
8942 0.05133307562478388
9115 0.0725533940159429
9223 0.16110408802312856
9324 0.12267441505887652
9370 0.16088337455287888
9385 0.06919157473025622
9433 0.04475103329418731
9652 0.08520901990709147
10004 0.04243837058418754
10237 0.07737196053066057
10339 0.14339394922169144
10392 0.027653315196122696
10413 0.1290955814900278
10468 0.10962265209430944
10647 0.0632810391030213
10951 0.014286703577422108
11084 0.06685200277140549
11822 0.1290955814900278
11893 0.01563090418472963
11931 0.137692557977154
12186 0.038359767778587024
12265 0.016325019494608385
