468
25 0.0251211720913655
26 0.03334367303834991
33 0.03592848869993984
36 0.023020158019601132
103 0.031444618447754064
105 0.017383519171769574
114 0.02921252431636545
132 0.016024946040386803
159 0.05477575855766099
173 0.037024637517141884
193 0.020192277434727297
201 0.015902341419046246
333 0.049765645374556515
343 0.027002093226113483
344 0.017727307352575297
373 0.015263382778089092
404 0.023899163495119814
429 0.06762177109121113
435 0.008927770649908066
456 0.010142660523086301
467 0.05923794323422102
474 0.03271447135444989
501 0.034978961404641906
515 0.026876567414579628
545 0.03990785606128011
547 0.012605925794939308
552 0.045393759986030416
561 0.034978961404641906
591 0.037024637517141884
619 0.4016942898704792
628 0.02446708542409348
679 0.020192277434727297
682 0.02089227414898408
744 0.013372144741184594
769 0.015051459716986336
801 0.037024637517141884
811 0.0281163754991634
826 0.01935473500308904
862 0.022540590363737043
887 0.0375896182512722
913 0.056356679889553424
938 0.040148548121162184
952 0.021968433788787718
958 0.014088310932312487
1033 0.024088798516702082
1086 0.049765645374556515
1095 0.022540590363737043
1100 0.05692663416258333
1106 0.06267682244695225
1181 0.027166848203865477
1459 0.04483675071791832
1465 0.3076244091521465
1479 0.03990785606128011
1492 0.100484688365462
1524 0.00769617217779461
1543 0.027804789344731
1575 0.04116364695490459
1577 0.026070699386663426
1586 0.02089227414898408
1595 0.036348865274244135
1612 0.07989385398814101
1709 0.024283629659727246
1759 0.024686448905621498
1763 0.027166848203865477
1777 0.03990785606128011
1818 0.019657371819598816
1838 0.11679417963166575
1844 0.02921252431636545
1850 0.03152656782059911
1857 0.03990785606128011
1858 0.026329305772227224
1901 0.02053366580151812
1916 0.021400411115589022
1929 0.012567797597003884
1958 0.00992958415047384
1971 0.010251641842085395
2000 0.024483949719951388
2045 0.03592848869993984
2052 0.027469485020375245
2080 0.05044394936211426
2121 0.030050066748003704
2144 0.06010013349600741
2150 0.022091332025323148
2181 0.09541404851427747
2183 0.045081180727474086
2186 0.023714454619822675
2194 0.03242582014677403
2195 0.023714454619822675
2220 0.03414141897300365
2224 0.11531223260703206
2259 0.028463317081291666
2266 0.011096051383748598
2278 0.01276051648934422
2279 0.024690076960472304
2298 0.01935473500308904
2343 0.02335883592633315
2356 0.014645622525858479
2362 0.018605527768015256
2373 0.006950799341238214
2381 0.020418038995715742
2383 0.049765645374556515
2419 0.018174432637122068
2512 0.03209574286050368
2541 0.016024946040386803
2630 0.029620128146087086
2656 0.011709160839964105
2658 0.020082028840610666
2675 0.01680858865451462
2677 0.013080160948207648
2701 0.028950787600984965
2704 0.015663297334343265
2705 0.0139023946723655
2714 0.03592848869993984
2715 0.024088798516702082
2757 0.12529872750424068
2781 0.012839090679738803
2787 0.04483675071791832
2808 0.049765645374556515
2813 0.049765645374556515
2900 0.01653766476738105
2968 0.03592848869993984
2984 0.0190644542138032
2987 0.04195353217378009
3056 0.034978961404641906
3060 0.0797930194918827
3239 0.009671914950002431
3261 0.030050066748003704
3269 0.012799695056102098
3281 0.03209574286050368
3283 0.053753134829159256
3323 0.07060326727396038
3324 0.037024637517141884
3332 0.03793277861014091
3361 0.05356662389944839
3407 0.01627668531592565
3424 0.03414141897300365
3442 0.029321594900929764
3453 0.022540590363737043
3481 0.024690076960472304
3506 0.03271447135444989
3518 0.028463317081291666
3548 0.019159903860063877
3557 0.030050066748003704
3591 0.044411667432521014
3633 0.027469485020375245
3661 0.02513559519400777
3668 0.022540590363737043
3682 0.034978961404641906
3698 0.03209574286050368
3702 0.02961897161711051
3725 0.016341037717823245
3765 0.012799695056102098
3847 0.04195353217378009
3849 0.049765645374556515
3876 0.15101851743866565
3891 0.01157561903961269
3892 0.023020158019601132
3903 0.030306268367944922
3918 0.012901998813029794
3933 0.011189412355628512
3993 0.0695624425275756
4013 0.04571336408234697
4079 0.0231874808425252
4130 0.034978961404641906
4170 0.018605527768015256
4178 0.018343747585532807
4226 0.01792778738453528
4229 0.030999594043301625
4244 0.03851330436152975
4248 0.037024637517141884
4274 0.049765645374556515
4297 0.016671836519174955
4317 0.018877314679833206
4320 0.011096051383748598
4334 0.04195353217378009
4339 0.06360936567618498
4410 0.015546511542832956
4429 0.019159903860063877
4431 0.011879693997876417
4448 0.05663194403949962
4453 0.03757111992636895
4459 0.04195353217378009
4485 0.02223795354722727
4490 0.049765645374556515
4525 0.04483675071791832
4528 0.03990785606128011
4547 0.033479767701369
4552 0.012380164233950865
4560 0.049765645374556515
4600 0.021947672757941426
4623 0.0251211720913655
4624 0.005325267491106823
4676 0.013457819173685017
4683 0.023899163495119814
4699 0.014376629825633841
4700 0.024283629659727246
4708 0.01709024495289703
4738 0.030050066748003704
4772 0.011879693997876417
4787 0.05776995654229462
4790 0.09087216318561034
4795 0.023020158019601132
4827 0.008905015776480334
4861 0.042428129502132185
4872 0.011810989194046294
4882 0.0251211720913655
4883 0.02077071748164707
4972 0.011284015416748814
4992 0.03050899319379164
4993 0.03050899319379164
5041 0.020651203880515234
5078 0.03832110639456807
5113 0.06678442347585974
5114 0.049765645374556515
5129 0.022856682041173484
5138 0.026070699386663426
5149 0.025821168805622283
5198 0.04483675071791832
5208 0.0265976731639609
5243 0.026329305772227224
5278 0.03050899319379164
5331 0.049765645374556515
5340 0.017689411145982426
5351 0.01935473500308904
5371 0.025821168805622283
5380 0.01660443419577309
5385 0.02778557669781169
5411 0.030999594043301625
5435 0.03209574286050368
5473 0.08179397007455137
5556 0.02114180473002522
5579 0.028828058151758016
5609 0.03361717730902924
5622 0.04465430037671634
5632 0.030999594043301625
5744 0.03832110639456807
5752 0.015098644324402341
5761 0.08335673009343507
5802 0.006630206624378447
5807 0.016024946040386803
5924 0.12586059652134027
5926 0.034978961404641906
5930 0.027469485020375245
5998 0.016024946040386803
6010 0.013676633111377054
6034 0.014990901477141333
6088 0.07285088897918174
6114 0.017383519171769574
6162 0.04075633145784723
6175 0.03592848869993984
6180 0.013766079471609413
6198 0.017235370232422526
6209 0.027176595829625175
6214 0.011477083164382873
6251 0.021825856336741327
6258 0.0113798940631531
6279 0.020418038995715742
6289 0.020082028840610666
6294 0.021947672757941426
6410 0.029476180183419014
6452 0.02463849851883112
6481 0.027469485020375245
6507 0.018174432637122068
6525 0.03209574286050368
6548 0.02335883592633315
6646 0.03973306155403687
6653 0.049765645374556515
6672 0.03050899319379164
6732 0.044972704431423996
6747 0.026242292058532617
6825 0.023714454619822675
6872 0.03973306155403687
6882 0.04195353217378009
6899 0.026329305772227224
6900 0.02961897161711051
6905 0.025821168805622283
6923 0.016341037717823245
6944 0.03414141897300365
6975 0.04483675071791832
7042 0.03133941895533168
7049 0.04195353217378009
7121 0.018605527768015256
7150 0.040764893744437765
7176 0.016971916544512803
7226 0.049765645374556515
7262 0.02142970122870556
7351 0.20733280131977355
7352 0.06199918808660325
7356 0.022696879993015208
7387 0.09953129074911303
7408 0.024283629659727246
7458 0.049765645374556515
7483 0.007831621832706016
7493 0.0682828379460073
7536 0.04434057890461752
7537 0.012621043551118297
7542 0.02445379887470834
7558 0.0381289084276064
7561 0.025059745500848135
7565 0.03209574286050368
7566 0.023714454619822675
7589 0.015722309223877032
7708 0.03339221173792987
7757 0.049765645374556515
7835 0.04952065693580346
7840 0.16781412869512036
7854 0.018429941269694945
7858 0.03339221173792987
7861 0.01462616040667498
7952 0.005820215144982131
7971 0.023020158019601132
7986 0.016212910073387016
8098 0.010474746946329843
8100 0.015432028434591185
8112 0.045295932973207026
8124 0.019761182303834102
8156 0.049968596390442155
8169 0.01745876740706227
8171 0.07788924997775269
8201 0.01745876740706227
8214 0.049765645374556515
8224 0.043651712673482654
8225 0.03506964090315503
8251 0.03414141897300365
8252 0.008528924517046812
8265 0.026070699386663426
8324 0.004870687849684204
8326 0.0113798940631531
8397 0.025346933652353944
8412 0.01680858865451462
8427 0.03209574286050368
8429 0.04483675071791832
8444 0.017689411145982426
8447 0.015153134183972461
8512 0.024283629659727246
8515 0.03793277861014091
8556 0.08126139077519993
8582 0.10766664426205648
8586 0.03375592751939174
8587 0.07981571212256022
8588 0.09953129074911303
8625 0.017689411145982426
8698 0.08967350143583663
8705 0.028828058151758016
8708 0.02665938305849758
8723 0.016671836519174955
8754 0.014475393800492483
8839 0.03990785606128011
8876 0.037024637517141884
8890 0.017101010778167582
8923 0.02353442242465346
8950 0.07861154611938516
9017 0.01745876740706227
9099 0.03616325272872602
9115 0.020192277434727297
9145 0.02961897161711051
9167 0.04483675071791832
9169 0.022387662063700475
9202 0.02089227414898408
9211 0.02490235815367346
9230 0.01614970172939201
9245 0.03990785606128011
9273 0.020724638872691267
9330 0.021269932374461446
9338 0.014464830849489642
9368 0.03832110639456807
9444 0.016948022374454065
9445 0.004361218382020707
9470 0.01745876740706227
9485 0.021400411115589022
9549 0.018877314679833206
9563 0.013080160948207648
9568 0.053488578964738374
9578 0.01245462451513137
9600 0.02921252431636545
9613 0.14539502237152946
9614 0.12210706222471274
9656 0.012529872750424068
9658 0.0119840121310056
9664 0.021825856336741327
9726 0.12610627128239643
9804 0.017235370232422526
9821 0.012492149097610539
9849 0.013811228143142406
10016 0.024283629659727246
10018 0.0281163754991634
10047 0.049765645374556515
10063 0.02490235815367346
10100 0.02778557669781169
10103 0.022091332025323148
10116 0.03491753481412454
10161 0.03414141897300365
10202 0.02921252431636545
10266 0.020304262298386968
10285 0.0265976731639609
10297 0.03832110639456807
10312 0.013676633111377054
10318 0.0044335331599426936
10407 0.03990785606128011
10453 0.07185697739987967
10490 0.03461811778117813
10501 0.03870947000617808
10560 0.019555055063313183
10619 0.00992958415047384
10630 0.026070699386663426
10638 0.0216687785073227
10702 0.025821168805622283
10749 0.008254175350706461
10808 0.02335883592633315
10909 0.017162437368684943
10951 0.03976121119842129
10960 0.011189412355628512
10969 0.03990785606128011
10980 0.01660443419577309
10987 0.022540590363737043
10988 0.008421991797029993
11011 0.011444538979988443
11036 0.011348990096352552
11049 0.02077071748164707
11080 0.00977386496697659
11093 0.03414141897300365
11104 0.0281163754991634
11160 0.03050899319379164
11217 0.017318806516348765
11235 0.03209574286050368
11260 0.024283629659727246
11300 0.02552103297868844
11319 0.004457802439057801
11336 0.04195353217378009
11339 0.025346933652353944
11458 0.03414141897300365
11478 0.03990785606128011
11533 0.04483675071791832
11588 0.025821168805622283
11606 0.034978961404641906
11634 0.0270585760996704
11655 0.03050899319379164
11736 0.01965078678894601
11859 0.049765645374556515
11875 0.03816465780222507
11876 0.04016405768122133
11892 0.037389948256495234
11893 0.01450074840901977
11929 0.009521679251716464
11930 0.012197354889018486
11939 0.030999594043301625
11951 0.03832110639456807
11957 0.011675539539134886
11977 0.03644991810082081
12004 0.03887581284261192
12006 0.022577189575479505
12016 0.022091332025323148
12024 0.013721215651634864
12051 0.012054417576242005
12068 0.04195353217378009
12087 0.022696879993015208
12089 0.030197288648804683
12106 0.027166848203865477
12120 0.03050899319379164
12133 0.030050066748003704
12134 0.049765645374556515
12143 0.04483675071791832
12177 0.026176654699813853
12204 0.017023485144528828
12205 0.01701877810130322
12265 0.009086806406052597
12275 0.013457819173685017
12286 0.017689411145982426
