343
57 0.03550216821968572
76 0.0197667864822087
93 0.13684805106607184
103 0.04323398921790573
104 0.020465436655748535
105 0.02390103354856333
110 0.027462012519243455
203 0.025221275514810865
214 0.025954890204406833
289 0.028073270447159897
330 0.020611363877932734
337 0.021781316836341692
344 0.016249144321619908
387 0.03820308156584692
397 0.06842402553303592
435 0.01227501426545786
456 0.013945396616104009
478 0.028725308173018188
479 0.024004494221769344
485 0.027027410197804483
493 0.01697100678113415
509 0.1646109163191026
547 0.017332201400556437
571 0.0618340916337982
600 0.044979941612514444
640 0.07470475269285977
642 0.021698810503820748
679 0.027762865253030754
683 0.04194757474895545
736 0.057116353766018445
744 0.018385694916960984
776 0.054870305439700874
790 0.0616471654863684
938 0.011040247789738238
942 0.022033097506930922
958 0.01937036965349491
979 0.0775363841444725
983 0.03485013049382742
1029 0.021698810503820748
1131 0.054870305439700874
1132 0.04694188743982901
1166 0.0616471654863684
1193 0.054870305439700874
1232 0.02960671025401687
1374 0.043896896252701316
1495 0.0616471654863684
1524 0.010581658845909257
1536 0.015004456789674166
1564 0.028073270447159897
1586 0.057450616346036376
1595 0.024988480174451343
1622 0.01749117957622319
1632 0.07307720548436755
1642 0.10974061087940175
1730 0.04131658534636581
1759 0.01697100678113415
1770 0.03820308156584692
1814 0.016770447084132462
1816 0.030781354268436874
1914 0.19269987242997663
1940 0.15271828931929482
1971 0.014095237746419792
1986 0.03620081839322556
2031 0.06842402553303592
2086 0.02106268750049246
2099 0.024538886371850505
2150 0.0303739227168207
2154 0.02292252334084784
2177 0.028232248622826646
2181 0.021864525358856992
2202 0.0543402836371866
2227 0.020759502202604366
2274 0.030781354268436874
2281 0.04131658534636581
2287 0.021375576358392646
2373 0.009556827165011543
2393 0.039636415286040345
2405 0.03453972529969828
2434 0.031881045031657326
2455 0.05044255102962173
2456 0.04584504668169568
2527 0.054870305439700874
2539 0.09388377487965802
2575 0.0993608674635822
2596 0.023110547258346603
2630 0.00814509041048569
2656 0.016099216924729133
2665 0.03057551629976235
2781 0.017652785609016935
2822 0.021948448126350658
2901 0.0251041849849898
2965 0.0433466634520639
3024 0.0616471654863684
3112 0.022556987593973725
3152 0.022118486192769363
3274 0.052688643795558904
3332 0.01738490741705039
3350 0.026343429107859875
3392 0.04412923639309741
3393 0.054870305439700874
3432 0.04262211407826078
3442 0.013438330418975524
3453 0.09297485759322123
3471 0.03620081839322556
3484 0.027314988058700872
3544 0.07496544052335403
3545 0.21507152418955955
3561 0.027916836031721397
3591 0.01221254157761276
3596 0.03120650570235199
3597 0.022556987593973725
3599 0.024214759151072882
3602 0.03913492370222385
3605 0.025954890204406833
3606 0.04016502739316148
3670 0.021781316836341692
3715 0.036569803405396374
3753 0.10551214410686377
3803 0.022204627211522037
3805 0.0674030994851097
3814 0.040501100302273906
3882 0.028073270447159897
3883 0.06842402553303592
3933 0.015384601786207937
4048 0.01071431952955566
4081 0.013761267965365816
4088 0.0433466634520639
4170 0.025581203608888787
4187 0.06471612731111263
4195 0.3177174094089657
4230 0.029792943358728848
4263 0.04072386191192836
4339 0.021864525358856992
4393 0.054870305439700874
4410 0.010687642999002498
4429 0.026343429107859875
4431 0.032667374423358146
4552 0.05106538861928188
4554 0.05646449724565329
4555 0.04072386191192836
4624 0.018304607326966996
4772 0.016333687211679073
4815 0.03550216821968572
4827 0.02448745604627489
4839 0.03366359238745129
4869 0.029244559875037428
4941 0.012027483515553734
5005 0.02577861042829383
5010 0.08825847278619482
5035 0.025954890204406833
5051 0.04323398921790573
5060 0.06842402553303592
5139 0.035845254031593256
5200 0.04694188743982901
5237 0.039636415286040345
5247 0.023697339881330045
5310 0.02410906144722397
5342 0.0433466634520639
5372 0.04194757474895545
5401 0.04323398921790573
5425 0.10694393920496408
5469 0.03394700186526083
5506 0.054870305439700874
5527 0.031881045031657326
5622 0.020465436655748535
5700 0.02320593281865737
5802 0.009116036252344443
5842 0.029118106410136655
5845 0.019051874312125388
5998 0.022033097506930922
6034 0.0618340916337982
6055 0.08853626697736844
6143 0.039636415286040345
6162 0.022414758159494407
6209 0.018682889299954566
6214 0.015780127547306195
6258 0.046939499492869026
6360 0.012789709014524817
6381 0.054870305439700874
6398 0.02145538857615912
6403 0.03057551629976235
6410 0.013509178137560413
6451 0.03620081839322556
6452 0.011292028460327464
6525 0.13238770917929224
6554 0.02761128171458689
6558 0.03423887256591099
6560 0.026886732340783766
6583 0.03394700186526083
6584 0.02752253593073163
6620 0.026343429107859875
6628 0.0271701418185933
6657 0.01638126366751909
6666 0.015825079085719812
6712 0.06789400373052167
6747 0.018040590535337984
6772 0.040501100302273906
6867 0.019178030157739303
6871 0.0433466634520639
6877 0.06907945059939656
6932 0.016286341151201023
6944 0.04694188743982901
7083 0.029792943358728848
7090 0.03865790507832485
7118 0.06842402553303592
7176 0.011667555421475809
7190 0.06842402553303592
7272 0.011095641379176801
7344 0.032605594405460445
7396 0.05067957071665715
7414 0.04809344539303334
7425 0.0197667864822087
7483 0.053839459753106174
7484 0.0851695933787304
7537 0.02313731624016534
7542 0.022414758159494407
7566 0.06521118881092089
7706 0.03550216821968572
7839 0.032116645404996105
7850 0.04591178374889138
7878 0.029244559875037428
7885 0.04412923639309741
7919 0.1232943309727368
7952 0.03200943515878748
8108 0.08995988322502889
8128 0.03695326205808189
8156 0.01717576698511794
8166 0.048158970482045434
8224 0.03000891357934833
8225 0.02410906144722397
8258 0.032605594405460445
8268 0.06842402553303592
8364 0.03994237987017679
8473 0.03700698165686794
8483 0.021139975985053867
8512 0.10016450203948186
8515 0.01738490741705039
8556 0.015961187210298315
8560 0.02608269519270529
8659 0.03099161919774041
8666 0.04809344539303334
8754 0.039805159063084856
8867 0.10484877204591375
8890 0.03526890858098779
8942 0.04910705008787558
8943 0.07169050806318651
8954 0.03550216821968572
9000 0.019699590737412943
9125 0.03776847924440793
9140 0.04072386191192836
9147 0.039636415286040345
9148 0.08773367962511228
9167 0.0616471654863684
9228 0.04131658534636581
9338 0.03182089002732142
9445 0.02998173897681416
9457 0.0616471654863684
9501 0.0616471654863684
9503 0.0331202891545274
9524 0.05768295648643247
9546 0.039805159063084856
9563 0.01798423912641473
9575 0.011906029253287034
9578 0.051372520505687407
9582 0.020393281771925773
9583 0.11536591297286494
9584 0.020611363877932734
9628 0.029068393984925726
9658 0.04943135043473431
9664 0.015004456789674166
9671 0.099855949675442
9675 0.01451955035382484
9720 0.032605594405460445
9861 0.044979941612514444
9863 0.07390652411616377
9898 0.011406046573305946
9995 0.03235806365555632
10106 0.030176402011414364
10116 0.024004494221769344
10141 0.021296410400492367
10174 0.029244559875037428
10218 0.017437899104405352
10226 0.028558176883009222
10235 0.04809344539303334
10237 0.02960671025401687
10238 0.0616471654863684
10280 0.0303739227168207
10318 0.030478875924773812
10325 0.04307171538398593
10392 0.010581658845909257
10426 0.054629976117401745
10465 0.03517071470228792
10522 0.06842402553303592
10554 0.044979941612514444
10621 0.054870305439700874
10643 0.028232248622826646
10653 0.03994237987017679
10723 0.025339785358328575
10762 0.06842402553303592
10801 0.0316509887142551
10868 0.054870305439700874
10881 0.021139975985053867
10909 0.2359706267015317
10951 0.010933735952939835
10979 0.020465436655748535
10980 0.04565970041469868
10981 0.019051874312125388
10988 0.011579606321223854
11036 0.007802004598578152
11049 0.17134906129805533
11051 0.06842402553303592
11071 0.023302258153312317
11103 0.015870238253222962
11104 0.03865790507832485
11145 0.022033097506930922
11161 0.03120650570235199
11235 0.08825847278619482
11300 0.017544751997288763
11319 0.03064571810689986
11325 0.05090609643976494
11332 0.018552260228028566
11339 0.03485013049382742
11393 0.11536591297286494
11491 0.06842402553303592
11510 0.03485013049382742
11621 0.04809344539303334
11643 0.032605594405460445
11645 0.10181219287952988
11679 0.0773158101566497
11698 0.03776847924440793
11768 0.02301608331206132
11812 0.02282985020734934
11813 0.03423887256591099
11893 0.009968720107206494
11919 0.06842402553303592
11929 0.026183187993776984
11960 0.02349780351930753
11991 0.026212193011478438
12006 0.0413892538209131
12201 0.036569803405396374
12204 0.007802004598578152
12227 0.030176402011414364
12275 0.03700698165686794
