185
26 0.03754895821927881
207 0.061186231461854305
279 0.04498501082840403
344 0.013308710218309023
347 0.04131450130775719
354 0.06670899912374652
370 0.08338832771159528
374 0.036260258918777384
377 0.10098307270821592
423 0.06981849061486241
456 0.022843694261017327
480 0.08988202458334543
496 0.02755286039663842
500 0.07520723718438245
581 0.06670899912374652
674 0.020418461005634773
679 0.045477832083863474
706 0.04359148646523367
769 0.016949741301813297
931 0.12631664213682087
932 0.05708734917142588
937 0.03770221706420849
985 0.07878097645847494
1106 0.047054391891598504
1133 0.052223745618241786
1162 0.05076679373819373
1596 0.049431401660549
1664 0.03388396270353355
1734 0.04790496842606169
1759 0.02779988987636183
1916 0.04819883771835402
1937 0.061186231461854305
1971 0.02308914622361739
1973 0.058155440016468996
2023 0.06767992833360445
2084 0.060532449785419475
2219 0.059299885843224515
2285 0.08630828530925294
2381 0.0459863010465554
2480 0.0373971520866798
2541 0.036092006339230764
2607 0.06871354031263231
2701 0.032602044555628706
2752 0.08630828530925294
2884 0.10098307270821592
3179 0.061186231461854305
3181 0.06186784186306421
3269 0.02882797071146374
3280 0.055607950998876034
3308 0.0497549566463794
3342 0.03637298595108613
3371 0.08338832771159528
3378 0.11315776041746792
3476 0.10098307270821592
3654 0.060532449785419475
3737 0.036092006339230764
3827 0.05341061644219931
3864 0.10098307270821592
3887 0.05461916681772105
3918 0.014529191604609585
3933 0.05040245884807527
4013 0.051478707700154176
4048 0.01755092711134341
4057 0.06871354031263231
4138 0.20196614541643185
4259 0.0946658561575342
4266 0.07228727958672479
4391 0.06410618905951196
4473 0.08997002165680806
4820 0.030505535936376532
4861 0.007963190198859146
4971 0.07878097645847494
5001 0.021445096104971195
5035 0.04251622185654165
5196 0.04678061724068572
5389 0.025775835523833456
5705 0.174466320049407
5799 0.17976404916669086
6008 0.012331857047932873
6277 0.04210554737894029
6280 0.03183665666392837
6295 0.0473329280787671
6452 0.018497261342610132
6493 0.059299885843224515
6496 0.10098307270821592
6533 0.06410618905951196
6560 0.13212796527308684
6575 0.08338832771159528
6627 0.08630828530925294
6641 0.09448937583646577
6666 0.02592276707807238
6903 0.08988202458334543
6908 0.08338832771159528
7025 0.026296103961809304
7208 0.036092006339230764
7254 0.08341028169320776
7282 0.02444336890552253
7303 0.09448937583646577
7304 0.07878097645847494
7488 0.045477832083863474
7514 0.10098307270821592
7520 0.06767992833360445
7537 0.009475201616002321
7542 0.01835859877010739
7552 0.04425826580445648
7558 0.04293770478879886
7635 0.08338832771159528
7680 0.07878097645847494
7700 0.06670899912374652
7839 0.0526096781983247
7854 0.041508630073454206
8052 0.0497549566463794
8055 0.07368080394989515
8112 0.03400575361044812
8156 0.14067651874935505
8270 0.10098307270821592
8460 0.08988202458334543
8534 0.06579358271497465
8546 0.05990431331394945
8571 0.045730048746491635
8708 0.0300216493685008
8774 0.08224539498674259
8880 0.045477832083863474
8890 0.019257780583390345
8932 0.058717442489991924
8985 0.049431401660549
8988 0.039840779345466454
9120 0.08338832771159528
9230 0.10911895785325838
9277 0.13963698122972482
9338 0.006515650853362617
9430 0.06871354031263231
9563 0.029459646894977876
9579 0.13874016069850356
9609 0.07228727958672479
9625 0.03282761768012322
9658 0.05398171584623099
9664 0.07373556297283423
9668 0.08988202458334543
9732 0.2834681275093973
9784 0.06332479374311227
9814 0.04251622185654165
9883 0.07520723718438245
9885 0.10098307270821592
9906 0.04880326518907897
9942 0.08630828530925294
9949 0.047054391891598504
10012 0.060532449785419475
10016 0.05469253459010416
10235 0.07878097645847494
10334 0.03205163206722991
10364 0.03340585474913505
10396 0.06981849061486241
10560 0.04404265509102895
10705 0.07520723718438245
10755 0.10098307270821592
10873 0.05341061644219931
10914 0.036658983320350266
10951 0.017910349064667125
10963 0.13131047072049287
10988 0.0379366745524491
11011 0.025775835523833456
11022 0.07520723718438245
11036 0.03834095492138735
11056 0.049431401660549
11103 0.02599674146861304
11106 0.057129394976905515
11315 0.052223745618241786
11319 0.04016014368698092
11589 0.09448937583646577
11730 0.05469253459010416
11770 0.03294160696615846
11868 0.1353598566672089
11893 0.016329574595225885
11974 0.04651144406289133
11977 0.020523480575905775
12021 0.023784204796814423
12064 0.0300216493685008
12098 0.22821431188940094
12105 0.06303901826101052
12113 0.08149169305595874
12156 0.04624672023283453
12176 0.12515951165004932
12265 0.010232829289536156
12277 0.059299885843224515
