200
26 0.03438613469405023
86 0.054304938369767776
207 0.05603239334050069
279 0.041195833783867875
344 0.012187691053859723
347 0.03783449858954141
354 0.06108996728427702
370 0.07636436281021249
374 0.03320598510192604
377 0.09247706739786281
423 0.06393754011490262
456 0.02091952440282992
480 0.08231108266300691
496 0.02523202809708653
500 0.06887238182980482
581 0.06108996728427702
674 0.018698573374120498
679 0.041647143723583295
706 0.039919688752850374
769 0.015522030838507051
931 0.15423565309948703
932 0.05227876806784629
937 0.03452648424127418
985 0.07214509792815099
1106 0.04309090675917582
1133 0.04782483552725231
1162 0.0464906056054123
1526 0.08653034754506839
1596 0.045267696261746856
1664 0.03102984904901198
1734 0.04386983753831612
1759 0.025458249791802126
1916 0.044138953634911875
1937 0.05603239334050069
1971 0.021144301457830913
1973 0.05325689149403172
2023 0.06197911319329509
2084 0.05543368099660275
2219 0.054304938369767776
2285 0.07903836656466072
2356 0.015103505491826522
2381 0.04211278333299039
2480 0.03424711549430444
2541 0.03305190477221023
2607 0.06292566197701041
2701 0.029855909419497274
2752 0.07903836656466072
2884 0.09247706739786281
3179 0.05603239334050069
3181 0.056656590340268195
3269 0.026399733330859015
3280 0.05092398254942111
3308 0.04556399756679833
3342 0.03330921691182054
3350 0.03951784400593519
3371 0.07636436281021249
3378 0.10362625691687838
3476 0.09247706739786281
3654 0.05543368099660275
3737 0.03305190477221023
3827 0.048911733858191565
3864 0.09247706739786281
3887 0.050018485628894445
3918 0.0266107377250886
3933 0.046156959368619424
4013 0.04714255363666229
4048 0.016072577570108253
4057 0.06292566197701041
4106 0.04334598128862652
4138 0.18495413479572562
4259 0.08669196257725303
4266 0.06619837807535658
4391 0.058706397094948924
4473 0.08239166756773575
4544 0.06108996728427702
4820 0.02793599389619978
4861 0.007292434830634577
4893 0.09708082472018603
4971 0.07214509792815099
5001 0.019638732954614442
5035 0.03893499582341391
5196 0.04284019269230005
5389 0.02360468556805797
5527 0.04782483552725231
5705 0.21302756597612688
5799 0.16462216532601381
6008 0.03387936051394426
6277 0.03855891327487176
6280 0.029154991674096548
6295 0.04334598128862652
6452 0.016939200184559928
6493 0.054304938369767776
6496 0.09247706739786281
6533 0.058706397094948924
6534 0.048540412360093016
6560 0.16133141818737856
6575 0.15272872562042497
6627 0.07903836656466072
6638 0.027233276700976205
6641 0.08653034754506839
6666 0.02373924078488611
6828 0.06635999310754123
6903 0.08231108266300691
6908 0.07636436281021249
7025 0.024081130759448535
7208 0.03305190477221023
7254 0.07638446756423492
7282 0.02238445526646093
7303 0.08653034754506839
7304 0.07214509792815099
7488 0.041647143723583295
7514 0.09247706739786281
7520 0.06197911319329509
7536 0.030484566329824547
7537 0.008677086515115468
7542 0.016812217436669608
7552 0.04053030394051631
7558 0.039320976408952456
7635 0.07636436281021249
7680 0.07214509792815099
7700 0.06108996728427702
7839 0.04817826023757463
7854 0.038012275502718726
8052 0.04556399756679833
8055 0.06747452310637408
8112 0.0311413812653046
8156 0.15459246652084555
8270 0.09247706739786281
8460 0.08231108266300691
8534 0.060251658222562184
8546 0.05485845371098597
8571 0.0418781156744579
8708 0.0274928660575405
8774 0.07531770158479281
8880 0.041647143723583295
8890 0.017635659375202884
8932 0.053771555380046715
8985 0.045267696261746856
8988 0.0364849111628817
9120 0.07636436281021249
9230 0.13323686764728215
9277 0.12787508022980523
9338 0.005966824606816842
9430 0.06292566197701041
9556 0.06197911319329509
9563 0.026978202171525505
9579 0.16940506757045784
9609 0.06619837807535658
9625 0.03006248207051276
9658 0.049434728422143075
9664 0.06752466966776474
9668 0.08231108266300691
9732 0.25959104263520516
9784 0.05799082026210821
9814 0.03893499582341391
9856 0.1026430521327187
9883 0.06887238182980482
9885 0.09247706739786281
9906 0.04469246897613008
9942 0.07903836656466072
9949 0.04309090675917582
10012 0.05543368099660275
10016 0.050085673487706275
10235 0.07214509792815099
10334 0.02935185927107929
10364 0.03059201307970931
10396 0.06393754011490262
10560 0.04033285454684464
10686 0.048911733858191565
10705 0.06887238182980482
10755 0.09247706739786281
10873 0.048911733858191565
10914 0.033571124153140786
10951 0.016401724696556153
10963 0.12024992828205104
10988 0.052111789362577855
11011 0.02360468556805797
11022 0.06887238182980482
11036 0.03511141993677011
11056 0.045267696261746856
11103 0.023806984165200065
11106 0.0784759084071015
11315 0.04782483552725231
11319 0.036777374809933164
11589 0.08653034754506839
11730 0.050085673487706275
11770 0.03016686981198874
11868 0.12395822638659018
11893 0.01495410200860595
11974 0.042593692507298615
11977 0.018794746936853214
12021 0.021780813863278594
12064 0.0274928660575405
12098 0.2388472753559782
12105 0.0577291162179528
12113 0.07462748546854933
12156 0.04235126689261446
12176 0.11461707674303638
12265 0.009370897700979434
12277 0.054304938369767776
