61
150 0.11390727767279432
210 0.06755268873625939
335 0.09034481734424003
390 0.07277234092203157
435 0.050914457102998176
462 0.1501542055524903
701 0.2838100255915478
973 0.21854261317586118
1057 0.10818612808105246
1995 0.12598533506939805
2080 0.057535669241898055
3769 0.2838100255915478
4378 0.14725633565829432
4473 0.11390727767279432
4502 0.09829212160171306
4613 0.16891494181134936
4624 0.015184815665081015
4655 0.08866188193473759
4778 0.1532752007601746
4893 0.13421517957522755
5001 0.05430147668668189
5224 0.053462420753337965
5525 0.12057024672983928
5705 0.14725633565829432
5753 0.18656836221935805
5842 0.12077644454648952
6008 0.03122569582873502
6452 0.04683721633359197
6493 0.1501542055524903
6534 0.13421517957522755
6560 0.11152112338124176
6638 0.0753005371221032
6828 0.09174333260157784
7220 0.06696918336822259
7378 0.16440441714814155
7537 0.023992312141407943
7552 0.056033537387984854
7745 0.14080579727780482
8055 0.18656836221935805
8112 0.0861065218757749
8542 0.2838100255915478
8974 0.14326430292382505
9099 0.06874550777057886
9230 0.09210062939237941
9563 0.07459525111173058
9625 0.08312334472230669
9919 0.12767528473532586
9984 0.25570088105800326
10226 0.11845396187778458
10392 0.04389073639650978
10951 0.02267554310376598
10960 0.1276248859269861
10988 0.04803003536791144
11139 0.12436300179833017
11730 0.13848785649842035
11893 0.008269676291919627
12021 0.060224371854696375
12098 0.08255216734446126
12105 0.159622123570622
12265 0.05182142699521276
12275 0.07674900979065229
