390
6 0.03023501478794115
41 0.027626856662260536
72 0.04170968892342445
76 0.01832964840842059
90 0.027118343229482998
104 0.03795500687603501
114 0.03724484154740407
117 0.05148874950983422
132 0.020431187993758593
159 0.02327899301026891
169 0.028352532880597723
201 0.020274871831370313
215 0.028165596096510936
230 0.03510244052150131
276 0.07448968309480813
280 0.028543405463670513
326 0.04613132573198618
343 0.034426627180980114
344 0.015067755328922672
432 0.033568849131958955
435 0.02276512632912793
456 0.01293150088504436
464 0.0231717004820554
496 0.031194590028518956
576 0.056731783657858983
654 0.03292099410236204
711 0.013211557525484556
714 0.033568849131958955
736 0.026481863499774754
769 0.019190030486418385
818 0.10279975984136573
956 0.017666713705689695
958 0.017962052942154746
965 0.017725016882969256
975 0.08679314212614847
979 0.011983187568260835
983 0.0323163625769107
1012 0.03426658661378858
1049 0.05348913504510064
1095 0.02873838314657431
1111 0.03889778935115919
1113 0.02695498542571402
1143 0.02338757050947484
1206 0.05716512746054576
1227 0.03952328650796547
1247 0.03831267583716856
1353 0.02695498542571402
1356 0.026481863499774754
1362 0.022553316791931725
1385 0.03831267583716856
1413 0.01688754994092967
1524 0.019624645250045498
1536 0.013913562417523298
1575 0.03498804124206436
1622 0.03243897759196052
1630 0.04352899208852979
1684 0.04677514101894968
1698 0.01832964840842059
1736 0.021789403010282767
1754 0.05348913504510064
1814 0.015551156935946345
1830 0.04720498450397491
1838 0.029781614672741517
1895 0.0292656765471203
1896 0.024551488650512293
1901 0.0261796317525511
1902 0.027626856662260536
1905 0.01938967045054798
1929 0.01602345709774982
1955 0.0445968263782943
1971 0.013070447862504792
2000 0.031216091355149755
2003 0.0425737817666043
2080 0.02572563576732314
2100 0.02372133014322711
2129 0.02134270612113481
2133 0.0323163625769107
2150 0.028165596096510936
2157 0.07662535167433712
2177 0.0261796317525511
2181 0.020274871831370313
2183 0.02873838314657431
2192 0.06584198820472408
2227 0.019250189040593762
2233 0.04019515774451199
2243 0.042511896797157826
2274 0.028543405463670513
2278 0.03253833250161199
2283 0.03952328650796547
2356 0.037345207448101644
2362 0.02372133014322711
2373 0.02658600303985238
2382 0.047211405007348266
2406 0.0425737817666043
2425 0.05716512746054576
2455 0.02338757050947484
2456 0.042511896797157826
2460 0.08185409577249968
2469 0.07448968309480813
2630 0.030211616564660478
2666 0.02338757050947484
2679 0.021789403010282767
2701 0.01845556866626497
2757 0.03195020876283811
2822 0.02035269302011058
2832 0.04550958851455603
2853 0.021974432143058595
2911 0.05088097691942003
3019 0.03292099410236204
3144 0.0367546620194021
3160 0.04720498450397491
3239 0.02466263687941555
3246 0.033568849131958955
3269 0.016319117411997982
3279 0.033568849131958955
3301 0.024551488650512293
3361 0.06829537898738379
3362 0.02372133014322711
3442 0.024922601556677654
3523 0.02745416357760302
3548 0.024428138273959333
3571 0.06295779126974224
3574 0.0445968263782943
3580 0.0559648721453257
3581 0.05525371332452107
3591 0.011324632534091463
3595 0.0231717004820554
3677 0.029349813407118817
3683 0.024186360937150642
3732 0.034636683421723456
3759 0.014843198356278895
3845 0.05716512746054576
3907 0.05716512746054576
3918 0.016449550755423273
4033 0.021084884591097478
4048 0.019870676509709063
4059 0.031663149063257866
4079 0.02956314355139464
4081 0.025521518501375753
4105 0.025186347670721764
4156 0.04986388162804805
4169 0.10301478256007235
4178 0.02338757050947484
4226 0.022857237300047264
4244 0.024551488650512293
4289 0.022653495853462612
4356 0.012235040230598281
4451 0.03086680865338742
4462 0.04352899208852979
4482 0.04019515774451199
4502 0.021974432143058595
4534 0.03724484154740407
4624 0.01357902122773431
4638 0.03174954596685361
4667 0.04092083396284918
4827 0.03406065473633212
4854 0.05088097691942003
4861 0.03606281888654122
4872 0.030117111160018157
4905 0.022163316325460647
4963 0.05088097691942003
4972 0.014386684343462562
4975 0.04092083396284918
4979 0.04720498450397491
5013 0.01974806149465925
5035 0.02406784797084418
5051 0.020045337727782
5108 0.029781614672741517
5120 0.03391100720338626
5181 0.05633472057001041
5183 0.09070504436382346
5186 0.03776304617599685
5208 0.03391100720338626
5247 0.021974432143058595
5252 0.023835370801876386
5253 0.08563021639101154
5351 0.024676540465152608
5354 0.02430644365721774
5370 0.05633119219302187
5389 0.029182691387882903
5423 0.03147889563487112
5431 0.03391100720338626
5469 0.06295779126974224
5490 0.14515852490191428
5510 0.04580743704909121
5627 0.020274871831370313
5802 0.008453257667061065
5875 0.057086810927341025
5882 0.38574543771964054
6008 0.04188536718469001
6013 0.015737135002449422
6023 0.027802903219426005
6034 0.019112821066821828
6057 0.0468318898181542
6074 0.01974806149465925
6079 0.053709710211615996
6084 0.025329060332939333
6122 0.02406784797084418
6150 0.038089819583627206
6155 0.022653495853462612
6162 0.010392550063539742
6209 0.01732455563426238
6251 0.013913562417523298
6257 0.03391100720338626
6277 0.023835370801876386
6280 0.01802229311609201
6361 0.02956314355139464
6409 0.015505252469157038
6507 0.0231717004820554
6510 0.04170968892342445
6584 0.012760759250687877
6628 0.02519474509374539
6638 0.016834376106260415
6696 0.029141387841172994
6698 0.02360870617538811
6766 0.0425737817666043
6794 0.4951676545871537
6799 0.08705798417705958
6817 0.03366875221252083
6828 0.02051036852170553
6899 0.033568849131958955
7035 0.03592410588430949
7042 0.02663770010739613
7150 0.01732455563426238
7176 0.054096347136116926
7181 0.028543405463670513
7212 0.03889778935115919
7256 0.0261796317525511
7262 0.04553673725851273
7272 0.020577872435591612
7376 0.0501247814622584
7377 0.06344927800167148
7399 0.03628963122547857
7438 0.04019515774451199
7441 0.04352899208852979
7470 0.02067083488458829
7481 0.03831267583716856
7482 0.058380672641374136
7484 0.014359520824815583
7507 0.013176073672665649
7536 0.018844175846607303
7537 0.0053637812117106765
7559 0.03261363881003346
7625 0.02745416357760302
7681 0.04019515774451199
7826 0.10654737424494524
7833 0.01376118718665627
7835 0.03156846359669253
7899 0.04352899208852979
7911 0.02067083488458829
7952 0.014841099557097856
8112 0.057750567121781275
8119 0.033568849131958955
8124 0.05038949018749078
8171 0.07093270637353602
8220 0.03426658661378858
8224 0.027827124835046596
8229 0.0425737817666043
8252 0.06524429839071857
8324 0.0496795128620161
8326 0.029017851837674732
8329 0.024428138273959333
8352 0.040549743662740625
8380 0.021789403010282767
8385 0.021698285531537118
8395 0.03174954596685361
8411 0.03628963122547857
8414 0.02873838314657431
8417 0.04092083396284918
8440 0.03261363881003346
8447 0.057958984528334444
8497 0.04720498450397491
8515 0.016120943121143615
8517 0.02480334131284974
8615 0.04092083396284918
8646 0.04720498450397491
8708 0.01699484246914318
8714 0.02873838314657431
8719 0.024428138273959333
8764 0.04885793230773003
8836 0.05148874950983422
8856 0.0445968263782943
8864 0.10697827009020128
8890 0.032704693533270726
8905 0.04744266028645422
8942 0.018214694903405094
8988 0.022553316791931725
9027 0.027904119539458126
9126 0.029781614672741517
9144 0.03889778935115919
9182 0.07944559049932427
9265 0.030960691006278337
9291 0.03877934090109596
9292 0.03545003376593851
9338 0.036884202622464266
9388 0.13813428331130267
9393 0.034636683421723456
9433 0.03175833156866984
9445 0.005560385190710443
9470 0.022259254922544783
9568 0.017048968676608295
9575 0.01104040509313665
9578 0.03175833156866984
9580 0.06736269781634577
9584 0.019112821066821828
9636 0.02798243607266285
9637 0.04613132573198618
9638 0.049353080930305215
9865 0.019112821066821828
9866 0.03147889563487112
9870 0.029781614672741517
9898 0.01057677349866368
9987 0.03920600118964759
10064 0.030712288815085066
10095 0.04720498450397491
10102 0.03831267583716856
10168 0.0367546620194021
10183 0.052064424071569956
10191 0.02679451906283126
10217 0.03502253368770004
10269 0.029349813407118817
10276 0.024931940814024025
10312 0.034874359204202766
10318 0.03391550245688015
10364 0.01891059455261966
10421 0.06344927800167148
10429 0.02873838314657431
10460 0.016521720543203916
10464 0.03174954596685361
10465 0.03261363881003346
10490 0.022068382339471993
10495 0.0445968263782943
10517 0.05716512746054576
10541 0.05088097691942003
10560 0.024931940814024025
10591 0.03202852529604283
10619 0.05063934691995502
10687 0.04170968892342445
10749 0.02104751028786133
10780 0.04019515774451199
10845 0.01688754994092967
10951 0.01013880207530329
10979 0.03795500687603501
10981 0.017666713705689695
10997 0.024931940814024025
11011 0.029182691387882903
11036 0.00723476227668741
11071 0.021608074709407246
11080 0.012461300778338827
11091 0.05716512746054576
11099 0.03147889563487112
11187 0.027118343229482998
11217 0.033121215279409956
11219 0.023497464131615783
11225 0.03261363881003346
11233 0.03323913596683975
11300 0.016269166250805996
11332 0.017203423908451667
11494 0.026329488268907728
11497 0.02907286152087998
11524 0.033568849131958955
11629 0.011529030208306371
11634 0.011499546888592723
11647 0.04885793230773003
11736 0.0250539950710831
11770 0.05594337081869489
11794 0.05088097691942003
11812 0.04234002607295458
11846 0.023835370801876386
11861 0.021881445555385206
11893 0.00924394740700567
11911 0.03202852529604283
11929 0.024279547440322485
11930 0.09330694161567808
11935 0.04352899208852979
11957 0.014885862495351562
11977 0.023236119709798362
12021 0.013463910953533522
12029 0.019675240919847126
12030 0.05991029953553227
12091 0.03628963122547857
12113 0.02306566286599309
12124 0.030470511478276372
12136 0.04885793230773003
12177 0.011124741634526631
12186 0.013611330670299645
12204 0.01446952455337482
12265 0.028963319045982452
12303 0.09722577462887096
12304 0.11633802270328787
