47
462 0.16116400075855827
931 0.11443358403183819
932 0.3103016288932362
1971 0.06275120308554027
1995 0.13522299000539012
2266 0.06791990829905531
2382 0.07555396455512282
3102 0.14193261350763184
3597 0.10042243592996443
3765 0.07834806134185643
3933 0.06849137903485972
4105 0.06045981110572316
4473 0.12225933011810386
4504 0.18130033527898512
4515 0.17422647202947247
4613 0.18130033527898512
4624 0.016298215786638
4778 0.1645138374958507
4861 0.021642193285876545
5001 0.0582830377459121
5525 0.12941084975894707
5753 0.20024816194530437
5904 0.18393910656309423
5905 0.3046199006642746
6008 0.03351526550796165
6616 0.10461089534149351
7220 0.0718795819234199
7259 0.08860516101810065
7425 0.08800061802495321
7537 0.025751506579053045
8113 0.13099380223326318
8376 0.12428417873102146
9286 0.48855900722736884
9579 0.12568837778862227
9949 0.12788345108387003
10105 0.09924065123365199
10172 0.09963102511307707
10226 0.12713939201158056
10274 0.1929768997370708
10873 0.14515826643516538
10960 0.06849137903485972
10988 0.05155175393180509
11036 0.03473408422387568
11106 0.07763254283267707
11736 0.06014209877688054
11770 0.08952801670003023
12186 0.06534798073803211
