234
155 0.06836900056013699
210 0.01806215838967099
215 0.03368581057792615
220 0.032834943406899804
283 0.05843366663740557
335 0.04831258181087516
374 0.01227471890012566
456 0.015465963788206503
547 0.019222056325121348
634 0.04287305528326591
669 0.04807306279944922
769 0.011475555669673817
917 0.07588479053476338
937 0.025525692875570022
938 0.012244045632358728
952 0.02233227338380291
1023 0.025843071423755064
1052 0.07588479053476338
1094 0.13673800112027398
1143 0.027971333088798178
1205 0.01563214317766694
1374 0.048683291450810386
1424 0.050917876662779166
1450 0.02771315439347833
1468 0.027093386116621456
1524 0.011735453428481177
1542 0.03368581057792615
1569 0.06397254526168454
1575 0.04184539626764189
1632 0.04052267012827012
1659 0.05478530055634477
1664 0.02294060383517195
1684 0.027971333088798178
1698 0.02192210177730018
1702 0.02771315439347833
1704 0.039753720607091966
1709 0.037028720039352876
1777 0.42597247409857414
1817 0.06085321058551059
1901 0.031310614310965774
1929 0.019163916813576362
2049 0.05517266863415675
2080 0.015383819509541983
2102 0.03616081752637036
2186 0.03616081752637036
2194 0.024722140657839158
2278 0.0389155656928084
2373 0.042395507831891235
2414 0.06397254526168454
2596 0.02563045690722561
2630 0.01806641672632944
2656 0.017854630659181893
2675 0.02563045690722561
2705 0.021198967675468788
2708 0.05645675528705813
2767 0.07588479053476338
2883 0.06397254526168454
2895 0.037755610827852254
2957 0.02892667956703163
2984 0.029070297466968903
2986 0.052060299988605674
3178 0.04340208668815277
3186 0.04807306279944922
3239 0.029496301495819655
3278 0.07445816364902014
3295 0.039753720607091966
3301 0.029363369170436672
3308 0.03368581057792615
3350 0.11686337272583665
3472 0.02261690836695694
3484 0.03029333821193128
3569 0.05478530055634477
3591 0.02708832613383114
3603 0.050917876662779166
3721 0.019222056325121348
3746 0.2082411999544227
3759 0.03550467502884731
3795 0.039373225674657994
3819 0.02415629090543758
3852 0.05645675528705813
4072 0.04894096531243173
4081 0.015261758262678482
4101 0.01664050093081118
4297 0.025421931385908095
4356 0.01463300283824971
4381 0.040651370718773415
4410 0.011852993798180732
4414 0.07346326631217114
4518 0.07588479053476338
4552 0.037755610827852254
4554 0.031310614310965774
4579 0.17817804005591711
4600 0.033466752765421354
4624 0.004060098136603612
4669 0.07588479053476338
4676 0.02052105988706694
4712 0.027460980401579137
4721 0.05645675528705813
4795 0.03510212429170477
4827 0.0135787499955233
4861 0.016174057905904368
4907 0.02415629090543758
4941 0.013338926789647166
4945 0.0418866489358287
4954 0.07588479053476338
5041 0.03148984141507392
5061 0.06085321058551059
5224 0.014294719123795676
5433 0.022537472166072114
5662 0.04516427829083614
5802 0.04044009373184123
5803 0.04287305528326591
5845 0.021129237577117564
5935 0.06397254526168454
5998 0.04887105007694177
6001 0.027971333088798178
6008 0.008349089791056204
6010 0.020854716764273567
6057 0.014002634313286154
6079 0.03211817563143864
6080 0.04340208668815277
6150 0.06833264471191464
6180 0.041982216821489206
6280 0.0215545074923425
6360 0.014184263232206363
6409 0.03708829707343899
6469 0.04894096531243173
6548 0.03561855488991522
6584 0.015261758262678482
6708 0.07588479053476338
6772 0.022458613688123442
6778 0.014709632082447773
6791 0.018877805413926127
6825 0.03616081752637036
6893 0.06397254526168454
6942 0.07588479053476338
7017 0.03673163315608557
7079 0.04516427829083614
7143 0.07588479053476338
7176 0.012939753139545377
7185 0.03368581057792615
7208 0.024435525038470886
7262 0.010892309187214906
7282 0.01654899833779112
7376 0.029974403662749845
7425 0.02192210177730018
7482 0.02327426071237858
7507 0.015758470737752182
7589 0.04794810288089503
7606 0.05843366663740557
7681 0.04807306279944922
7762 0.07588479053476338
7833 0.032916522931642225
7835 0.018877805413926127
7839 0.03561855488991522
7861 0.044605193419468295
7911 0.024722140657839158
7952 0.05324948210598733
7959 0.05645675528705813
7971 0.03510212429170477
8093 0.050917876662779166
8171 0.06786792518052429
8176 0.035357265308639516
8201 0.026621877355526624
8252 0.013005269912440534
8262 0.12170642117102118
8275 0.06397254526168454
8399 0.06397254526168454
8438 0.031310614310965774
8515 0.01928050925872775
8532 0.02721453813595311
8625 0.026973572821030606
8825 0.05478530055634477
8837 0.021269149104458582
8882 0.08029610943105366
8969 0.026059938511345897
8970 0.050917876662779166
8973 0.11686733327481114
9036 0.04807306279944922
9099 0.018381092938852428
9100 0.07588479053476338
9160 0.029070297466968903
9187 0.05478530055634477
9192 0.05843366663740557
9210 0.478583003920959
9223 0.06836900056013699
9273 0.015800909120399474
9338 0.022056594481451287
9370 0.1365506693206121
9371 0.20712587668902666
9423 0.039373225674657994
9433 0.037982691288600434
9444 0.025843071423755064
9445 0.006650172843236242
9578 0.018991345644300217
9675 0.048308164946842216
9863 0.040982542740047756
9865 0.022858769537865812
9906 0.03304148285019642
9920 0.03616081752637036
10004 0.03601980580188724
10211 0.0418866489358287
10239 0.039753720607091966
10254 0.0418866489358287
10312 0.020854716764273567
10578 0.02318987901862592
10597 0.018381092938852428
10862 0.028645027551743966
10864 0.07588479053476338
10876 0.07232163505274072
10951 0.012125920041793798
10960 0.017062095878054906
10979 0.02269693081816901
10981 0.021129237577117564
10985 0.025421931385908095
10997 0.029818386684360546
11067 0.026950636872236408
11096 0.045821630636257785
11300 0.0194577828464042
11424 0.03243330516014579
11624 0.0268550689865759
11629 0.01378862092651773
11676 0.06085321058551059
11812 0.050638306864546796
11875 0.01939836903788692
11893 0.013266817870044446
11930 0.13019334918807166
11933 0.07588479053476338
11958 0.05843366663740557
12078 0.02318987901862592
12159 0.03561855488991522
12177 0.026610190542031873
12211 0.06836900056013699
12265 0.020783928216847495
