161
8 0.12452733892271033
68 0.04365562756750233
110 0.056294528901756194
137 0.06633097076866253
192 0.08737130358349648
335 0.04464963990903918
337 0.04464963990903918
674 0.10220716830285298
744 0.03768893605872718
895 0.0648815339988374
913 0.05294646311292657
952 0.041278189968831945
1068 0.0585415621959784
1113 0.05958745900961805
1122 0.09247938323207
1160 0.09220462707642657
1174 0.057226874094973415
1184 0.03531502104223312
1226 0.10126322587043572
1332 0.081250903382207
1519 0.11247893770563783
1524 0.021691400049874177
1538 0.07496463900065771
1583 0.07347938129655728
1587 0.04816827530096427
1604 0.11247893770563783
1683 0.12637085999257705
2042 0.05325624177360215
2373 0.01959059201043042
2392 0.05569622156423632
2450 0.08450269394625293
2453 0.09411481534254096
2610 0.11824460639178512
2633 0.11247893770563783
2645 0.06069095645895473
2662 0.06309886561611155
2678 0.12884156500509625
2829 0.07420825461632283
2895 0.03489307267014979
3120 0.05994858242639049
3190 0.08348006613811476
3288 0.11824460639178512
3366 0.14026278227951625
3468 0.08737130358349648
3591 0.025034555436280186
3661 0.07084382187005014
3673 0.06900718122039964
3680 0.06378657420326289
3689 0.11824460639178512
3737 0.045165766475781396
3820 0.057547549854441556
3830 0.05219007872859166
3887 0.03417538651639718
3988 0.06735898109526779
4178 0.05170122992307158
4267 0.08469509313175938
4356 0.027047128637150454
4410 0.021908657542028285
4414 0.13578692193352984
4429 0.0540015386798257
4600 0.061858770692504894
4655 0.04381791029539526
4861 0.019930373808726812
4907 0.04464963990903918
4931 0.0418042992772971
4941 0.024655203907844866
5001 0.02683652977404586
5622 0.08390441993257348
5802 0.03737402463985178
5807 0.045165766475781396
5842 0.029844682390287685
5941 0.10800673762948018
6008 0.015432164407946463
6045 0.07656883953096745
6150 0.04210122037309562
6162 0.022974067362166783
6285 0.17771312257519387
6311 0.08022289305560175
6323 0.09046076181790667
6352 0.07742181112581746
6410 0.027692537776354425
6436 0.033097083045729274
6615 0.1043526841048459
6616 0.04816827530096427
6638 0.037214551606744715
6673 0.06789346096676492
6923 0.09211332027890255
6970 0.06735898109526779
7001 0.14026278227951625
7193 0.06254768837768435
7272 0.022745015641730468
7467 0.055993142660034835
7471 0.05346705880832857
7537 0.023714655232903212
7552 0.027692537776354425
7571 0.09411481534254096
7660 0.03675113657036357
7833 0.030420872593992156
7856 0.2805255645590325
7951 0.04349464832940804
8051 0.06900718122039964
8082 0.08348006613811476
8106 0.12637085999257705
8444 0.049857004878516395
8495 0.06267691724402823
8611 0.12637085999257705
8723 0.04698900533266849
8774 0.05146120540882612
8896 0.0603163323293836
8942 0.020132961839666792
9273 0.02920584560034754
9341 0.11970395203382415
9445 0.01229194597571811
9540 0.09622643050405395
9584 0.042251346973126463
9618 0.04333495180803419
9702 0.07277608782377637
9776 0.17394479575431646
9780 0.08885656128759693
9789 0.0648815339988374
9814 0.053205070667346026
9821 0.03520869820724227
9827 0.14026278227951625
9849 0.0778529554464388
9920 0.06683838539986578
10119 0.14026278227951625
10140 0.049421296253649626
10184 0.05994858242639049
10298 0.04286335811110625
10312 0.038547126194784086
10318 0.012495762722691294
10325 0.04414647187333688
10348 0.07347938129655728
10364 0.0418042992772971
10392 0.06507420014962254
10628 0.04698900533266849
10726 0.08233450821711474
10749 0.023264113052274615
10898 0.03348251429736964
10951 0.03361968724118287
10979 0.04195220996628674
10980 0.0467990341720155
11067 0.02490730543805793
11125 0.05373251709171297
11163 0.05923272749447587
11318 0.07924504998270457
11437 0.14026278227951625
11513 0.14026278227951625
11634 0.025421226093467586
11637 0.03144888292059742
11638 0.14026278227951625
11771 0.06633097076866253
11886 0.06900718122039964
11893 0.044956853906825425
11921 0.054274220537767225
11926 0.08598856174174903
12034 0.18822963068508192
12052 0.049421296253649626
12072 0.05569622156423632
12112 0.14026278227951625
12204 0.01599337168237487
