169
352 0.03274950056683232
479 0.03260745752559677
580 0.07835593352666587
706 0.03614852554121985
777 0.05789744043836755
819 0.0477755363310131
931 0.17458150412794216
1029 0.029475440528867594
1095 0.04209869607347648
1174 0.037921942313946744
1526 0.07835593352666587
1682 0.06915031669145569
1698 0.026850999012161314
1734 0.03972550869725288
1736 0.03191917409806448
1770 0.0518946722224853
1927 0.09294649100648135
1948 0.1833008671730864
1971 0.0574404770061047
2378 0.04395486014040824
2382 0.023053240683596352
2474 0.07157171064603876
2625 0.38420149848547613
2630 0.011064206858447246
2701 0.027035458890695443
2704 0.029254087108909584
2726 0.0473400580466478
2797 0.05888166083948132
2900 0.030887129022453365
3095 0.06376537604685037
3102 0.04330688295855207
3281 0.05994469985624551
3282 0.08374087417127118
3350 0.03578464256639502
3374 0.149070514672122
3378 0.046918406830430484
3466 0.05384169797397259
3537 0.06532964050085084
3591 0.016589390598800973
3599 0.03289307923826631
3661 0.04694534462597067
3765 0.04781156689373284
3772 0.15671186705333173
3808 0.09294649100648135
3869 0.07835593352666587
3887 0.0679399525062727
3918 0.03614528177868306
3927 0.052512499793762234
3933 0.02089828449028739
4097 0.0392511404941571
4106 0.0785022809883142
4169 0.021557968061404354
4211 0.08374087417127118
4259 0.19625570247078553
4378 0.0482257793726039
4410 0.029035968174881906
4431 0.022187512349591643
4446 0.027898781395706656
4515 0.05316047697561842
4521 0.07835593352666587
4532 0.07157171064603876
4550 0.05994469985624551
4613 0.05531887426177122
4624 0.004972957983805496
4701 0.074535257336061
4712 0.033635221892788406
4861 0.006603527606764036
4893 0.04395486014040824
4907 0.08876254884160109
4926 0.02722251688099146
5013 0.02892882437622746
5477 0.07157171064603876
5567 0.06532964050085084
5805 0.10632095395123684
5904 0.056124023665640656
5938 0.04209869607347648
6008 0.030678819577997417
6055 0.024053350495686004
6114 0.03246691761353
6162 0.015223988222368064
6178 0.04362692007725511
6217 0.15671186705333173
6251 0.020381899445323527
6258 0.021254044094771194
6280 0.05280151194114103
6281 0.02809849790745963
6360 0.017373408895974673
6436 0.021932102598109474
6437 0.03348343855206495
6452 0.015338975068428573
6476 0.04917481856703488
6533 0.05316047697561842
6534 0.04395486014040824
6560 0.3652266007792496
6641 0.07835593352666587
6666 0.02149662431374418
6720 0.07835593352666587
6747 0.024506152230619947
6828 0.030045523658946926
7025 0.021806216368789308
7127 0.09294649100648135
7220 0.021932102598109474
7282 0.02026982369365742
7428 0.07835593352666587
7507 0.019301556324799966
7510 0.06376537604685037
7537 0.01571474594689215
7552 0.018350728336810295
7558 0.03560637280578069
8014 0.09294649100648135
8076 0.13830063338291138
8112 0.08459848144312118
8113 0.03996920173182471
8156 0.0466627696682625
8252 0.015929334382227215
8341 0.0473400580466478
8489 0.06236609381082858
8514 0.03710439823091683
8534 0.0545597592116402
8586 0.031522699946745544
8633 0.02871632547873657
8708 0.024895649288131715
9230 0.09048761019277754
9286 0.074535257336061
9333 0.0482257793726039
9338 0.016209438382765198
9513 0.056124023665640656
9563 0.04885921011515647
9579 0.23010237315961726
9641 0.0473400580466478
9656 0.0702055220711598
9664 0.06114569833597058
9668 0.074535257336061
9732 0.07835593352666587
9814 0.03525685532479184
9850 0.1833008671730864
9884 0.07835593352666587
10158 0.08374087417127118
10501 0.0722970510824397
10512 0.06915031669145569
10725 0.07835593352666587
10848 0.03076358489661453
10855 0.06236609381082858
10951 0.007426137109738636
10965 0.07835593352666587
10988 0.06291847148189696
11011 0.04274956072088518
11036 0.031794487883681305
11068 0.052512499793762234
11106 0.047374924806112266
11132 0.09301946315575994
11139 0.04072831678195572
11249 0.03771278999522031
11319 0.024977296558223255
11730 0.04535414237643002
11736 0.018350728336810295
11770 0.05463408648542958
11893 0.008124843984894561
11941 0.09294649100648135
11977 0.017019230633131894
12021 0.01972320754101729
12098 0.054070917781390886
12105 0.05227551860428047
12113 0.03378875999307794
12157 0.031011833203999483
12252 0.08374087417127118
12265 0.02545692204555274
12291 0.03378875999307794
12294 0.06915031669145569
