36
198 0.14826419364998505
344 0.03913353290660058
347 0.12148302652368771
422 0.14727273628323195
551 0.2211427586063627
706 0.12817837657085918
1580 0.16491798210693784
1791 0.26429316658388735
1995 0.14630172280022535
2625 0.15137031828988307
3933 0.07410283376638684
4106 0.13917988055581398
4169 0.07644199332905889
4778 0.17799235062883811
5116 0.26429316658388735
5528 0.3295772136427424
5576 0.2778408304009421
5662 0.19615415540298808
5693 0.2778408304009421
5885 0.18401234181931062
5943 0.1663670959956047
6178 0.15469587504786722
6476 0.17436806391734153
7025 0.07732225233134607
7552 0.06506950233483387
8005 0.15827424026818673
8514 0.13156778755621373
9230 0.10695277147667913
9333 0.17100288369427638
9381 0.16940637536456243
9664 0.07227179375139473
9849 0.09146603151917157
10226 0.1375558408102498
11611 0.15585871154750763
11893 0.009603243804856925
12021 0.0699361505214083
