260
111 0.02136905797118131
150 0.08113403323546553
159 0.024722681649717495
198 0.27282218502718786
204 0.04736257881309262
330 0.020298137056642022
344 0.016002209288368457
352 0.023742680807585587
374 0.010899708584654067
422 0.030110866224366296
425 0.04131010574994674
435 0.02417694660170055
445 0.03807042853882201
456 0.04120041354361385
476 0.04197439423844381
551 0.04521407144956855
705 0.03719451913343362
706 0.02620690052474449
744 0.018106291146780293
769 0.010190067378662241
819 0.03463623230539449
858 0.07356947933783711
931 0.27844920632331505
952 0.01983061884323772
973 0.10377588978824162
1095 0.030520645688881368
1194 0.06071032570219714
1308 0.08815651010028358
1320 0.050132486558023076
1347 0.020818715950095684
1362 0.0239520013149278
1363 0.029912336219242757
1481 0.030948643444776984
1580 0.03371855118970744
1605 0.03496264878922794
1664 0.02037080430060292
1682 0.050132486558023076
1734 0.08640040824375875
1791 0.27018226128822437
1862 0.04010498943493463
1948 0.0442963903338815
1999 0.0340148319239881
2102 0.03211009363450705
2113 0.034320519951759644
2382 0.050139305240466094
2480 0.0224829094879801
2555 0.04197439423844381
2596 0.022759340841396636
2625 0.06189728688955397
2627 0.02812418391583348
2666 0.02483799277790962
2701 0.01960012396581322
2704 0.04241716304202721
2715 0.06523393333848992
2726 0.034320519951759644
2822 0.02161490190012342
2951 0.036391690641492225
3104 0.040688705368540364
3132 0.030520645688881368
3165 0.06071032570219714
3239 0.013096067341560009
3270 0.033931658450054934
3273 0.03719451913343362
3280 0.03343111599038237
3332 0.017120712416616373
3374 0.05403645225764488
3378 0.0340148319239881
3419 0.056806360002575336
3442 0.026468221537619584
3539 0.030313576114131983
3648 0.03601405933412885
3661 0.017017180622066735
3686 0.03236019507584308
3732 0.036784739668918556
3772 0.056806360002575336
3819 0.021450310471281223
3827 0.03211009363450705
3830 0.07521852771015941
3844 0.04345861311347081
3891 0.0156737406446046
3897 0.02812418391583348
3918 0.04367424811157045
3928 0.03565068171422721
4078 0.023537814267766754
4101 0.014776437026728963
4105 0.04012248651226119
4106 0.11382491750488512
4169 0.015629061380570426
4241 0.06071032570219714
4259 0.199193605633549
4297 0.022574174286193426
4355 0.03807042853882201
4356 0.025987636532141666
4410 0.010525225001654363
4425 0.05403645225764488
4446 0.040452028283431
4473 0.027044677745155173
4624 0.010815861497314614
4690 0.03719451913343362
4716 0.0442963903338815
4800 0.10488794636768381
4837 0.056806360002575336
4861 0.04308673442710114
4993 0.04131010574994674
5001 0.0515705745262709
5015 0.040688705368540364
5116 0.05403645225764488
5124 0.10807290451528977
5312 0.037157887576716585
5476 0.0442963903338815
5571 0.030948643444776984
5603 0.0442963903338815
5662 0.08020997886986926
5684 0.03955464741384901
5703 0.04864826768299608
5732 0.056806360002575336
5793 0.04197439423844381
5805 0.03854019800501629
5807 0.021698264880805042
5885 0.037622516889329244
5892 0.06071032570219714
5902 0.056806360002575336
6008 0.007413827266438771
6055 0.034876319533888506
6119 0.02161490190012342
6162 0.02207412551189871
6178 0.03162857509532105
6209 0.018398969125500878
6217 0.056806360002575336
6251 0.014776437026728963
6277 0.02531356421121046
6279 0.02764664650720739
6281 0.02037080430060292
6410 0.013303881828624332
6476 0.03565068171422721
6519 0.06071032570219714
6529 0.06071032570219714
6533 0.07708039601003258
6560 0.18534697990070662
6638 0.07151356092818886
6666 0.015584588488006326
6720 0.056806360002575336
6721 0.05403645225764488
6758 0.04736257881309262
6828 0.02178235593166902
6867 0.01888658542557592
7042 0.014144842505543428
7220 0.015900300841641166
7254 0.025072842570053138
7282 0.04408555357988715
7296 0.04521407144956855
7328 0.030313576114131983
7428 0.056806360002575336
7501 0.040688705368540364
7507 0.02798642318066265
7537 0.017089277265218854
7542 0.011037062755949355
7552 0.05321552731449733
7844 0.03162857509532105
7849 0.06071032570219714
7861 0.01980426654126297
7878 0.028800136081252915
7889 0.036391690641492225
7903 0.06071032570219714
8005 0.03236019507584308
8043 0.03463623230539449
8076 0.050132486558023076
8112 0.061332072457456685
8113 0.028976808269674945
8120 0.06071032570219714
8156 0.03382950050094776
8358 0.18213097710659146
8380 0.02314071204553337
8454 0.04345861311347081
8483 0.04163743190019137
8485 0.050132486558023076
8534 0.03955464741384901
8546 0.03601405933412885
8586 0.022853276846208304
8592 0.06992529757845588
8612 0.03565068171422721
8708 0.018048808205165235
8774 0.024722681649717495
9017 0.023639702669579724
9027 0.014817321861503403
9099 0.03264409688418739
9123 0.05403645225764488
9159 0.06071032570219714
9230 0.06560156364717809
9244 0.06071032570219714
9277 0.04197439423844381
9291 0.020592155753059123
9298 0.06071032570219714
9333 0.03496264878922794
9338 0.03525447853534507
9381 0.3809985553593394
9398 0.04521407144956855
9438 0.02647813998581523
9475 0.056806360002575336
9513 0.040688705368540364
9563 0.035421872401003224
9579 0.1390160436148694
9584 0.020298137056642022
9656 0.050897487675082405
9664 0.1625408072940186
9673 0.06864103990351929
9884 0.056806360002575336
9922 0.024954701650768785
9923 0.03598333282122567
9949 0.05657755068935135
9981 0.06927246461078898
10012 0.036391690641492225
10155 0.07708039601003258
10160 0.03854019800501629
10192 0.0259430932246927
10392 0.010420851468779036
10420 0.017600896555672464
10456 0.040688705368540364
10607 0.06071032570219714
10695 0.036391690641492225
10725 0.056806360002575336
10749 0.011176404755489434
10831 0.040688705368540364
10905 0.04622852085840126
10914 0.022039127525070895
10934 0.025686321631290823
10951 0.010767578129631597
10959 0.018106291146780293
10963 0.019735736969957923
10988 0.022807266667278347
11022 0.0904281428991371
11036 0.02305031723223951
11052 0.03496264878922794
11056 0.02971781719693997
11068 0.03807042853882201
11125 0.025813851497318165
11139 0.029527150290760563
11161 0.06146453321154536
11164 0.04197439423844381
11217 0.011725095680948618
11315 0.03139655509426975
11319 0.036216001426226406
11332 0.027405487796626743
11338 0.06071032570219714
11681 0.04622852085840126
11736 0.013303881828624332
11818 0.02780320872297388
11868 0.12206611610562108
11893 0.011780672926667598
11929 0.02578528726313545
11977 0.012338574742186305
12006 0.020380134757324482
12024 0.037157887576716585
12105 0.037898622293173
12113 0.09798448581072372
12157 0.0224829094879801
12177 0.01181466250470697
12204 0.01536687815482634
12265 0.012303812557135212
12297 0.06071032570219714
