265
111 0.020948845822323783
150 0.07953857186803734
159 0.02423652211963625
198 0.2674572692325426
204 0.046431216698519094
330 0.01989898404756323
344 0.015687533612884694
352 0.02327579251820713
374 0.0106853711078942
422 0.029518750660958378
425 0.04049776257926849
435 0.023701518686346696
445 0.03732179204741466
456 0.04039022741691002
476 0.04114898815719696
551 0.04432495868905079
705 0.036463106975169045
706 0.025691554551176072
744 0.017750239723227156
769 0.009989684651638643
819 0.033955127615379284
858 0.07212277124969517
931 0.29778942314965845
952 0.019440659352813312
973 0.10173518730587999
1095 0.02992047201127984
1194 0.059516486626297514
1308 0.08642295513520373
1320 0.049146655552626
1347 0.020409326009853946
1362 0.023480996839411943
1363 0.029324124651985632
1481 0.030340053399128084
1580 0.03305549225323499
1605 0.034275125277555774
1664 0.019970222325456574
1682 0.049146655552626
1734 0.08470138616897935
1791 0.2648692583120415
1862 0.039316344291424325
1948 0.0434253233269065
1999 0.033345946770740674
2102 0.03147866423484097
2113 0.033645623591878636
2382 0.04915334014898972
2480 0.022040793989896158
2555 0.04114898815719696
2596 0.02231178945497417
2625 0.06068010679825617
2627 0.027571135495352107
2666 0.024349565710483953
2701 0.019214697045232265
2704 0.041583050127252566
2715 0.06395113971494489
2726 0.033645623591878636
2822 0.02118985534977736
2951 0.03567606571569328
3104 0.039888581734629884
3132 0.02992047201127984
3165 0.059516486626297514
3239 0.012838539536328658
3270 0.03326440886278597
3273 0.036463106975169045
3280 0.032773709327535115
3332 0.01678404192022573
3374 0.052973851662408304
3378 0.033345946770740674
3411 0.059516486626297514
3419 0.05568929051651521
3442 0.025947736813222287
3539 0.0297174743591714
3648 0.03530586034462327
3661 0.016682546028144108
3686 0.03172384755277456
3732 0.036061385624847585
3772 0.05568929051651521
3819 0.0210285005314629
3827 0.03147866423484097
3830 0.07373939188650203
3844 0.04260402058873679
3891 0.01536552414550636
3897 0.027571135495352107
3918 0.04281541522930441
3928 0.03494962836917219
4078 0.023074954579417054
4101 0.014485865567573692
4105 0.03933349729722129
4106 0.11158660577196906
4120 0.03223418951506528
4169 0.015321723477504563
4241 0.059516486626297514
4259 0.19527656010094588
4297 0.022130264110167948
4355 0.03732179204741466
4356 0.025476602278520052
4410 0.010318251562716678
4425 0.052973851662408304
4446 0.039656558789476215
4473 0.02651285728934578
4624 0.010603172832813755
4690 0.036463106975169045
4716 0.0434253233269065
4800 0.10282537583266733
4837 0.11137858103303042
4861 0.04223945471616193
4993 0.04049776257926849
5001 0.050556464219268744
5015 0.039888581734629884
5116 0.052973851662408304
5124 0.10594770332481661
5312 0.03642719576022771
5476 0.0434253233269065
5571 0.030340053399128084
5603 0.0434253233269065
5662 0.07863268858284865
5684 0.03877682447895449
5703 0.04769162312108618
5732 0.05568929051651521
5793 0.04114898815719696
5805 0.03778232372516158
5807 0.021271579037922334
5885 0.036882688363017294
5892 0.059516486626297514
5902 0.05568929051651521
6008 0.007268037953166738
6055 0.03419049364510381
6119 0.02118985534977736
6162 0.021640048552211705
6178 0.03100661452391773
6209 0.01803716233161147
6217 0.05568929051651521
6248 0.06605912159018672
6251 0.014485865567573692
6277 0.024815785262471534
6279 0.02710298862798943
6281 0.019970222325456574
6410 0.013042267452413072
6476 0.03494962836917219
6519 0.059516486626297514
6529 0.059516486626297514
6533 0.07556464745032317
6560 0.18170222153965176
6638 0.07010728147728301
6666 0.015278125122778093
6720 0.05568929051651521
6721 0.052973851662408304
6758 0.046431216698519094
6828 0.021354016479103056
6867 0.018515189893916748
6937 0.033345946770740674
7042 0.013866691045964738
7220 0.015587629146278743
7254 0.024579797295500676
7282 0.05762484343373829
7296 0.04432495868905079
7328 0.0297174743591714
7428 0.05568929051651521
7501 0.039888581734629884
7507 0.027436083758146112
7537 0.01675322492581651
7542 0.010820024276105853
7552 0.05216906980965229
7844 0.03100661452391773
7849 0.059516486626297514
7861 0.019414825256061044
7878 0.028233795389659783
7889 0.03567606571569328
7903 0.059516486626297514
8005 0.03172384755277456
8043 0.033955127615379284
8076 0.049146655552626
8112 0.08016800937802086
8113 0.028406993405282983
8120 0.059516486626297514
8156 0.03316425980014329
8358 0.17854945987889256
8380 0.022685661179563478
8454 0.04260402058873679
8483 0.04081865201970789
8485 0.049146655552626
8534 0.03877682447895449
8546 0.03530586034462327
8586 0.022403878253863602
8592 0.06855025055511155
8612 0.03494962836917219
8708 0.017693887155747042
8774 0.02423652211963625
9017 0.02317483939528219
9027 0.01452594642192469
9099 0.03200216656991161
9123 0.052973851662408304
9159 0.059516486626297514
9230 0.06431154075212248
9244 0.059516486626297514
9277 0.04114898815719696
9291 0.020187221009081567
9298 0.059516486626297514
9333 0.034275125277555774
9338 0.03456121633341891
9381 0.37350640376917216
9398 0.04432495868905079
9438 0.02595746021995025
9475 0.05568929051651521
9513 0.039888581734629884
9563 0.034725318479990115
9579 0.13628236061902294
9584 0.01989898404756323
9599 0.033955127615379284
9656 0.04989661329417896
9664 0.1593445212433106
9673 0.06729124718375727
9884 0.05568929051651521
9922 0.02446397956002852
9923 0.035275738053676495
9949 0.055464980627333134
9981 0.06791025523075857
10012 0.03567606571569328
10155 0.07556464745032317
10160 0.03778232372516158
10192 0.025432934893583233
10392 0.010215930484684823
10420 0.017254783471349667
10456 0.039888581734629884
10607 0.059516486626297514
10695 0.03567606571569328
10725 0.05568929051651521
10749 0.01095662618288509
10831 0.039888581734629884
10905 0.04531945944284369
10914 0.021605738783800933
10934 0.025181212588885355
10951 0.010555838934111331
10959 0.017750239723227156
10963 0.019347643285499892
10988 0.0223587728427612
11022 0.08864991737810159
11036 0.02259704393638015
11052 0.034275125277555774
11056 0.02913343075180408
11068 0.03732179204741466
11125 0.02530623464202178
11139 0.028946513217752812
11161 0.06025586301119396
11164 0.04114898815719696
11217 0.01149452736772226
11315 0.03077915708352546
11319 0.035503831343536484
11332 0.02686657218635323
11338 0.059516486626297514
11681 0.04531945944284369
11736 0.013042267452413072
11818 0.027256472123804585
11868 0.11966574520388966
11893 0.011549011713890747
11929 0.025278232109634372
11977 0.012095942661106938
12006 0.019979369303277286
12024 0.03642719576022771
12105 0.037153364288162606
12113 0.09605766847545548
12157 0.022040793989896158
12177 0.011582332903382252
12204 0.015064695957586766
12265 0.012061864057545448
12297 0.059516486626297514
