78
150 0.0690950326182359
198 0.0774465700837031
344 0.020441603763271463
347 0.06345728861452646
445 0.09726414662682949
551 0.11551506625627429
663 0.14513159795384623
706 0.0669546394171573
1023 0.058628998368325816
1481 0.07906907039001763
1580 0.08614576280946268
1791 0.13805490553440117
1995 0.1528429265256426
2126 0.08141360587382071
2127 0.09726414662682949
2625 0.07906907039001763
2715 0.0833313821357372
3112 0.056753881110592895
3195 0.07495970631147808
3599 0.06092487111837495
3819 0.10960455255932715
3918 0.02231621042988008
4025 0.03992987145414877
4106 0.07270133205023073
4169 0.03992987145414877
4356 0.03319722665545269
4410 0.02689034684223069
4778 0.18595045395629486
4861 0.012231116018493342
5116 0.13805490553440117
5571 0.07906907039001763
5576 0.29026319590769245
5662 0.10246213984402995
5693 0.29026319590769245
5705 0.08932424269482708
5842 0.036630900790316175
5885 0.09611980058124443
5943 0.08690271496072079
6022 0.15510563572562797
6162 0.02819801434936497
6178 0.08080619220064557
6410 0.03398939183376391
6476 0.09108206202782916
6616 0.1182419896929083
6934 0.22174304812589948
7025 0.04038967930683494
7042 0.03613791828136737
7547 0.07592449678692065
7552 0.03398939183376391
7699 0.17215636591685474
7756 0.08849029829326577
7989 0.11551506625627429
8112 0.20892547198748473
8113 0.07403133183660236
8373 0.3330904127141779
8394 0.10554102848449255
8633 0.05318864847259416
8711 0.10246213984402995
8821 0.15510563572562797
9230 0.05586733457283229
9333 0.08932424269482708
9381 0.08849029829326577
9563 0.04524874454059176
9579 0.07103296373903524
9664 0.03775154608843679
9849 0.0477777556801789
10226 0.2155590194126711
10749 0.028554011935804573
10873 0.08203639873092314
10960 0.03870799933150318
11056 0.07592449678692065
11319 0.030842122597121904
11418 0.17215636591685474
11736 0.03398939183376391
12006 0.026034070161432023
12021 0.07306302148079302
12264 0.10906116669393166
12277 0.18216412405565832
