223
29 0.033065532280225025
79 0.029100282820826894
84 0.02847161809696475
105 0.03278022240976788
119 0.0751689370669245
129 0.043101003511174754
201 0.029987155270547856
214 0.03559708293755786
237 0.04964935411409769
245 0.06168990504283966
344 0.022285670774397727
347 0.03459093177513358
352 0.033065532280225025
390 0.024062594256720537
455 0.0765757758749187
456 0.03825217028707042
493 0.02327570377544179
508 0.056665618836698274
513 0.12497333306839345
516 0.06052316443971971
547 0.023771081514392566
587 0.02341538272625033
638 0.04193426290805481
644 0.04506681800366916
674 0.05128661142521339
679 0.11423015191510014
938 0.030283358020584114
952 0.013808675878092537
979 0.07089400302684917
1029 0.11903951063830152
1068 0.03916748570476797
1175 0.07226237554029435
1178 0.08996146581164356
1205 0.07732636788403141
1335 0.03828788793745935
1583 0.04916169826308138
1596 0.04138687841472818
1622 0.023989119782322137
1632 0.050112624711283
1724 0.1889037743233857
1729 0.03443034233443792
1814 0.023000636529467138
1887 0.047371168070865825
1894 0.04506681800366916
1914 0.13214375570315504
1971 0.038663183942015705
1994 0.04616955343501255
2002 0.03131109647865334
2030 0.3588052274752403
2042 0.1603409363450905
2053 0.047371168070865825
2080 0.019024500884752066
2086 0.086662308482691
2154 0.03143819750636909
2161 0.08443313858733693
2167 0.02777359131878752
2299 0.04964935411409769
2356 0.027617351756185075
2409 0.16308380630850483
2450 0.02826844666421981
2630 0.011170976127910478
2677 0.024665350024989208
2679 0.03222719318555273
2705 0.15729505109480854
2781 0.02421076215134252
2812 0.04506681800366916
2828 0.02109995231850223
2841 0.03156651483033744
2858 0.057531019611650885
2965 0.05944986712783478
3022 0.06052316443971971
3109 0.04616955343501255
3112 0.06187373183861998
3407 0.030693058147646186
3481 0.04655824899902473
3490 0.043101003511174754
3559 0.04112134383621371
3591 0.016749477728202563
3661 0.04739836581533751
3676 0.06981761520555216
3682 0.06596006960253073
3749 0.03726379823319227
3759 0.021953544146828412
3785 0.06168990504283966
3795 0.09738231343893025
3887 0.04573038069448243
3891 0.021828224935343803
3903 0.08572311000680582
4048 0.014694669016489685
4169 0.10883000908300164
4198 0.03459093177513358
4382 0.03021835165352971
4451 0.015217651213677404
4573 0.08454897113419564
4584 0.12337981008567932
4624 0.02008378752600051
4708 0.09668157955665818
4861 0.026669005812681074
4872 0.022272064064504986
4986 0.19314213012822343
5109 0.06052316443971971
5174 0.06296792477446189
5196 0.03916748570476797
5204 0.06775059979474629
5247 0.032500856929534507
5261 0.04616955343501255
5297 0.025377502754462468
5351 0.03649735774524379
5368 0.030814407917273478
5401 0.029647667314153536
5425 0.036668352703163105
5473 0.02570657590798164
5609 0.12678428781764373
5802 0.01250262651781098
5816 0.05585269976485718
6079 0.01985957584649012
6193 0.22034503710763478
6258 0.021459144992663888
6360 0.017541061778792298
6409 0.022932742419720275
6410 0.018527812323372205
6502 0.04471851119919132
6621 0.03706804208461997
6657 0.022466872207984625
6778 0.05457228779757767
7185 0.041657777689464486
7188 0.03106045258243278
7193 0.020923900887697258
7201 0.07532819669672748
7208 0.03021835165352971
7215 0.04823656884581844
7220 0.022143746740536638
7228 0.07525452036836318
7425 0.0271101103597314
7444 0.06438071004274115
7470 0.030572796731416475
7483 0.014768143490888088
7484 0.04247634058215473
7537 0.023799589171845992
7554 0.025296481009301135
7788 0.11333123767339655
7901 0.04250494724743099
7944 0.043409271295077524
7988 0.03894211807998598
8092 0.021704066103586685
8098 0.019752302810143594
8110 0.054361268769501606
8208 0.0744611092902379
8277 0.04655824899902473
8312 0.028782266539200924
8318 0.07911206597138462
8339 0.03939670595363268
8342 0.04964935411409769
8444 0.06671409004510599
8455 0.06472665384726406
8495 0.08386852581610962
8716 0.03939670595363268
8727 0.03209242764889572
8766 0.04404791856771835
8823 0.0588520498902663
8873 0.026389987907570245
8933 0.06438071004274115
8942 0.026940090611519734
8957 0.03559708293755786
9265 0.04579180851107625
9272 0.06775059979474629
9338 0.049097576953505556
9341 0.04004422374648487
9434 0.03350521291717497
9444 0.03195900308509124
9445 0.00822397968602199
9539 0.22576356110508955
9568 0.07564783765248681
9575 0.06531638661515725
9618 0.028993437171626897
9656 0.02362766776200357
9658 0.022598334614183327
9776 0.11637851887720894
9821 0.023556532008815884
10004 0.06681619219351496
10081 0.032500856929534507
10127 0.0406055472444858
10144 0.037462454578169886
10167 0.056739295165062584
10172 0.030693058147646186
10318 0.008360344163224358
10321 0.03156651483033744
10462 0.04964935411409769
10561 0.04471851119919132
10572 0.056665618836698274
10578 0.028677915366434065
10600 0.06775059979474629
10619 0.01872428555304458
10628 0.03143819750636909
10897 0.03156651483033744
10898 0.17921296950862783
10959 0.02521594588416227
10985 0.18862918503821452
11036 0.010700434584294224
11049 0.03916748570476797
11067 0.016664340565828644
11179 0.08559932736601483
11190 0.05944986712783478
11332 0.03816658484096533
11342 0.07911206597138462
11489 0.07911206597138462
11524 0.04964935411409769
11629 0.017051788137096874
11634 0.05102454421767889
11637 0.021041011309193242
11739 0.05122871367388727
11886 0.04616955343501255
11893 0.02187532930513601
11929 0.01795509646243655
11977 0.017183465706171804
11984 0.04916169826308138
12072 0.03726379823319227
12098 0.027296350270646367
12186 0.020131574179300702
12204 0.03210130375288267
12225 0.043101003511174754
12270 0.02035321654832108
12275 0.025377502754462468
