291
70 0.040063172049853914
75 0.0532538019769251
79 0.024610953979562433
104 0.023738182707023523
105 0.027723185720697895
110 0.06370724276740578
111 0.02516879248311051
132 0.025556537249562084
136 0.0715055193935711
137 0.11259788491519955
203 0.02925455519692458
210 0.037781567857974964
211 0.059046784024960795
214 0.030105486444135167
215 0.03523119194128577
336 0.03781974312532031
374 0.03851351386619467
390 0.020350434513894008
392 0.04079506660831481
435 0.028475965235064873
450 0.021531429797334294
456 0.016175485447167293
506 0.06690737086089009
566 0.08315495082706897
600 0.052172943588242475
628 0.019510018269427176
938 0.06402878755338078
952 0.0116783980639255
958 0.06740399166730039
1057 0.030253729465485293
1064 0.03151507595535923
1181 0.043325610353102215
1213 0.04723624962721782
1347 0.024520591512243194
1465 0.02725547285102189
1492 0.040063172049853914
1632 0.06357255227508252
1702 0.028984532210571838
1755 0.050278478493930606
1890 0.05729864908539308
1946 0.07936610622950038
1958 0.22169940616621817
1971 0.016349288537142598
1978 0.05729864908539308
2012 0.1272898651152836
2161 0.07140755644600708
2172 0.03477751425860752
2202 0.03151507595535923
2222 0.04658804865635051
2227 0.09631709588837122
2228 0.04157747541353449
2243 0.0265881963001368
2257 0.054448635492279795
2287 0.07438160430174776
2360 0.12997683105930666
2362 0.029672041469137222
2392 0.06303015191071847
2473 0.03570377822300354
2627 0.033125079715215736
2630 0.028342856433755767
2650 0.05474121021071294
2651 0.059046784024960795
2669 0.07936610622950038
2677 0.04172040513093263
2681 0.03546502351717292
2763 0.028591183080454597
2781 0.02047574440377523
2792 0.0636449325576418
2832 0.02846304126905868
2960 0.0636449325576418
3136 0.054448635492279795
3239 0.01542474177893501
3270 0.01998260455114495
3442 0.015587331368929704
3523 0.03434129010711077
3588 0.04943806224946378
3589 0.03238117834817249
3591 0.02833103912347377
3597 0.026164205623015885
3624 0.03753262830506652
3647 0.08862471350462638
3661 0.020043086985959913
3721 0.020103893724924247
3753 0.08159013321662963
3759 0.018566749609017497
3790 0.03971420821963218
3791 0.030253729465485293
3803 0.051510994517715306
3809 0.05578434572171251
3830 0.02953116475505921
3878 0.055928961121707095
3887 0.09668877633160722
3892 0.07342496186084395
3918 0.020576070111437507
3933 0.017844842219539095
4025 0.018408139615881624
4081 0.047885735164669346
4170 0.059344082938274444
4200 0.03841674568124991
4297 0.0531763926002736
4356 0.015304311305769203
4411 0.04597490313734388
4431 0.018945701371160403
4451 0.025740018817192022
4473 0.03185362138370289
4589 0.03725260346919288
4624 0.029724523770673472
4692 0.07936610622950038
4712 0.028720789401395604
4736 0.0715055193935711
4800 0.0411795247700059
4827 0.014201693211696105
4839 0.03904693166874709
4861 0.05074819297290028
4972 0.01799571490574661
5001 0.03037029265017114
5005 0.07475254187993759
5023 0.05578434572171251
5224 0.029901016751975033
5247 0.08246075467177069
5253 0.10711133466901061
5340 0.028211021349823305
5351 0.030866874984491914
5380 0.026480703271181474
5471 0.03570377822300354
5472 0.030710452785256276
5474 0.06690737086089009
5505 0.1272898651152836
5515 0.03392122617159649
5579 0.04597490313734388
5609 0.026806288207089697
5622 0.07121454812107057
5633 0.0511861971890315
5634 0.09887612449892756
5666 0.1272898651152836
5667 0.03238117834817249
5691 0.0532538019769251
5695 0.04943806224946378
5700 0.026916927422678226
5758 0.23809831868850115
5802 0.010573834204569407
5810 0.04723624962721782
5842 0.016887275401774107
5843 0.07936610622950038
5845 0.02209856945346173
6008 0.01746423077950109
6034 0.04781489198647314
6041 0.030866874984491914
6068 0.01956802570867433
6079 0.03359163965662857
6107 0.0511861971890315
6129 0.33453685430445046
6143 0.04597490313734388
6146 0.03619691807563381
6150 0.023822498557485743
6162 0.012999615729537024
6175 0.05729864908539308
6180 0.04390820685573128
6198 0.027486918223923563
6209 0.021670577919129918
6227 0.05729864908539308
6257 0.04241789165800131
6280 0.022543349191668834
6299 0.047923758885783214
6360 0.04450495552038609
6410 0.015669508754950514
6570 0.060210972888270334
6584 0.01596191172155645
6638 0.021057432400123297
6657 0.019000886052546895
6719 0.03619691807563381
6785 0.09447249925443564
6867 0.022244899608205873
6934 0.025556537249562084
6937 0.12018951614956175
7035 0.15727598055703423
7042 0.0333200093526278
7150 0.021670577919129918
7176 0.013533381525065993
7180 0.04658804865635051
7229 0.03238117834817249
7262 0.022784016716525992
7312 0.038789772030185195
7426 0.04483991371678278
7438 0.050278478493930606
7467 0.031683085393415036
7483 0.03746954303389414
7484 0.008980868585746664
7507 0.01648141154206604
7537 0.04696534144966147
7580 0.0239930345477736
7620 0.050278478493930606
7817 0.16926612809893984
7833 0.01721330610052693
7838 0.04042321592946383
7890 0.0715055193935711
7901 0.03594766783027877
7934 0.0511861971890315
7951 0.024610953979562433
7952 0.018564124306980925
7975 0.059046784024960795
8006 0.08483578331600262
8123 0.0715055193935711
8171 0.017745364128618497
8179 0.059046784024960795
8224 0.01740390604335715
8252 0.027203807934113818
8324 0.06990982910828902
8329 0.030556158845320616
8364 0.023164898141698496
8437 0.03971420821963218
8444 0.028211021349823305
8473 0.042924981605972405
8512 0.03872746182042121
8514 0.031683085393415036
8571 0.03238117834817249
8668 0.050278478493930606
8700 0.2086917743529699
8763 0.03570377822300354
8828 0.025755497258857653
8873 0.022318778889997233
8896 0.034129313287740215
8957 0.030105486444135167
8972 0.029118740044924197
8986 0.02079521425210111
9056 0.06690737086089009
9151 0.05642204269964661
9202 0.03331893793407661
9338 0.0046136940178386245
9445 0.006955258367340921
9453 0.06336617078683007
9584 0.02390744599323657
9614 0.02434199837799533
9624 0.052172943588242475
9656 0.0399652091022899
9675 0.03368291084335192
9834 0.05578434572171251
9871 0.054448635492279795
9898 0.013230053288205932
10110 0.025458351098147314
10140 0.027964480560853548
10174 0.03392122617159649
10195 0.030253729465485293
10218 0.04045298831684037
10392 0.03682149888901037
10428 0.026916927422678226
10460 0.02066634434660545
10464 0.03971420821963218
10569 0.05729864908539308
10628 0.0265881963001368
10649 0.03904693166874709
10654 0.04286267139620841
10723 0.029392016633263584
10808 0.03725260346919288
10848 0.026268726451810918
10901 0.17145068558483365
10925 0.05072201551342005
10944 0.047923758885783214
10951 0.03804663825460087
10959 0.06397757240305268
10960 0.03568968443907819
10979 0.023738182707023523
10985 0.0265881963001368
11003 0.04597490313734388
11036 0.04524834083861669
11067 0.0845610995516181
11071 0.027028656697348365
11080 0.015587331368929704
11101 0.05339343597228546
11217 0.013809991083200622
11241 0.07936610622950038
11266 0.04241789165800131
11268 0.08967982743356556
11319 0.00710929034006404
11736 0.07834754377475256
11811 0.04042321592946383
11893 0.02312575130847035
11917 0.03134951929759777
11921 0.030710452785256276
11929 0.01518514632508557
11957 0.01862011643525218
12001 0.05578434572171251
12006 0.012002012048839312
12062 0.07936610622950038
12064 0.10629076604497449
12078 0.024253745561811684
12098 0.023085315852672705
12175 0.08426124298304845
12204 0.009049668167723337
12265 0.0072458061890059615
12275 0.021462490802986203
