164
25 0.07383813714087735
79 0.09071807858096838
100 0.1317877261626222
149 0.09814903145343078
207 0.07985095026883278
215 0.06493259143235305
352 0.0515397320051504
374 0.023660683641412033
508 0.08832553439631356
548 0.08166956602540697
571 0.04406244402565116
628 0.03595779692148064
674 0.02664706544876055
769 0.02212022079844002
942 0.047101789641890976
960 0.10281293165174978
1113 0.062141665658897095
1132 0.10035116065222441
1205 0.030132437033669954
1524 0.04524239670481982
1536 0.032076142139150346
1583 0.1532581258286666
1596 0.0645103367442394
1724 0.09814903145343078
1742 0.042401571630479584
1851 0.09111646016976951
1896 0.056600676092108386
1971 0.030132437033669954
2030 0.24856666263558838
2042 0.08330859275297499
2080 0.02965376963607118
2086 0.04502727206780625
2274 0.06580358813318722
2356 0.021523786403054718
2393 0.08473371001850383
2450 0.04406244402565116
2525 0.06369058869068157
2630 0.0696494598652226
2658 0.059026688492362596
2705 0.1634520747155039
3176 0.08705842547003073
3472 0.043596233703722106
3599 0.05176568984020996
3604 0.1235434572711737
3725 0.048030871316215556
3813 0.08967444732595
3827 0.139406803637274
3887 0.03564030884959775
4048 0.022904796952783586
4067 0.10035116065222441
4099 0.06536355301339657
4105 0.02903213582578434
4187 0.06917423694255836
4200 0.07080370302652263
4356 0.028206499366447108
4410 0.0228477685513028
4491 0.08705842547003073
4502 0.05065956422203841
4570 0.054686839687122145
4624 0.007826223830044787
4690 0.08074048435108236
4827 0.02617432712749233
4861 0.031177029015757318
4874 0.06865813921049761
5224 0.027554425456334453
5380 0.04880506708982637
5389 0.0336386947091914
5473 0.040069218358229707
5532 0.08832553439631356
5609 0.04940513403207147
5802 0.01948802803558193
5993 0.08832553439631356
6063 0.12210187330004552
6068 0.0360647071094456
6150 0.04390588227355299
6162 0.023958846988496534
6180 0.04046235025260961
6214 0.06746870230312513
6409 0.03574560325957298
6410 0.028879573862460376
6436 0.03451578407766113
6452 0.04827961651794798
6570 0.0554856972879905
6587 0.0751870500705138
6666 0.03383044739521471
7025 0.034317669834390156
7035 0.0414094784638238
7042 0.030705100148499326
7176 0.024942600146192925
7229 0.05967989465937175
7259 0.04254722306433877
7312 0.03574560325957298
7368 0.11730032890718597
7467 0.0583932795289892
7536 0.0434431129003779
7537 0.04946236007349198
7841 0.1317877261626222
7861 0.042990368205141904
7952 0.01710723697531272
8169 0.05131619087775101
8312 0.04486334263000493
8369 0.12281645125369946
8473 0.19778143594367392
8495 0.06536355301339657
8515 0.03716500831733122
8556 0.034121415846220395
8576 0.1317877261626222
8817 0.071376366141352
8890 0.02513232214033456
8942 0.020995957944136657
8944 0.05747776546057811
8986 0.11497940402046879
8988 0.05199411720870133
9053 0.07024631276306763
9099 0.07086259629214443
9117 0.06177172863558685
9341 0.031208760572144407
9438 0.05747776546057811
9445 0.03845651466680304
9568 0.23582679669790346
9575 0.05090480675103603
9614 0.08972668526000986
9620 0.12428333131779419
9656 0.0736575872446296
9658 0.14089742755773307
9776 0.07256036434864693
9842 0.07738917926930744
9849 0.04059505480111781
10082 0.10035116065222441
10192 0.05631630577108641
10298 0.044700688920599994
10312 0.040199442431685946
10318 0.013031391540643738
10597 0.03543129814607222
10673 0.19231392656168633
10749 0.02426132543950039
10845 0.03893233350540313
10898 0.03491773677663526
10951 0.02337385974411224
10960 0.06577761268748315
11036 0.033357849868516566
11067 0.0259749529971734
11217 0.05090480675103603
11319 0.013102725726528616
11332 0.01983027257895395
11487 0.15970190053766556
11497 0.022341396366878596
11637 0.032796934124714426
11671 0.14627512341805837
11734 0.07985095026883278
11872 0.2635754523252444
11893 0.00852434946726533
11928 0.14627512341805837
11957 0.034317669834390156
11977 0.02678412099675899
11993 0.06917423694255836
12089 0.04437913032926283
12098 0.08509444612867754
12156 0.060354175591136774
12157 0.04880506708982637
12204 0.016678924934258283
12263 0.07817798594611777
12265 0.01335433026656687
12270 0.03172485830420516
