69
105 0.08894933763093764
119 0.06799045960237499
210 0.06061073697450591
352 0.08972352774104407
435 0.09136461702413849
467 0.3031132972119973
587 0.0635377868349739
952 0.03746992798165505
1029 0.08075361334364155
1205 0.05245639519090978
1583 0.13340057436614786
1709 0.12425635753982084
1724 0.17086385597597767
1942 0.20420360962850498
2030 0.21636004867326702
2042 0.09668580649186585
2086 0.15677247580859105
2099 0.0913231507140471
2330 0.1375241023234504
2430 0.22942415965801932
2705 0.0711368501033445
2828 0.0572548520053934
2966 0.18945053361367722
3089 0.08972352774104407
3484 0.1016546037760973
3490 0.11695484141697926
3678 0.18384167442517652
3721 0.06450297771152973
3737 0.1639953707622968
3795 0.13212375695748887
3891 0.11846204857227488
4048 0.03987407587976384
5139 0.13340057436614786
5261 0.1252813707431349
5609 0.08600748861933531
5807 0.0819976853811484
6258 0.05822952356341933
6621 0.10058436301884797
6778 0.049360747586558826
6952 0.050808465444077015
7035 0.07208816082551184
7193 0.11355427070326815
7951 0.07896379864140876
8208 0.0673502279091504
8286 0.21467108364319157
8766 0.11952430131933846
8873 0.07160939651731452
8942 0.07310210362996407
9445 0.04463164017727741
9546 0.07406881643342861
9568 0.06842362617605208
9575 0.044309105451136706
9776 0.06315876713217584
9894 0.11533743903367569
9940 0.19608440600549198
10578 0.077817701923837
10749 0.0422356039004623
10898 0.12157387717964198
10985 0.17061548939758567
10988 0.04309430009405567
11067 0.04521879189401506
11106 0.06489633897464704
11629 0.1850805331651302
11637 0.05709491520960854
11984 0.2668011487322957
12098 0.07406881643342861
12186 0.05462715189459157
12270 0.055228579843092616
12271 0.077817701923837
