117
84 0.03206065241407974
112 0.14854953852873484
590 0.050747786181434495
706 0.04109808921704121
938 0.017050387022657234
1486 0.07861858380728293
1616 0.162743044453807
1734 0.045164843549990924
1759 0.02620975899213385
1763 0.05768642924070432
1767 0.09520692383094603
1816 0.09507648983135997
1996 0.057070043339571656
2099 0.0378974745597608
2237 0.06203024378361983
2266 0.023561495915774153
2624 0.06203024378361983
2630 0.012579150982679874
2648 0.08908466109057224
2656 0.02486338029328358
2677 0.02777457927152707
2704 0.0665192875208204
2726 0.05382199965313956
2735 0.06478318220324039
2828 0.023759739784837614
2964 0.08908466109057224
3089 0.037233659629476466
3420 0.047538244915679984
3561 0.04311432749103162
3721 0.05353516469237431
3788 0.07427476926436742
3829 0.06694391304201737
3903 0.03217635687139622
3904 0.06815250652399361
3918 0.013698133769628725
4035 0.07090544494361418
4081 0.06375806481899945
4101 0.046345299526062055
4169 0.02450974919337811
4379 0.08908466109057224
4589 0.2976026867079656
4624 0.011307740375633523
4861 0.015015404510511315
4893 0.04997329037703557
5013 0.032889845086560954
5357 0.06478318220324039
5373 0.051564166500330515
5515 0.045164843549990924
5574 0.10567300111423533
5667 0.04311432749103162
5695 0.19747479076520552
5705 0.05482899657847948
5733 0.634038006685412
5959 0.10567300111423533
6059 0.08474084654765673
6258 0.024164211052918032
6534 0.04997329037703557
6560 0.04152345136773668
6616 0.03628964238999656
6649 0.05535885297177921
6666 0.024440006077262055
7042 0.022182172924453007
7083 0.18404703390175503
7176 0.0180191911751631
7379 0.039889495735064964
7408 0.051564166500330515
7425 0.03052751769114764
7466 0.06380869198107811
7520 0.06380869198107811
7537 0.008933227860318367
7552 0.02086336466265909
7593 0.04786297480310599
7788 0.06380869198107811
7794 0.10567300111423533
7901 0.04786297480310599
7939 0.061213863464723794
8098 0.022242210211479863
8113 0.09088380751991346
8298 0.0813715222269035
8427 0.06815250652399361
8700 0.06946632243732276
8708 0.028304435664826804
8714 0.04786297480310599
8753 0.03217635687139622
8942 0.015168032918926808
8988 0.03756191946613986
9000 0.03042374162770563
9027 0.023236766028348146
9099 0.025596502815915325
9230 0.03429248100773411
9291 0.03229295480827119
9338 0.012285921944513441
9433 0.026446307294102654
9796 0.05970266751469472
9814 0.04008432886144526
9821 0.02652598746736852
10226 0.08820960865921927
10619 0.021084604632363137
10695 0.057070043339571656
10873 0.10071114603670853
10963 0.030949904892016884
10988 0.01788336395224659
11036 0.012049294589380137
11139 0.046304959101472885
11314 0.07629100753835782
11355 0.15723716761456585
11369 0.10567300111423533
11634 0.019152174294866646
11734 0.2307457169628173
11893 0.01847464359701069
11929 0.020218454208783418
12083 0.04088981891099494
12157 0.03525806568095398
12186 0.022669291225834103
12265 0.009647519852747352
12275 0.028576503526327828
12277 0.055907981043246034
