29
105 0.19790750219133715
210 0.1348556367037912
435 0.1016406846048639
467 0.3372054088873963
1205 0.11671266389041451
2030 0.24069474797319546
2042 0.10756036508980599
2086 0.17440517223614893
2705 0.1582756734639899
2828 0.12738897276263658
2966 0.42151726921076105
3089 0.19963003363443932
3737 0.1824404490406225
6778 0.10982501411854476
6952 0.11304610865044565
7193 0.1263260788477545
8766 0.26593515539622875
8873 0.15932706387283488
8942 0.08132412854138285
9445 0.049651501975408185
9568 0.15223889584835254
10578 0.17314021019376363
10985 0.18980515336678855
10988 0.09588250477687746
11067 0.10060938500728968
11106 0.14439087113974872
11629 0.3088456895676639
12098 0.16479914118562278
12270 0.12288062595442706
