26
390 0.11132075648000432
711 0.09039925927016533
1632 0.11591799355758406
2851 0.18226094255625774
2883 0.36599607410039975
3278 0.14199526515003463
3514 0.3911488231837669
4787 0.16799203150006956
4945 0.239639504806711
5235 0.20228396792645556
5285 0.32299716553385366
5802 0.05784088893744108
6008 0.0477663359076708
6079 0.09187633648378722
7484 0.04912706331308324
7952 0.05077464954939969
8224 0.09520268400808299
8473 0.11740391638823972
8532 0.15569826205086293
8942 0.1246329150763384
8983 0.3911488231837669
9371 0.23699934840076142
9433 0.10865220258573433
10647 0.15364168767361885
11911 0.21915318891758245
11945 0.14312319280769933
