231
29 0.0326447555997508
84 0.02810930144501914
105 0.03236307645083112
119 0.07421237191788221
129 0.04255252006234227
201 0.029605552593032443
214 0.03514409091353443
237 0.04901753938222617
245 0.06090486782514998
344 0.02200207362885289
347 0.03415074356574686
352 0.0326447555997508
390 0.023756384804257066
455 0.037800653972732634
456 0.037765390848653387
493 0.02297950792753194
508 0.055944518362976786
513 0.12338298019608336
516 0.05975297462366248
547 0.023468581718346936
587 0.02311740938857394
638 0.04140062686085477
644 0.044493318508230496
674 0.050633961713562485
679 0.11277651180050723
938 0.029897986003780547
952 0.027265906102839087
979 0.06999183871247014
1029 0.117524668847546
1068 0.03866905838541614
1175 0.07134279794978898
1178 0.08881665777909732
1205 0.07634234826760351
1335 0.037800653972732634
1583 0.04853608921416895
1596 0.040860208129581896
1622 0.02368384533205899
1632 0.04947491461192147
1724 0.18649987220515538
1729 0.03399219771204694
1814 0.022707941060189866
1887 0.04676834448157293
1894 0.044493318508230496
1914 0.13046215534665864
1971 0.03817117413380176
1994 0.04558202103817344
2002 0.03091264593726662
2030 0.3542392379948858
2042 0.15830051170085258
2053 0.04676834448157293
2080 0.018782403879867245
2086 0.08555948400139911
2125 0.07429686612578451
2154 0.03103812953605142
2161 0.08335868149178166
2174 0.03678959636069433
2299 0.04901753938222617
2356 0.027265906102839087
2409 0.16100847716890307
2450 0.027908715478018802
2630 0.011028819449078785
2677 0.024351470181220393
2679 0.03181708482090595
2705 0.1552933869784175
2781 0.023902667182737238
2812 0.044493318508230496
2828 0.020831444077972452
2841 0.031164813953064904
2858 0.05679890644766697
2965 0.05869333559727647
3022 0.05975297462366248
3109 0.04558202103817344
3112 0.09162953298914155
3407 0.030302472476394414
3481 0.04596577024209819
3490 0.04255252006234227
3559 0.04059805262138003
3591 0.016536331616462365
3661 0.023397598060059813
3668 0.04196404893510585
3676 0.06892914850506635
3682 0.06512069224438065
3749 0.03678959636069433
3759 0.021674173491232726
3785 0.06090486782514998
3795 0.09614307112949254
3887 0.045148437006947886
3891 0.021550449034109284
3903 0.08463223733120816
4048 0.014507671450655133
4101 0.040633421245216864
4169 0.08595607095205837
4198 0.03415074356574686
4382 0.02983380687770648
4451 0.01502399841813069
4573 0.08347304000718837
4584 0.12180973565029996
4624 0.019828210528935377
4708 0.09545125446271784
4861 0.026329628371474154
4872 0.021988640071661045
4986 0.19068429265304454
5109 0.05975297462366248
5174 0.06216662406838512
5196 0.03866905838541614
5204 0.06688843697697668
5247 0.0320872660465728
5261 0.04558202103817344
5297 0.025054560384224732
5351 0.03603290924013661
5368 0.03042227800494289
5401 0.029270384803455396
5425 0.03620172819525756
5609 0.12517088957224176
5802 0.012343523871623737
5816 0.055141944123502054
6063 0.03866905838541614
6079 0.019606852063624846
6193 0.21754102801177733
6258 0.02118606583218631
6360 0.017317842334304855
6409 0.02264091093950209
6410 0.018292035947543517
6502 0.04414944409515446
6621 0.0365963313143877
6657 0.022180969176749648
6778 0.053877826087094884
7185 0.04112766006536112
7188 0.030665191619418455
7193 0.02065763299630262
7201 0.0743696048832482
7208 0.02983380687770648
7215 0.047622732566263114
7220 0.0655858669639427
7228 0.07429686612578451
7262 0.02659726347046175
7272 0.01502399841813069
7425 0.026765119625943037
7444 0.06356143088434818
7470 0.030183741451361233
7483 0.01458021092285321
7484 0.020967903152514764
7537 0.023496726600528223
7554 0.024974569684343008
7559 0.047622732566263114
7788 0.11188903672595357
7901 0.04196404893510585
7944 0.042856864972912516
7951 0.028729966072182516
7988 0.03844655868485925
8092 0.021427870190257263
8098 0.01950094413435586
8110 0.05366949238963435
8208 0.07351355163031441
8277 0.04596577024209819
8312 0.028415996718765213
8318 0.07810532238647021
8339 0.03889536168334241
8342 0.04901753938222617
8444 0.0987976760569828
8455 0.06390297236791452
8495 0.08280125372170954
8716 0.03889536168334241
8727 0.031684034248178033
8766 0.04348738511555288
8823 0.0581031259055543
8873 0.02605416111925802
8933 0.06356143088434818
8942 0.02659726347046175
8957 0.03514409091353443
9265 0.04520908312154047
9272 0.06688843697697668
9338 0.043086919006880955
9341 0.03953463946405401
9434 0.03307884106414109
9444 0.03155230758370194
9445 0.008119325121769253
9539 0.22289059837735353
9568 0.0746851782359468
9575 0.06448520046918574
9618 0.028624480091328775
9656 0.02332699298308312
9658 0.02231075865313072
9776 0.11489753963765971
9821 0.02325676247061062
10004 0.06596592021498314
10081 0.0320872660465728
10127 0.04008881981867048
10144 0.036985724696847334
10167 0.02800862856022025
10172 0.030302472476394414
10318 0.008253954287664199
10462 0.04901753938222617
10561 0.04414944409515446
10572 0.055944518362976786
10578 0.0283129734707905
10600 0.06688843697697668
10619 0.018486008949707592
10628 0.03103812953605142
10897 0.031164813953064904
10898 0.19904893660490927
10951 0.007402385587619542
10959 0.02489505941198227
10985 0.1862287772163085
11036 0.010564265799656102
11049 0.03866905838541614
11067 0.016452277870265302
11080 0.01819610494404649
11179 0.0845100298910899
11190 0.05869333559727647
11332 0.037680894523376716
11342 0.07810532238647021
11489 0.07810532238647021
11524 0.04901753938222617
11629 0.016834794962824935
11634 0.05037522945218015
11637 0.02077325312470462
11739 0.050576800742258635
11784 0.06216662406838512
11886 0.04558202103817344
11893 0.0188973347285308
11929 0.01772660820393733
11977 0.01696479686401892
11984 0.04853608921416895
12072 0.03678959636069433
12098 0.026948989533834237
12186 0.019875389071373293
12204 0.031692797398968305
12225 0.04255252006234227
12270 0.020094210922051537
12275 0.025054560384224732
