140
123 0.08516636454011346
150 0.0852497448474855
207 0.05797609608452912
210 0.025278672250733495
330 0.03199171055510194
344 0.012610468792458212
370 0.07901335944753632
450 0.028812248289034538
581 0.06320911176417611
706 0.08260891862089677
744 0.02853716200544894
769 0.01606047319541942
777 0.06615546379723686
931 0.239378880072555
952 0.0156274296599504
965 0.029668755215241496
985 0.07464773285860984
1308 0.06947133982803937
1335 0.043330821930579
1362 0.03775053302400731
1592 0.060002458704659735
1725 0.06320911176417611
1734 0.045391634458271574
1742 0.061571655257889574
1937 0.05797609608452912
1971 0.02187777426372022
2080 0.021530235919564156
2382 0.052682737540915285
2630 0.012642315976788705
2675 0.03587079161950071
3105 0.08516636454011346
3195 0.04624280208538029
3233 0.06849472776603271
3239 0.020640593500388053
3262 0.06234172267345559
3539 0.04777695363013754
3607 0.08516636454011346
3814 0.03143167734331062
3826 0.04262487242374275
3887 0.0258767862297198
3918 0.027533835255878693
4081 0.021359406598537783
4105 0.02107889624992658
4106 0.04484960620540141
4156 0.04173195737618134
4158 0.10620362790312066
4159 0.09568499622161707
4259 0.04484960620540141
4328 0.10620362790312066
4356 0.020479439655655976
4473 0.04262487242374275
4544 0.06320911176417611
4624 0.017046781655902534
4655 0.03317787487796101
4714 0.08953199112903994
4743 0.2124072558062413
4800 0.11020863019925875
4893 0.30134535862532597
5001 0.02031997922766155
5313 0.043330821930579
5394 0.0672800654483875
5487 0.07901335944753632
5530 0.07286035435495919
5621 0.08953199112903994
5627 0.03393679190022604
5943 0.053610469495602636
6008 0.011684866219573617
6013 0.026341368770457643
6055 0.027484126169852338
6099 0.07464773285860984
6277 0.0398964800120925
6280 0.0904990398162759
6297 0.05676143376688389
6408 0.15802671889507264
6534 0.10044845287510866
6560 0.08346391475236269
6561 0.07901335944753632
6575 0.3160534377901453
6732 0.03199171055510194
6828 0.13732389809559123
6867 0.029766976773443293
7042 0.022293558567571797
7254 0.039517080806797736
7259 0.030891578424593936
7507 0.022054574451091834
7537 0.008978085202912217
7552 0.0629043841116482
7559 0.05458985302648081
8113 0.045670085899374865
8156 0.05331837031299655
8224 0.023289008990119025
8414 0.04810331411739135
8483 0.0328121902490754
8546 0.05676143376688389
8633 0.0328121902490754
8662 0.049849511652041746
8704 0.34066545816045385
9120 0.07901335944753632
9175 0.047457464403025514
9230 0.10339403218660767
9277 0.06615546379723686
9433 0.02657910487692302
9556 0.06412910117710624
9563 0.05582809328809008
9579 0.1752815449982214
9641 0.10818452327259401
9656 0.05347938053426067
9664 0.0931560359604761
9792 0.12641822352835222
9804 0.03678157558612865
9898 0.01770377461250345
9925 0.105380960165345
9930 0.09568499622161707
9981 0.05458985302648081
10059 0.07667409547874048
10239 0.05563683211573326
10501 0.041304459310448384
10590 0.058621945798894945
10595 0.10620362790312066
10749 0.01761503062998008
10767 0.08516636454011346
10776 0.17906398225807987
10855 0.07126148980056153
10914 0.06947133982803937
10968 0.06234172267345559
10988 0.035946327080978946
11036 0.012109798960684823
11106 0.054132101508768286
11319 0.019026570958341052
11349 0.07901335944753632
11554 0.13698945553206543
11817 0.08516636454011346
11893 0.015472843532495116
11974 0.04407122134497721
12091 0.060742858119057934
12098 0.12356631369837574
12105 0.029865838216014642
12113 0.03860811586058119
12265 0.019391927887455897
12275 0.02871999768419085
