65
230 0.07439908067343318
344 0.03193587476054286
450 0.07296670473333804
457 0.11785564814564417
1068 0.11225580157002268
1213 0.1600763865521912
1524 0.04159413258606089
1632 0.07181253474049266
1945 0.18451805321308487
1958 0.10732931388175082
2202 0.10679974639529582
2227 0.0816009568641081
2287 0.33609042593474553
2630 0.03201652740771985
3136 0.18451805321308487
3661 0.06792293980542853
3829 0.17038603238333577
3887 0.06553267906518315
3890 0.10973483422550888
3892 0.12441295266002503
4081 0.054092464389457855
4105 0.05338207498921278
4134 0.10679974639529582
4135 0.2071072662354291
4473 0.10794702479442153
4861 0.07643458778906685
5001 0.05146012590265741
5023 0.18904456979083586
5224 0.050664973973026
5425 0.052546586165534766
5691 0.18046894615698142
5695 0.16753799096015523
5752 0.0816009568641081
5810 0.1600763865521912
6008 0.0591835926678913
6084 0.1073691045463532
6198 0.09314893924614087
6224 0.15016776320096856
6396 0.15016776320096856
6719 0.12266578942233508
6785 0.1600763865521912
6952 0.16099397082262623
6982 0.07932289911136245
7035 0.07614058772268482
7678 0.2689595300261789
7756 0.13824820775043442
7817 0.19120562679151962
7952 0.03145548135192033
8224 0.05897916141312734
8324 0.026323740104153278
8326 0.061502888909348075
8412 0.09084238877836319
8556 0.0627398545656894
8828 0.08728141983306796
8868 0.09047107214799276
9445 0.023570301109156967
9575 0.046799936243095475
9656 0.20315392240235253
10649 0.13232404724785313
10951 0.021489034446776394
11319 0.02409229177949196
11893 0.02351088455357487
12001 0.18904456979083586
12066 0.1558018772530243
12177 0.04715743623759005
