136
26 0.03519869871217843
330 0.03164979598444148
337 0.0334463181682394
399 0.4551278009996968
428 0.13312200618930295
456 0.021413864722186475
496 0.02582827534378971
628 0.02582827534378971
642 0.03331962550456234
744 0.028232168264080988
769 0.01588882529970101
938 0.016952861161070445
952 0.01546040995984698
958 0.029744186328819464
979 0.019843509257621954
1029 0.06663925100912468
1143 0.03872854941762424
1232 0.04546260717435302
1524 0.0324973490966847
1555 0.1893247067217712
1564 0.04310793247505251
1895 0.02423118724401455
1995 0.09328140174787757
2252 0.050457515845377617
2266 0.02342672740955749
2454 0.050457515845377617
2644 0.028413049868423194
2785 0.10506856612596012
2819 0.05006754608748251
2900 0.10474627895023184
3178 0.06009366281520898
3189 0.08479705062809881
3278 0.10309328701896806
3280 0.05212734536549847
3350 0.0809033464968342
3442 0.020635238825095537
3634 0.07208165211162222
3709 0.04194355135813779
3759 0.09831812856728472
3805 0.03450029411051761
3819 0.0668926363364788
3891 0.024439222788303034
3918 0.013619782334189817
3977 0.04664070087393878
4169 0.024369556809229646
4170 0.0785624745701198
4356 0.04052112723768213
4522 0.060863728610452146
4624 0.005621530830321007
4700 0.05126922658147314
4827 0.018800866178301418
4944 0.056743610564755985
4951 0.06344371506566199
4956 0.07816889635371664
4972 0.02382356967457677
5149 0.054515382281974084
5237 0.060863728610452146
5337 0.032701719709977976
5649 0.060863728610452146
5752 0.03187726990519224
5842 0.08942466231657398
6008 0.011559983056173862
6068 0.05181013661376088
6084 0.04194355135813779
6214 0.0484623744880291
6221 0.12688743013132397
6258 0.04805199019852871
6410 0.020744029094990075
6751 0.20720695396858266
6892 0.05615479032957693
6921 0.08090608834535805
6982 0.030987350661171347
7002 0.34105031628410326
7025 0.024650181644203944
7154 0.10506856612596012
7205 0.02702357411970311
7231 0.04518198233937873
7249 0.0677626835886421
7259 0.030561421624885562
7272 0.01703792083082153
7344 0.05006754608748251
7482 0.03222507677043837
7507 0.02181886400536383
7537 0.00888213102933905
7799 0.0946623533608856
7857 0.08090608834535805
7952 0.012288028322054471
8036 0.04310793247505251
8092 0.07290063784234914
8719 0.0404516732484171
8786 0.03872854941762424
9027 0.046207709864579026
9099 0.025450094350968837
9370 0.14179899813867475
9371 0.05735647082356757
9385 0.1626237391510841
9444 0.03578180080158254
9546 0.061122843249771124
9563 0.027615712509730588
9578 0.10518015225910218
9675 0.022295506944903443
9849 0.0291591905724665
9898 0.017514563770361143
9981 0.05400641857311456
10100 0.05866277189111968
10103 0.04664070087393878
10161 0.07208165211162222
10184 0.044906506875592146
10191 0.044370271603283204
10328 0.061675439346547685
10392 0.01624867454834235
10460 0.02735907392614498
10603 0.10506856612596012
10647 0.03718299242508503
10649 0.10338431143869477
10749 0.01742676824792811
10848 0.034775769574304186
10860 0.06656100309465147
10951 0.008394653413226882
11036 0.03594112285976089
11145 0.03383294017463203
11217 0.01828231256713523
11260 0.05126922658147314
11332 0.056975875516517636
11367 0.07816889635371664
11629 0.019091449279812434
11728 0.4202742645038405
11893 0.003061495197383607
11929 0.020102807439942076
11977 0.019238877550154
12006 0.01588882529970101
12156 0.08670410307501808
12177 0.018421969309574984
12200 0.04360020580804003
12265 0.01918467474022271
12291 0.038195487803830565
