270
41 0.035687416660641236
106 0.02926300140569371
111 0.025991876068306306
132 0.13196150537842127
156 0.07384393190594103
169 0.03662482006780824
210 0.019508560652835637
214 0.031090012488963512
230 0.022672058497473883
262 0.02712778067783281
326 0.029795424478277294
344 0.009732002253054395
373 0.025138043691223425
374 0.013257667937213304
435 0.014703600894080987
571 0.04937856067452742
628 0.020148045532563122
679 0.03325569172700969
742 0.048111596444393064
769 0.012394508395787655
938 0.02644907676056632
975 0.028029093792756067
1249 0.05499533686724167
1335 0.03344012531138351
1347 0.05064495455119448
1465 0.3659083505507478
1524 0.012675218545806543
1536 0.017973058075270876
1543 0.09158625182046544
1553 0.07127595701110279
1679 0.07384393190594103
1684 0.030211253623793927
1742 0.023758652337034263
1797 0.1669806319752628
1800 0.07384393190594103
1905 0.025046904783289577
1958 0.04906061595374753
2080 0.03323148535180603
2091 0.030353210399030262
2096 0.028753734624519755
2100 0.06128478551976575
2105 0.026597767583766824
2129 0.02756976862485497
2181 0.026190377270665803
2194 0.026701868629786404
2273 0.06311298490302794
2278 0.021015945527631683
2289 0.04336307674940535
2373 0.02289525199876414
2435 0.09375537766291082
2464 0.02579668337379137
2525 0.035687416660641236
2541 0.026392301075684257
2630 0.009756579996733772
2650 0.02826569356834939
2658 0.16537058846757213
2687 0.0690954122109533
2704 0.02579668337379137
2705 0.06868968886534908
2715 0.03967307106070929
2757 0.04127217317746698
2788 0.04576148362197306
2810 0.05024681717225396
2822 0.02629090398717041
2823 0.08196157994172729
2885 0.039993948408606796
2900 0.054473447402500125
2936 0.03139822213355462
2984 0.03139822213355462
3008 0.0827466795255919
3025 0.0820259278539707
3101 0.04949098779858222
3152 0.026494583739499283
3189 0.03307411769351443
3239 0.015929170101137785
3332 0.020824476022009947
3347 0.03401152110068143
3361 0.014703600894080987
3454 0.044264389864328596
3506 0.05387913165775933
3591 0.02925753622379033
3619 0.03967307106070929
3668 0.14849299231438934
3887 0.019970149090734097
3918 0.021248959983604668
3993 0.03818864500637123
4014 0.03738064944147998
4059 0.184056117295614
4081 0.01648390686833092
4105 0.01626742583264397
4169 0.05703039792613963
4200 0.03967307106070929
4266 0.052860116139380776
4339 0.026190377270665803
4356 0.015804801244925327
4381 0.02195334893479869
4382 0.026392301075684257
4397 0.09495679901211905
4410 0.012802171448221116
4434 0.09152296724394612
4440 0.29605784302079174
4453 0.03093889696565352
4624 0.03069659136628106
4787 0.031714762769473326
4861 0.0465847005070005
5005 0.015439428058680486
5013 0.025509861922243172
5108 0.11541257530444958
5149 0.04252620005874294
5224 0.046318284176041453
5297 0.022164368888286004
5340 0.029133593563417954
5343 0.052860116139380776
5353 0.06311298490302794
5380 0.027346689678816094
5389 0.018848595038699345
5399 0.04878099523710212
5431 0.0438050646964275
5433 0.0730267612366046
5435 0.052860116139380776
5473 0.11225888472793892
5490 0.04687768883145541
5520 0.044264389864328596
5641 0.037913072514063555
5684 0.048111596444393064
5777 0.031714762769473326
5842 0.05231859688963802
5882 0.11073168828381841
5938 0.037123248078597335
6008 0.009017677791926264
6010 0.022524744724096612
6057 0.030247906690535488
6068 0.02020794996274044
6105 0.08196157994172729
6122 0.031090012488963512
6127 0.07384393190594103
6147 0.04336307674940535
6162 0.01342473625639643
6170 0.07872150294054653
6209 0.022379260982845095
6281 0.024777667855412817
6409 0.0200291481604251
6410 0.016181941580360643
6481 0.045240896114383596
6560 0.03220621769844586
6570 0.031090012488963512
6621 0.03237472838360962
6629 0.09756199047420425
6638 0.021746064044511567
6657 0.019622263396117185
6658 0.06572628387015476
6712 0.040663347201315855
6747 0.021609884712850903
6778 0.0635502675749831
6794 0.12300777452058592
6817 0.043492128089023134
6868 0.035030536619059985
6994 0.03078970653326015
7035 0.023202757927319063
7102 0.025604690704042546
7176 0.027951915104442795
7230 0.030211253623793927
7312 0.0200291481604251
7356 0.03738064944147998
7418 0.035687416660641236
7484 0.009274565850670638
7486 0.05387913165775933
7537 0.006928746810357374
7558 0.03139822213355462
7561 0.02063608658873349
7616 0.04576148362197306
7625 0.03546433771460236
7952 0.0095856092148138
7986 0.026701868629786404
7990 0.04336307674940535
8036 0.03362750995802944
8098 0.03450279013762827
8169 0.17252240774711852
8191 0.14768786381188206
8324 0.06417427421000654
8326 0.07496851211035441
8352 0.026190377270665803
8413 0.04252620005874294
8432 0.04336307674940535
8517 0.09612029194949358
8659 0.037123248078597335
8667 0.056229244480179325
8716 0.03440855202295667
8763 0.07374276532061204
8774 0.03007099697058496
8868 0.02756976862485497
8931 0.04336307674940535
8950 0.05178774612979033
8981 0.03461223177528555
9000 0.023597114733687058
9099 0.03970607041825894
9118 0.051922712732213765
9182 0.10262506244053023
9291 0.050093809566579155
9292 0.20606906659604723
9338 0.04764573557083397
9433 0.02051215643157392
9445 0.014365426043246853
9568 0.022023267295098674
9575 0.014261612947058827
9614 0.07541413107367029
9625 0.024005214929532045
9631 0.03687138266030602
9656 0.02063608658873349
9658 0.019737080889947124
9720 0.039056545001439784
9729 0.051054812737145204
9806 0.07384393190594103
9821 0.020573957580609526
9859 0.04474246810359451
9987 0.02532247727559724
10029 0.056229244480179325
10105 0.026701868629786404
10164 0.08196157994172729
10216 0.06248620686897399
10218 0.041775904014049604
10318 0.014603623836403633
10321 0.02756976862485497
10364 0.04885610225948664
10429 0.037123248078597335
10576 0.028753734624519755
10619 0.04906061595374753
10628 0.05491539600691629
10867 0.05387913165775933
10909 0.02826569356834939
10951 0.013096953393014652
10955 0.16392315988345457
10988 0.013870607901204106
11011 0.018848595038699345
11080 0.01609707678462189
11154 0.03187630037282053
11179 0.03738064944147998
11217 0.014261612947058827
11266 0.0438050646964275
11276 0.022235562363243998
11300 0.021015945527631683
11319 0.007341782231966459
11490 0.08196157994172729
11497 0.012518438552947224
11594 0.07384393190594103
11624 0.05801120008562214
11629 0.014892801948728218
11634 0.014854716417390983
11764 0.08740078069025387
11769 0.051054812737145204
11780 0.03381794164269565
11790 0.08196157994172729
11846 0.03078970653326015
11861 0.02826569356834939
11892 0.03078970653326015
11893 0.026270224471020915
11939 0.051054812737145204
12004 0.021342186416069428
12006 0.012394508395787655
12007 0.03307411769351443
12016 0.03638334160413566
12064 0.02195334893479869
12078 0.025046904783289577
12083 0.031714762769473326
12113 0.029795424478277294
12138 0.024005214929532045
12186 0.017582645571123125
12204 0.018691230708235546
12265 0.014965524993381371
12304 0.10018761913315831
