34
344 0.034666791804143796
706 0.1135479667777615
1099 0.2919589364960114
1411 0.22481752992655327
1854 0.1448486914442714
3874 0.14132118539748187
4099 0.13046287692303513
4105 0.11589382120264642
4893 0.13806884026993166
5627 0.09329389086703047
5705 0.15148444126131558
6385 0.18186458631394947
6493 0.15446551640356895
6534 0.13806884026993166
7025 0.13699322418938206
7378 0.16912488798016412
7552 0.05764240339927145
8055 0.19192521653818773
8491 0.1882953366941162
9230 0.18949014751657306
9579 0.3613931167568531
9641 0.1487022570867678
9664 0.19206785392501852
9673 0.1487022570867678
10437 0.31535224671419027
11018 0.19192521653818773
11106 0.07440588941655982
11611 0.13806884026993166
11730 0.14246419666330204
11893 0.008507119825392939
12098 0.0849224509708351
12105 0.16420528253636724
12170 0.20521024683938982
12277 0.15446551640356895
