245
26 0.024521355495915182
86 0.03872580360651148
104 0.021892888498905624
111 0.02321228942777496
125 0.1234126157078569
150 0.05875494260421459
236 0.01917869251201781
291 0.04911410292914576
344 0.00869125616080921
354 0.043564326678182365
370 0.05445676591304314
374 0.01183988506590246
422 0.03270814009038721
423 0.045594980786344205
456 0.014918079605383047
548 0.04086772342581579
551 0.04911410292914576
706 0.0854022897226921
769 0.03320709695313163
819 0.07524770161087456
931 0.24747333351823486
937 0.04924288243719869
944 0.06594701803675163
1308 0.04788031438143049
1362 0.026018029790847864
1363 0.03249248547682211
1449 0.06594701803675163
1511 0.06594701803675163
1592 0.04135427060352104
1651 0.044198392214095696
1734 0.0938530507772857
1736 0.025136761119284125
1770 0.04086772342581579
1834 0.06170630785392845
1854 0.03631478473729705
1937 0.03995768203127252
1980 0.04086772342581579
2023 0.044198392214095696
2080 0.059355381202481274
2296 0.06594701803675163
2356 0.010770574555553865
2382 0.09077362125796083
2387 0.06594701803675163
2466 0.045594980786344205
2555 0.09118996157268841
2567 0.06594701803675163
2726 0.07456181208421604
2752 0.05636364487003107
2772 0.06170630785392845
2951 0.039530729762425214
3105 0.05869747609586631
3269 0.01882611266905105
3283 0.039530729762425214
3342 0.023753386545264377
3371 0.05445676591304314
3442 0.014375645847333727
3501 0.06170630785392845
3539 0.03292833513302593
3607 0.05869747609586631
3749 0.029065242796411744
3814 0.021663013790414635
3819 0.023300550527145504
3820 0.030031364101222716
3842 0.06170630785392845
3874 0.07086081862884745
3894 0.046370067041255264
3918 0.009488291800915398
3933 0.03291533693329794
4095 0.044198392214095696
4106 0.06182155836675707
4120 0.035716971848449346
4156 0.028762065678738354
4244 0.02832316723131434
4259 0.1854646751002712
4349 0.08080561571001685
4356 0.0141146264271785
4421 0.044873392746322585
4431 0.0349459040543703
4473 0.029377471302107296
4515 0.041864560988260455
4541 0.06594701803675163
4544 0.08712865335636473
4613 0.043564326678182365
4624 0.003916268525968395
4670 0.044873392746322585
4772 0.01747295202718515
4800 0.07595684601087169
4803 0.029537151933649416
4820 0.019921647011374048
4861 0.005200363126121454
4872 0.017371899277714035
4873 0.033858626056076334
4893 0.06923003809475028
4907 0.023300550527145504
4993 0.044873392746322585
5001 0.04201417430782968
5035 0.027765228116293682
5066 0.035430409314423726
5313 0.029864018479812553
5476 0.04811726536670109
5487 0.05445676591304314
5621 0.06170630785392845
5705 0.11393526901630754
5833 0.03147626166562617
5904 0.08839678442819139
5995 0.06170630785392845
6008 0.00805332198116513
6013 0.018154724251592168
6031 0.04811726536670109
6055 0.018942323622500517
6114 0.025568116199481156
6209 0.039972019083835374
6251 0.0160510085862602
6277 0.02749703705758165
6280 0.04158187139566285
6297 0.07824105020073992
6360 0.013681783491767801
6381 0.05869747609586631
6385 0.045594980786344205
6398 0.022951888967715006
6408 0.05445676591304314
6410 0.01445143515148938
6493 0.03872580360651148
6513 0.06594701803675163
6534 0.03461501904737514
6560 0.14381032839369176
6575 0.05445676591304314
6627 0.11272728974006214
6638 0.09710263529835025
6666 0.016928868791700614
6828 0.023661237242493225
6877 0.03694885027321038
7025 0.03434535305291111
7034 0.044198392214095696
7042 0.015364934598041936
7206 0.029377471302107296
7282 0.047888242460668945
7312 0.017887219178398816
7331 0.041864560988260455
7378 0.08480206261417403
7507 0.01520022445055446
7520 0.1325951766422871
7552 0.043354305454468146
7625 0.031671760408226175
7796 0.06170630785392845
7957 0.047207223972157826
8043 0.03762385080543728
8055 0.04811726536670109
8112 0.1554522545800262
8113 0.06295252333125234
8119 0.03872580360651148
8222 0.023846354963688282
8224 0.0160510085862602
8291 0.031284350259095234
8337 0.06820945732527146
8339 0.030728881064550535
8380 0.025136761119284125
8534 0.04296651378933466
8547 0.05869747609586631
8633 0.022614476538927245
8704 0.05869747609586631
8708 0.01960564478086511
8723 0.024521355495915182
8817 0.035716971848449346
8880 0.029699308332325078
9120 0.05445676591304314
9165 0.039530729762425214
9175 0.03270814009038721
9230 0.07126015963579313
9235 0.04811726536670109
9277 0.09118996157268841
9286 0.17609242828759894
9338 0.03829542511847427
9433 0.01831857425859585
9556 0.044198392214095696
9563 0.05771588682252616
9579 0.21141001636020218
9582 0.043631401711052877
9608 0.03762385080543728
9609 0.047207223972157826
9641 0.2609663422947561
9656 0.05528775375376594
9664 0.080255042931301
9671 0.06409250510419144
9849 0.02031390091569488
9883 0.04911410292914576
9919 0.06585667026605185
10059 0.052844522727229525
10155 0.041864560988260455
10184 0.031284350259095234
10191 0.030910779183378534
10274 0.046370067041255264
10312 0.040231870331209056
10334 0.02093132543265311
10456 0.044198392214095696
10465 0.03762385080543728
10491 0.043564326678182365
10494 0.044873392746322585
10501 0.028467429907564033
10524 0.1234126157078569
10594 0.03995768203127252
10677 0.06594701803675163
10678 0.05636364487003107
10695 0.039530729762425214
10749 0.012140448226414705
10767 0.11739495219173263
10776 0.06170630785392845
10855 0.19645641171658304
10921 0.06594701803675163
10947 0.06594701803675163
10959 0.0196680860302514
10968 0.04296651378933466
11067 0.025995906351622064
11106 0.037308364064705
11142 0.025136761119284125
11315 0.06820945732527146
11332 0.009923134585570249
11473 0.047207223972157826
11590 0.06170630785392845
11730 0.2143018310906961
11736 0.02890287030297876
11770 0.021512523737853045
11803 0.13189403607350325
11817 0.05869747609586631
11868 0.044198392214095696
11893 0.023460871087236195
11921 0.02832316723131434
11929 0.04201417430782968
11944 0.05869747609586631
11977 0.026805727087091554
11979 0.05445676591304314
12014 0.06594701803675163
12015 0.06170630785392845
12091 0.041864560988260455
12098 0.042581544860638865
12104 0.040402807855008424
12105 0.06175146729229619
12106 0.07991536406254504
12113 0.05321816823038206
12157 0.024422218467340866
12170 0.154343802464943
12204 0.00834618970598128
12265 0.013365102875684983
12277 0.03872580360651148
12279 0.04911410292914576
