255
26 0.023640997043386354
86 0.07467096251810446
104 0.02110689649110274
111 0.02237892867805248
125 0.11898189247947735
150 0.056645540032318316
236 0.018490144765780096
291 0.04735082293186963
354 0.04200029310645532
370 0.0525016752094759
374 0.0114148130140547
423 0.04395804327141629
456 0.014382495123591873
548 0.039400502506502386
551 0.04735082293186963
581 0.04200029310645532
706 0.08233620197582134
744 0.018961968222666076
769 0.032014905579718214
819 0.07254618088305283
931 0.23858861909147508
937 0.02373748951805627
944 0.12715881539963825
1308 0.04616132949568665
1362 0.050167876360883545
1363 0.031325949873276235
1449 0.06357940769981912
1511 0.06357940769981912
1592 0.03986958181133584
1651 0.04261159460903079
1734 0.09048356630644704
1736 0.024234308556078714
1770 0.039400502506502386
1834 0.059490946239738676
1854 0.035011022076192534
1937 0.03852313314895034
1980 0.039400502506502386
2023 0.04261159460903079
2080 0.057224421861616956
2296 0.06357940769981912
2356 0.010383892573387206
2382 0.08751469355494669
2387 0.06357940769981912
2466 0.04395804327141629
2555 0.08791608654283257
2567 0.06357940769981912
2726 0.07188491595932033
2752 0.16302028188639725
2772 0.059490946239738676
2951 0.03811150919418293
3105 0.05659013666955635
3269 0.0181502231400558
3270 0.017767609723505235
3283 0.03811150919418293
3342 0.02290059948686577
3344 0.039400502506502386
3371 0.0525016752094759
3442 0.013859535661892738
3501 0.059490946239738676
3539 0.03174615178403079
3607 0.05659013666955635
3814 0.020885274676407786
3819 0.02246402105353771
3820 0.02895318694939739
3826 0.028322770016159158
3842 0.059490946239738676
3874 0.034158397238186554
3887 0.01719423950072469
3894 0.0447053026088446
3897 0.02945329208380049
3918 0.00914764595495524
3933 0.0476004303627376
4048 0.011050144547949812
4095 0.04261159460903079
4106 0.05960205906274245
4120 0.03443467168886989
4156 0.027729458503466798
4244 0.02730631725829271
4259 0.2086072067195986
4349 0.07790455639402757
4356 0.013607887283760296
4421 0.04326236147178919
4431 0.03369128654268131
4473 0.028322770016159158
4515 0.040361551901606854
4541 0.06357940769981912
4544 0.08400058621291064
4613 0.04200029310645532
4624 0.0037756678116325493
4670 0.04326236147178919
4772 0.016845643271340655
4800 0.07322986579053924
4803 0.02847671784089512
4820 0.019206425932438168
4861 0.00501366122723732
4872 0.016748218487793485
4873 0.03264304367750656
4893 0.06674456174268815
4907 0.02246402105353771
4993 0.04326236147178919
5001 0.04050579384802685
5035 0.026768409108362333
5066 0.034158397238186554
5313 0.028791849320992616
5476 0.04638977353676516
5487 0.0525016752094759
5621 0.059490946239738676
5705 0.10984479868580885
5833 0.030346210228789448
5904 0.08522318921806157
5995 0.059490946239738676
6008 0.007764193997264079
6013 0.017502938710989336
6031 0.04638977353676516
6055 0.036524523844450624
6114 0.02465017725376496
6119 0.022636390834744058
6209 0.03853695547689244
6251 0.015474750023274931
6280 0.060133517020730776
6297 0.07543206315716364
6360 0.013190584147398213
6381 0.05659013666955635
6385 0.04395804327141629
6398 0.02212787703829304
6408 0.0525016752094759
6410 0.013932604000866194
6493 0.03733548125905223
6513 0.06357940769981912
6534 0.03337228087134408
6560 0.11091783401386719
6575 0.0525016752094759
6627 0.10868018792426483
6638 0.09361648520514
6666 0.01632109355125733
6828 0.022811758501108444
6877 0.035622323578768
7025 0.03311229634565633
7034 0.04261159460903079
7042 0.014813307260467057
7206 0.028322770016159158
7282 0.04616897294336911
7331 0.040361551901606854
7378 0.0817575240434289
7507 0.02930902097595934
7520 0.12783478382709235
7552 0.041797812002598585
7625 0.06106938046670746
7796 0.059490946239738676
7957 0.045512404179213116
8043 0.036273090441526414
8055 0.04638977353676516
8112 0.14987125371296622
8113 0.060692420457578895
8119 0.03733548125905223
8156 0.01771411683064939
8222 0.022990230180627947
8224 0.015474750023274931
8291 0.030161188768815676
8337 0.06576062156214613
8339 0.029625661865006835
8380 0.024234308556078714
8534 0.041423942719132675
8547 0.05659013666955635
8633 0.021802578290729836
8704 0.05659013666955635
8708 0.018901768720547503
8723 0.023640997043386354
8817 0.03443467168886989
8880 0.02863305254850523
9120 0.0525016752094759
9165 0.03811150919418293
9175 0.03153386211868756
9230 0.06870179846059732
9235 0.04638977353676516
9277 0.08791608654283257
9286 0.16977041000866905
9338 0.03692055409220292
9433 0.035321812447004365
9556 0.04261159460903079
9563 0.07419171749865444
9579 0.20382003647989072
9582 0.042064960031333955
9608 0.036273090441526414
9609 0.045512404179213116
9641 0.25159720585762113
9656 0.07107043889402094
9664 0.12379800018619945
9671 0.061791474942069234
9849 0.019584597253099877
9883 0.04735082293186963
9919 0.06349230356806158
9925 0.035011022076192534
9981 0.036273090441526414
10059 0.05094731430167907
10155 0.040361551901606854
10184 0.030161188768815676
10191 0.029801029531371225
10274 0.0447053026088446
10312 0.038787477621637034
10334 0.02017985517766099
10456 0.04261159460903079
10465 0.036273090441526414
10491 0.04200029310645532
10494 0.04326236147178919
10501 0.02744540065860711
10524 0.11898189247947735
10594 0.03852313314895034
10646 0.024032634100321797
10677 0.06357940769981912
10678 0.054340093962132414
10695 0.03811150919418293
10749 0.011704585444873399
10767 0.1131802733391127
10776 0.059490946239738676
10855 0.18940329172747852
10921 0.06357940769981912
10947 0.06357940769981912
10959 0.018961968222666076
10968 0.041423942719132675
11022 0.04735082293186963
11067 0.025062609010387784
11106 0.03596893021245091
11142 0.024234308556078714
11315 0.06576062156214613
11319 0.006321252860208664
11332 0.009566877142565388
11473 0.045512404179213116
11590 0.059490946239738676
11611 0.03337228087134408
11730 0.20660803013321935
11736 0.027865208001732387
11770 0.02074018747320402
11803 0.12715881539963825
11817 0.05659013666955635
11868 0.04261159460903079
11893 0.024674820907960096
11921 0.02730631725829271
11929 0.04050579384802685
11944 0.05659013666955635
11977 0.02584335580132666
11979 0.0525016752094759
12014 0.06357940769981912
12015 0.059490946239738676
12091 0.040361551901606854
12098 0.041052794831055735
12104 0.03895227819701379
12105 0.05953448437730659
12106 0.07704626629790068
12113 0.025653772647243785
12157 0.02354541920309095
12170 0.1488025969178807
12204 0.008046547271643029
12265 0.019327909357697855
12277 0.03733548125905223
