185
105 0.035467085658015325
106 0.03625150072713924
111 0.032199175372577674
132 0.03269522863946171
136 0.09147911091109696
214 0.0385148329361436
230 0.028086529256257396
352 0.035775781233295056
493 0.02518351978320303
495 0.035467085658015325
496 0.024959739335966846
514 0.059601458828771776
563 0.07136655173835887
628 0.024959739335966846
682 0.08525179159765359
769 0.015354526485277251
854 0.04366263278760919
866 0.06965773841514082
887 0.02556433284492904
938 0.032765563317482316
952 0.029881035221172927
956 0.028271348885433853
1068 0.042377887286272786
1347 0.03136991283439124
1374 0.03256961621245775
1456 0.07818543239583345
1468 0.1087545021814177
1521 0.05125399256562079
1553 0.02943262006966466
1759 0.02518351978320303
1901 0.041894237677615666
1936 0.05171460727445764
1958 0.10129520039453473
2096 0.07124122486259615
2127 0.11473003692384574
2227 0.06161064468961293
2249 0.05807287322309537
2262 0.06812915280946441
2266 0.02263894905309267
2287 0.03171952359935204
2360 0.11085545139439258
2362 0.03796031405035729
2650 0.035016018922335884
2658 0.040972775997701986
2757 0.02556433284492904
2938 0.03443561573942657
2951 0.054835474294200916
3117 0.06674637893052414
3323 0.04801659363672633
3453 0.09197781430945041
3548 0.03909139137418105
3591 0.018122365183714045
3596 0.046307780313508275
3623 0.04507229850870493
3633 0.11209037348218849
3725 0.033340141242522554
3817 0.07818543239583345
3830 0.03778008633281564
3887 0.02473935821712968
3890 0.04142619242076028
3892 0.04696735501452148
4134 0.040318162194220124
4205 0.039488899656033694
4226 0.03657754017141701
4320 0.02263894905309267
4334 0.08559656445630341
4382 0.03269522863946171
4485 0.045371446110827246
4502 0.03516482171076471
4588 0.08142283132472791
4589 0.04765834964051463
4623 0.05125399256562079
4624 0.010864987485713093
4712 0.03674334934403324
4861 0.02885495716742351
5005 0.01912662442708177
5108 0.04765834964051463
5207 0.06965773841514082
5224 0.01912662442708177
5271 0.05319128533034738
5310 0.035775781233295056
5423 0.05037444178058917
5473 0.027813640746713716
5515 0.04339642082889159
5606 0.06965773841514082
6008 0.02234250332008093
6034 0.030585497765267335
6057 0.018735809020140947
6063 0.042377887286272786
6068 0.025033949956539393
6140 0.08559656445630341
6150 0.030476822016002558
6198 0.03516482171076471
6209 0.0277238067464466
6214 0.02341635704905982
6258 0.023218064968826738
6373 0.06432273409933452
6379 0.08559656445630341
6450 0.13625830561892882
6493 0.05371891237397824
6630 0.03593262756835617
6719 0.046307780313508275
6785 0.6647379350365403
6791 0.025258886938089163
6966 0.09990777280290584
7150 0.0277238067464466
7208 0.06539045727892343
7262 0.014574130849532433
7392 0.06812915280946441
7443 0.04954517924240274
7483 0.01597862893221591
7484 0.01148948892898148
7565 0.06548400528356532
7580 0.030694993716623466
7593 0.04598890715472521
7756 0.05219032676830183
7817 0.25263831673467796
7833 0.022021488009194703
7835 0.025258886938089163
7939 0.058817043759647865
7990 0.05371891237397824
8027 0.08559656445630341
8117 0.06131027215198983
8118 0.05171460727445764
8124 0.040318162194220124
8324 0.01987504388164908
8326 0.023218064968826738
8327 0.031957367363582276
8356 0.07554028486993437
8364 0.05927106898378043
8437 0.05080755288936154
8447 0.06183299282266589
8455 0.035016018922335884
8476 0.05037444178058917
8582 0.04393382095789642
8626 0.062246606354670865
8753 0.09274948923399884
8754 0.029533722532392663
8774 0.037252459289184796
8942 0.014574130849532433
8963 0.05736501846192287
8992 0.07818543239583345
9000 0.02923250455642608
9027 0.02232693391603458
9077 0.04507229850870493
9160 0.03889664825303833
9193 0.05807287322309537
9338 0.01770730275147139
9433 0.02541080607164629
9558 0.08559656445630341
9575 0.08833763580038778
9656 0.05112866568985808
9669 0.05080755288936154
9670 0.07136655173835887
9675 0.021545768515350523
9866 0.05037444178058917
9923 0.027110077701203054
10140 0.035775781233295056
10218 0.025876347981987128
10334 0.02903511178781201
10460 0.0264390612451102
10490 0.0353151665244582
10612 0.07554028486993437
10619 0.020259040078906942
10951 0.008112363610073852
11071 0.034578554281741176
11080 0.019941330783963818
11319 0.018190247830753615
11332 0.0275299643975786
11431 0.10153539049746599
11605 0.05219032676830183
11693 0.05542772569719629
11811 0.05171460727445764
11893 0.020709816958942955
11918 0.07330384450308547
11921 0.03928878414279512
12006 0.030709052970554502
12064 0.0543923594056315
12078 0.03102852897335889
12101 0.07136655173835887
12177 0.017802487618776733
12204 0.023155012509376093
12225 0.046633819757786056
12265 0.027809317950244147
12287 0.08559656445630341
