78
105 0.05807980145476192
551 0.11156619144320895
705 0.09177786271486842
706 0.06466579954733709
1138 0.16627121206367929
1320 0.12370243186559729
1605 0.08627069943328236
1834 0.1401702839857755
1995 0.07380900065308131
2555 0.10357225423820211
2772 0.1401702839857755
3280 0.08249162632706714
3870 0.16627121206367929
3874 0.0804827044115372
3918 0.021553332269085766
3933 0.037384768963568196
4081 0.033440048087052886
4106 0.07021604187715028
4120 0.08113365166751528
4562 0.12803404356338713
4778 0.08979687506309499
4858 0.12004010635838032
4893 0.07863048720285257
5224 0.03132116802423712
5703 0.12004010635838032
5705 0.08627069943328236
5839 0.08710440211802392
6218 0.12004010635838032
6385 0.10357225423820211
6493 0.08796842782996786
6534 0.07863048720285257
6560 0.1306701714758199
6649 0.08710440211802392
6666 0.07691026828919366
7030 0.11156619144320895
7378 0.09631696995505408
7425 0.0480335309329902
7537 0.014055989782768378
7542 0.02723406711502216
7552 0.032827466747507306
7625 0.0719446650617887
7745 0.08249162632706714
7796 0.1401702839857755
8055 0.10930180374809162
8704 0.13333550782332293
8949 0.0667330235500096
9230 0.10791502695495131
9579 0.5488376530005948
9625 0.04869813618795776
9641 0.08468623984989582
9664 0.036461012010638026
9673 0.16937247969979163
9846 0.11686765570314474
9849 0.092288952596297
9925 0.08249162632706714
10226 0.0693967162509944
10420 0.04343039526737885
10524 0.1401702839857755
10749 0.027577894947782317
10767 0.13333550782332293
10775 0.16627121206367929
10878 0.13333550782332293
10963 0.04869813618795776
10988 0.02813858382711711
11106 0.04237430635433385
11611 0.07863048720285257
11730 0.08113365166751528
11770 0.048867233617731765
11817 0.13333550782332293
11893 0.014534466471709081
11922 0.1401702839857755
11979 0.12370243186559729
12021 0.035282683489361255
12098 0.048363509690110246
12113 0.06044443439813198
12157 0.11095362588322101
12186 0.035669002384717985
12277 0.08796842782996786
