257
79 0.015278501698674929
104 0.029473369062726844
105 0.017210577878375037
116 0.018969290065346436
137 0.023300288391538772
230 0.013629126558607867
343 0.013366730400075326
344 0.005850315285235958
352 0.017360373925625425
374 0.007969741001171565
390 0.012633567497932095
435 0.008838952028772233
490 0.028921901244669132
547 0.024961029522163728
571 0.014841763327093034
576 0.014684727479179314
578 0.02932430497280999
593 0.016242761673833973
628 0.01211183636027106
674 0.008975658239062411
682 0.04136885146724287
724 0.022629290561010623
838 0.032389008890097735
846 0.0194618089261693
849 0.039510829649329594
938 0.015899650866208596
952 0.014499919410329182
1106 0.020684425733621434
1165 0.09854109595683341
1174 0.020102263764683423
1205 0.010149652585360729
1348 0.4032192453219826
1374 0.03160913313815575
1394 0.03380176040921269
1524 0.007619606209910712
1587 0.050760663962681155
1592 0.027836657549285434
1632 0.05262119454237252
1663 0.022316343546227753
1709 0.024042042080125572
1742 0.014282323751038458
1749 0.039510829649329594
1759 0.09776341538960667
1763 0.026896576700184027
1803 0.044390688813873154
1894 0.023661400807078743
1958 0.029492396729277254
1971 0.010149652585360729
2091 0.018246589564618883
2096 0.0691403100029702
2099 0.017669880848174235
2108 0.11272059022432933
2111 0.039510829649329594
2153 0.035571051333887445
2172 0.021589911188207977
2200 0.039510829649329594
2227 0.02989686857250544
2237 0.028921901244669132
2258 0.02660918379192219
2287 0.030784109889120864
2330 0.02660918379192219
2356 0.007249959705164591
2360 0.026896576700184027
2362 0.018420429226995213
2382 0.024440853847401668
2434 0.022956798384741878
2455 0.10896752031019118
2537 0.027836657549285434
2589 0.09854109595683341
2644 0.013323933012248471
2738 0.03793986588516945
2768 0.05163173363512512
2769 0.03793986588516945
2853 0.017063902810281133
2982 0.039510829649329594
3008 0.02487125215569892
3049 0.023661400807078743
3191 0.026896576700184027
3195 0.042906409955835605
3221 0.023661400807078743
3239 0.00957569315138229
3258 0.034630970484786035
3342 0.01598903516484778
3347 0.020445753771480325
3377 0.03306000672062589
3591 0.017587933801049505
3609 0.01494843428625272
3624 0.023300288391538772
3643 0.019260648137676438
3680 0.044813020440414734
3682 0.034630970484786035
3723 0.02247107831596543
3748 0.03306000672062589
3759 0.011526254353074427
3814 0.029163899523251484
3880 0.023300288391538772
3891 0.02292091618539343
3958 0.03020547210056744
3962 0.019162182915582013
3965 0.024042042080125572
4081 0.019818337440671237
4143 0.015624808328280724
4170 0.018420429226995213
4193 0.03793986588516945
4244 0.01906507587784927
4297 0.03301195091207635
4357 0.035571051333887445
4380 0.03177643586472758
4451 0.015979426134759896
4485 0.022016717535640468
4547 0.016573345813374246
4570 0.036840858453990426
4589 0.023126448729162443
4600 0.021729324627378633
4615 0.19708219191366683
4624 0.010544577306039594
4642 0.09854109595683341
4655 0.015392054944560432
4882 0.02487125215569892
5001 0.009426952084633176
5012 0.030691192169343885
5111 0.02719620271077131
5190 0.03177643586472758
5212 0.039510829649329594
5224 0.03712515456463265
5253 0.04432987333057222
5319 0.023126448729162443
5396 0.044390688813873154
5425 0.009625980141023414
5433 0.05853260427263033
5473 0.013496706066242046
5500 0.024654615105495728
5556 0.02093147384025677
5579 0.0285412599716223
5606 0.03380176040921269
5667 0.020102263764683423
5702 0.03177643586472758
5752 0.01494843428625272
5802 0.013128490995528085
5926 0.034630970484786035
6008 0.021683619403964478
6010 0.013540570062451658
6013 0.012220426923700834
6041 0.019162182915582013
6079 0.020853719200859707
6099 0.034630970484786035
6100 0.03380176040921269
6136 0.025564284898164993
6140 0.0415361541938147
6214 0.011362902509290411
6427 0.03793986588516945
6450 0.06612001344125178
6452 0.008131126832922043
6493 0.026067366624610684
6501 0.039510829649329594
6657 0.023591533271830365
6791 0.01225699920655335
6904 0.03177643586472758
6982 0.02906223628568271
7121 0.036840858453990426
7150 0.013453113675465112
7155 0.09854109595683341
7259 0.04299415265605785
7260 0.03380176040921269
7262 0.028288674904284994
7401 0.03665629502927114
7408 0.024042042080125572
7443 0.024042042080125572
7470 0.01605161467571321
7483 0.062029666667108296
7484 0.011150662104106401
7537 0.008330321411391287
7542 0.008070172784475867
7560 0.022956798384741878
7580 0.014894896776408612
7658 0.027836657549285434
7817 0.017513426662475656
7832 0.20825777924169736
7952 0.017286936844920102
7964 0.030691192169343885
7975 0.03665629502927114
8098 0.010370538111111908
8117 0.02975111132024248
8118 0.025094767710227433
8166 0.02311876905070572
8223 0.0285412599716223
8246 0.02660918379192219
8324 0.014466694297615877
8364 0.17256946767759457
8384 0.026896576700184027
8385 0.016849465462835073
8391 0.0285412599716223
8402 0.021589911188207977
8411 0.028180147556082332
8438 0.06098815508762938
8592 0.025564284898164993
8601 0.026896576700184027
8727 0.016849465462835073
8754 0.014331384218685949
8859 0.044390688813873154
8873 0.05542206961442388
8890 0.008465440020756845
9099 0.011934493264820725
9140 0.02932430497280999
9145 0.02932430497280999
9148 0.14740828757795335
9212 0.6422334477750411
9256 0.03306000672062589
9267 0.012076008554616609
9338 0.028641852708046495
9433 0.061653593569157415
9445 0.004317830461524865
9575 0.017146509021843104
9626 0.1376846230270003
9656 0.062026091680994974
9797 0.0415361541938147
9821 0.012367869980081414
10065 0.02444444580826643
10532 0.044390688813873154
10618 0.021058326796850477
10649 0.048480738481280365
10749 0.00817205804482891
10750 0.015111533826611801
10898 0.01176150793757279
10934 0.018781541642535184
10979 0.029473369062726844
11036 0.022472167570233084
11043 0.039510829649329594
11080 0.009676628910678076
11187 0.021058326796850477
11217 0.02571976353276466
11219 0.03649317912923777
11249 0.019991392991155363
11257 0.01977475594095217
11262 0.02975111132024248
11319 0.008826907289107278
11332 0.02003857608242791
11413 0.03665629502927114
11468 0.03380176040921269
11512 0.032389008890097735
11536 0.03793986588516945
11804 0.0415361541938147
11813 0.024654615105495728
11893 0.034455567803800845
11917 0.0194618089261693
11929 0.009426952084633176
11932 0.039510829649329594
11991 0.03774958001464036
11995 0.022016717535640468
12021 0.02091038043319352
12064 0.026394160111309517
12078 0.03011349280268393
12098 0.014331384218685949
12177 0.008638744737757218
12204 0.005618041892558271
12265 0.05397843363191654
12286 0.03502685332495131
