533
68 0.014179775960150942
103 0.014393230348324597
104 0.013626489218035812
105 0.03182802120744667
112 0.03202202944066102
117 0.05545599496299158
131 0.031255288310372234
132 0.01467028388733613
150 0.018285015061915297
162 0.028861482513321525
175 0.032891288840704455
200 0.021227336786951313
210 0.010843924604743628
236 0.023874259145301776
262 0.015079103661175595
330 0.013723651851463053
337 0.04350792275057513
344 0.010819157862369245
373 0.013973099058887023
374 0.058954693420694274
390 0.035045434594772884
425 0.027929928134655092
456 0.009285254931377081
464 0.01663806452801086
479 0.015982897760721104
501 0.03202202944066102
547 0.011540289097284797
593 0.01501910530476332
594 0.011753743485458453
626 0.027929928134655092
628 0.033598155790591167
636 0.052782180475500234
674 0.008299472649974857
681 0.030569414997521235
718 0.03653426203610452
727 0.045558727226991516
730 0.03653426203610452
736 0.019014873512301876
744 0.012241736043374018
769 0.0068895454128363376
791 0.028379056245260954
819 0.023417695539211594
826 0.017718590524041736
858 0.02487030998235138
887 0.011470665165277607
931 0.017114602260537584
937 0.01532478472699103
938 0.007350921458548735
942 0.01467028388733613
952 0.046926463194863224
956 0.012685297864124886
958 0.012897361423196191
979 0.008604333901449426
1033 0.06615738583847319
1051 0.03653426203610452
1057 0.017366625046863118
1064 0.036181357942301276
1085 0.041046494631548025
1106 0.07650461774915336
1143 0.050379199522891
1151 0.03202202944066102
1308 0.014900742487848088
1335 0.01858784992408517
1347 0.014075617328641668
1373 0.017628799092336424
1383 0.06578257768140891
1413 0.024251663865134714
1465 0.500656902369573
1468 0.0325319521618039
1492 0.06899269274932206
1524 0.007045579461516839
1543 0.03818148455103347
1577 0.14320094189890473
1595 0.01663806452801086
1638 0.04099026071232921
1692 0.06578257768140891
1706 0.05951105196730358
1729 0.016715104191507815
1745 0.02320424115103794
1755 0.05772296502664305
1782 0.04308989961326847
1784 0.041046494631548025
1787 0.02260291156659414
1797 0.06961272345311381
1814 0.011166256563081027
1851 0.028379056245260954
1872 0.021074158529318487
1896 0.08814399546168213
1901 0.03759572179485293
1929 0.023010768101429123
1958 0.15453324498315651
2025 0.04869849983575605
2041 0.02077820867634545
2045 0.032891288840704455
2055 0.02241420920667767
2084 0.02460456795893795
2094 0.02187885764230662
2102 0.021709763055011884
2105 0.014784493406023683
2116 0.07016329518592947
2152 0.026057182402077737
2172 0.019963424703727996
2181 0.014558043596702245
2186 0.021709763055011884
2194 0.029684716917860905
2195 0.021709763055011884
2261 0.04184900384956288
2263 0.03389477517323838
2278 0.01168181153159096
2287 0.04269746094498149
2289 0.024103568852062596
2325 0.02750979684521752
2356 0.013407560912818063
2362 0.017032717211190734
2373 0.012726432815796516
2379 0.05989793423133688
2382 0.04519918041570442
2428 0.020092335363494456
2480 0.015200785252360407
2541 0.02934056777467226
2590 0.02994896711566844
2622 0.019471887481641657
2630 0.02711620292431787
2650 0.015711617858973886
2677 0.023948869957957395
2679 0.031291056398098316
2681 0.02035807738690788
2694 0.019591336256619095
2701 0.03975516720599535
2704 0.014339207004345362
2705 0.025454323034022314
2757 0.022941330330555215
2763 0.016412269329337942
2781 0.011753743485458453
2812 0.02187885764230662
2829 0.024103568852062596
2885 0.022230823119485238
2900 0.015139660149846006
2933 0.01799564406305327
3025 0.0455944953147176
3089 0.0321050433854566
3133 0.01983701732243453
3171 0.026743055714928736
3179 0.02487030998235138
3184 0.03840700776868188
3193 0.045558727226991516
3194 0.045558727226991516
3201 0.02138420643997014
3251 0.041046494631548025
3270 0.011470665165277607
3280 0.02260291156659414
3301 0.03525759818467285
3323 0.04308989961326847
3330 0.034733250093726235
3332 0.011575382312130946
3342 0.029568986812047365
3346 0.03840700776868188
3358 0.03389477517323838
3361 0.10624984849285803
3362 0.017032717211190734
3405 0.052114364804155475
3420 0.04099026071232921
3432 0.028379056245260954
3442 0.017895270708640058
3481 0.02260291156659414
3484 0.018187121854940487
3496 0.032891288840704455
3516 0.03840700776868188
3518 0.026057182402077737
3569 0.032891288840704455
3591 0.00813146911700075
3643 0.05342891346188317
3709 0.018187121854940487
3715 0.024349249917878023
3753 0.023417695539211594
3759 0.01065791836231808
3770 0.02750979684521752
3791 0.0868331252343156
3814 0.01348341146760977
3819 0.014502640916858376
3887 0.022201001390016243
3915 0.022997564249774022
3918 0.06496233538216563
3933 0.02048704006563688
3939 0.021227336786951313
3975 0.020092335363494456
4025 0.010566871065732094
4048 0.007133908843673325
4054 0.03202202944066102
4081 0.03665062665621396
4101 0.009990408321414877
4108 0.041046494631548025
4118 0.032891288840704455
4178 0.033586133015260665
4244 0.017628799092336424
4289 0.01626597608090195
4297 0.015262489748368028
4339 0.04367413079010673
4396 0.045558727226991516
4403 0.03653426203610452
4431 0.010875449003341758
4434 0.025436734520224942
4440 0.07314006024766119
4451 0.014775608276901886
4453 0.03439506091913677
4457 0.03389477517323838
4502 0.015778385373388614
4503 0.023417695539211594
4514 0.022997564249774022
4584 0.05989793423133688
4623 0.022997564249774022
4646 0.045558727226991516
4655 0.014232486981660497
4676 0.0739210081399921
4687 0.03840700776868188
4708 0.015645528199049158
4794 0.031255288310372234
4817 0.03508164759296473
4843 0.045558727226991516
4861 0.10681408432513323
4872 0.01081255213154753
4883 0.03802974702460375
4894 0.030569414997521235
4903 0.03202202944066102
4904 0.023417695539211594
4905 0.03182802120744667
4941 0.008008252020303738
4965 0.01912615443728834
4972 0.010330125863486956
5001 0.017433536107366147
5005 0.10298493884080093
5043 0.032891288840704455
5051 0.014393230348324597
5153 0.041046494631548025
5159 0.02573956938239481
5181 0.01348341146760977
5183 0.021709763055011884
5208 0.3165402489324143
5224 0.01716415647346682
5226 0.08378978440396527
5253 0.020495130356164605
5337 0.014179775960150942
5380 0.015200785252360407
5465 0.02514736352136291
5473 0.04991970054030338
5569 0.041046494631548025
5622 0.04087946765410743
5641 0.021074158529318487
5700 0.06180476843313798
5761 0.050873469040449884
5945 0.041046494631548025
5971 0.019713017847803906
5998 0.01467028388733613
6008 0.035087628389393256
6013 0.02259959020785221
6026 0.07306852407220904
6055 0.011790009738525413
6057 0.02522016042909427
6058 0.02260291156659414
6066 0.01078133012642704
6074 0.014179775960150942
6079 0.04820673524660346
6091 0.02994896711566844
6162 0.014924404767070399
6170 0.02187885764230662
6171 0.030569414997521235
6174 0.032891288840704455
6214 0.02101374541863964
6278 0.06578257768140891
6324 0.03840700776868188
6360 0.017031528319654463
6410 0.008994807847614876
6427 0.03508164759296473
6437 0.016412269329337942
6548 0.02138420643997014
6621 0.01799564406305327
6631 0.05772296502664305
6638 0.012087651321130835
6657 0.03272138041783007
6664 0.01912615443728834
6686 0.028861482513321525
6696 0.02092450192478144
6726 0.041046494631548025
6772 0.01348341146760977
6791 0.01133361219602088
6807 0.020495130356164605
6825 0.04341952611002377
6828 0.029454276367993956
6868 0.019471887481641657
6925 0.02938254257779488
6959 0.07681401553736376
6973 0.03508164759296473
6982 0.013436409273606998
7049 0.03840700776868188
7102 0.014232486981660497
7164 0.031255288310372234
7176 0.06214881053394668
7179 0.026057182402077737
7205 0.011717678154491814
7220 0.010750257152924528
7230 0.016793066507630332
7262 0.06539383447399073
7269 0.02260291156659414
7277 0.01912615443728834
7282 0.009935473180307073
7351 0.02711514416203764
7356 0.02077820867634545
7371 0.028861482513321525
7405 0.02187885764230662
7438 0.08658444753996457
7463 0.026391090237750117
7482 0.027946198117774046
7483 0.06452621042532715
7484 0.005155310769263941
7507 0.009460866463443523
7536 0.013530755498753313
7537 0.034662386640685834
7542 0.029848809534140798
7552 0.008994807847614876
7559 0.04683539107842319
7560 0.021227336786951313
7580 0.06886391233235901
7636 0.031255288310372234
7651 0.02750979684521752
7719 0.08209298926309605
7739 0.017281528729381376
7746 0.03653426203610452
7754 0.041046494631548025
7802 0.07721870814718443
7817 0.04858213238110339
7818 0.018905462943768096
7823 0.02035807738690788
7835 0.01133361219602088
7844 0.02138420643997014
7886 0.03389477517323838
7947 0.04820713770412519
7952 0.010656411353532406
7966 0.023866823649817456
8015 0.03389477517323838
8098 0.00958926856685733
8107 0.023638387032731842
8124 0.036181357942301276
8156 0.022872260931551057
8166 0.010688552656916907
8171 0.010186416372016333
8184 0.041046494631548025
8201 0.015982897760721104
8222 0.014842358458930453
8251 0.031255288310372234
8252 0.015615870855777033
8273 0.026057182402077737
8295 0.02711514416203764
8312 0.013973099058887023
8321 0.018797860897426466
8324 0.08917892553445542
8326 0.020835798896735296
8357 0.026391090237750117
8360 0.027929928134655092
8371 0.031255288310372234
8402 0.019963424703727996
8412 0.07693840799392629
8447 0.04161651085155373
8451 0.027929928134655092
8473 0.03696050406999605
8512 0.044461646238970476
8515 0.011575382312130946
8556 0.010627427554402507
8568 0.03840700776868188
8603 0.017718590524041736
8621 0.023866823649817456
8622 0.041046494631548025
8625 0.016194044127034464
8633 0.014075617328641668
8705 0.026391090237750117
8761 0.03508164759296473
8774 0.016715104191507815
8776 0.013872170283851244
8819 0.04071615477381576
8850 0.08209298926309605
8939 0.026057182402077737
8950 0.04317969104497379
8956 0.019354591054373954
8986 0.023874259145301776
8997 0.03653426203610452
9053 0.02187885764230662
9099 0.011035402396630846
9124 0.03840700776868188
9169 0.020495130356164605
9175 0.02035807738690788
9204 0.045558727226991516
9230 0.014784493406023683
9232 0.018485331654330524
9273 0.009486345069701214
9338 0.02118728381706934
9369 0.03202202944066102
9433 0.03420533402483951
9445 0.007985089197513229
9453 0.018187121854940487
9458 0.07306852407220904
9473 0.017032717211190734
9485 0.019591336256619095
9549 0.03456305745876275
9563 0.011974434978978698
9568 0.012241736043374018
9575 0.023782152608597857
9578 0.011401778008279836
9580 0.016122898330475914
9582 0.02715689275141428
9613 0.019014873512301876
9614 0.027946198117774046
9627 0.025436734520224942
9650 0.02187885764230662
9656 0.022941330330555215
9658 0.021941897292889548
9664 0.029971224964244633
9669 0.0227972476573588
9682 0.031255288310372234
9720 0.04341952611002377
9738 0.045558727226991516
9795 0.020635130925919412
9813 0.020495130356164605
9865 0.027447303702926105
9898 0.030377924158859447
9906 0.01983701732243453
9922 0.01687197384452664
9952 0.03653426203610452
9995 0.021544949806634236
10053 0.02938254257779488
10057 0.03653426203610452
10063 0.0227972476573588
10083 0.03653426203610452
10110 0.05845568736737936
10161 0.031255288310372234
10167 0.013772782466471801
10172 0.014900742487848088
10174 0.019471887481641657
10178 0.06578257768140891
10202 0.026743055714928736
10266 0.01858784992408517
10280 0.020223850454417387
10285 0.024349249917878023
10298 0.013922439071008846
10318 0.01217623883094981
10321 0.01532478472699103
10364 0.08147067825424284
10392 0.014091158923033678
10418 0.036570030123830595
10462 0.024103568852062596
10480 0.028379056245260954
10485 0.032891288840704455
10528 0.032891288840704455
10530 0.021709763055011884
10561 0.021709763055011884
10597 0.011035402396630846
10619 0.018180381762724296
10624 0.06148539106849382
10628 0.015262489748368028
10701 0.03840700776868188
10702 0.023638387032731842
10723 0.01687197384452664
10749 0.022669236204390965
10808 0.04276841287994028
10818 0.017718590524041736
10881 0.014075617328641668
10909 0.015711617858973886
10914 0.014900742487848088
10933 0.032891288840704455
10935 0.041046494631548025
10951 0.0036400013735777242
10979 0.013626489218035812
10981 0.050741191456499544
10988 0.015420084441827409
10996 0.03389477517323838
11007 0.03389477517323838
11021 0.03090238421656899
11036 0.00519480396777796
11052 0.023638387032731842
11080 0.008947635354320029
11103 0.021133742131464187
11140 0.041046494631548025
11150 0.028861482513321525
11156 0.0415564173526909
11177 0.024103568852062596
11217 0.015854768405731905
11300 0.01168181153159096
11317 0.028379056245260954
11319 0.01632385585070184
11419 0.028379056245260954
11497 0.013916865139668215
11498 0.02514736352136291
11524 0.024103568852062596
11605 0.023417695539211594
11634 0.016514127076988756
11764 0.016194044127034464
11770 0.01338974401579067
11814 0.041046494631548025
11831 0.045558727226991516
11875 0.0465845657564673
11876 0.03676880575858949
11892 0.017114602260537584
11893 0.023894880604617703
11908 0.015645528199049158
11917 0.01799564406305327
11918 0.06578257768140891
11957 0.010688552656916907
11960 0.046936584597147474
11974 0.018905462943768096
11991 0.017452848500628313
11995 0.02035807738690788
12006 0.02755818165134535
12008 0.030569414997521235
12021 0.019335086729414884
12029 0.028254976649822336
12064 0.13423158755670744
12066 0.026391090237750117
12078 0.027844878142017693
12083 0.017628799092336424
12089 0.04146686010573654
12098 0.013251722401998449
12105 0.012811705245418355
12113 0.03312385186774998
12116 0.03653426203610452
12129 0.017366625046863118
12138 0.02668682179570993
12157 0.015200785252360407
12175 0.016122898330475914
12177 0.05591558484075453
12198 0.027929928134655092
12204 0.01038960793555592
12265 0.0207966425082013
12286 0.03238808825406893
12294 0.03389477517323838
12340 0.023866823649817456
