98
26 0.0689121107660955
110 0.08255920259937707
117 0.16692731572808386
230 0.05690132531418125
349 0.16495690766696816
352 0.07247920694477306
450 0.05580582670584074
1018 0.20570353256843124
1029 0.06523325598570444
1484 0.15839816600315915
1958 0.041043384875548324
1959 0.20570353256843124
2084 0.11109279943788705
2356 0.06053686770378243
2630 0.09794652433696532
3136 0.14112166006866134
3330 0.07841255316752281
3369 0.1162174773313676
3442 0.04039972827483571
3523 0.08900681945467889
3591 0.03671463239094118
3725 0.06754477228398993
3780 0.15839816600315915
3876 0.07802833231281489
3918 0.026664847939366108
4081 0.04137057723576672
4339 0.13146289097175176
4381 0.05509753997917294
4410 0.0321303212226767
4431 0.04910405567541473
4446 0.06174388968649827
4485 0.09191934651562009
4683 0.09878586561825436
4861 0.04384357950736835
4890 0.1734125963185463
4905 0.14370762300742762
4906 0.14850841358125258
5001 0.039357332620125154
5005 0.03874919071551272
5159 0.2324349546627352
5188 0.1207483476179298
5208 0.1099400055349142
5297 0.05562714848483655
5627 0.06573144548587588
5648 0.19913942290591513
5667 0.08392654108148265
6008 0.11316083576487676
6156 0.09317027899670777
6162 0.03369280672363337
6251 0.09021596557239021
6258 0.047038160390097665
6281 0.12437178029729107
6618 0.11485013884926204
6719 0.1876325870067785
6791 0.05117272161415697
6828 0.06649492936836941
6982 0.06066712177548918
7536 0.06109310715695953
7537 0.01738946096666381
7817 0.07311819899846708
7952 0.024057536210375683
8166 0.04826019455321577
8324 0.020132717845359714
8515 0.05226434488768547
8603 0.08000172271646667
8719 0.07919639900222601
8890 0.03534303937067386
8957 0.07802833231281489
9027 0.04523279179258046
9338 0.011957915069121545
9453 0.08211720213722982
9898 0.03429006192622034
10183 0.33758732297570576
10366 0.20570353256843124
10460 0.05356367143777327
10545 0.15303928386781476
10628 0.0689121107660955
10649 0.10120304701598046
10749 0.06823635121379032
10925 0.06573144548587588
10951 0.01643507592668814
10960 0.0925016296521061
11036 0.07036563083829991
11067 0.0365280128634497
11080 0.04039972827483571
11101 0.06919338063345112
11217 0.03579316266742833
11300 0.10548977309547104
11524 0.10883072381877641
11629 0.03737729278612598
11893 0.023975215433628905
12024 0.056715883204793933
12064 0.05509753997917294
12159 0.09655245160730386
12177 0.03606658302830408
12200 0.0853606048518111
12204 0.023455210279433304
12265 0.03755980985320694
