197
23 0.056325853875473654
76 0.03334657800861567
188 0.04658024512188961
189 0.051240821780301316
273 0.06107079750226239
319 0.0448932878181092
337 0.036745091654993345
435 0.082831819148425
504 0.13940219747325017
515 0.06234017031558256
552 0.052645389664952386
587 0.028801907344586507
644 0.055434085004378734
854 0.049638231444897936
945 0.07444604236341382
1055 0.050907604258218116
1209 0.10399879690871844
1242 0.05192815899777815
1454 0.08113366479398954
1458 0.05192815899777815
1464 0.06686665106174318
1492 0.05826853267926063
1524 0.03570252681013864
1530 0.11086817000875747
1553 0.10038216528223427
1554 0.07076557815289256
1575 0.03182634551001994
1596 0.050907604258218116
1901 0.04762781658551742
1902 0.10052141866482173
1905 0.03527504422526248
1916 0.049638231444897936
1971 0.023778672647879577
2002 0.15405587176238264
2018 0.07190352631582765
2025 0.06169327538977531
2094 0.055434085004378734
2238 0.07745320058346827
2243 0.038670307560001775
2337 0.043573086901835145
2363 0.06444861640771232
2373 0.04836711564518888
2377 0.10603210070069573
2382 0.08589028904944192
2665 0.05158091024868492
2783 0.05726860796910135
2792 0.09256623085135399
2822 0.037027042219136934
2900 0.038359096320510135
3085 0.053016050350347864
3133 0.05026070933241086
3169 0.07076557815289256
3239 0.022433996721393127
3301 0.04466578481319032
3330 0.04400151894701428
3361 0.06212386436131874
3377 0.07745320058346827
3407 0.037753754752830194
3410 0.08888576664083273
3637 0.06602063452610382
3681 0.06444861640771232
3738 0.06970109873662508
3783 0.08113366479398954
3854 0.0687011740264658
3878 0.04067199789849354
3890 0.04709571539731176
3918 0.014963086450158232
3933 0.025953830383963695
4048 0.01807506204021281
4081 0.023215265471581068
4101 0.0253125255976289
4169 0.026773099330169033
4203 0.07190352631582765
4306 0.055434085004378734
4317 0.08757182374437196
4577 0.22173634001751494
4624 0.03705585731065651
4685 0.09256623085135399
4738 0.06970109873662508
4839 0.05679049604794194
4861 0.07380900186773022
5005 0.021744263903860427
5224 0.021744263903860427
5310 0.08134399579698708
5340 0.041030570854248986
5389 0.026545596325250158
5401 0.03646787998079921
5447 0.0687011740264658
5496 0.20232394215410252
5497 0.12214159500452478
5692 0.2548617683555213
5769 0.04709571539731176
5845 0.032140520844470694
5862 0.07444604236341382
6001 0.04254830354890607
6010 0.031722936354010474
6028 0.05989217433386583
6057 0.08519984848124747
6084 0.04608039758630996
6198 0.039977423424930596
6257 0.06169327538977531
6280 0.03278741577027795
6295 0.04874646257380302
6360 0.021576245068677013
6398 0.07239050105630596
6410 0.022789989814576448
6452 0.01904965727569002
6546 0.11543136296608288
6618 0.06444861640771232
6778 0.022375404452473536
6817 0.030626274085862853
6982 0.03404359889368645
7002 0.09367193324379237
7102 0.0721212145591623
7150 0.031518042956957766
7176 0.07873268573670869
7215 0.05933301209552811
7230 0.04254830354890607
7259 0.06715132189226729
7262 0.01656872327732417
7376 0.04559525360094018
7470 0.07521165628746859
7484 0.013061922156975906
7537 0.009758165820315882
7542 0.03781370746239354
7561 0.08718908064914777
7593 0.05228287603151589
7619 0.4153310846686968
7625 0.04994653399796011
7818 0.09580089207632732
7835 0.02871577813395602
7837 0.04790044603816366
7952 0.013499983008049396
7979 0.06521590388525193
8171 0.02580914782152295
8176 0.05378333782788749
8224 0.0253125255976289
8252 0.039565663189043976
8324 0.01129755542884683
8326 0.026395652507522682
8341 0.058792186386433694
8397 0.058792186386433694
8412 0.03898750399645852
8558 0.056325853875473654
8633 0.03566314933994731
8659 0.05228287603151589
8714 0.05228287603151589
8727 0.039475038200853664
8863 0.04762781658551742
8890 0.01983288840488737
8948 0.08587860842077827
8986 0.030244899722691784
8996 0.04874646257380302
9151 0.041030570854248986
9267 0.11316700818997188
9273 0.04807077842655095
9337 0.09731117447814272
9338 0.020130696115325655
9433 0.05777697735825715
9575 0.020085476899593318
9595 0.0577609939771366
9675 0.04898897642868071
9898 0.019242005885427585
10004 0.027395577217681967
10298 0.03527504422526248
10318 0.020567151156414398
10334 0.033008811126041454
10364 0.03440347585437245
10392 0.01785126340506932
10426 0.04608039758630996
10460 0.030057469224417634
10525 0.06234017031558256
10536 0.06234017031558256
10579 0.056325853875473654
10619 0.09212664066135995
10624 0.15578447699333445
10844 0.0448932878181092
10934 0.04400151894701428
10963 0.03380797050983799
10979 0.03452520117701223
10985 0.038670307560001775
11021 0.03914841948116118
11103 0.026773099330169033
11154 0.0448932878181092
11314 0.0833360923731921
11487 0.06301347630604938
11540 0.0687011740264658
11624 0.04085030997415145
11634 0.04184155951491417
11643 0.05500565295919959
11812 0.07702793588119132
11875 0.05901525619515452
11893 0.013453788373753817
11945 0.03805364858465207
12021 0.024494488214340356
12029 0.0357945739903324
12204 0.01316198539424875
