38
117 0.19404487850095942
937 0.16086787329594332
1373 0.18505365453850897
1413 0.12728771266199404
1465 0.16423479303692154
1484 0.3682603142906315
1958 0.09542187384618661
3239 0.09294570993349574
3887 0.11652456926073351
4339 0.15281921113230176
4431 0.11416214866788446
4861 0.10193205373784278
5208 0.2555998090949727
5224 0.09008809578715535
5700 0.16219480133831732
6398 0.14995960364707597
6923 0.15703501939217637
7176 0.08154883703569932
7262 0.06864544765819594
7371 0.3029657769944874
7483 0.07526075807473294
7559 0.24582106346002397
7817 0.16999269387376237
7952 0.055931429444167305
8252 0.08196173646108354
8324 0.14041982659904478
8412 0.16152811656739915
9042 0.20956076923783204
9338 0.027800988311490624
9906 0.208233841195458
10318 0.042605615247316125
10428 0.16219480133831732
11067 0.08492407353528278
11177 0.2530208371047692
11497 0.0730443049559383
11892 0.1796560093343122
11957 0.11220025371720406
12177 0.08385129409343993
