265
29 0.03285532891782555
44 0.07477611424191319
103 0.02945919191614934
110 0.03742466109849659
132 0.03002624831553081
154 0.08401147856128906
193 0.11350397089322932
210 0.044389375883584256
230 0.07738130028721739
236 0.09772877456924686
247 0.041392951922674934
335 0.029683126839588316
338 0.04443422781503451
425 0.1714958546228307
456 0.03800899456120351
498 0.08401147856128906
501 0.06554074992253733
578 0.05549763439980686
587 0.023266527049613545
594 0.07217055032644891
636 0.05401568469171301
646 0.09175209104398163
682 0.039146254214681854
717 0.054736066307871256
740 0.049333724500538224
744 0.02505564371312769
769 0.0423033125198466
887 0.04695492510465326
919 0.06731989740166992
952 0.027441783428703743
1095 0.042234735875834054
1102 0.08401147856128906
1106 0.039146254214681854
1189 0.08401147856128906
1249 0.06256762668160994
1362 0.03314498846274843
1464 0.05401568469171301
1465 0.09606695787349066
1487 0.041392951922674934
1524 0.014420465211373818
1536 0.06134328756063739
1590 0.078609136753956
1688 0.05147010019520991
1706 0.040601205302991696
1725 0.05549763439980686
1793 0.05549763439980686
1814 0.02285441746682366
1838 0.043767898258014463
1930 0.07180299100098579
1958 0.353499788005084
1980 0.05206236722520549
2050 0.0932468428806649
2100 0.03486153372348237
2108 0.05333226236223409
2243 0.031238339395281922
2461 0.078609136753956
2480 0.06222409274198589
2541 0.03002624831553081
2629 0.05090304379582844
2701 0.027122822605659853
2707 0.08401147856128906
2757 0.02347746255232663
2782 0.05333226236223409
3120 0.03985387966490224
3192 0.0932468428806649
3283 0.05035913912130669
3342 0.06052001087883566
3351 0.05090304379582844
3361 0.01672813485690695
3388 0.0932468428806649
3420 0.04194819119107834
3546 0.06256762668160994
3591 0.01664299837359653
3595 0.03405378252012776
3616 0.04194819119107834
3659 0.07180299100098579
3700 0.08401147856128906
3765 0.023983033774278906
3770 0.05630538560316148
3791 0.0355449560529613
3810 0.05401568469171301
3819 0.029683126839588316
3882 0.038257670725158587
3887 0.022719832339628904
3914 0.07180299100098579
3971 0.09332005083574489
4021 0.078609136753956
4048 0.043803757318985136
4081 0.11252142344524746
4170 0.17430766861741187
4178 0.034371031181789365
4198 0.034371031181789365
4205 0.036265337669119546
4297 0.062476678790563844
4303 0.07477611424191319
4320 0.020790883996154953
4355 0.05268219127496102
4381 0.024976098316833457
4410 0.05825959286838271
4431 0.0890368406842132
4432 0.14360598200197158
4446 0.027988934893583766
4502 0.03229424330693941
4570 0.03486153372348237
4600 0.04112377480193084
4624 0.004989027845448447
4655 0.029130192131305566
4676 0.02521617353819335
4691 0.07477611424191319
4712 0.03374391240734881
4717 0.05206236722520549
4861 0.0861232654293595
4883 0.03891849115896417
4941 0.049172415254192
4965 0.039146254214681854
5005 0.052695833464118845
5035 0.035370786065586364
5208 0.04983656962236755
5278 0.057165284874276905
5389 0.0214438518796791
5473 0.02554315471621493
5532 0.05630538560316148
5563 0.11433056974855381
5609 0.03149457449042915
5622 0.027889872620859117
5649 0.05401568469171301
5761 0.05206236722520549
5842 0.03968155150558304
5845 0.025963499176282802
5971 0.040347410690368804
6008 0.020518637752226055
6037 0.07180299100098579
6063 0.03891849115896417
6068 0.02299037593535541
6079 0.05919997516524141
6114 0.03257183281203391
6150 0.05597786978716753
6156 0.042234735875834054
6162 0.015273183768597105
6171 0.06256762668160994
6174 0.06731989740166992
6251 0.02044776252021246
6252 0.03762808206206431
6281 0.08456789033736221
6436 0.022002975075906067
6452 0.015388542188821918
6592 0.07477611424191319
6664 0.039146254214681854
6828 0.030142614245628262
6869 0.03985387966490224
6923 0.06123703069105277
6955 0.0932468428806649
6982 0.08250248551768483
7010 0.06129773154458134
7176 0.015900302543037658
7262 0.05353765550278819
7371 0.059071933941743406
7425 0.02693776665437861
7483 0.04402277947199015
7507 0.01936392832565806
7536 0.02769393064390617
7537 0.023648291027746855
7542 0.03054636753719421
7660 0.024432193642311716
7674 0.14955222848382638
7739 0.035370786065586364
7755 0.0932468428806649
7817 0.03314498846274843
7979 0.05268219127496102
8036 0.07651534145031717
8069 0.06256762668160994
8094 0.07477611424191319
8100 0.08674586172488277
8104 0.07477611424191319
8119 0.049333724500538224
8149 0.1864936857613298
8205 0.08401147856128906
8324 0.07301040888298761
8326 0.021322725460885372
8376 0.03804448514825213
8626 0.057165284874276905
8633 0.05761824165775254
8708 0.024976098316833457
8775 0.05630538560316148
8811 0.03891849115896417
8898 0.049333724500538224
8914 0.06256762668160994
8942 0.013384413875697047
9042 0.04085992827309796
9088 0.05549763439980686
9169 0.04194819119107834
9211 0.046660025417872446
9273 0.019416076393418864
9338 0.05420606120411535
9369 0.06554074992253733
9433 0.09334587397063222
9445 0.016343396822277277
9537 0.05549763439980686
9567 0.03405378252012776
9578 0.023336468492658056
9613 0.03891849115896417
9626 0.03257183281203391
9627 0.05206236722520549
9628 0.03961380444354235
9658 0.022454673055062727
9663 0.04443422781503451
9702 0.04838161853405771
9775 0.08401147856128906
9821 0.023406779021543235
9849 0.025878362692972386
9865 0.05617747842543606
9876 0.05401568469171301
9920 0.08886845563006902
9978 0.049333724500538224
9981 0.0958598411098021
10105 0.030378440124166493
10141 0.02902230640578273
10167 0.02818929677912074
10168 0.05401568469171301
10172 0.03049793701757394
10192 0.03590027882490698
10228 0.046660025417872446
10246 0.0932468428806649
10276 0.036640681202614954
10318 0.01661439199109666
10392 0.028840930422747636
10418 0.03742466109849659
10420 0.02435627426707792
10483 0.05090304379582844
10749 0.015466006443679951
10818 0.07253067533823909
10845 0.024818418200751903
10889 0.06937377243458015
10909 0.03215758760329908
10951 0.00745013429537417
10988 0.031560894666561035
11036 0.05316205026599834
11067 0.01655840244302994
11080 0.018313477983718858
11103 0.02162763154241065
11130 0.0932468428806649
11157 0.05035913912130669
11178 0.06937377243458015
11300 0.04781924828674514
11442 0.0932468428806649
11497 0.02848419646590155
11605 0.04792992055490105
11838 0.07180299100098579
11893 0.03260439602551745
11908 0.03202231929116355
11917 0.03683239406850102
11929 0.017840952779019478
11939 0.05808453308229406
11957 0.06563004615485127
12006 0.0141011041732822
12021 0.019786942086406877
12064 0.07492829495050038
12098 0.027122822605659853
12109 0.04313331097760236
12124 0.04478032037233716
12175 0.032999371556458205
12204 0.010632410053199667
12265 0.017026123199145926
12275 0.02521617353819335
12286 0.06628997692549686
