54
133 0.15927478776008025
236 0.08690050505525851
347 0.1222509944336265
390 0.0850418281779747
482 0.19468541697601222
587 0.08275445836315604
887 0.08350471443873443
937 0.1115621242555461
952 0.04880251185144388
1468 0.11841385552902498
1787 0.16454579125592775
1958 0.33087610125675004
2781 0.08556548196615324
3181 0.18306901818519217
3560 0.19468541697601222
3878 0.11685993973832687
4048 0.051933781715307
4081 0.13340552046589818
4410 0.10360895379873808
4861 0.023563346763472926
4941 0.058298868328330075
5005 0.062476236741581946
5051 0.10478054871011341
5425 0.06479649943149493
5473 0.09085197498187729
5777 0.12833500175381912
6068 0.08177224319034221
6079 0.07018755412679457
6603 0.2795972308457159
7035 0.28167254482780885
7262 0.04760572639095342
7483 0.1043869092302059
7537 0.02803743923681094
7660 0.08690050505525851
7817 0.23578040348169296
7844 0.1556738015223406
8093 0.22254073614268882
8119 0.17547035023205204
8324 0.06492091437949
8326 0.07584073861041304
8360 0.20332566939872865
8719 0.12769022737713678
9445 0.05813024646771021
9578 0.08300322631309304
9865 0.0999061181196371
10392 0.10258151423865353
10649 0.1631720665022457
11067 0.11778995830448726
11629 0.06026429325995102
11893 0.009663951734882117
11957 0.07781105319689814
11965 0.10721134745324831
12064 0.17767013390757144
12286 0.11789020174084648
