37
198 0.28876421432417404
344 0.03810887715135416
422 0.14341660969267694
425 0.19675804968736024
706 0.2496444171221242
1486 0.2387786257639183
1734 0.13717366497143868
2374 0.23170936254471547
2382 0.07960370094030457
2624 0.18839688594188972
2625 0.14740690235758294
2704 0.10101545520046036
3374 0.25737302689553315
3887 0.15639946202317406
4800 0.16652541703264714
6179 0.28916036558594693
6533 0.18356511212856128
6649 0.16813468516388785
7552 0.06336575020446686
8005 0.15413005498378837
8112 0.097373905173543
8543 0.1634669882192947
8708 0.08596560665144544
9381 0.1649707109969465
9579 0.13242534784336626
10226 0.26790827454297456
10228 0.16059983991638194
10318 0.028592662243343954
10749 0.10646535816284976
10873 0.15293883383032184
10963 0.09400036734005843
11067 0.05699261322311749
11068 0.18132762272268682
11139 0.14063639873502648
11217 0.05584606760741869
11300 0.08229489323029139
11497 0.049020091090845645
