43
133 0.18467470396874117
236 0.10075872817980437
390 0.09860364383209846
887 0.09682140303459022
937 0.1293531924340171
952 0.056585160500557556
1468 0.13729758502996955
1787 0.19078628649792415
1958 0.30691333843477975
2781 0.09921080589254742
3181 0.2122634549676792
3560 0.2257323475529199
3878 0.13549586271926842
4048 0.06021578116116217
4081 0.15468000520550923
4861 0.027321047789509643
4941 0.06759592275498476
5051 0.12149014346118824
5425 0.07512974601320543
5473 0.1053403480909163
5777 0.1488008792290133
6068 0.09481265061727022
6603 0.32418524339640503
7035 0.21772767497704795
7262 0.05519752091403938
7483 0.06051686469467632
7537 0.03250863406516725
7660 0.10075872817980437
7817 0.2733808459390413
7844 0.18049946018532576
8093 0.2580298184420955
8324 0.07527400169869965
8326 0.08793523537916187
8360 0.23575048087345465
8719 0.14805328120163555
10649 0.1891934907027547
11067 0.13657419348213726
11629 0.06987477851441998
11893 0.011205084313129825
11957 0.09021976055795244
11965 0.1243085872626782
12064 0.10300179910737564
12286 0.13669042296952064
