158
111 0.026663407998104658
264 0.06474358611226287
352 0.029625114321613074
456 0.017136045296358374
495 0.058738981011840975
642 0.026663407998104658
682 0.07059507815450171
769 0.012714735689887227
942 0.02707417847563018
1132 0.11536399166109837
1159 0.04540801455185875
1413 0.022378362983910688
1518 0.084079157672667
1524 0.013002698330194263
1632 0.044898482911031726
1740 0.6255319934359146
1742 0.024372486198482663
1818 0.033211169114975396
1885 0.0590970254486171
1895 0.019390555025210678
1905 0.02569402222338493
1929 0.021233319246712803
1958 0.0838802616873674
2108 0.19235532518491844
2166 0.045898444527558195
2258 0.04540801455185875
2287 0.02626621922607724
2371 0.041365682158036085
2378 0.03976145388821297
2382 0.08341560987673553
2620 0.04244227063258383
2627 0.035092168843985125
2630 0.010008653182071392
2656 0.09891325361785618
2660 0.1417611535032162
2677 0.044197916312383914
2895 0.041832624607016596
3049 0.04037768465830798
3201 0.07892960029427229
3270 0.021169245142352324
3330 0.06410061450058269
3591 0.01500672024028086
3609 0.025509189868639495
3643 0.06573578488937669
3661 0.021233319246712803
3814 0.09953516682783506
3918 0.03269692930721774
4036 0.06255319934359146
4320 0.018746801067613544
4356 0.01621313762865508
4410 0.013132931216220944
4414 0.1220942202228368
4451 0.04090283378089558
4588 0.06742440285663373
4624 0.00449852505341782
4761 0.168158315345334
4820 0.022883524863467352
4827 0.015045042014688214
4861 0.017920602472433503
5013 0.02616894042663871
5022 0.336316630690668
5242 0.0590970254486171
5297 0.022737012485585333
5311 0.0590970254486171
5319 0.039464800147136145
5323 0.08643525556637469
5400 0.05237387631042357
5532 0.05076964804060046
5641 0.03889260314444382
5667 0.10291227562896722
5672 0.045898444527558195
5681 0.06978050075034141
5769 0.034304091876322405
5802 0.022403494779492526
6034 0.025327158112097823
6041 0.03269986360649929
6063 0.035092168843985125
6083 0.054225821935574826
6122 0.03189326101282157
6150 0.025237166185018405
6180 0.046515637754380335
6186 0.030847917981348043
6398 0.02636429214694847
6403 0.037571067119541564
6500 0.06474358611226287
6533 0.04808883129622961
6584 0.016909788777001774
6612 0.084079157672667
6619 0.05237387631042357
7083 0.03660944474805816
7150 0.022957456580414756
7208 0.02707417847563018
7380 0.05641620870424623
7394 0.033038304750019454
7471 0.03205030725029134
7505 0.053264199564091425
7537 0.014215518928654487
7580 0.02541782922995619
7725 0.05076964804060046
7726 0.044483414909490294
7788 0.10153929608120092
7817 0.029886295609864645
7832 0.05076964804060046
7952 0.019666530321497223
7986 0.08217523225912102
8012 0.05076964804060046
8156 0.021105510955263505
8272 0.09281950007206859
8324 0.0246871106727765
8364 0.049081030073343426
8385 0.028753259735825487
8432 0.044483414909490294
8437 0.04207258404598945
8447 0.025601250595670675
8515 0.04272500369441629
8748 0.0590970254486171
8753 0.025601250595670675
8863 0.06938333910993019
8914 0.05641620870424623
8945 0.0708805767516081
9040 0.045898444527558195
9103 0.0590970254486171
9194 0.053264199564091425
9273 0.017507159470868422
9338 0.03910137717050869
9433 0.04208422619580772
9473 0.03143407648019634
9625 0.02462541903732669
9626 0.17621694303552293
9664 0.018437414027951862
9675 0.017841563018622077
9838 0.084079157672667
9898 0.014015702537053334
9964 0.054225821935574826
10282 0.060701253718440214
10624 0.03782399995838558
10885 0.168158315345334
10903 0.048705062066324606
10914 0.027499492486553367
10951 0.006717664606671583
10980 0.028053224876404416
10988 0.028457944065261833
11036 0.00958707076493194
11043 0.06742440285663373
11158 0.046943787559031724
11219 0.03113742273911951
11300 0.021558918201848007
11332 0.022796940120742307
11591 0.084079157672667
11875 0.042986177267812405
11893 0.01469942611225923
12078 0.02569402222338493
12089 0.05101837973727899
12129 0.03205030725029134
12138 0.02462541903732669
12204 0.02876121229479582
12229 0.039464800147136145
12265 0.007676088823979259
