392
45 0.0608441992031497
88 0.030713509037001374
104 0.01819833157960879
106 0.02172339635321768
107 0.035245601651984586
137 0.028773525900435467
203 0.022427331622571177
214 0.02307967848413639
230 0.01683060825018904
232 0.046851940000124465
264 0.09370388000024893
319 0.04732675897956717
336 0.02899363587114744
337 0.019368442154246508
344 0.03612277143457567
373 0.018661232970542042
374 0.01968366616442795
380 0.026661381109239476
404 0.029219463618754923
429 0.05511690484170818
435 0.010915221771458447
450 0.0165065752366555
457 0.026661381109239476
474 0.03999718675272222
495 0.021253342448959354
547 0.015412187552973045
561 0.042765785103460706
562 0.043926690934563875
566 0.031874414868104536
576 0.018134169816389042
578 0.03621258391607804
628 0.014956906599518708
642 0.01929507564749221
711 0.012669121906214246
769 0.018402132765000054
846 0.07210016294173559
937 0.020466424578297008
938 0.0196344786948159
952 0.03581190066804838
1064 0.024160307849618708
1132 0.04174179358947258
1151 0.042765785103460706
1205 0.01253380587561097
1348 0.045266858363081475
1373 0.04708692401972758
1435 0.045266858363081475
1468 0.06517018905965304
1481 0.02794491068626289
1492 0.030713509037001374
1536 0.013342304121016843
1543 0.03399453838003207
1577 0.031874414868104536
1587 0.0208947811390451
1596 0.02683354276386957
1628 0.040825801966894795
1632 0.03249095630564461
1726 0.026004927549696986
1740 0.13580057508924442
1759 0.06036402034082519
1811 0.045266858363081475
1814 0.02982532568535252
1876 0.03321458229662215
1890 0.08785338186912775
1901 0.025104757368166745
1920 0.029219463618754923
1929 0.015365571465650561
1936 0.03098952839304127
1958 0.16996074864743038
1971 0.01253380587561097
1980 0.03397104871949256
2011 0.042765785103460706
2020 0.043926690934563875
2101 0.03999718675272222
2105 0.0197448593643067
2108 0.1043989918009954
2146 0.03397104871949256
2154 0.020383228924700077
2177 0.025104757368166745
2202 0.048320615699237415
2236 0.045266858363081475
2237 0.03571565555624292
2257 0.04174179358947258
2279 0.030186445882848374
2287 0.15206118797021015
2298 0.023663379489783583
2362 0.0227473878672058
2371 0.029934431731538636
2382 0.015091005085206298
2454 0.029219463618754923
2456 0.04076645784940015
2541 0.019592331251058522
2627 0.025394580187476173
2630 0.014485599162065758
2644 0.016453724742858427
2650 0.10491522316374187
2656 0.014315789723742622
2660 0.051292996396311144
2675 0.0205504240670807
2677 0.015991994323636315
2704 0.01915017430229474
2708 0.045266858363081475
2781 0.015697258319988017
2849 0.1282973553103821
2938 0.02063524307600981
2984 0.023308477990260677
3048 0.03251870064475633
3201 0.05711770260622966
3239 0.011825023376361946
3330 0.023193325585525257
3332 0.015459054941171568
3442 0.023899337889002878
3454 0.03285968079709923
3478 0.05481806116992004
3484 0.024289108419568765
3486 0.046851940000124465
3524 0.03999718675272222
3544 0.022220324713052807
3585 0.046851940000124465
3588 0.0379005529013342
3596 0.027749534386447346
3616 0.0821144401953048
3643 0.047569948383115915
3697 0.03044598394588366
3721 0.015412187552973045
3737 0.019592331251058522
3753 0.031274599160056246
3757 0.045266858363081475
3803 0.0394897187286134
3814 0.07202899845606212
3829 0.038544838677986
3871 0.05481806116992004
3878 0.042876651172405425
3887 0.029649690263587113
3890 0.0496485706417735
3904 0.03924072032985181
3918 0.007887085357684677
3962 0.023663379489783583
4014 0.027749534386447346
4081 0.1346051558842038
4088 0.038544838677986
4105 0.012076127602561612
4124 0.0294513141441968
4134 0.09664123139847483
4145 0.028773525900435467
4169 0.014112176682945024
4195 0.02354346200986379
4297 0.020383228924700077
4356 0.011732698125098626
4381 0.016297074028036315
4414 0.0294513141441968
4448 0.02307967848413639
4451 0.009866496586573894
4453 0.022967497837917777
4455 0.03730073719328591
4473 0.024419845912653993
4491 0.03621258391607804
4492 0.051292996396311144
4520 0.05481806116992004
4570 0.0227473878672058
4589 0.05711770260622966
4624 0.009766123806904859
4655 0.01900764849627627
4708 0.0208947811390451
4736 0.05481806116992004
4778 0.03285968079709923
4794 0.08348358717894516
4817 0.09370388000024893
4839 0.029934431731538636
4861 0.038904934475610144
4883 0.025394580187476173
4904 0.031274599160056246
4926 0.01782027725826304
4930 0.04174179358947258
4941 0.010695111800746475
5001 0.034924029103586995
5005 0.022922926499292593
5013 0.01893725232658194
5023 0.042765785103460706
5041 0.025248461126826577
5043 0.043926690934563875
5069 0.04685035222193427
5121 0.030713509037001374
5129 0.02794491068626289
5190 0.03924072032985181
5224 0.034384389748938884
5250 0.02700918266597804
5253 0.054742960130203196
5297 0.032907449485716854
5371 0.03156933516370454
5420 0.046851940000124465
5425 0.047548491117456605
5472 0.02354346200986379
5500 0.03044598394588366
5515 0.026004927549696986
5525 0.025848276834874874
5541 0.02968951752301325
5622 0.01819833157960879
5633 0.03924072032985181
5667 0.0496485706417735
5695 0.0379005529013342
5700 0.02063524307600981
5769 0.02482428532088675
5796 0.06197905678608254
5802 0.016212373398375522
5845 0.01694135980468811
5930 0.033584590454083754
6001 0.022427331622571177
6010 0.01672124983397614
6013 0.045273015255618894
6034 0.036656186766797515
6057 0.022454541035759838
6068 0.015001376668122207
6079 0.025752257631465235
6107 0.03924072032985181
6116 0.048791923136690375
6129 0.051292996396311144
6136 0.03156933516370454
6143 0.035245601651984586
6146 0.027749534386447346
6175 0.043926690934563875
6198 0.04214442681768991
6214 0.014032048194472957
6224 0.03397104871949256
6347 0.09758384627338075
6360 0.02274580008901561
6410 0.012012668346671754
6436 0.02871418178294082
6481 0.033584590454083754
6604 0.23544432197911086
6630 0.021532314387624426
6656 0.048791923136690375
6719 0.027749534386447346
6747 0.016042103277665178
6778 0.011794139225033373
6785 0.03621258391607804
6847 0.1282973553103821
6854 0.09053371672616295
6880 0.045266858363081475
6892 0.03251870064475633
6904 0.03924072032985181
6937 0.030713509037001374
6952 0.02428010694963291
7083 0.02649256261152667
7102 0.01900764849627627
7105 0.04174179358947258
7121 0.0227473878672058
7176 0.020750111112223697
7180 0.07143131111248584
7185 0.02700918266597804
7187 0.14637576941007113
7193 0.013566193217828856
7392 0.040825801966894795
7438 0.038544838677986
7483 0.00957505434294084
7484 0.00688497626012261
7507 0.012635094937312378
7537 0.03086134148150642
7542 0.00996585629040665
7580 0.07357483151769732
7725 0.03673964707023104
7733 0.03479966393366513
7817 0.23790063450340193
7833 0.013196185060367245
7837 0.025248461126826577
7844 0.08567655390934449
7877 0.042765785103460706
7904 0.0379005529013342
7934 0.03924072032985181
7951 0.018867421594073997
7952 0.0071158793786593654
7986 0.03964427760329041
8006 0.03251870064475633
8117 0.07347929414046207
8118 0.06197905678608254
8168 0.0379005529013342
8179 0.045266858363081475
8224 0.013342304121016843
8272 0.033584590454083754
8324 0.0357298412853372
8364 0.26638254237492437
8378 0.030713509037001374
8380 0.0208947811390451
8438 0.15062854420900046
8447 0.018526441441731104
8556 0.02838610112681182
8592 0.03156933516370454
8601 0.0664291645932443
8625 0.021627330409400174
8682 0.02482428532088675
8753 0.018526441441731104
8774 0.04464642412253196
8828 0.0197448593643067
8873 0.01711017830240092
8890 0.020907943593031535
8916 0.046851940000124465
8923 0.028773525900435467
8950 0.01922232309359691
8956 0.025848276834874874
8966 0.035245601651984586
8972 0.02232321206126598
8996 0.025694398845146033
9027 0.02675844172415273
9059 0.048791923136690375
9076 0.030186445882848374
9099 0.014737905612730208
9109 0.06037289176569675
9148 0.026004927549696986
9160 0.023308477990260677
9163 0.048791923136690375
9169 0.027371480065101598
9175 0.05437688852678496
9182 0.025394580187476173
9194 0.038544838677986
9211 0.03044598394588366
9212 0.08348358717894516
9338 0.017684911810591702
9385 0.02354346200986379
9433 0.030454408831459383
9438 0.02390829369830897
9444 0.020720897753652625
9453 0.024289108419568765
9567 0.022220324713052807
9568 0.016348977940150677
9614 0.018661232970542042
9625 0.05346083177478912
9626 0.14877339714271548
9656 0.015319203998642268
9669 0.06089196789176732
9675 0.012911114293352276
9682 0.04174179358947258
9804 0.04214442681768991
9865 0.036656186766797515
9898 0.030427547827841378
9923 0.016245478152822304
9966 0.02968951752301325
10018 0.06875097625545062
10132 0.05366708552773914
10161 0.16696717435789032
10195 0.046386651171050515
10276 0.02390829369830897
10280 0.02700918266597804
10367 0.043926690934563875
10420 0.01589263461980356
10460 0.015843377380637614
10514 0.0608441992031497
10569 0.043926690934563875
10649 0.05986886346307727
10693 0.03621258391607804
10695 0.03285968079709923
10708 0.048791923136690375
10710 0.10963612233984008
10808 0.02855885130311483
10818 0.023663379489783583
10879 0.04174179358947258
10881 0.03759629457531417
10901 0.06571936159419846
10903 0.07049120330396917
10909 0.020983044632748374
10960 0.013680337694969815
11036 0.01387543975326576
11098 0.04174179358947258
11106 0.01550617635439476
11142 0.0417895622780902
11155 0.03999718675272222
11156 0.027749534386447346
11219 0.022532713269885166
11222 0.04174179358947258
11300 0.015601192376170506
11319 0.03815121702898554
11332 0.024745637402709773
11406 0.048791923136690375
11634 0.02205480483535412
11773 0.031274599160056246
11811 0.03098952839304127
11893 0.03191188525085678
11921 0.02354346200986379
11930 0.01491266284267626
12001 0.042765785103460706
12005 0.051292996396311144
12021 0.012911114293352276
12024 0.016775757093753695
12051 0.014737905612730208
12066 0.24671921156389212
12089 0.01845982134979252
12098 0.017697826227558524
12109 0.028144778786465745
12119 0.03621258391607804
12159 0.02855885130311483
12180 0.01782027725826304
12186 0.013052481301707417
12201 0.03251870064475633
12265 0.027774152978883575
