79
198 0.09353993402360682
344 0.024689360229724174
374 0.03363370979545271
422 0.09291442320814829
425 0.1274724087916767
705 0.11477276229904117
706 0.08086778467899088
931 0.07811117755635222
952 0.030596106036116656
1320 0.15469601697342045
1995 0.09230181044642582
2099 0.07457000729137325
2435 0.11892518273241005
3014 0.10590433671884857
3104 0.12555492632572973
3269 0.05347957404678535
3344 0.11609345378387276
3591 0.03711208816441927
3595 0.07593625564633365
3819 0.13238033142082037
3892 0.09618262310015287
4105 0.08253847994464143
4381 0.05569400068007227
4446 0.06241230072141164
4473 0.0834529506662913
4502 0.07201267331202331
4778 0.11229543913909039
4838 0.1341021523849964
4861 0.014772736664366464
4941 0.03654972437871385
5015 0.12555492632572973
5035 0.07887303125579674
5124 0.16674265550257786
5703 0.1501160975629259
5839 0.10892836838607778
5842 0.044242786213104124
6162 0.06811509919640328
6476 0.1100088753266816
6533 0.11892518273241005
6560 0.08170476020433405
6616 0.0714063121371339
6638 0.055168134450964953
7537 0.017577711296539855
7552 0.08210474566392252
7558 0.07965493602150896
7625 0.08997036646488708
7861 0.061110895615909995
7878 0.08886984560212903
8005 0.1997105521954076
8112 0.18925507137796987
8196 0.15469601697342045
8546 0.11113016561797816
8612 0.1100088753266816
8723 0.06965812167517665
9099 0.10073132438450849
9333 0.10788578189263119
9381 0.10687854420325267
9563 0.05465141418662569
9579 0.5147614982408716
9656 0.05235220484675872
9664 0.1367889033659584
9925 0.10315986382807736
9949 0.08729191730420714
10226 0.08678403029883423
10963 0.06089943090602538
10980 0.06937650187646302
10988 0.035188692539667915
11018 0.1366873183722968
11035 0.1274724087916767
11036 0.023709125629706663
11067 0.03692344837950411
11068 0.11747559444534443
11319 0.03725110240214309
11736 0.04105237283196126
11893 0.018176070090926193
11922 0.1752898815618445
11977 0.07614736466486327
12113 0.07558875851172883
12186 0.04460585386329717
