167
8 0.10116933234988802
84 0.034572830735992405
246 0.08226894625337196
343 0.03091465626205687
344 0.02706129033121034
435 0.020442782603348083
628 0.028012329610384884
682 0.04783906702639462
887 0.028690865248332968
952 0.016767751386506866
1029 0.036137152779456075
1064 0.04524909629332489
1069 0.15635383864663333
1249 0.07646138683126877
1481 0.05233716235826146
1586 0.04783906702639462
1595 0.04161576163963246
1632 0.0912769667311706
1664 0.03444900885401985
1742 0.03303224619419843
1752 0.07490949892282057
1759 0.08479043559964389
1770 0.06362333064054103
1896 0.044093824722493166
1958 0.11368366084307831
1971 0.023474178910195986
2099 0.04086700907872953
2110 0.04343806499959109
2228 0.059696609688812824
2274 0.05126320181289209
2360 0.0622065679807196
2362 0.04260288198443008
2460 0.049002597536795506
2630 0.013564816214896948
2663 0.07098277797109238
2757 0.028690865248332968
2771 0.07098277797109238
2858 0.06985940160930672
3136 0.07817691932331666
3239 0.02214672200198243
3332 0.02895278777037237
3407 0.03727030548438232
3453 0.05161337657814318
3580 0.05025571561301722
3588 0.07098277797109238
3597 0.037566359076880836
3616 0.05126320181289209
3673 0.05606327503512039
3741 0.05161337657814318
3892 0.052711489166029586
3918 0.01477147919823294
3962 0.04431841447647798
4081 0.02291798634841736
4195 0.044093824722493166
4198 0.08400691700690138
4205 0.04431841447647798
4297 0.038175121530878785
4353 0.22790645266359977
4356 0.04394761776609386
4380 0.07349273626299915
4431 0.027202087880179523
4446 0.03420415463069692
4485 0.10184079939688008
4624 0.01219378161629798
4794 0.07817691932331666
4861 0.0323839347914446
4921 0.09138088976724078
4991 0.058573233327027165
5001 0.02180271274818805
5224 0.021465821440426486
5253 0.05126320181289209
5293 0.05092039969844004
5438 0.06689075104103712
5502 0.13035043709797842
5642 0.22790645266359977
5842 0.0242466161867787
5845 0.031728950885627646
6008 0.02507500414563051
6034 0.06865224297144454
6068 0.028095616231935207
6198 0.039465499346497984
6281 0.03444900885401985
6360 0.021299954141785243
6409 0.027847023632057804
6436 0.026888953248599225
6437 0.041050994075981895
6452 0.01880572013792958
6481 0.12579908972084547
6525 0.07349273626299915
6587 0.058573233327027165
6747 0.03004476103850598
6791 0.028348063133880913
6828 0.036836079777629045
6934 0.036693873642171186
7035 0.06451874469705426
7150 0.031114444032553895
7259 0.03314571354544907
7262 0.04906966595043974
7272 0.018478657511422778
7481 0.06880855320268164
7483 0.017932824311441314
7484 0.012894659940206865
7496 0.05092039969844004
7536 0.03384364177048807
7537 0.0192664185838717
7723 0.10266705804952034
7756 0.23429293330810866
7817 0.2025258043800022
7886 0.08477890454527873
7952 0.026654222555506386
7990 0.060288765819075066
8324 0.0446115460373698
8346 0.057522384920402084
8369 0.04783906702639462
8438 0.047017926702066504
8473 0.030815674200327423
8556 0.02658172717156493
8569 0.14981899784564115
8582 0.04930695217408839
8592 0.05912523530867419
8626 0.06985940160930672
8727 0.03896954733073765
8754 0.03314571354544907
8774 0.04180845618457122
8800 0.060288765819075066
8890 0.01957892173446415
9076 0.5088173811804401
9228 0.06880855320268164
9305 0.11395322633179988
9338 0.006624305306350237
9445 0.02995891452597728
9789 0.052711489166029586
9898 0.018995605660345805
10065 0.05653526457560445
10191 0.048122248059908605
10192 0.13161687211903308
10318 0.010151891004769108
10649 0.05606327503512039
10695 0.12308376779059355
10808 0.053486992826615995
10940 0.11395322633179988
10960 0.025621483034814086
11036 0.012993441834758307
11101 0.0383309361075897
11103 0.02643026097223638
11132 0.05702134541857897
11145 0.036693873642171186
11154 0.04431841447647798
11155 0.07490949892282057
11217 0.039656551500548656
11219 0.04220082454433643
11332 0.015448447327249704
11408 0.07817691932331666
11497 0.017404696966053405
11582 0.10266705804952034
11634 0.041305764559667044
11698 0.06289954486042273
11736 0.04499631297263495
11893 0.01328150818096965
12021 0.04836165644497286
12024 0.06283759733969356
12064 0.030522287902291657
12089 0.034572830735992405
12204 0.012993441834758307
12265 0.041613884406754294
12274 0.04549032291297648
12286 0.12151548262800133
