286
26 0.015151223477151159
65 0.03626792075264177
76 0.01306535912140977
88 0.02282990790645583
90 0.019329933950510317
106 0.08073697107711175
132 0.01456333490242288
137 0.021387883281574316
207 0.024689000988775165
214 0.03431108660808931
268 0.034825896127760256
319 0.017589418840303864
337 0.014396914079086802
344 0.010740284272745296
429 0.020484697142699706
435 0.008113482165802937
478 0.03797344272337319
547 0.011456158332397182
552 0.04125346366163533
642 0.028684758849902695
677 0.014734155019713339
711 0.01883437584589143
744 0.012152491605197538
846 0.03572890521924745
847 0.03034655851236494
854 0.019448511922623198
937 0.015213064314274235
956 0.01259281978119825
960 0.03178858313724646
979 0.00854160677335281
1023 0.01540221883748528
1029 0.014342379424951347
1213 0.02691746992708915
1347 0.013973003568956689
1356 0.018876251694482114
1360 0.09045319196686478
1364 0.0326515054812946
1365 0.04522659598343239
1416 0.02346605897708191
1468 0.08073697107711175
1521 0.02282990790645583
1552 0.14438712281572366
1564 0.01855574048086848
1571 0.026198694484991864
1596 0.019945858656692805
1632 0.0241511166749759
1664 0.013672376426920537
1686 0.04522659598343239
1726 0.019329933950510317
1742 0.02622016244981711
1744 0.026548094071094493
1761 0.06965179225552051
1901 0.018660821140257508
1905 0.013820942008130173
1958 0.01804784353852966
2052 0.024964034758095017
2096 0.015866379586661983
2110 0.051720057762603716
2129 0.015213064314274235
2177 0.018660821140257508
2227 0.013721519767659087
2257 0.031027431686489804
2266 0.02016799457405513
2274 0.020345717202057297
2321 0.04522659598343239
2326 0.02772631397928896
2362 0.033817091332358
2373 0.00631682742586939
2456 0.015151223477151159
2470 0.0326515054812946
2520 0.04522659598343239
2606 0.04522659598343239
2630 0.005383704194160721
2645 0.01956930643331524
2768 0.03159598925863945
2850 0.04522659598343239
2869 0.034825896127760256
2900 0.015029289328300059
2938 0.015338550163222539
2979 0.03034655851236494
2986 0.06205486337297961
3112 0.05963845339812073
3182 0.04522659598343239
3239 0.008789754187605123
3265 0.04522659598343239
3323 0.04277576656314863
3332 0.01149099571145079
3389 0.022438132311693837
3453 0.020484697142699706
3484 0.018054534494271992
3548 0.017412357951727617
3624 0.021387883281574316
3633 0.024964034758095017
3720 0.03626792075264177
3725 0.014850596335115006
3732 0.024689000988775165
3759 0.03174066071218441
3812 0.0381270138349611
3814 0.06692557497114204
3817 0.06965179225552051
3819 0.014396914079086802
3829 0.02865107716046017
3889 0.0424566235254201
3890 0.05535702355305601
4081 0.009095859263481368
4098 0.03626792075264177
4101 0.009917576463691489
4102 0.03178858313724646
4134 0.035917589392597045
4170 0.033817091332358
4205 0.03517883768060773
4309 0.03034655851236494
4320 0.010083997287027566
4324 0.04522659598343239
4334 0.0381270138349611
4382 0.01456333490242288
4447 0.029730633806182457
4463 0.034825896127760256
4589 0.0424566235254201
4624 0.01451867364592423
4676 0.012230351802039024
4729 0.03178858313724646
4772 0.010796165041264703
4809 0.031027431686489804
4827 0.01618560546006208
4861 0.04819790482177538
4872 0.02146745339775784
5005 0.008519513356400249
5129 0.02077195857539183
5138 0.02369283025050397
5155 0.022631051657711163
5183 0.021551495011988876
5224 0.008519513356400249
5310 0.015935495947792498
5354 0.03465122824723365
5423 0.044876264623387674
5425 0.008835913799321202
5691 0.03034655851236494
5844 0.05461849104370229
6008 0.009951952378033308
6023 0.019817887778617854
6034 0.027247207965708124
6057 0.008345433654463667
6063 0.018876251694482114
6084 0.018054534494271992
6143 0.026198694484991864
6150 0.013575196878876681
6154 0.03626792075264177
6214 0.010430275734134868
6281 0.013672376426920537
6360 0.00845368272093699
6410 0.01785846818967636
6436 0.010671885861755846
6452 0.02985501101580634
6507 0.01651677007141701
6508 0.1131552582885558
6525 0.029168338604170476
6584 0.03638343705392547
6630 0.03201071905460879
6657 0.010827611907037913
6686 0.02865107716046017
6698 0.016828267389547215
6719 0.04125346366163533
6785 0.8075240978126745
6791 0.033752964427767665
6804 0.021719356869596553
6843 0.04522659598343239
6877 0.02282990790645583
6952 0.00902392176926483
6966 0.04450161125124491
7025 0.010610631202524612
7042 0.01898733190712275
7176 0.007711966828181144
7259 0.013155114983210234
7364 0.0381270138349611
7400 0.03626792075264177
7452 0.020626731830817664
7481 0.027309245521851145
7483 0.007117311427531744
7484 0.005117727634682541
7537 0.0038232990736186737
7542 0.007407801597819987
7560 0.021072585717427986
7616 0.05050259238157429
7708 0.03034655851236494
7817 0.12860789326657898
7858 0.03034655851236494
7861 0.013292130394831826
7939 0.026198694484991864
7952 0.010578724214971842
8027 0.0381270138349611
8028 0.10880376225792532
8092 0.010459987594125988
8098 0.009519361089458667
8117 0.027309245521851145
8118 0.046070156192527585
8124 0.017958794696298522
8312 0.013871232675665207
8324 0.022132198817188923
8326 0.020683902208233854
8364 0.026400929540941573
8395 0.045262103315422325
8398 0.02817216786589928
8414 0.020484697142699706
8437 0.022631051657711163
8438 0.018660821140257508
8442 0.08149451673607418
8455 0.015597077363761477
8473 0.03669105540611707
8498 0.025251296190787146
8558 0.022068756455699178
8753 0.01377103968939272
8834 0.0326515054812946
8843 0.029168338604170476
8847 0.03626792075264177
8863 0.018660821140257508
8873 0.025436611260293118
8900 0.02865107716046017
8929 0.04074725836803709
8956 0.019213492635108655
8963 0.15331153999693978
8985 0.019945858656692805
8996 0.019099112336520573
9001 0.02346605897708191
9027 0.00994501734638516
9077 0.02007641497915679
9338 0.0236619278334416
9383 0.03178858313724646
9445 0.00792687647370541
9485 0.038897023845246397
9498 0.029168338604170476
9503 0.02189169556712293
9558 0.0381270138349611
9575 0.05508714511129611
9618 0.013973003568956689
9626 0.015797994629319724
9656 0.011387041971266674
9675 0.009597065250077854
9718 0.09045319196686478
9771 0.03178858313724646
9821 0.011352759035880707
9923 0.01207555833748795
10116 0.015866379586661983
10135 0.019213492635108655
10144 0.018054534494271992
10191 0.019099112336520573
10218 0.02305204382381816
10328 0.026548094071094493
10460 0.02355333909202164
10523 0.03626792075264177
10571 0.015730325757984536
10576 0.015866379586661983
10735 0.02772631397928896
10749 0.007501324477018987
10781 0.024171739545064855
10828 0.0381270138349611
10960 0.03050652883678475
11036 0.005156932920738662
11262 0.027309245521851145
11303 0.04522659598343239
11416 0.02817216786589928
11499 0.07300150921915213
11510 0.046070156192527585
11634 0.008196868073254029
11692 0.031027431686489804
11764 0.032151973316644746
11811 0.046070156192527585
11818 0.018660821140257508
11820 0.0381270138349611
11893 0.006589078518083837
11918 0.0979545164438838
11921 0.03500056400828687
11929 0.008653221260572247
11946 0.03364767621956579
11987 0.03178858313724646
12051 0.010954952345800698
12064 0.01211391048663736
12105 0.012718305630146559
12138 0.013246135053586005
12177 0.007929707179828759
12186 0.009702145909466884
12201 0.024171739545064855
12204 0.010313865841477324
12229 0.0424566235254201
12265 0.008258012510701183
12291 0.016441186541206156
