316
103 0.01944964147593843
127 0.04444615698849713
150 0.04941725779825147
186 0.06450270744293783
198 0.05539033667677312
210 0.014653447534029175
219 0.06156372747610503
330 0.018544836828976695
335 0.03919497700806326
337 0.01959748850403163
352 0.04338369971889352
422 0.05501993600218565
456 0.012547209699106578
479 0.043195533409744906
496 0.015133783233861013
503 0.03613801996067936
513 0.027328586500889228
548 0.03437278184008152
702 0.04223542159419347
705 0.03398175341594073
706 0.02394321669365115
744 0.016542316861788624
777 0.03834875535498302
819 0.03164444474296665
884 0.03970477126812104
887 0.015500365071358348
889 0.07434824188409721
932 0.03135600280040254
938 0.00993333556307585
952 0.07247080648618164
979 0.01162707783259607
992 0.03135600280040254
1023 0.020965937904891856
1029 0.0780930175333164
1057 0.046935208099112766
1064 0.024446021603908786
1137 0.05546632584259093
1184 0.031000730142716697
1293 0.045802172901635144
1450 0.022483096712268502
1462 0.04130859768392242
1474 0.04444615698849713
1564 0.025258601166888432
1596 0.05430173905050785
1684 0.02269255163369345
1698 0.01778493806216519
1736 0.042283755183368125
1812 0.05546632584259093
1997 0.03774184637648075
2080 0.024961135562288034
2081 0.036640824870937005
2084 0.03324827115876803
2099 0.04415715975185722
2110 0.023467604049556383
2126 0.02911379441689421
2138 0.04740599931743653
2177 0.05080327989221197
2278 0.015785688172869048
2356 0.03623540324309082
2378 0.02911379441689421
2382 0.04580840260404289
2428 0.027150869525253925
2461 0.051899574535149255
2480 0.02054089430629841
2596 0.02079344823916514
2701 0.035814232582963304
2713 0.04047018347359563
2739 0.030040618327165258
2762 0.04936892420907683
2781 0.01588289016849676
2889 0.03194266622083369
3104 0.037174120942048604
3112 0.02029538931828563
3175 0.027509968001092826
3243 0.03900066029399105
3279 0.032571268653237694
3308 0.027328586500889228
3344 0.03437278184008152
3347 0.02554704310945254
3452 0.03194266622083369
3472 0.03669723994078936
3490 0.028275380206567415
3515 0.06156372747610503
3539 0.08308550501515968
3544 0.022483096712268502
3591 0.010988093372433226
3597 0.02029538931828563
3599 0.021786950148912524
3634 0.04223542159419347
3643 0.024066249343938514
3654 0.03324827115876803
3668 0.02788435178242663
3677 0.028477611896904436
3686 0.02956500568307049
3721 0.01559444822593265
3737 0.019824025257272237
3765 0.015834154913099842
3819 0.07838995401612651
3820 0.025258601166888432
3830 0.09162846284912764
3874 0.029799598014803513
3882 0.025258601166888432
3887 0.04500048012080443
3891 0.014319883738235938
3892 0.0854328356907133
3918 0.03192142422123568
3959 0.05546632584259093
4009 0.05546632584259093
4023 0.04444615698849713
4033 0.02045829566094126
4048 0.009640085371636098
4095 0.037174120942048604
4105 0.012218936865427375
4170 0.0230163927833801
4259 0.1299912718781441
4289 0.02198029180201086
4292 0.06156372747610503
4356 0.0356143382307309
4410 0.019232166942145648
4429 0.023702196381289405
4431 0.02939209321130207
4446 0.03695788740730288
4502 0.02132140813110251
4504 0.036640824870937005
4600 0.05430173905050785
4616 0.030806030532639844
4624 0.023057102933626776
4676 0.016648302373971347
4690 0.03398175341594073
4699 0.03556987612433038
4719 0.03774184637648075
4820 0.033511160848490706
4829 0.04936892420907683
4838 0.11911431380436312
4850 0.03774184637648075
4851 0.043271522575562715
4861 0.07873002898880123
4907 0.01959748850403163
4941 0.010821589516351891
5015 0.037174120942048604
5035 0.023352612985987724
5224 0.023194007291399792
5337 0.019161199533374328
5351 0.02394321669365115
5522 0.03900066029399105
5769 0.050235702213171134
5833 0.026473867019723585
5842 0.026198680268941243
6008 0.013546880341842602
6031 0.04047018347359563
6055 0.015931896930895313
6085 0.04740599931743653
6155 0.02198029180201086
6162 0.05041855006424848
6202 0.04444615698849713
6209 0.0168097140787678
6251 0.027000173741035048
6258 0.05631103075529211
6277 0.02312704444485519
6279 0.025258601166888432
6280 0.03497343316859629
6409 0.030088951916339916
6410 0.036464181468775884
6426 0.06156372747610503
6476 0.032571268653237694
6533 0.4929567447057165
6560 0.2419102719631452
6649 0.032251353721468916
6662 0.04936892420907683
6664 0.02584526458731958
6665 0.06156372747610503
6830 0.04130859768392242
6854 0.045802172901635144
6900 0.036640824870937005
6923 0.04043010736282604
7025 0.014443492672784304
7042 0.02584609567911471
7150 0.0168097140787678
7205 0.015834154913099842
7209 0.04936892420907683
7238 0.04936892420907683
7248 0.04740599931743653
7254 0.02290711571228191
7259 0.05372134887444495
7328 0.02769516833838656
7396 0.04559835899599169
7463 0.0356624073165846
7492 0.03834875535498302
7507 0.01278451440799218
7537 0.005204383330421972
7542 0.020167420025699392
7552 0.012154727156258626
7559 0.03164444474296665
7745 0.030543423237422894
7854 0.022799179497995845
7878 0.026312455314927125
7911 0.0200565504544407
7960 0.06156372747610503
7964 0.03834875535498302
8005 0.05913001136614098
8043 0.03164444474296665
8098 0.012958024788616749
8112 0.11206873546400933
8113 0.026473867019723585
8156 0.030907396331259576
8196 0.045802172901635144
8224 0.013500086870517524
8312 0.018881916041506287
8321 0.025401639946105985
8329 0.023702196381289405
8337 0.028684602414027247
8453 0.02788435178242663
8546 0.0658065173209539
8564 0.03900066029399105
8571 0.025117851106585567
8592 0.03194266622083369
8612 0.09771380595971307
8633 0.01902044947307146
8682 0.025117851106585567
8722 0.0310767193085345
8774 0.02258720078051314
8880 0.024979317675020395
8894 0.04740599931743653
8932 0.032251353721468916
8966 0.0356624073165846
8969 0.021141877591684063
8999 0.03834875535498302
9099 0.02982438479241953
9165 0.03324827115876803
9230 0.019978357129816122
9232 0.024979317675020395
9333 0.12777066488333477
9336 0.06156372747610503
9338 0.02147285898222208
9381 0.41137778165856637
9430 0.03774184637648075
9470 0.021597766704872453
9548 0.03521119605040832
9563 0.0485433349390914
9579 0.10160655978442394
9656 0.10850255549950842
9658 0.02965019146645157
9664 0.013500086870517524
9796 0.03478200404754135
9817 0.037174120942048604
9898 0.010262458797893134
9949 0.02584526458731958
9995 0.02911379441689421
10001 0.045802172901635144
10080 0.0356624073165846
10105 0.0401131009088814
10205 0.05546632584259093
10229 0.03834875535498302
10307 0.04444615698849713
10385 0.03613801996067936
10392 0.009520725452204615
10418 0.024708628899125736
10420 0.0160805769395392
10437 0.03324827115876803
10456 0.037174120942048604
10501 0.02394321669365115
10504 0.06156372747610503
10506 0.04223542159419347
10528 0.04444615698849713
10597 0.02982438479241953
10640 0.04936892420907683
10674 0.04740599931743653
10691 0.06156372747610503
10749 0.020422032026562648
10794 0.024576345337165545
10856 0.06156372747610503
10871 0.043271522575562715
10914 0.020135445073847735
10951 0.009837502766882496
10959 0.016542316861788624
10960 0.013842117944920048
10963 0.01803101539743078
10979 0.01841354049456919
10985 0.020624275888872848
11021 0.02087927029646711
11035 0.03774184637648075
11036 0.03509881807832829
11039 0.05546632584259093
11067 0.06559344706696184
11068 0.03478200404754135
11071 0.020965937904891856
11080 0.012090982738924425
11098 0.04223542159419347
11103 0.01427906375269537
11132 0.030806030532639844
11136 0.02788435178242663
11145 0.019824025257272237
11217 0.010712312445253695
11300 0.015785688172869048
11390 0.06156372747610503
11473 0.11911431380436312
11532 0.043271522575562715
11566 0.06156372747610503
11588 0.03194266622083369
11643 0.058673014706070545
11736 0.048618908625034506
11770 0.03618725112560083
11826 0.029799598014803513
11868 0.037174120942048604
11893 0.04125850811392091
11957 0.014443492672784304
11977 0.05636400391264085
12006 0.01861975178177577
12021 0.026127595799720443
12024 0.016974142998856738
12082 0.06156372747610503
12104 0.06796350683188146
12105 0.01731251898902544
12177 0.010794142719985475
12204 0.014039527231331317
12265 0.016861561896764594
