619
68 0.01065688867118602
76 0.009891453017975865
79 0.010617591611119923
97 0.05273161068985274
99 0.03423991221182959
106 0.024449567709601744
137 0.016192225614906523
203 0.01262092156622015
204 0.02406633248180975
264 0.02636580534492637
282 0.028864998088436823
337 0.010899539606513055
343 0.00928903156624645
344 0.01626239528456254
371 0.03084871896848965
390 0.00877952975560389
418 0.0823725771754491
428 0.021691006042282735
456 0.006978384451584325
485 0.013524725347226636
495 0.023920524526277225
504 0.020675139238469798
507 0.03084871896848965
552 0.015615977098140823
561 0.0481326649636195
562 0.0247196291684907
566 0.0358744853636216
571 0.02062817217340588
576 0.010204956112158483
578 0.020378535842178334
584 0.028864998088436823
593 0.03386307377990018
612 0.03423991221182959
639 0.04594922420317284
642 0.03257475839651831
677 0.0111548561951309
678 0.013596149355498433
682 0.01437436664153914
736 0.014290732849853003
769 0.010355751552917429
846 0.06762362673613317
848 0.02636580534492637
849 0.0823725771754491
854 0.014723976598311324
937 0.01151742631226289
938 0.00552462548312028
952 0.020153052403872582
979 0.006466634503616101
1023 0.011660630418793243
1029 0.010858252798839436
1059 0.016316091918889962
1064 0.0407884480664953
1067 0.0274575257251497
1069 0.023490083965044047
1081 0.028864998088436823
1106 0.01437436664153914
1143 0.01262092156622015
1205 0.021160098340425735
1232 0.044446281203778554
1290 0.028864998088436823
1348 0.025473804845096874
1353 0.01454604943847085
1371 0.10271973663548879
1373 0.026498041980591996
1435 0.025473804845096874
1468 0.04889913541920349
1475 0.06847982442365919
1481 0.01572592459423031
1524 0.010590288049174572
1543 0.02869550487288808
1553 0.00992531099168425
1577 0.0358744853636216
1585 0.0274575257251497
1587 0.01175848283412466
1616 0.05273161068985274
1628 0.02297461210158642
1632 0.06399469910915116
1664 0.020702020941675073
1698 0.009891453017975865
1726 0.014634204214006985
1740 0.07642141453529062
1742 0.00992531099168425
1759 0.06793938565357785
1763 0.018691418358416974
1782 0.016192225614906523
1794 0.0741588875054721
1803 0.03084871896848965
1811 0.025473804845096874
1818 0.013524725347226636
1862 0.020378535842178334
1876 0.03738283671683395
1890 0.0741588875054721
1892 0.03423991221182959
1893 0.03084871896848965
1895 0.031585992066507106
1896 0.013249020990295998
1901 0.014127635824662374
1905 0.02092697143143472
1914 0.08035709026463175
1920 0.03288635177340378
1926 0.018691418358416974
1941 0.06847982442365919
1945 0.04698016793008809
1958 0.06831782991123897
2011 0.02406633248180975
2055 0.016845522301587475
2099 0.012279448755065718
2101 0.02250831108091021
2105 0.04444546958447178
2108 0.11750051314947883
2110 0.03915594793008581
2129 0.01151742631226289
2130 0.01607141805292635
2146 0.038234235675140525
2154 0.0114706081781947
2166 0.018691418358416974
2172 0.015003621718785557
2177 0.014127635824662374
2202 0.013596149355498433
2227 0.010388215651464007
2236 0.07642141453529062
2237 0.14069223505192868
2257 0.04698016793008809
2266 0.007634339360376235
2270 0.0274575257251497
2278 0.00877952975560389
2287 0.1711440628725372
2312 0.028864998088436823
2356 0.005038263100968146
2358 0.0475151995173304
2362 0.03840309711469971
2363 0.019117117837570263
2371 0.0673820892063499
2382 0.04246211603348615
2435 0.019583418858246472
2436 0.0274575257251497
2456 0.0114706081781947
2469 0.0200988907217041
2515 0.028864998088436823
2539 0.023490083965044047
2619 0.0274575257251497
2620 0.01728394599512985
2627 0.028581465699706005
2644 0.009259290090614212
2650 0.011808152881811852
2656 0.008056172811928226
2670 0.012862573531114955
2703 0.028864998088436823
2704 0.010776709949990823
2705 0.009565168290962694
2721 0.028864998088436823
2757 0.008620841541809084
2781 0.008833590611460924
2837 0.02297461210158642
2849 0.096265329927239
2853 0.023716664749544095
2895 0.008517838628397126
2938 0.011612428475445608
2960 0.0274575257251497
2976 0.016573649156814144
3048 0.018299812798942786
3049 0.01644317588670189
3058 0.02406633248180975
3097 0.046209684085466954
3109 0.016845522301587475
3195 0.014908619555602838
3201 0.08035709026463175
3212 0.03423991221182959
3239 0.026618002544998975
3269 0.008806485513462121
3342 0.011111367396117944
3356 0.06847982442365919
3361 0.006142512188870114
3428 0.019834369130041836
3449 0.01550844622727946
3459 0.03084871896848965
3506 0.02250831108091021
3544 0.01250442897527511
3548 0.013182455913474193
3551 0.016987342598838384
3560 0.0200988907217041
3585 0.07909741603477911
3588 0.021328435925150747
3597 0.011287691259966726
3616 0.015403228028488983
3643 0.040154793995748006
3680 0.007785553179248571
3697 0.017133396957517436
3701 0.019344715045097924
3721 0.008673167791133193
3738 0.020675139238469798
3753 0.0703987919127746
3754 0.03423991221182959
3759 0.008010017208523226
3774 0.023490083965044047
3814 0.15200298155830028
3829 0.04338201208456547
3861 0.08659499426531048
3871 0.03084871896848965
3880 0.048576676844719564
3889 0.04821425415877905
3890 0.01396980092170515
3892 0.06335359935644053
3903 0.010425705932039564
3904 0.022082611601756924
3918 0.03106905500504067
3933 0.046191443178336865
3937 0.04075707168435667
3962 0.026633008470048396
3965 0.016707697478364147
4025 0.007941590111631423
4030 0.014127635824662374
4036 0.025473804845096874
4048 0.005361528457929652
4081 0.06197620544074617
4101 0.01501669272634621
4105 0.006795808875551066
4124 0.016573649156814144
4134 0.0407884480664953
4170 0.012801032371566573
4193 0.05273161068985274
4205 0.0399495127050726
4215 0.03084871896848965
4273 0.0481326649636195
4320 0.007634339360376235
4356 0.006602544845236103
4380 0.022082611601756924
4381 0.009171135315078075
4382 0.011025532603716186
4410 0.005348179315473607
4421 0.020990891221533598
4425 0.0549150514502994
4448 0.012988028037571313
4451 0.016657034592631386
4453 0.012924898675550014
4460 0.025473804845096874
4470 0.022082611601756924
4473 0.013742203714177484
4485 0.045900675345231075
4497 0.03423991221182959
4552 0.01703567725679425
4554 0.014127635824662374
4555 0.020378535842178334
4569 0.03084871896848965
4570 0.012801032371566573
4576 0.028864998088436823
4589 0.17678559858218984
4624 0.003663906898577672
4655 0.03208951178860072
4699 0.01978290603595173
4745 0.08659499426531048
4749 0.08659499426531048
4782 0.014723976598311324
4787 0.013249020990295998
4794 0.04698016793008809
4817 0.02636580534492637
4818 0.0274575257251497
4820 0.009318954948059108
4839 0.016845522301587475
4861 0.043787298000395596
4869 0.014634204214006985
4872 0.00812623306892294
4876 0.016573649156814144
4883 0.014290732849853003
4905 0.011960262263138613
4918 0.03423991221182959
4941 0.0240745835395467
5005 0.025799632545196523
5012 0.021328435925150747
5013 0.01065688867118602
5051 0.01081731149151375
5077 0.0616974379369793
5122 0.023490083965044047
5128 0.017439275157865915
5129 0.03145184918846062
5159 0.03868943009019585
5183 0.016316091918889962
5224 0.006449908136299131
5253 0.015403228028488983
5297 0.009259290090614212
5323 0.01759969797819365
5342 0.021691006042282735
5361 0.02250831108091021
5368 0.02248602194133407
5389 0.007874106866903225
5390 0.0200988907217041
5425 0.006689446911080369
5443 0.03084871896848965
5473 0.028138069281841538
5508 0.03423991221182959
5515 0.02926840842801397
5525 0.01454604943847085
5530 0.023490083965044047
5539 0.07646847135028105
5587 0.07909741603477911
5609 0.011564696802456855
5622 0.03072318892424415
5627 0.010941177795497189
5648 0.016573649156814144
5659 0.018299812798942786
5667 0.0558792036868206
5681 0.028417009469707398
5695 0.021328435925150747
5700 0.011612428475445608
5711 0.03423991221182959
5752 0.010388215651464007
5794 0.025473804845096874
5796 0.017439275157865915
5802 0.009123470259709544
5926 0.02406633248180975
5953 0.025473804845096874
5971 0.014815427067926185
5983 0.06847982442365919
5984 0.018491698478023146
6001 0.0252418431324403
6013 0.02547726962009169
6034 0.01031408608670294
6038 0.02297461210158642
6041 0.026633008470048396
6057 0.006318116795771237
6060 0.020990891221533598
6065 0.03423991221182959
6068 0.008441985051986737
6079 0.014492014885654752
6136 0.01776555988487909
6146 0.031231954196281646
6150 0.010277438292311746
6171 0.02297461210158642
6175 0.0247196291684907
6180 0.009471380287775003
6198 0.011858332374772048
6209 0.009349062474918549
6221 0.020675139238469798
6224 0.17205406053813235
6227 0.0247196291684907
6232 0.015199346125151803
6271 0.03423991221182959
6289 0.013816899175379515
6302 0.03423991221182959
6347 0.1098301029005988
6364 0.028864998088436823
6373 0.021691006042282735
6410 0.006760097347103761
6436 0.024238244804564255
6437 0.01233473135089036
6444 0.0247196291684907
6469 0.04416522320351385
6481 0.018899639470619407
6484 0.014290732849853003
6500 0.07909741603477911
6503 0.023490083965044047
6560 0.013454329058247524
6563 0.015953521801757978
6584 0.006886245048971796
6587 0.0351993959563873
6604 0.06624783480527077
6613 0.025473804845096874
6624 0.04594922420317284
6638 0.009084540883256288
6650 0.0247196291684907
6656 0.0274575257251497
6657 0.016394622372046253
6666 0.01583798422905404
6715 0.021328435925150747
6778 0.00663712066175626
6791 0.068142709027177
6841 0.03084871896848965
6847 0.0481326649636195
6880 0.025473804845096874
6884 0.03084871896848965
6900 0.020378535842178334
6904 0.022082611601756924
6910 0.02636580534492637
6934 0.04410213041486474
6952 0.06831782991123897
6980 0.10271973663548879
7000 0.023490083965044047
7025 0.008033040581246284
7083 0.014908619555602838
7094 0.0274575257251497
7112 0.06847982442365919
7113 0.03423991221182959
7121 0.012801032371566573
7150 0.009349062474918549
7176 0.03503121047724152
7187 0.0549150514502994
7188 0.011332783354971374
7205 0.008806485513462121
7256 0.014127635824662374
7259 0.009959404911363351
7262 0.024573548119862794
7277 0.02874873328307828
7353 0.0200988907217041
7380 0.02297461210158642
7382 0.014208504734853699
7457 0.028864998088436823
7459 0.02825527164932475
7471 0.013051982643361939
7480 0.021691006042282735
7481 0.020675139238469798
7482 0.010501559508449951
7483 0.010776673024527882
7486 0.02250831108091021
7507 0.007110366265110002
7536 0.010169113771083671
7537 0.02026166136442364
7552 0.006760097347103761
7560 0.015953521801757978
7580 0.05175505235418769
7725 0.020675139238469798
7730 0.022082611601756924
7756 0.01759969797819365
7777 0.0494392583369814
7817 0.024341445997887685
7837 0.028417009469707398
7844 0.0321428361058527
7877 0.02406633248180975
7889 0.018491698478023146
7901 0.03101689245455892
7904 0.021328435925150747
7909 0.06847982442365919
7948 0.028864998088436823
7951 0.010617591611119923
7952 0.008008884607775475
7975 0.025473804845096874
7986 0.0446194247805236
8006 0.018299812798942786
8040 0.018491698478023146
8064 0.020675139238469798
8092 0.00791899211452702
8118 0.19183202673652508
8156 0.008594886798312376
8166 0.008033040581246284
8168 0.021328435925150747
8169 0.012012034785149034
8223 0.019834369130041836
8225 0.012064361034473144
8238 0.028864998088436823
8252 0.005868096847274261
8324 0.023458019320447502
8342 0.018115169841651273
8360 0.020990891221533598
8364 0.15989980941721685
8374 0.015615977098140823
8377 0.05273161068985274
8378 0.01728394599512985
8382 0.02636580534492637
8385 0.011709311991343249
8395 0.017133396957517436
8411 0.058750256574739416
8421 0.019834369130041836
8437 0.017133396957517436
8438 0.07063817912331187
8441 0.10271973663548879
8447 0.020851411864079128
8453 0.01550844622727946
8476 0.016987342598838384
8482 0.03423991221182959
8498 0.019117117837570263
8512 0.016707697478364147
8514 0.013668631535651695
8582 0.014815427067926185
8592 0.03553111976975818
8601 0.03738283671683395
8625 0.012170722998943843
8626 0.020990891221533598
8651 0.032632183837779924
8659 0.04652533868183838
8696 0.06847982442365919
8719 0.013182455913474193
8753 0.010425705932039564
8774 0.012562328558418026
8800 0.054345509524953824
8828 0.03333410218835384
8868 0.02303485262452578
8890 0.005882944985150087
8916 0.02636580534492637
8929 0.09254615690546897
8950 0.01081731149151375
8972 0.025124657116836053
8996 0.014459455006649065
9027 0.00752912116158576
9059 0.0549150514502994
9076 0.016987342598838384
9103 0.07219899744542925
9109 0.016987342598838384
9117 0.014459455006649065
9148 0.02926840842801397
9151 0.012170722998943843
9160 0.039350353063891126
9162 0.0247196291684907
9163 0.1098301029005988
9169 0.015403228028488983
9175 0.015300225115077025
9182 0.05716293139941201
9194 0.021691006042282735
9212 0.07047025189513215
9256 0.02297461210158642
9273 0.014259029703764668
9338 0.005971282414418845
9368 0.02636580534492637
9383 0.02406633248180975
9385 0.013249020990295998
9419 0.03084871896848965
9433 0.008569069019798665
9438 0.026908658116495048
9474 0.023490083965044047
9508 0.0616974379369793
9567 0.02500885795055022
9568 0.009200344104371408
9575 0.0059578692315785985
9604 0.042656871850301495
9614 0.021003119016899902
9626 0.3348873433678812
9628 0.01454604943847085
9656 0.11207094004351811
9658 0.008245276841540193
9664 0.01501669272634621
9671 0.03997495235430421
9682 0.023490083965044047
9683 0.020990891221533598
9772 0.019344715045097924
9888 0.015403228028488983
9898 0.00570767402694653
9906 0.014908619555602838
9923 0.009142099872735879
9932 0.02250831108091021
10018 0.03868943009019585
10063 0.017133396957517436
10069 0.03423991221182959
10110 0.010983173398199191
10135 0.01454604943847085
10141 0.02131377734237204
10160 0.019583418858246472
10168 0.019834369130041836
10191 0.014459455006649065
10195 0.013051982643361939
10262 0.028864998088436823
10266 0.01396980092170515
10299 0.019834369130041836
10318 0.006100746209242789
10321 0.01151742631226289
10340 0.0724606793666051
10360 0.041981782443067196
10367 0.0247196291684907
10372 0.028864998088436823
10373 0.042656871850301495
10392 0.010590288049174572
10426 0.013668631535651695
10429 0.01550844622727946
10482 0.07909741603477911
10536 0.018491698478023146
10569 0.0247196291684907
10571 0.011909031871737074
10582 0.03423991221182959
10619 0.02732713196449559
10649 0.03369104460317495
10654 0.018491698478023146
10657 0.016707697478364147
10695 0.03698339695604629
10708 0.0274575257251497
10709 0.017439275157865915
10710 0.03084871896848965
10808 0.0321428361058527
10831 0.020675139238469798
10845 0.009113235731935159
10851 0.03423991221182959
10862 0.03877469602665005
10875 0.018491698478023146
10881 0.0317358230350956
10901 0.05547509543406945
10959 0.009200344104371408
10979 0.01024106297474805
10988 0.02317809867499388
10990 0.020675139238469798
10998 0.020378535842178334
11036 0.015616734060911304
11080 0.006724644600121142
11154 0.013316504235024198
11155 0.02250831108091021
11158 0.019117117837570263
11187 0.014634204214006985
11206 0.03423991221182959
11219 0.0507208992383456
11221 0.06892383630475928
11222 0.023490083965044047
11300 0.00877952975560389
11319 0.036804851143127565
11332 0.01856738935162534
11406 0.0274575257251497
11494 0.014208504734853699
11499 0.02763379835075903
11500 0.028864998088436823
11529 0.0274575257251497
11553 0.0274575257251497
11634 0.01861692465267424
11645 0.025473804845096874
11655 0.020990891221533598
11812 0.011424233824586235
11813 0.017133396957517436
11892 0.012862573531114955
11893 0.05088193228176246
11896 0.0549150514502994
11930 0.008392061581302165
11957 0.016066081162492567
11969 0.03423991221182959
11984 0.0179372426818108
11991 0.013116784354630375
12008 0.02297461210158642
12066 0.11900621478025103
12098 0.029878214734090053
12109 0.03167679967822026
12180 0.01002831390509621
12204 0.003904183515227826
12229 0.01607141805292635
12265 0.08440108818805224
12273 0.10271973663548879
12286 0.06085361499471921
12296 0.020990891221533598
