276
79 0.020639901729568297
150 0.026713942727960523
198 0.08982859516649207
210 0.015842698507851256
215 0.02954653200715242
344 0.007903257463049134
347 0.049068487544869255
422 0.029742634147345313
435 0.011940640834045228
517 0.05314184647638218
551 0.04466113911888133
628 0.01636201750478502
702 0.04566318261384682
705 0.18369829792158918
706 0.07765923258088715
707 0.11222332630416024
769 0.02013090182939283
943 0.03274659052848455
973 0.051253396370065034
974 0.09903881180179283
975 0.022762134547449266
996 0.039614537136136926
1023 0.022667500763228307
1162 0.06029480466626828
1242 0.029942865055497356
1271 0.0665601436903134
1373 0.051510455716963326
1484 0.051253396370065034
1580 0.033306199979144226
1583 0.03486882334636551
1605 0.06907016649814213
1698 0.01922833592882269
1710 0.02827656609518181
1734 0.11379173278851659
1854 0.03302227988495322
1883 0.03855671273731218
1948 0.13126404155213256
1971 0.013711281124462136
1979 0.061140332030020235
1997 0.04080491583183174
2080 0.013493471219267349
2122 0.07432484653238763
2129 0.022389121372278522
2269 0.03557363587464592
2289 0.03521470207561353
2382 0.033017427464164376
2466 0.04146108059754921
2516 0.31964227829692776
2555 0.04146108059754921
2625 0.1834209960900607
2626 0.16012688756383803
2630 0.015846433584378063
2650 0.02295427475596872
2658 0.026859145805581255
2701 0.03872085990578747
2704 0.06284765203332489
2889 0.034535083249071064
3043 0.04805333784873292
3089 0.023452326601144702
3095 0.18265273045538727
3132 0.09044220699940242
3175 0.05948526829469063
3221 0.03196445548612849
3270 0.033516701106259914
3281 0.04292714864971271
3394 0.05996788643912971
3442 0.013072268061940699
3521 0.04292714864971271
3589 0.027156376772266327
3595 0.048615579631777116
3596 0.03035643529359845
3741 0.03014740233313414
3759 0.015570948110579297
3782 0.04678337193676231
3791 0.02537219823494478
3813 0.20402457915915873
3814 0.019698921794900848
3867 0.02954653200715242
3891 0.015482063194037587
3897 0.02778024739203241
3918 0.017256058640938883
3933 0.0299310453464581
3939 0.031012600059315925
4025 0.015437930322062424
4105 0.03963182023804751
4106 0.028108232199078896
4120 0.03247866811147942
4198 0.024534243772434627
4320 0.029681310025771537
4350 0.027156376772266327
4356 0.02566982829289038
4379 0.05611166315208012
4382 0.021432912264069473
4410 0.010396509825060206
4446 0.019978665987007392
4473 0.053427885455921045
4502 0.02305182039922489
4624 0.010683592066264354
4700 0.03247866811147942
4807 0.0665601436903134
4858 0.19221335139493168
4861 0.009457737276784686
4894 0.04466113911888133
4972 0.01509205159281441
5053 0.05611166315208012
5110 0.06780161427875599
5146 0.020716292637010594
5224 0.02507639679012202
5235 0.031012600059315925
5261 0.03274659052848455
5389 0.03061349464049674
5476 0.04375468051737752
5481 0.0665601436903134
5540 0.027006600183211205
5567 0.04678337193676231
5571 0.030570166015010117
5622 0.01990795475536516
5681 0.027620401329464344
5684 0.03907092536266312
5705 0.034535083249071064
5805 0.07613776373539527
5998 0.021432912264069473
6008 0.007323162023112547
6112 0.0665601436903134
6162 0.021804176416940733
6178 0.1249671305571043
6183 0.053375629187946014
6196 0.039614537136136926
6198 0.02305182039922489
6218 0.09610667569746584
6258 0.030440573143306286
6279 0.027308549888194294
6280 0.03781182252079935
6281 0.020121685476776823
6360 0.012441315212491528
6409 0.016265462189727232
6410 0.02628237175376156
6483 0.05996788643912971
6560 0.1307716663865042
6570 0.025247874675797026
6607 0.29983943219564857
6628 0.026430022633769524
6649 0.06973764669273103
6657 0.015935035319027704
6747 0.017549161846820184
6791 0.03311623928995582
6934 0.12859747358441684
6937 0.033598857434394905
6952 0.026561076134601905
6982 0.019630252782902397
7025 0.031231408074296634
7030 0.133983417356644
7042 0.027943724539797852
7102 0.02079330210104278
7176 0.02269945854013445
7225 0.04292714864971271
7312 0.032530924379454464
7408 0.06495733622295884
7484 0.00753177813464319
7501 0.04019111468557861
7507 0.04146625704253141
7537 0.011253525947622635
7552 0.03942355763064234
7558 0.025498168511583378
7566 0.031717412587596326
7739 0.05049574935159405
7823 0.05948526829469063
7878 0.056895866394258296
7906 0.0665601436903134
8112 0.1009700495389296
8113 0.171734668946579
8156 0.016707896234033036
8224 0.014595732889665012
8341 0.03390080713937799
8373 0.08585429729942542
8534 0.03907092536266312
8543 0.03390080713937799
8546 0.03557363587464592
8571 0.027156376772266327
8701 0.053375629187946014
8753 0.020266888554397552
8786 0.049068487544869255
8837 0.018655617424613323
8942 0.009553873174206364
8949 0.026713942727960523
9000 0.01916297060729796
9108 0.05996788643912971
9126 0.031241782639276076
9230 0.06479930841288407
9267 0.048940851943812584
9273 0.013859309277655264
9291 0.020340329976052667
9292 0.01859405981912962
9338 0.04256186507005014
9433 0.04997312449764034
9445 0.005833006283498263
9563 0.017494345459654066
9578 0.03331541633176023
9579 0.08238959241569566
9582 0.019837765382585824
9599 0.034212658580648043
9600 0.03907092536266312
9606 0.04146108059754921
9608 0.06842531716129609
9628 0.02827656609518181
9637 0.024196553263102258
9664 0.014595732889665012
9720 0.031717412587596326
9784 0.11281457193149887
9804 0.04610364079844978
9814 0.025247874675797026
9920 0.031717412587596326
9942 0.051253396370065034
9949 0.055885651995774714
9993 0.04678337193676231
10105 0.02168430884399811
10155 0.1142066456030929
10156 0.04805333784873292
10217 0.03673965958431784
10221 0.03716242326619382
10222 0.05996788643912971
10306 0.031717412587596326
10312 0.018292110114146533
10318 0.017789175763352674
10392 0.010293412697935225
10420 0.017385651512642715
10437 0.03594664904981667
10559 0.033598857434394905
10597 0.048367328099873395
10619 0.013280538067300953
10620 0.03855671273731218
10628 0.022298109990251253
10638 0.02898137862346222
10669 0.049519405900896415
10686 0.031717412587596326
10695 0.03594664904981667
10749 0.011039726165571927
10760 0.018472127163797505
10816 0.10553865647278217
10845 0.017715532564704855
10873 0.06343482517519265
10914 0.021769606427809337
10951 0.005317949582988613
10959 0.03576973105531024
10960 0.0299310453464581
10963 0.019494384517264065
10988 0.011264175917942723
11136 0.06029480466626828
11139 0.058332113195807264
11156 0.03035643529359845
11217 0.011581707035012833
11310 0.027006600183211205
11319 0.005962184729114666
11332 0.009023446785964617
11497 0.030498279905838768
11611 0.03147662461651393
11629 0.012094289035954367
11768 0.022389121372278522
11827 0.04375468051737752
11893 0.009697170512480674
11929 0.01273497679769558
11960 0.02285771944091093
11993 0.0944298738495418
12006 0.03019635274408924
12024 0.018351738001282425
12064 0.05348425667084556
12113 0.024196553263102258
12157 0.02220796128833202
12170 0.04678337193676231
12176 0.07432484653238763
12204 0.030357906779578312
12231 0.11993577287825942
12265 0.04253671331543721
12275 0.017999452658895857
12277 0.03521470207561353
12305 0.08160983166366348
