372
29 0.02049334471134329
31 0.04664122185983985
104 0.03479233307961954
106 0.020765849831767647
230 0.01608873114580754
242 0.04327153856788197
276 0.03414134364004376
287 0.04327153856788197
326 0.06343101671067419
335 0.018514699760140724
336 0.027715624149536794
344 0.034530514240079045
345 0.04088071022395951
365 0.04088071022395951
479 0.020404459783099963
576 0.01733483296570844
590 0.027931497626152192
628 0.014297620470722333
678 0.023095344601588772
711 0.012110679137235124
769 0.008795492181995752
937 0.01956428416973401
938 0.009384504832302512
952 0.008558336589857416
958 0.03293066081101408
966 0.049032050203762306
975 0.07956093697315053
1275 0.03108530744149467
1308 0.01902293347448077
1347 0.017969542945484997
1413 0.030960724858386003
1437 0.04199044443704176
1458 0.0523299428379606
1485 0.04478675132332441
1536 0.01275418812426039
1543 0.016248045830905392
1553 0.03371961746480551
1564 0.023863028003301166
1698 0.016802295274006503
1706 0.02532479580561434
1726 0.024858655230631917
1729 0.021339226237442877
1736 0.0199737591832316
1747 0.04199044443704176
1759 0.014425808023496208
1799 0.052401733495720186
1814 0.014255326936339187
1838 0.027300004469164033
1895 0.013413528939059813
2000 0.14307475314382825
2086 0.03580769134790149
2113 0.029623539639181497
2150 0.051637287484966
2181 0.018585429221698584
2192 0.03017778908228261
2238 0.07805247937488814
2243 0.019484755700927437
2246 0.02989604475960586
2266 0.012968208403952046
2278 0.029827013493871835
2298 0.022620320368283087
2356 0.034233346359429664
2358 0.02690418387277173
2373 0.008123557769680928
2455 0.021438756308130604
2464 0.018306052946215536
2578 0.016194600877776126
2622 0.024858655230631917
2623 0.04327153856788197
2630 0.006923543907030019
2650 0.020058132106602667
2675 0.019644581041441594
2701 0.01691772298468252
2705 0.016248045830905392
2738 0.04478675132332441
2757 0.014643948147219633
2814 0.03512019858807918
2822 0.018656765810521943
2832 0.020858707351659303
3012 0.04664122185983985
3071 0.049032050203762306
3139 0.052401733495720186
3144 0.03369200926203252
3157 0.052401733495720186
3262 0.03414134364004376
3269 0.014959295631748444
3280 0.02885585623746911
3315 0.03512019858807918
3361 0.06260453545137476
3407 0.01902293347448077
3442 0.011422938973541259
3453 0.026343702212228152
3523 0.025166492703692235
3548 0.022392616766438646
3559 0.05097234589102246
3580 0.07695223763750389
3591 0.031142957377187544
3597 0.019174040574940147
3619 0.02815312840231898
3670 0.018514699760140724
3697 0.02910395411106981
3709 0.0232184677656806
3721 0.044198499226388854
3759 0.013606360364134013
3813 0.03565655639548619
3814 0.12049455099072959
3890 0.02373005458136533
3903 0.01770981363321857
3918 0.007539430183243605
3971 0.02910395411106981
3977 0.07745593122744901
4001 0.026713125767147357
4059 0.029024756395291004
4081 0.011697444493919932
4169 0.053960501761779495
4198 0.021438756308130604
4214 0.04327153856788197
4226 0.020952614131267023
4289 0.041531699663535294
4317 0.02206234834434927
4320 0.012968208403952046
4339 0.018585429221698584
4381 0.015578714601562542
4392 0.052401733495720186
4410 0.018169562727258518
4451 0.07545272687605084
4482 0.036845819077375004
4508 0.09806410040752461
4583 0.03108530744149467
4624 0.02178316563711406
4638 0.02910395411106981
4690 0.032104213848108486
4699 0.016802295274006503
4700 0.08514249601249027
4702 0.049032050203762306
4753 0.04664122185983985
4791 0.021438756308130604
4827 0.010407495102177896
4861 0.06198340366143334
4958 0.04478675132332441
4972 0.013187886257640087
5001 0.011128203774605277
5106 0.052401733495720186
5120 0.03108530744149467
5181 0.01721350728438994
5208 0.06217061488298934
5224 0.01095625291849103
5247 0.04028674081677104
5297 0.015728460302793706
5345 0.03622993280116142
5354 0.04456212517442018
5355 0.04664122185983985
5380 0.0582179432034357
5385 0.032473637403027694
5386 0.052401733495720186
5389 0.026750987616552212
5399 0.03461636787334944
5401 0.036750042975690386
5490 0.03326572805156374
5627 0.018585429221698584
5752 0.05293839027352693
5875 0.0261649714189803
5882 0.3143132966630655
5887 0.04664122185983985
5998 0.01872872003983238
5999 0.02910395411106981
6008 0.012798396190622584
6034 0.03504041713494754
6041 0.022620320368283087
6057 0.04292953271285191
6067 0.04664122185983985
6084 0.0232184677656806
6088 0.05676166400832684
6089 0.06738401852406505
6119 0.03731353162104389
6125 0.0194059810678119
6155 0.020765849831767647
6162 0.019053141765367463
6231 0.10480346699144037
6251 0.02550837624852078
6252 0.023470325269098903
6263 0.0317505152961213
6360 0.021743186989355956
6398 0.018237652053339222
6403 0.025990003660240967
6409 0.014213247547351267
6410 0.03444948426706744
6446 0.03077166034808588
6452 0.00959852511199417
6510 0.1529365961556321
6511 0.03902623968744407
6584 0.023394888987839865
6638 0.06172647762542441
6657 0.027849021321775854
6666 0.026903477889245485
6684 0.052401733495720186
6698 0.021641465420247665
6774 0.052401733495720186
6778 0.02254852971052351
6793 0.049032050203762306
6794 0.4364489032450067
6817 0.09258971643813661
6818 0.02861495062876565
6835 0.03990185527592409
6887 0.052401733495720186
6932 0.041531471977296196
6947 0.12597133331112528
6948 0.032104213848108486
6982 0.017153502247030324
6994 0.021849242781687876
7025 0.027290938863863128
7102 0.05450942862397746
7176 0.019835466072739876
7212 0.03565655639548619
7229 0.02373005458136533
7254 0.021641465420247665
7255 0.03565655639548619
7259 0.01691772298468252
7262 0.06678768196172401
7269 0.02885585623746911
7282 0.012684055542910352
7312 0.028426495094702534
7324 0.052401733495720186
7326 0.052401733495720186
7376 0.04594803784054055
7389 0.026713125767147357
7394 0.022854438992885313
7401 0.04327153856788197
7471 0.022170985990271858
7482 0.017838663680438176
7483 0.018305990222111167
7507 0.012078152044557842
7536 0.017273948725854478
7537 0.014750501542014611
7542 0.009526570882683731
7557 0.032104213848108486
7561 0.07321974073609816
7580 0.017582930839309147
7583 0.03512019858807918
7768 0.0317505152961213
7797 0.10480346699144037
7805 0.052401733495720186
7811 0.03902623968744407
7815 0.052401733495720186
7816 0.052401733495720186
7826 0.17092094212481593
7835 0.13022082349632266
7854 0.0215394928332837
7857 0.04478675132332441
7899 0.11970556582777227
7952 0.013604436451423037
7986 0.01894839789352042
8100 0.018035763706772193
8171 0.06502210247115438
8200 0.025990003660240967
8201 0.020404459783099963
8225 0.02049334471134329
8252 0.00996794866691337
8324 0.017077452037887818
8326 0.02659988363824788
8380 0.0599212775496948
8412 0.03928916208288319
8473 0.015728460302793706
8483 0.017969542945484997
8515 0.014777634594042873
8541 0.052401733495720186
8556 0.013567434477653245
8753 0.01770981363321857
8763 0.0261649714189803
8868 0.01956428416973401
8869 0.027300004469164033
8890 0.03997268289768618
8936 0.026713125767147357
8942 0.008348460245215501
8944 0.04570887798577063
8972 0.042678452474885754
8988 0.020674018382816257
8993 0.049032050203762306
9027 0.012789477610704196
9048 0.03565655639548619
9049 0.05979208951921172
9050 0.038234149038908025
9267 0.028510653872678374
9273 0.024221358274470247
9291 0.03554797788986704
9338 0.05071613346856859
9388 0.02532479580561434
9433 0.13100403436088479
9436 0.05816224513160051
9439 0.052401733495720186
9445 0.0050970554224384155
9470 0.040808919566199926
9473 0.021744704779803066
9582 0.01733483296570844
9631 0.0261649714189803
9632 0.023343442475189477
9636 0.025650745879167967
9637 0.06343101671067419
9638 0.045240640736566175
9792 0.03461636787334944
9821 0.029199719307054242
9987 0.017969542945484997
10064 0.08445938520695694
10106 0.025650745879167967
10110 0.05597029743156583
10116 0.020404459783099963
10172 0.01902293347448077
10183 0.04772605600660233
10191 0.024561814334194316
10218 0.014822678940467486
10254 0.032104213848108486
10276 0.022854438992885313
10298 0.01777398894493352
10307 0.04199044443704176
10318 0.015544714059681638
10377 0.049032050203762306
10406 0.049032050203762306
10418 0.023343442475189477
10480 0.03622993280116142
10554 0.038234149038908025
10619 0.05802465767981225
10624 0.0523299428379606
10673 0.038234149038908025
10760 0.03228299485655236
10801 0.02690418387277173
10845 0.015480362429193002
10875 0.0314112575150483
10951 0.0046469834662975626
10979 0.01739616653980977
10985 0.019484755700927437
10993 0.04327153856788197
10994 0.04478675132332441
11003 0.03369200926203252
11030 0.19612820081504923
11036 0.006631911824031539
11142 0.0199737591832316
11204 0.02885585623746911
11217 0.03036132644546099
11319 0.01562980624026743
11375 0.03622993280116142
11451 0.04088071022395951
11497 0.017766873022678598
11498 0.032104213848108486
11636 0.049032050203762306
11736 0.011483161422355812
11749 0.052401733495720186
11770 0.01709392735700498
11848 0.04664122185983985
11861 0.020058132106602667
11875 0.014867968761381344
11893 0.008473677747061568
11917 0.04594803784054055
11929 0.03338461132381583
11930 0.014255326936339187
11977 0.010649962718511189
12006 0.008795492181995752
12008 0.03902623968744407
12016 0.025818643742483
12029 0.018035763706772193
12052 0.02049334471134329
12078 0.07109595577973409
12089 0.08823065045587822
12118 0.03512019858807918
12129 0.022170985990271858
12177 0.020395502371390727
12186 0.012477140417458888
12204 0.033159559120157694
12265 0.010619957958436078
12299 0.052401733495720186
12303 0.08912425034884036
12304 0.05332196683480056
12305 0.17828278197743097
