296
26 0.028092186481160363
79 0.026003099302737073
103 0.026492224904175014
117 0.03402415939739296
159 0.06153174635875799
203 0.030909370862858266
230 0.02319596111599005
335 0.05338721267927538
352 0.029546321754824714
368 0.05512416276783795
481 0.05312253519932236
504 0.05063461832086223
508 0.05063461832086223
578 0.049908219354902895
587 0.020923251021000913
594 0.0649019313275271
628 0.020613623627894383
715 0.16771107233560156
769 0.012680918886678778
791 0.05223457989784758
952 0.012338999325476222
965 0.023425653389870762
1029 0.026592492546684332
1064 0.06659552086286723
1224 0.04481730573758772
1272 0.049908219354902895
1376 0.04922335219259824
1433 0.06457139054611287
1465 0.057594416508740094
1524 0.01296811564587148
1587 0.057594416508740094
1622 0.0214359244453299
1684 0.030909370862858266
1742 0.024307663807394325
1774 0.08385553616780078
1793 0.09981643870980579
1864 0.07555030670606615
1869 0.07555030670606615
1896 0.0648952457568437
1898 0.056266161084378236
1908 0.07069205891106684
1952 0.046818933306103316
1958 0.25097150753127373
2025 0.08963461147517544
2041 0.03824443603264497
2080 0.01699969683240214
2099 0.030073084090598726
2113 0.042709799011558656
2356 0.012338999325476222
2363 0.046818933306103316
2392 0.09989328129430083
2480 0.027978612992355403
2516 0.11505716330866575
2622 0.10752005143845016
2630 0.02994610086964516
2675 0.02832261499353453
2679 0.028797208254370047
2704 0.026392789367875126
2734 0.16771107233560156
2765 0.08385553616780078
3226 0.046818933306103316
3239 0.01629725903879227
3269 0.021567595147927995
3335 0.12914278109222574
3342 0.02721238491484739
3466 0.0971510468636719
3472 0.024992530969698976
3591 0.029933615100381235
3595 0.030624073733214994
3630 0.04436510439759893
3683 0.031965064508366677
3744 0.05063461832086223
3764 0.07555030670606615
3765 0.021567595147927995
3882 0.03440456954982403
3917 0.05512416276783795
3918 0.010869988924689837
4067 0.057528581654332875
4079 0.03907110264111363
4081 0.06745925832892638
4105 0.01664333113436985
4143 0.026592492546684332
4160 0.07069205891106684
4198 0.06181874172571653
4226 0.030208474382634038
4356 0.06468006514081398
4378 0.043508889282520315
4410 0.013098002157424838
4431 0.02001738553179989
4446 0.025170044043966232
4455 0.05140791328937892
4473 0.033655456049369356
4485 0.03747114106412828
4514 0.04232938885912759
4600 0.07396403092538069
4624 0.008973121062588074
4676 0.09070615955766441
4683 0.08054058794020263
4772 0.04003477106359978
4822 0.08963461147517544
4861 0.11319528579603634
4883 0.10499650740411698
4905 0.02929137781014805
4941 0.029480027551410104
4965 0.035203659820785674
4966 0.08385553616780078
5005 0.06318480043480504
5069 0.03228460113431192
5208 0.04481730573758772
5340 0.029806808391103806
5373 0.0409181227308636
5546 0.07069205891106684
5563 0.05140791328937892
5740 0.06724507724433151
5980 0.16771107233560156
6008 0.027678170922329978
6068 0.06202473696270152
6125 0.027978612992355403
6150 0.050340088087932465
6162 0.027469906204634176
6171 0.056266161084378236
6180 0.02319596111599005
6209 0.02289639767913033
6214 0.03867796569895651
6230 0.028676786000955704
6251 0.03677675375580611
6352 0.046286316138374105
6393 0.08385553616780078
6584 0.016864814582231595
6593 0.08385553616780078
6660 0.06457139054611287
6738 0.060539809359582225
6828 0.027106816713367364
6862 0.08385553616780078
6923 0.027534787684415415
6934 0.02700217051668621
6961 0.04857552343183595
6982 0.0989243881370589
7002 0.03402415939739296
7010 0.1102483255356759
7035 0.023738923870798505
7042 0.03520479184529007
7102 0.02619636015953725
7176 0.014298911939388995
7208 0.02700217051668621
7215 0.04310268382764429
7230 0.030909370862858266
7259 0.04878232359871908
7262 0.06018204837640962
7272 0.013598015459164765
7277 0.035203659820785674
7421 0.08385553616780078
7481 0.05063461832086223
7482 0.025718929935658316
7483 0.026392698935269052
7507 0.01741370047392368
7537 0.04962198696225484
7639 0.08385553616780078
7660 0.02197151811620642
7756 0.08620536765528858
7798 0.09155274105172584
7817 0.14903404195551903
7818 0.03479745436590965
7833 0.018186995442440373
7936 0.06724507724433151
7952 0.03922844829368639
7986 0.027318891512643665
8045 0.034599401702063846
8051 0.04125566373789432
8052 0.03722408255136366
8092 0.0193940722033401
8220 0.04528724492442498
8222 0.027318891512643665
8283 0.04857552343183595
8321 0.034599401702063846
8324 0.0738643544679262
8326 0.019175218386424477
8327 0.05278557873575025
8332 0.04125566373789432
8369 0.035203659820785674
8385 0.028676786000955704
8391 0.04857552343183595
8430 0.07069205891106684
8470 0.07069205891106684
8571 0.06842570969222862
8682 0.03421285484611431
8714 0.03798108667663947
8722 0.04232938885912759
8755 0.062386829449332194
8766 0.03935983741627121
8786 0.030909370862858266
8841 0.05312253519932236
8939 0.0479609316226436
8942 0.03610922902584578
8969 0.028797208254370047
8985 0.14792806185076138
8996 0.035412046175102005
9016 0.08385553616780078
9025 0.04528724492442498
9160 0.03212376766769103
9169 0.0377234011890249
9338 0.03899738101917649
9348 0.16771107233560156
9393 0.04577637052586292
9399 0.16771107233560156
9445 0.029394760422915465
9480 0.08385553616780078
9567 0.030624073733214994
9575 0.01459116821739569
9582 0.024992530969698976
9613 0.03499883580137233
9626 0.02929137781014805
9656 0.021112942265555622
9658 0.020193162474301755
9664 0.018388376877903054
9702 0.043508889282520315
9792 0.049908219354902895
9795 0.03798108667663947
9804 0.02904174558598746
9818 0.043508889282520315
9821 0.04209875517876072
9863 0.09057448984884996
9865 0.02525979662361739
9868 0.060539809359582225
9911 0.16771107233560156
9972 0.05893984778259687
9981 0.04310268382764429
9995 0.03965570216090896
10004 0.019901617352383813
10016 0.0409181227308636
10053 0.05408159998759755
10102 0.05063461832086223
10103 0.11167224765409098
10108 0.05223457989784758
10132 0.036982015462690344
10141 0.02609934008808939
10192 0.03228460113431192
10250 0.046286316138374105
10298 0.025625685003142686
10307 0.060539809359582225
10318 0.0074705411222255585
10334 0.04795874334515456
10392 0.02593623129174296
10418 0.033655456049369356
10420 0.0219032449208994
10426 0.06695054701140174
10460 0.021835358544638375
10465 0.04310268382764429
10509 0.04027029397010132
10532 0.07555030670606615
10553 0.04481730573758772
10561 0.03995905794258841
10576 0.05883634345458051
10597 0.06093538874690075
10612 0.062386829449332194
10750 0.025718929935658316
10760 0.023272037011925255
10925 0.026795580685854456
10951 0.0133995958803719
10979 0.025080958775911023
11036 0.009561572469622425
11080 0.03293809137082089
11189 0.03244762287842185
11237 0.030909370862858266
11268 0.047376332102848265
11300 0.043003157858738324
11319 0.01502287012833311
11494 0.03479745436590965
11497 0.012807712803820983
11508 0.05223457989784758
11518 0.08385553616780078
11520 0.08385553616780078
11626 0.05408159998759755
11634 0.015197977036150119
11679 0.047376332102848265
11875 0.0214359244453299
11893 0.017103719171420492
11929 0.04813233182415792
11957 0.019673383530620762
11960 0.057594416508740094
11977 0.0153546055848974
12006 0.012680918886678778
12021 0.01779411062635475
12046 0.05408159998759755
12051 0.020311796248966917
12060 0.07069205891106684
12064 0.08984257487057741
12089 0.050882688477179756
12098 0.02439116179935954
12124 0.04027029397010132
12138 0.024559923932290947
12159 0.03935983741627121
12175 0.029675857214904837
12186 0.01798894277859458
12265 0.030622692321081457
12286 0.08942042517331142
