177
111 0.035126970148504175
194 0.10247597079485199
263 0.3411785945493884
279 0.04445669009420839
313 0.12191921161968614
427 0.07996918951605872
456 0.022575409401205733
478 0.04650176757488717
516 0.07143831083200017
547 0.05611623006689746
769 0.016750677222376734
813 0.09979708986344021
814 0.07281546912564843
905 0.09337965738811344
956 0.030841995699130258
979 0.020919873701419876
983 0.05641689406488877
1347 0.03422230473123527
1413 0.029481755991735924
1450 0.04045242926979256
1489 0.09979708986344021
1542 0.0983412317812412
1979 0.05087412256953516
2041 0.05051843713058029
2046 0.18342372860564568
2246 0.11387173921181414
2356 0.032598047001988054
2450 0.06673312931440321
2473 0.049830183655805695
2480 0.03695794599372971
2578 0.030841995699130258
2630 0.03955687077717271
2656 0.02606210659472217
2662 0.049830183655805695
2742 0.09979708986344021
2828 0.024905256792559827
2895 0.027555617719773627
2904 0.0491706158906206
2942 0.16348822503572694
3091 0.055914396751213666
3111 0.12833027656527946
3191 0.060467637553943535
3226 0.1236895916951836
3278 0.10868533966957715
3350 0.042645879031852484
3591 0.01977018894001736
3830 0.04121534012796321
3955 0.061141242868548565
4101 0.024289861679404025
4131 0.06335330208123384
4144 0.0618447958475918
4156 0.08705080346770469
4349 0.061141242868548565
4356 0.021359550194627798
4410 0.0346032347273345
4451 0.017962102735365262
4547 0.07451885634891407
4791 0.04082928840546177
4861 0.023609002575257033
4941 0.0584118269070219
4945 0.061141242868548565
4972 0.025115823125775545
5001 0.021193236903196352
5069 0.08529175806370497
5252 0.041611044136742444
5313 0.0451929780092919
5433 0.03289757224217312
5495 0.09979708986344021
5527 0.05161041048461868
5584 0.09979708986344021
5601 0.07432397535929046
5640 0.0668850700292703
5778 0.09337965738811344
5802 0.014757432590712782
5927 0.1662820901167951
5998 0.03566812836439884
6008 0.024374054244747256
6010 0.030441282247063932
6013 0.027473397607946867
6079 0.04688236530415672
6125 0.03695794599372971
6150 0.06649601455875384
6162 0.018142988543447133
6214 0.07663665285194458
6277 0.041611044136742444
6318 0.1557114866146539
6336 0.0852946486373471
6384 0.04623120823551729
6452 0.018280022611015433
6677 0.2801389721643403
6747 0.02920488591227707
6848 0.08882641658538358
6932 0.02636503136178176
6974 0.07785574330732695
7017 0.10723310461981825
7025 0.02598727271567307
7046 0.0852946486373471
7206 0.04445669009420839
7231 0.04763277260328999
7259 0.03221915399277853
7262 0.015899322059282173
7312 0.05413716868164997
7328 0.049830183655805695
7347 0.1648179682201136
7425 0.03199932634879407
7443 0.054050205078616756
7507 0.02300237691704377
7952 0.025909126979454085
7986 0.07217299280766436
8052 0.0491706158906206
8113 0.04763277260328999
8444 0.03937287438318882
8483 0.03422230473123527
8491 0.07143831083200017
8515 0.02814343780575939
8532 0.19862303717287885
8774 0.04063973720656204
8786 0.04082928840546177
8825 0.07996918951605872
8890 0.019031610030367577
8942 0.015899322059282173
8961 0.035806359251199696
8962 0.1475118476718618
9202 0.04650176757488717
9247 0.045446220786832144
9338 0.019317385863589193
9370 0.049830183655805695
9371 0.12093527510788707
9409 0.06258108376267531
9433 0.027721350500433364
9546 0.0966574619783356
9547 0.07996918951605872
9648 0.07785574330732695
9690 0.07996918951605872
9764 0.08882641658538358
9898 0.03692920009808074
9921 0.04141195552512056
10004 0.0262887548964004
10015 0.1557114866146539
10093 0.09979708986344021
10100 0.0618447958475918
10105 0.03608649640383218
10135 0.04705716968188881
10191 0.04677703252925633
10228 0.055427363372265025
10298 0.03384987964404259
10334 0.03167520575379585
10418 0.04445669009420839
10460 0.02884310248213389
10597 0.1073222992162006
10809 0.0824089841100568
10827 0.07281546912564843
10848 0.03666209932523335
10876 0.052783342255243525
10951 0.008850001624810658
10988 0.03749113210656764
11036 0.012630221485389262
11071 0.03772270034802188
11080 0.021754548775379655
11084 0.04141195552512056
11125 0.04243342837981397
11150 0.07017144800862693
11189 0.12858366077259942
11233 0.05802784295994545
11319 0.009922121997710387
11571 0.0824089841100568
11629 0.040254040001249505
11736 0.021869240117348965
11783 0.061141242868548565
11871 0.05802784295994545
11893 0.022592911578640143
12089 0.03360637736526104
12159 0.051991810528634476
12177 0.01942122566550138
12180 0.032442077902422296
12204 0.012630221485389262
12265 0.010112651128331115
