217
319 0.041425174507492356
336 0.05075633537836473
337 0.033906445887170726
344 0.012647323777380223
373 0.032668403626093565
456 0.021708459561551492
547 0.05396123230832309
571 0.06417041717348153
576 0.031745725479183744
593 0.0702278273604241
594 0.027479661790296418
687 0.06170104315342557
711 0.06653579460806161
769 0.01610741106166366
933 0.08979365469106959
956 0.029657589128654082
979 0.04023300080270374
1059 0.05075633537836473
1308 0.06967437472103284
1356 0.044455819012026054
1385 0.06431652300065954
1447 0.07689818093339604
1586 0.08943197644833754
1770 0.059469807430298456
1816 0.04791658514857177
1861 0.0437009769631728
1895 0.02456454055535672
2069 0.05814553531650361
2083 0.10651401550008084
2099 0.038199087279716756
2105 0.03456540284727438
2210 0.10651401550008084
2252 0.05115167002857025
2298 0.08285034901498471
2356 0.015673101925903887
2371 0.10480659018268954
2456 0.03568293428233352
2513 0.09596464237522552
2537 0.06017782012438478
2595 0.08979365469106959
2596 0.07195125307856647
2630 0.012679264037354266
2670 0.12003924087084276
2780 0.12035564024876956
2806 0.039821637158608265
2822 0.03416661509931345
2937 0.050371010283463594
3109 0.05240329509134477
3152 0.034431309219558996
3239 0.020700917091426407
3442 0.0209191219515561
3545 0.05579943468368539
3589 0.04345745931537353
3793 0.07689818093339604
3803 0.06913080569454876
3903 0.032432437220469394
3918 0.013807152416189544
3933 0.023948835227876962
4036 0.07924428156621426
4051 0.07001918055515377
4105 0.04228100162335986
4195 0.04121524665106252
4230 0.09275589987533067
4271 0.058793272572234996
4339 0.03403597456935348
4356 0.041078584526422095
4357 0.07689818093339604
4410 0.01663719378079352
4431 0.025426253414427908
4446 0.0319712040964349
4600 0.09394974138224597
4603 0.07307329388205833
4609 0.07486589612551486
4616 0.05329881974614253
4624 0.005698867359407608
4661 0.13059753769803664
4733 0.1851031294602767
4768 0.0575242438159783
4791 0.03926134585313661
4905 0.037206157311374305
4907 0.033906445887170726
4931 0.031745725479183744
4941 0.056168672726692875
5010 0.06869490844135893
5111 0.058793272572234996
5297 0.028803933904091264
5319 0.09999040073509612
5337 0.03315160383831748
5453 0.05814553531650361
5562 0.0854152692503702
5598 0.09334696808947693
5627 0.03403597456935348
5641 0.04927032392847685
5802 0.02838142360427805
5803 0.06017782012438478
5998 0.10289516019055121
6003 0.05284447172889439
6008 0.011719016065659883
6013 0.026418353279506264
6057 0.019654489361792052
6066 0.02520620820849851
6068 0.026261449536313465
6074 0.03315160383831748
6214 0.02456454055535672
6251 0.023357072762315405
6259 0.08979365469106959
6352 0.058793272572234996
6451 0.22541173229218833
6525 0.06869490844135893
6719 0.048578408040007064
6729 0.05240329509134477
6772 0.031523538638368424
6828 0.034431309219558996
6871 0.06747669618737598
6900 0.12678768970749946
6923 0.034974921588247186
6962 0.10651401550008084
7008 0.06170104315342557
7017 0.05155754816952768
7026 0.05155754816952768
7090 0.06017782012438478
7201 0.0427494466212872
7205 0.02739534285832853
7220 0.025133561157478192
7259 0.03098186124244893
7262 0.015288749977733584
7264 0.12035564024876956
7282 0.02322863716220959
7312 0.02602908581227595
7452 0.048578408040007064
7482 0.032668403626093565
7483 0.016762115370980532
7537 0.018008648580938712
7823 0.14278848657494486
7878 0.045524294713102514
7971 0.04927032392847685
8166 0.2249036923112287
8224 0.023357072762315405
8364 0.06217733077613275
8473 0.028803933904091264
8603 0.08285034901498471
8657 0.06170104315342557
8669 0.0663488078085407
8754 0.03098186124244893
8890 0.018300750581886967
8942 0.015288749977733584
9053 0.05115167002857025
9103 0.07486589612551486
9125 0.11758654514446999
9145 0.06339384485374973
9147 0.06170104315342557
9162 0.07689818093339604
9172 0.09596464237522552
9338 0.006191850646013317
9433 0.026656784186518984
9444 0.07254811644867186
9445 0.04667184348213938
9457 0.09596464237522552
9651 0.08201912965802957
9658 0.025649526782339296
9671 0.06217733077613275
9690 0.07689818093339604
9765 0.0663488078085407
9804 0.036889072336324435
9863 0.0575242438159783
9898 0.01775551514310107
10116 0.03736721202371644
10141 0.09945481151495243
10226 0.044455819012026054
10301 0.07486589612551486
10340 0.05635293307304708
10392 0.03294442165743585
10426 0.04252057722129022
10428 0.036124110919883136
10578 0.0325499631194656
10641 0.05284447172889439
10643 0.0439484544206189
10653 0.09326599616419913
10657 0.051974547632347684
10670 0.06431652300065954
10687 0.07001918055515377
10816 0.03377801028706492
10818 0.08285034901498471
10844 0.041425174507492356
10849 0.07689818093339604
10909 0.3305967591767031
10914 0.06967437472103284
10951 0.06808112277480335
10960 0.047897670455753924
10981 0.029657589128654082
10988 0.036051382758477905
11036 0.024290381405385968
11049 0.08891163802405211
11067 0.056743002121710795
11080 0.0209191219515561
11087 0.04962844699952946
11096 0.06431652300065954
11101 0.07165715362562003
11162 0.13495339237475196
11319 0.0667876210911155
11332 0.02887985204167351
11497 0.016268465774005793
11629 0.058062282549980866
11645 0.07924428156621426
11679 0.06017782012438478
11736 0.02102940887105125
11892 0.04001308029028092
11893 0.018621676811499017
11929 0.02037936580086325
11945 0.03511391368021205
12048 0.058793272572234996
12109 0.04927032392847685
12156 0.0439484544206189
12166 0.0663488078085407
12175 0.037694526322524353
12204 0.012145190702692984
12286 0.03786086162069119
