209
84 0.02832114756609126
104 0.027919968690734487
116 0.03593901895523126
132 0.03005864975671644
335 0.029715158017056497
344 0.03325183882041097
374 0.015099388112190675
456 0.019025005107434767
554 0.05479513220963061
679 0.07575096897939584
682 0.0391884970896573
736 0.07792097650788302
744 0.025082681355579978
769 0.01411632072956728
862 0.04228031154336637
887 0.023502797173358306
895 0.04317985630101725
938 0.030123312569620617
1023 0.03179010196594783
1057 0.035583312753102225
1059 0.04448217696286171
1258 0.06263514365058803
1347 0.028840208863063467
1374 0.029943166852772284
1632 0.2243150233128703
1664 0.028219715958768314
1759 0.04630538658420602
1958 0.16762796099971042
2080 0.018923957714427758
2108 0.05338981341370303
2110 0.035583312753102225
2252 0.04482864298998724
2274 0.041993457647128335
2275 0.07188047388747305
2278 0.023935425111655754
2279 0.046312191875767295
2289 0.049386960714269436
2360 0.05095797346810677
2455 0.06881624219008407
2630 0.02222387658463029
2666 0.03440812109504204
2757 0.04700559434671661
2768 0.0326069812033373
2771 0.05814721232755585
2781 0.048165619898421295
2782 0.05338981341370303
2797 0.1182713573902158
3175 0.04171264323122176
3181 0.05152564178025138
3239 0.036284016585912356
3342 0.03029265912882381
3397 0.047544284963124045
3449 0.04228031154336637
3466 0.05407397322687225
3523 0.04039094973796271
3548 0.03593901895523126
3583 0.06739254256444087
3588 0.1162944246551117
3591 0.01666095789778643
3597 0.030773366724336705
3616 0.125980372941385
3670 0.029715158017056497
3721 0.023645452993992844
3729 0.05152564178025138
3760 0.055557522112652316
3814 0.02762680981112018
3830 0.03473345898202324
3885 0.093347465911008
4038 0.093347465911008
4081 0.056321422875172195
4134 0.03706686163888228
4143 0.029602598766085172
4195 0.07224098751156227
4320 0.02081331951983142
4380 0.06020330370499179
4381 0.02500305012153963
4382 0.03005864975671644
4410 0.01458061525533491
4451 0.015137226980359464
4485 0.04171264323122176
4624 0.01498323457432475
4676 0.025243384409003398
4772 0.022283230171208396
4861 0.026528061962955513
4873 0.04317985630101725
4905 0.0326069812033373
4926 0.027339955914882145
4991 0.04798164191834185
5001 0.017860205020461376
5005 0.03516846516179454
5129 0.04287321769101451
5181 0.02762680981112018
5224 0.03516846516179454
5389 0.021466992023534946
5390 0.05479513220963061
5433 0.02772381527203313
5438 0.05479513220963061
5502 0.05338981341370303
5700 0.0633173802870422
5958 0.07485680543723798
6001 0.03440812109504204
6008 0.04108155898784647
6034 0.05623809976061022
6041 0.14521788694344231
6079 0.019754619362795843
6084 0.03726446809882742
6198 0.03232909215032964
6214 0.02152803648745169
6252 0.037668686671572964
6281 0.028219715958768314
6360 0.03489671696292246
6409 0.02281154446340714
6410 0.018429894117714642
6436 0.04405343714354943
6481 0.10305128356050276
6587 0.04798164191834185
6686 0.0591356786951079
6791 0.04644396551490346
7035 0.026426023707714064
7042 0.019594878626178452
7067 0.07869396417876182
7201 0.1498601847826133
7208 0.09017594927014932
7259 0.027152090948884437
7262 0.013398857048698224
7272 0.04541168094107839
7425 0.026966835303007367
7483 0.01469009487477074
7484 0.02112592803116799
7496 0.08342528646244352
7537 0.03945634998408316
7542 0.015289665120526095
7558 0.035759980131691925
7655 0.052739040832194675
7817 0.3981690641824893
7835 0.02322198275745173
7952 0.04366886680575222
7986 0.060822443233801614
8005 0.08965728597997448
8118 0.047544284963124045
8258 0.04448217696286171
8324 0.054816896024100906
8326 0.04269146979350443
8346 0.04712081472658293
8357 0.05407397322687225
8376 0.03808553909994848
8438 0.07703168135402985
8569 0.12272775632956906
8651 0.04448217696286171
8718 0.06404046244651562
8766 0.043815128367028514
8942 0.013398857048698224
9076 0.463121918757673
9099 0.022610966366581234
9194 0.0591356786951079
9256 0.06263514365058803
9273 0.019437028356871174
9338 0.010852911035061717
9445 0.057263615658443
9451 0.093347465911008
9626 0.0326069812033373
9656 0.04700559434671661
9921 0.034899152939932995
9934 0.084102135674123
9978 0.049386960714269436
10100 0.05211854792789952
10162 0.05479513220963061
10192 0.03593901895523126
10318 0.008316160323014042
10490 0.03246731299433674
10506 0.06404046244651562
10530 0.04448217696286171
10589 0.07485680543723798
10597 0.022610966366581234
10693 0.055557522112652316
10695 0.050413481863938105
10723 0.0345697981301435
10760 0.02590628813467144
10808 0.17526051346811405
10881 0.028840208863063467
10951 0.022374521292690644
10960 0.041976881062021285
10979 0.027919968690734487
11036 0.03193165058455986
11067 0.01657627067942257
11098 0.06404046244651562
11101 0.03139968798445287
11125 0.035759980131691925
11154 0.10891341520758174
11219 0.0345697981301435
11260 0.04554980197274559
11319 0.02508504962124173
11332 0.06327479513653832
11424 0.03989688614124959
11438 0.084102135674123
11497 0.014257466936473293
11588 0.04843382732654231
11629 0.016961670617095272
11643 0.04448217696286171
11736 0.05528968235314393
11780 0.038515840677014926
11893 0.024479684666933253
11957 0.021900289264192675
12064 0.05000610024307926
12078 0.028526354568771065
12089 0.05664229513218252
12098 0.05430418189776887
12265 0.025566744232234817
12286 0.03318075534854077
