52
203 0.16352454339766798
571 0.06681787098679598
593 0.14625037875524258
640 0.12108884586905486
1665 0.1302068914231678
1805 0.15590921826491594
2069 0.12108884586905486
2596 0.07491971779682799
2644 0.05998457308802157
2670 0.0833277686006742
3544 0.1620151926229603
3803 0.07198290831776759
4105 0.044025372377190286
4106 0.0936728655405768
4195 0.17166259187467012
4609 0.15590921826491594
4733 0.12849323793643788
4805 0.1119708003149419
4861 0.015759321788215926
5057 0.11979499810692909
5292 0.1320185198529541
5319 0.1041156656060617
5525 0.09423385131527404
6003 0.11004931087796707
6230 0.07585658015695505
6427 0.17080592164840305
6507 0.08100759631148015
6673 0.10736927555492513
6692 0.3118184365298319
6729 0.10913055469876114
7537 0.018751624354796523
7823 0.19823927378813566
8166 0.052040545781501385
8364 0.1294851132063343
8778 0.1521761003981548
8890 0.0381115549875959
9139 0.09152323724519981
9301 0.3202829564804702
9602 0.1041156656060617
9671 0.06474255660316715
9798 0.09597896373147544
10172 0.14509780631812808
10318 0.0395225393414064
10420 0.05793903312540853
10530 0.4228029573073287
10641 0.11004931087796707
10909 0.15299380463121234
10988 0.0375387405623264
11319 0.03973888677899426
11710 0.1995738438744756
11736 0.04379402194240871
12205 0.07585658015695505
