139
150 0.14581845628779372
189 0.053760062424023675
354 0.07207884799549358
374 0.039179087157873854
423 0.07543864303777355
551 0.08126116548560934
584 0.10209545110205781
706 0.09420090746667256
913 0.0457153455089707
931 0.04549490157488129
952 0.017820328360605542
1023 0.04124363074938089
1029 0.03840562241789252
1056 0.12110651357922579
1264 0.09325581044946053
1352 0.05862097000276694
1605 0.06283675630153412
1728 0.10911186861537463
1734 0.05176115640718514
1937 0.13222303242100855
2023 0.07312793372382108
2081 0.07207884799549358
2266 0.027002645850721315
2435 0.06926652052175818
2555 0.07543864303777355
2558 0.07961185953695041
2632 0.12110651357922579
2810 0.07424474797229254
2951 0.06540510731969526
3175 0.0541168712466531
3234 0.12110651357922579
3280 0.0600842030316424
3342 0.0786017766702574
3411 0.10911186861537463
3442 0.04757011393847388
3597 0.03992454555362374
3605 0.04593863395934934
3721 0.0613539606277892
3872 0.10209545110205781
3874 0.05862097000276694
3887 0.08852373760079998
4105 0.048073529790441646
4120 0.11819019739437493
4159 0.10911186861537463
4410 0.01891650150521602
4421 0.07424474797229254
4445 0.12110651357922579
4446 0.03635128245677822
4502 0.08388580448965849
4515 0.06926652052175818
4624 0.006479616358541851
4861 0.008604200084579785
4893 0.11454375111581398
4907 0.038551653789212464
5598 0.05306778551832559
5600 0.12110651357922579
5664 0.12110651357922579
5705 0.06283675630153412
5804 0.10209545110205781
6008 0.013324529843585953
6079 0.02562911649249973
6311 0.06926652052175818
6385 0.07543864303777355
6534 0.05727187555790699
6620 0.046626325038915756
6649 0.06344399807392238
6666 0.028009462177312705
6932 0.028825868990001786
6976 0.12110651357922579
7025 0.0284128514178568
7030 0.16252233097121868
7042 0.0508437462391728
7225 0.07810616117435545
7378 0.07015413122329482
7396 0.04484993444461153
7425 0.06997210634353772
7552 0.04782090655483976
7681 0.15344210589997972
7861 0.03559329494415711
7890 0.10911186861537463
8045 0.04996942484130297
8112 0.18371550897599784
8222 0.03945470814622001
8337 0.056427580560605574
8515 0.030770266873001675
8543 0.12336537550982753
9099 0.029334864943461412
9230 0.0393008883351287
9291 0.03700933188954714
9299 0.24221302715845158
9445 0.021226368078979894
9492 0.12110651357922579
9548 0.06926652052175818
9555 0.10911186861537463
9563 0.03183104886051496
9579 0.24984712420651484
9584 0.03648090564569377
9641 0.12336537550982753
9664 0.13278504412680642
9919 0.054481192383186716
9924 0.10209545110205781
9925 0.0600842030316424
10141 0.037693397827211414
10155 0.06926652052175818
10226 0.05054629875306364
10312 0.06656517126040927
10381 0.09711722365152345
10437 0.13081021463939052
10678 0.18651162089892107
10695 0.06540510731969526
10873 0.11541998094564375
10878 0.09711722365152345
10925 0.038698927995653894
10980 0.040407496381707986
10988 0.020495224290864134
11036 0.027618181435603812
11067 0.02150561164717893
11080 0.02378505696923694
11099 0.0600842030316424
11106 0.03086405905278422
11139 0.10613557103665118
11217 0.021072973742851487
11554 0.1562123223487109
11598 0.07108974366103865
11611 0.05727187555790699
11730 0.059095098697187466
11736 0.02391045327741988
11770 0.03559329494415711
11893 0.014115240109023016
11980 0.12110651357922579
12021 0.051397505726720465
12091 0.06926652052175818
12098 0.07045279781542896
12105 0.10217016912347282
12113 0.044025749402863947
12114 0.12110651357922579
12177 0.021233948064652303
12265 0.011056537447910185
12276 0.12110651357922579
