84
104 0.07240815583162463
203 0.08923464856713895
571 0.1458489132364995
883 0.14210669488200747
887 0.06095258268582343
1698 0.06993628232663131
1805 0.17015799599469228
1861 0.09932520744287768
2069 0.13215533744373273
2099 0.08682030773325286
2537 0.27354878003536237
2575 0.11718191498327318
2596 0.08176674338225992
2670 0.09094321858318766
2976 0.11718191498327318
3189 0.09769065877903549
3389 0.12010688276156666
3544 0.17682200452428673
3545 0.12682303257940644
3589 0.09877173146672165
3701 0.13677439001768119
3725 0.07949230391298831
3788 0.17015799599469228
3803 0.07856153447199508
3874 0.23436382996654637
4105 0.04804891731221342
4106 0.10223376947719319
4195 0.09367554704499999
4297 0.08110150152364075
4431 0.057789735387642774
4805 0.12220398000545797
4941 0.04255408351680039
5001 0.046318981322335834
5181 0.07164787224844205
5312 0.06674796689599126
5319 0.1136309527322388
5337 0.07534819944826054
5401 0.07648244894969228
5802 0.032253178108520214
5842 0.05151095532268494
5998 0.07795465029997829
6013 0.06004461689717973
6199 0.12682303257940644
6214 0.05583120231970774
6230 0.08278922700122852
6263 0.13215533744373273
6436 0.05712449352902361
6507 0.08841100226214336
6692 0.17015799599469228
6900 0.1440838907561838
6932 0.05762222169209966
7205 0.06226515518555317
7483 0.03809755987393867
7537 0.02046536348117556
7823 0.10817832944911558
8166 0.22718643783086603
8364 0.14131895226937807
8473 0.0654666533566459
8890 0.04159462726515476
8969 0.08313688329972681
9145 0.1440838907561838
9445 0.02121550069469408
9671 0.14131895226937807
9675 0.0513711914536434
9798 0.10475062544695081
9814 0.09183022899174292
10226 0.10104084055451584
10318 0.021567281799617723
10392 0.07487730807409568
10426 0.09664235096287704
10530 0.23072177744423272
10578 0.07398076802318271
10643 0.09988768342182397
10653 0.07065947613468904
10909 0.16697613832824124
10914 0.07917925643231363
10951 0.01934216381549636
10988 0.0409694624688366
11049 0.10104084055451584
11162 0.1533635472730759
11319 0.043370683354232775
11605 0.12443646493892657
11736 0.04779642341356501
11893 0.0070540067246667474
