189
76 0.028616480275994578
88 0.05000334114332196
105 0.03460165139811448
111 0.03141348156687062
113 0.07627762546540347
170 0.05139667479729654
192 0.06170425769204009
201 0.03165338783007896
276 0.058147120434355895
326 0.036010406296402446
374 0.04806919357466142
455 0.040415349677043945
456 0.020188823689922853
464 0.0361759535715573
586 0.07627762546540347
671 0.06646672969672678
975 0.06775127881349624
979 0.018708304875784995
1174 0.040415349677043945
1205 0.020405749478749163
1350 0.08350791809486902
1425 0.08350791809486902
1543 0.05534504369327037
1664 0.029946003528200593
1713 0.08350791809486902
1742 0.02871443312832581
1823 0.5045271636793714
1824 0.1302353939147808
1838 0.04649543569413253
1928 0.14739404465238462
1971 0.020405749478749163
2091 0.03668453992545584
2102 0.047203289721915384
2192 0.05139667479729654
2455 0.036512972604556805
2456 0.0331850570475784
2630 0.02358338005903446
2704 0.031177573928075377
2756 0.07302594520911361
2806 0.07406808478139337
2853 0.034306763009656766
2933 0.03912772324084239
3101 0.05981423691199866
3239 0.019251811221037616
3361 0.035541204831770604
3445 0.08350791809486902
3571 0.14743575697254768
3624 0.046844938159373385
3659 0.07627762546540347
3749 0.07866871311101173
3805 0.03252660666741175
3882 0.04064182059926045
4048 0.031022352951927415
4059 0.049432911120561404
4320 0.022086534842700158
4451 0.032126436228013866
4502 0.034306763009656766
4624 0.005299935171591401
4638 0.04956779506555398
4788 0.06795801620303259
4799 0.08924692421802874
4812 0.08924692421802874
4851 0.06962513268067536
4861 0.03518858226194132
4874 0.04649543569413253
5041 0.041105932036213655
5119 0.055306801188713714
5170 0.07943602844935205
5253 0.13368698317512767
5364 0.08350791809486902
5380 0.03305089366703796
5389 0.04556038904260392
5390 0.058147120434355895
5592 0.1430303069214336
5609 0.03345726025730911
5687 0.09299087138826506
5802 0.013197333408000536
5875 0.17824931090017024
5882 0.03345726025730911
6008 0.021797322697923536
6057 0.0182786355390905
6074 0.030830924830583757
6132 0.16701583618973803
6186 0.03634346003152698
6214 0.022844973264450858
6240 0.08924692421802874
6360 0.01851572869870772
6409 0.024206997405040863
6410 0.019557307914786482
6452 0.01634752871954043
6626 0.06646672969672678
6628 0.039334356555505864
6696 0.045495905420037015
6747 0.026117457366499976
6778 0.019201530064529442
6794 0.2973315544695114
6818 0.04873495893941483
7101 0.04134382218508598
7176 0.016891181067203418
7181 0.08912465545008512
7249 0.06388612655751562
7262 0.04265552010237368
7269 0.04914525232418256
7272 0.016063218114006933
7484 0.022418266586460733
7537 0.016748006926216308
7542 0.016224981368106725
7558 0.03794752905226509
7561 0.024940536187689172
7826 0.04158577902861984
7833 0.021484140498860268
7943 0.08924692421802874
7952 0.0231701134297075
8156 0.024865447785207523
8171 0.04429641742454162
8200 0.044264335020162235
8201 0.03475143195636586
8216 0.0651176969573904
8222 0.03227157038601001
8252 0.03395340955115065
8265 0.051893361923363406
8321 0.04087197413647682
8324 0.02908510780443692
8336 0.08924692421802874
8357 0.057381845919416447
8413 0.05139667479729654
8440 0.050916827804890354
8682 0.040415349677043945
8837 0.02776413466272507
8868 0.03332050430772173
8884 0.06962513268067536
8893 0.047203289721915384
8942 0.028437013401582452
8946 0.06795801620303259
8981 0.041831944027580024
9099 0.023994149323791413
9115 0.040192445374645266
9317 0.07627762546540347
9338 0.005758408635686892
9433 0.04958151125887558
9445 0.017361888192443352
9474 0.06795801620303259
9575 0.01723642088200635
9625 0.029012425833206137
9638 0.0385253288970025
9906 0.04313140007639842
9922 0.03668453992545584
9987 0.03060445390836725
10029 0.06795801620303259
10149 0.06962513268067536
10218 0.02524493782664873
10269 0.04582130206507913
10306 0.047203289721915384
10332 0.08924692421802874
10464 0.04956779506555398
10560 0.038924063170738134
10594 0.05407523078883893
10619 0.03952939631014466
10951 0.023743240171222386
10988 0.016763856694325875
10997 0.038924063170738134
11016 0.08924692421802874
11036 0.011295002903450362
11142 0.034017893173717555
11157 0.053497430944101504
11225 0.050916827804890354
11300 0.025399629319086476
11607 0.045495905420037015
11629 0.017999268627857612
11634 0.017953238894048377
11709 0.08350791809486902
11724 0.08924692421802874
11821 0.053497430944101504
11828 0.027672521846635184
11861 0.034161591166051455
11893 0.008659060973260729
11930 0.04855732808513274
12006 0.0149798598607611
12078 0.030271400173242716
12105 0.02785634430918641
12124 0.047570950150739755
12224 0.0651176969573904
12242 0.08924692421802874
12265 0.027130741291009168
12303 0.03794752905226509
12304 0.24217120138594173
12305 0.060727723573567045
12307 0.08924692421802874
12327 0.0715151534607168
