181
4 0.07786524262818274
50 0.036018224541136526
84 0.023623919569971005
104 0.0232892785578975
106 0.02780047317417749
132 0.025073246858287615
335 0.024786725232998977
344 0.00924560894544576
392 0.040023605924472044
478 0.03268885560352592
495 0.02719892262732595
503 0.0457070389935791
504 0.18806996036849818
552 0.03551241130819204
554 0.0457070389935791
628 0.019141071401894683
682 0.03268885560352592
711 0.01621328350168064
854 0.03348390624328455
894 0.04773554405848659
1181 0.04250629547584455
1182 0.057930171743873646
1374 0.02497691746951137
1485 0.05995867680878114
1524 0.012041726966905373
1536 0.017074787098984426
1632 0.08316047311309625
1736 0.026740054505808998
1759 0.057938051014823716
1901 0.06425552638361519
1945 0.05341897712759365
1958 0.062144836925506736
2091 0.028836194884787898
2101 0.05118632000639809
2194 0.025367342612995062
2202 0.03091910580334769
2228 0.04079121888102417
2237 0.0457070389935791
2356 0.011457552120883266
2360 0.04250629547584455
2362 0.029110924272722938
2456 0.07825618973807133
2464 0.024507397384613442
2666 0.028701332931731962
2670 0.05850175097569795
2677 0.020465722853231373
2681 0.03479435734183
2704 0.024507397384613442
2757 0.019604720776128785
2771 0.04850315701503871
2781 0.08035414016065179
2822 0.02497691746951137
2937 0.03682286240673749
3049 0.037393550312713006
3061 0.0656421098778882
3389 0.03863104393736224
3449 0.035267874543674665
3471 0.041195844377299104
3583 0.05621509514905327
3588 0.04850315701503871
3759 0.018215640552433906
3814 0.04608948358676024
3880 0.03682286240673749
3887 0.018972066001857787
3899 0.3938526592673292
3918 0.010093481762407902
3962 0.030283162725549997
4081 0.07830030903964451
4195 0.03012969856969615
4205 0.030283162725549997
4380 0.10043646721971819
4382 0.025073246858287615
4431 0.01858742609547554
4485 0.06958871468366
4509 0.0914140779871582
4624 0.016664236628869473
4683 0.037393550312713006
4772 0.01858742609547554
4820 0.02119230573906174
4827 0.013933130150823758
4861 0.016596170777444286
5005 0.05867113897434677
5069 0.029978322426403855
5224 0.014667784743586692
5433 0.0693769749934222
5438 0.0457070389935791
5502 0.04453480054075204
5606 0.05341897712759365
5700 0.07922373356120307
5702 0.050218233609859095
6008 0.008566985527979515
6041 0.060566325451099995
6122 0.02953617252726861
6227 0.05621509514905327
6251 0.017074787098984426
6281 0.023539310988074446
6360 0.029108892316749513
6450 0.10449347734953317
6481 0.08595962535537843
6493 0.041195844377299104
6570 0.02953617252726861
6587 0.040023605924472044
6657 0.018641567199400848
6686 0.0493276804532284
6791 0.019370481073800898
6828 0.02517041756241846
6932 0.05560064153130038
6934 0.025073246858287615
7038 0.06244136636015365
7042 0.016344953380435068
7150 0.021260773492990003
7425 0.02249422791813887
7484 0.008811034642657818
7496 0.03479435734183
7537 0.019747370117119575
7542 0.012753784719216824
7561 0.019604720776128785
7665 0.06244136636015365
7729 0.0701533044941682
7817 0.27677532974098923
7833 0.01688779152242839
7835 0.019370481073800898
7837 0.03231166779045749
7844 0.03654813301880245
7952 0.01821306489653038
8070 0.1312842197557764
8092 0.018008639699586534
8312 0.023881675690080897
8324 0.022862596576053062
8384 0.04250629547584455
8404 0.05621509514905327
8437 0.07792637451220709
8438 0.09638328957542279
8556 0.018163528162541045
8569 0.10237264001279618
8592 0.04040079373754047
8625 0.027677532974098928
8626 0.04773554405848659
8708 0.020856147996715067
8723 0.02608539657935711
8753 0.02370917649981225
8843 0.10043646721971819
8944 0.030596591195637107
8976 0.03830852932965166
9000 0.0224177604356816
9042 0.06823969864216448
9076 0.5794656590604336
9256 0.052246738674766584
9338 0.049790907390570044
9388 0.0339038041851993
9433 0.0194869844933114
9575 0.013548835358975452
9888 0.03502859704415788
9922 0.028836194884787898
10218 0.01984399827564557
10220 0.04079121888102417
10619 0.015536209231376684
10638 0.0678076083703986
10695 0.04205211098937953
10750 0.023881675690080897
10808 0.0730962660376049
10860 0.0493276804532284
10951 0.024884768067236832
10960 0.01750738489133005
11125 0.029828978239084994
11154 0.09084948817665
11155 0.05118632000639809
11202 0.03710454770293385
11319 0.006974849133237704
11332 0.02111212008798241
11363 0.0656421098778882
11643 0.03710454770293385
11811 0.039658787178716015
11893 0.022688428627026948
11908 0.026740054505808998
11942 0.0701533044941682
12064 0.10428073998357532
12089 0.023623919569971005
12177 0.013652333546261042
12225 0.035762443738368996
12316 0.1557304852563655
