140
206 0.2585581542543613
319 0.051972879811829034
547 0.033850438466486395
571 0.12076429679116062
635 0.1400142472234446
704 0.0784438027724109
766 0.16648517018402648
785 0.06367994702910722
931 0.05020123723200514
938 0.02156201741628151
1149 0.0662997660369224
1363 0.0593214086399056
1448 0.09392830006382996
1536 0.02930426606199103
1575 0.036845303840160534
1663 0.060527793001309706
1816 0.06011713771946992
1905 0.040837856235982344
1918 0.06011713771946992
2041 0.06094747439281484
2053 0.06745737710324808
2287 0.08349460238584834
2356 0.019663797494111235
2392 0.05306430455663147
2454 0.06417594204916119
2541 0.043031464621713644
2645 0.05782301396616099
2705 0.03733182021289079
2806 0.04996104872365201
2895 0.03324420549695668
2936 0.051193394658928304
3109 0.06574625671241717
3152 0.04319823192316074
3189 0.05392586729522069
3350 0.10289940734051577
3484 0.053347194688389686
3759 0.031262233264967944
3806 0.1071637615441209
3988 0.06417594204916119
4114 0.09167926425270184
4268 0.09942151289841136
4271 0.14752650896320127
4297 0.04476854658641672
4339 0.042702236903106774
4431 0.0319003028589333
4446 0.04011173320809875
4661 0.0819251845188153
4733 0.07741140352945212
4772 0.0638006057178666
4861 0.009494283418256973
4872 0.031715811233943944
4930 0.09167926425270184
4941 0.07047037728921043
4945 0.07376325448160063
4995 0.05278554435560019
5069 0.05144970367025788
5284 0.09392830006382996
5313 0.05452262632030326
5361 0.08784751057252828
5641 0.06181556636198279
5659 0.07142219567481674
5796 0.06806361007277778
5802 0.01780396021756002
5835 0.09942151289841136
5845 0.03720902406852535
6003 0.0662997660369224
6013 0.03314501184717723
6082 0.06367994702910722
6150 0.0802234664161975
6214 0.030819180102317895
6322 0.2672693690094055
6436 0.031533085106125784
6508 0.06686980044652784
6666 0.06181394428075842
6698 0.04972384400070093
6719 0.06094747439281484
6751 0.08784751057252828
6952 0.053327424379786555
7002 0.05422191562295715
7025 0.03135209100557911
7028 0.08966743316452482
7083 0.11637346838905162
7090 0.07550033644630372
7205 0.03437076315809459
7264 0.07550033644630372
7316 0.12039922302441183
7507 0.027750992662375275
7850 0.17933486632904963
7878 0.05711572071264129
7901 0.060527793001309706
8067 0.13363468450470276
8341 0.06806361007277778
8515 0.03395337529066182
8582 0.05782301396616099
8657 0.07741140352945212
8666 0.18785660012765992
9104 0.08618605141812043
9125 0.07376325448160063
9145 0.23860568255164005
9148 0.11423144142528258
9171 0.16138567716707802
9338 0.007768423748700016
9444 0.045510182897110577
9485 0.057466092646410456
9602 0.06272501131892463
9626 0.04667961366956512
9656 0.23552350331221636
9683 0.1638503690376306
9758 0.07461204909223736
9814 0.050690872640129704
9815 0.0784438027724109
9830 0.1071637615441209
9898 0.022276436140603324
9923 0.03568062980551261
9943 0.11265697437870231
10226 0.0557751890225729
10267 0.09167926425270184
10420 0.03490566465136454
10426 0.053347194688389686
10571 0.04647966697724762
10638 0.05818673419452581
10653 0.039004481910677465
10909 0.04608594715961466
10988 0.022615404828502682
10994 0.10290289464481575
11021 0.04532205591092194
11103 0.030995169685828577
11148 0.11265697437870231
11319 0.03591134112965931
11499 0.05392586729522069
11629 0.024282046432295454
11768 0.04495127271423488
11893 0.015575426976877187
11991 0.051193394658928304
12024 0.036845303840160534
12089 0.08108817058652315
12156 0.1102772778473319
12157 0.08917510497174011
12204 0.015237607184216937
12265 0.085402163346031
