36
320 0.22472335385760528
456 0.08297544304512595
711 0.08477243660564375
883 0.23898287260031115
1362 0.14471417274632883
1586 0.17091626992605752
1861 0.16703662987890744
2105 0.13211806241496712
2287 0.12718519003140855
2371 0.20029917898596594
2780 0.23001545881931093
3589 0.1661058413695634
4036 0.30289249005005864
4105 0.08080455529658133
4600 0.1795503129336212
4941 0.07156381427463711
5319 0.19109480748115606
5802 0.054240633499101645
6008 0.04479316219301474
6900 0.24230795133848373
6932 0.0969041189581103
6952 0.08123230017055921
7483 0.0640692143694982
7537 0.03441689610473156
7911 0.13263515951539717
8167 0.2536025970806431
8364 0.11882905725956161
9338 0.04733376397947284
9671 0.11882905725956161
9765 0.2536025970806431
10141 0.12671415069049213
10849 0.29392507626905845
10909 0.14040308666148008
11319 0.03646855098290436
11505 0.19551513874508036
12048 0.22472335385760528
