230
86 0.0439744976912304
354 0.0494688090244723
429 0.037646687211733386
445 0.04695921343957027
496 0.020432133699245684
581 0.0494688090244723
706 0.09697727206375771
769 0.037707814229900626
819 0.04272319193656984
889 0.05018881250660588
926 0.05177468743304936
937 0.027958503354079154
938 0.013411004847097813
952 0.012230362234414432
956 0.09257211744240022
965 0.04643881063262806
1023 0.0283061307131953
1029 0.05271672491146082
1133 0.03872710627450848
1362 0.02954437828052264
1373 0.03216194206522141
1538 0.04442271768420273
1580 0.5822774747088145
1605 0.04312582100912935
1698 0.02401146010244882
1725 0.0494688090244723
1734 0.03552446844534711
1937 0.04537333851312679
1971 0.03424403244172363
1997 0.05095529910163163
2023 0.05018881250660588
2129 0.027958503354079154
2167 0.0245991060531925
2174 0.033004594694348716
2181 0.026559662532182757
2219 0.0439744976912304
2259 0.047538665930048934
2318 0.04123670185941051
2382 0.04123064237986932
2480 0.02773227898687755
2541 0.02676443347011465
2620 0.04195670534154409
2625 0.07634923004380811
2630 0.009894148125606827
2694 0.03574239052616861
2822 0.026661606679005766
2848 0.053605445678188576
3102 0.03872710627450848
3132 0.037646687211733386
3170 0.04159124819348676
3181 0.04587879437679517
3201 0.03901329892244536
3270 0.020927056151861637
3342 0.08091839119005385
3378 0.04195670534154409
3448 0.048789971684709485
3523 0.035964386151939344
3539 0.03739127048198522
3591 0.029670068536864165
3596 0.037907717943090745
3643 0.03249186384106044
3721 0.02105407789939188
3749 0.033004594694348716
3791 0.031683632316647406
3795 0.04312582100912935
3819 0.052917172011277394
3826 0.06671828205684992
3887 0.06075518673356518
3918 0.021548571083643976
3928 0.0439744976912304
3933 0.01868825528692198
3993 0.03872710627450848
4025 0.019278176196045018
4105 0.016496797121981755
4106 0.07020053097646022
4143 0.02635836245573041
4156 0.032660326526368834
4259 0.07020053097646022
4356 0.016027649510936857
4473 0.13343656411369983
4532 0.0640028802601725
4544 0.0989376180489446
4550 0.053605445678188576
4613 0.0494688090244723
4624 0.008894118402463751
4699 0.02401146010244882
4700 0.04055786451964769
4712 0.06015647970117692
4893 0.07861311752997428
4907 0.026458586005638697
4941 0.014610237269801768
5001 0.015902852353703468
5196 0.06938138634140097
5224 0.01565712454962443
5571 0.03817461502190406
5705 0.04312582100912935
5769 0.033911632281029384
5795 0.05577077309511072
5807 0.02676443347011465
5818 0.058420919671667675
5885 0.04640672218696585
5904 0.05018881250660588
6008 0.036579309492540485
6014 0.03449108477150805
6055 0.02150966768483348
6079 0.017589652227969692
6162 0.013614025520464883
6178 0.03901329892244536
6277 0.03122384250280574
6279 0.06820331811586554
6280 0.07082649308966793
6281 0.05025406772672635
6294 0.036656412188430194
6360 0.01553614129441833
6385 0.05177468743304936
6452 0.013716852311573765
6476 0.0439744976912304
6534 0.03930655876498714
6560 0.16330163263184416
6585 0.03960724369072364
6638 0.02205268432968922
6666 0.01922331965425267
6696 0.03817461502190406
6729 0.04089243369143063
6769 0.06000679459811116
6828 0.026868158323168315
6867 0.023296275618223956
6937 0.04195670534154409
7002 0.0337245981764823
7025 0.019500171821815758
7030 0.05577077309511072
7042 0.017447417950905805
7272 0.013478293526718683
7282 0.01812625529066862
7312 0.02031155986988408
7378 0.048147846646770985
7507 0.017260383846358716
7509 0.05702207884977128
7537 0.007026442389592629
7542 0.040842076561394644
7552 0.08205053769333291
7558 0.0318409381949511
7756 0.04272319193656984
7986 0.027078365937863988
8005 0.0399157394817092
8043 0.04272319193656984
8112 0.10086939712394476
8156 0.04172810224497701
8231 0.07488513400179127
8239 0.036656412188430194
8341 0.042333766222994555
8380 0.02854366703494587
8546 0.04442271768420273
8592 0.04312582100912935
8633 0.07703857534790279
8708 0.022262891944384897
8754 0.024176413034439122
8817 0.04055786451964769
8870 0.053605445678188576
8898 0.0439744976912304
9000 0.02392983490015962
9099 0.02013296371964085
9127 0.05577077309511072
9230 0.026972797063351286
9333 0.04312582100912935
9338 0.03865403372486192
9381 0.04272319193656984
9438 0.032660326526368834
9556 0.05018881250660588
9563 0.10923066342763335
9579 0.13717910334480846
9599 0.34178553549255875
9608 0.08544638387313969
9609 0.053605445678188576
9641 0.042333766222994555
9664 0.12758535188403833
9671 0.02425975667599865
9675 0.017637444727809187
9814 0.0630567655665715
9898 0.02771070881633831
9949 0.1395748553762702
10016 0.04055786451964769
10127 0.035964386151939344
10353 0.0640028802601725
10420 0.021710400691780474
10491 0.0494688090244723
10530 0.03960724369072364
10735 0.05095529910163163
10749 0.027571802921254756
10873 0.07921448738144728
10874 0.048789971684709485
10914 0.02718488163106282
10951 0.0066408104534599575
10960 0.01868825528692198
10963 0.04868737864688867
10990 0.05018881250660588
10991 0.0640028802601725
11036 0.037909555466994406
11052 0.0862516420182587
11056 0.036656412188430194
11084 0.031074451599925345
11103 0.019278176196045018
11106 0.042364945763219614
11131 0.07488513400179127
11136 0.037646687211733386
11139 0.07284245573186282
11276 0.045098169184643544
11310 0.0337245981764823
11319 0.007445301625502225
11349 0.06183755284325037
11554 0.053605445678188576
11730 0.04055786451964769
11735 0.06000679459811116
11770 0.04885643872261408
11893 0.012109379809515807
11929 0.015902852353703468
11945 0.02740082249239801
11960 0.02854366703494587
11995 0.037141231348065
12004 0.04328622402431921
12012 0.05177468743304936
12024 0.022916804993398456
12098 0.048352826068878245
12105 0.04674729341478106
12113 0.030215541035085853
12157 0.02773227898687755
12177 0.014573181326531756
12217 0.05702207884977128
12265 0.022764809151089287
12277 0.0439744976912304
