245
86 0.04085739157190738
198 0.10422243752598237
344 0.009169649772076679
354 0.04596224191349526
422 0.034508497250062255
429 0.03497812417540481
445 0.043630537519293154
496 0.018983814051982358
581 0.04596224191349526
706 0.09010309580124008
769 0.03503491824123856
819 0.03969478388157456
889 0.046631208376949264
926 0.04810466950227538
931 0.029010558994312506
937 0.05195336293880637
938 0.012460373743391179
952 0.011363420280236451
956 0.08601019794568383
965 0.04314702315586251
1023 0.026299667469885664
1029 0.04897993121421405
1133 0.035981958375388375
1362 0.027450142594729308
1373 0.029882161927089063
1538 0.04127383975721275
1580 0.5796461594641108
1605 0.04006887283174984
1698 0.022309422031547788
1725 0.04596224191349526
1734 0.06601267524858469
1937 0.04215707639396704
1971 0.03181666456537197
1997 0.04734336302547934
2023 0.046631208376949264
2099 0.02769536529099183
2129 0.025976681469403184
2167 0.022855413048517802
2174 0.030665083625685683
2181 0.024676996647343522
2219 0.04085739157190738
2259 0.044168915864556776
2318 0.03831366276959047
2382 0.03830803281265328
2480 0.02576649288194591
2541 0.024867252519107545
2620 0.03898262923304447
2625 0.07093726027336965
2630 0.009192807319297449
2694 0.03320881242800259
2704 0.024306051896420388
2822 0.024771714543940265
2848 0.04980565553787182
3102 0.035981958375388375
3104 0.046631208376949264
3132 0.03497812417540481
3170 0.03864307729760739
3181 0.042626703319309595
3201 0.03624786442766125
3270 0.01944365422085122
3342 0.07518253914882425
3378 0.03898262923304447
3448 0.0453315235548896
3523 0.0334150720258507
3539 0.06948162501732158
3591 0.027566923371992017
3596 0.03522065189859233
3643 0.03018869739403636
3721 0.01956167210734151
3749 0.030665083625685683
3791 0.029437756880614906
3795 0.04006887283174984
3819 0.04916616974055637
3826 0.061988996307405196
3887 0.05644859145014535
3918 0.030031670154418832
3928 0.04085739157190738
3933 0.01736354942391556
3993 0.035981958375388375
4025 0.017911654140193016
4105 0.015327431467842297
4106 0.09783661212461242
4143 0.024489965607107023
4156 0.030345218702073327
4259 0.06522440808307495
4356 0.014891539106226787
4473 0.12397799261481039
4532 0.05946607415236635
4544 0.09192448382699052
4550 0.04980565553787182
4613 0.04596224191349526
4624 0.008263664108409768
4699 0.022309422031547788
4700 0.03768294441098481
4712 0.05589232340972565
4893 0.07304067344130398
4907 0.024583084870278184
4941 0.013574599288937634
5001 0.014775588121273013
5015 0.046631208376949264
5196 0.06446332802836595
5224 0.014547278586463609
5571 0.035468630136684824
5705 0.04006887283174984
5769 0.031507826392406145
5795 0.05181749500846156
5807 0.024867252519107545
5818 0.05427978752085405
5885 0.04311720928058961
5904 0.046631208376949264
6008 0.03398640689111868
6014 0.03204620473766977
6055 0.019984967681759426
6079 0.016342820189510675
6162 0.012649003417053257
6178 0.03624786442766125
6277 0.029010558994312506
6279 0.06336876646845704
6280 0.06580599924411752
6281 0.04669183801959563
6294 0.034058044208259516
6360 0.014434871157359867
6385 0.04810466950227538
6452 0.012744541392220537
6476 0.04085739157190738
6533 0.08833783172911355
6534 0.03652033672065199
6560 0.18207131221243994
6585 0.03679970777423053
6638 0.02048949291465046
6666 0.03572137214349014
6696 0.035468630136684824
6729 0.03799379784597812
6769 0.05575324864618017
6828 0.024963624897632684
6867 0.02164493297420137
6937 0.03898262923304447
7002 0.03133405008913969
7025 0.018117913738041124
7030 0.05181749500846156
7042 0.016210668104596575
7272 0.012522892704970466
7282 0.03368277292640447
7312 0.037743574053631185
7378 0.044734915168424476
7507 0.016036891801330118
7509 0.052980102698794385
7537 0.006528377199093872
7542 0.03794701025115977
7552 0.07623443412045146
7558 0.029583912225277294
7756 0.03969478388157456
7866 0.04892241890111754
7986 0.02515893207056102
8005 0.037086336024519696
8043 0.03969478388157456
8112 0.11714916236374429
8156 0.03877023053103828
8231 0.06957694580866362
8239 0.034058044208259516
8341 0.0393329623781333
8380 0.02652036617072038
8546 0.04127383975721275
8592 0.04006887283174984
8612 0.04085739157190738
8633 0.07157774174550409
8708 0.020684800087578798
8754 0.022462682373043535
8817 0.03768294441098481
8870 0.04980565553787182
8898 0.04085739157190738
9000 0.022233582783184273
9099 0.018705850558479807
9127 0.05181749500846156
9230 0.05012169276588283
9333 0.04006887283174984
9338 0.03591406552997077
9381 0.03969478388157456
9438 0.030345218702073327
9556 0.046631208376949264
9563 0.1014879128047902
9579 0.15931905522253756
9599 0.3175582710525965
9608 0.07938956776314912
9609 0.09961131107574364
9641 0.0393329623781333
9664 0.11854154008461379
9671 0.022540118250131573
9675 0.016387224946418952
9814 0.05858702423621232
9898 0.025746451700118602
9925 0.03831366276959047
9949 0.1296811747513802
10016 0.03768294441098481
10127 0.0334150720258507
10353 0.05946607415236635
10420 0.02017147184887525
10491 0.04596224191349526
10530 0.03679970777423053
10735 0.04734336302547934
10749 0.025617392066807385
10873 0.07359941554846106
10874 0.0453315235548896
10914 0.025257897462187217
10951 0.00617008055343719
10960 0.01736354942391556
10963 0.04523620276354757
10990 0.046631208376949264
10991 0.05946607415236635
11036 0.03522235917070677
11052 0.08013774566349968
11056 0.034058044208259516
11068 0.043630537519293154
11084 0.028871757576747203
11103 0.017911654140193016
11106 0.03936193177519048
11131 0.06957694580866362
11136 0.03497812417540481
11139 0.06767906157321649
11276 0.06285211841955503
11310 0.03133405008913969
11319 0.006917545847141469
11349 0.05745423468177661
11473 0.04980565553787182
11554 0.04980565553787182
11611 0.03652033672065199
11730 0.03768294441098481
11735 0.05575324864618017
11770 0.04539327911633708
11893 0.011251013622584334
11929 0.014775588121273013
11945 0.02545853148397631
11960 0.02652036617072038
11995 0.034508497250062255
12004 0.04021790577459193
12012 0.04810466950227538
12024 0.021292360898963688
12098 0.04492536474608707
12105 0.04343363931944248
12113 0.05614746075308707
12157 0.02576649288194591
12177 0.013540170034170929
12217 0.052980102698794385
12265 0.021151139191551982
12277 0.04085739157190738
