274
86 0.03301712886393748
101 0.0480549285645325
198 0.3368913695092639
343 0.0169304044579681
344 0.014820109483934774
354 0.037142392251412554
422 0.11154618117026772
430 0.04024828026900951
445 0.03525812647980823
581 0.037142392251412554
597 0.04187406107631121
674 0.011368638381676646
702 0.042813572054694785
706 0.16989678713021636
769 0.018874633055851506
819 0.032077617885553904
889 0.037682988483324235
931 0.16410537469848382
932 0.06357045506214658
952 0.027548565678795163
956 0.017376352723028475
965 0.01743369765939639
1023 0.04250587110553431
1029 0.019790503485768694
1095 0.028266053922840612
1122 0.020573207988906727
1143 0.023003184478868444
1308 0.020411074306431135
1336 0.034067412780788224
1362 0.04436528424916902
1363 0.05540536180984336
1411 0.096109857129065
1524 0.009651052357838143
1536 0.013684886291155258
1580 0.15613863413046034
1605 0.03237992164502848
1651 0.037682988483324235
1663 0.028266053922840612
1710 0.026511967205901665
1734 0.13336320072586239
1736 0.021431283635334756
1742 0.01809010210180962
1770 0.034843302528628085
1937 0.034067412780788224
1973 0.03237992164502848
2023 0.037682988483324235
2086 0.019210324470309324
2177 0.025749356845286855
2356 0.018365710452530108
2373 0.00871634974132554
2382 0.046435462736526524
2410 0.05622559094798812
2625 0.08598730512122038
2630 0.00742876850932611
2704 0.03928376319497869
2713 0.08204834003369875
2848 0.04024828026900951
3019 0.03237992164502848
3045 0.04386385597154553
3104 0.037682988483324235
3112 0.041146415977813454
3132 0.056532107845681225
3175 0.02788654529256693
3221 0.02996971388782394
3270 0.03142509163199215
3342 0.040503672047133094
3442 0.02451298654853155
3523 0.02700294112348201
3539 0.08422284237731598
3597 0.020573207988906727
3721 0.015807916852094685
3762 0.04187406107631121
3765 0.01605090482606665
3795 0.09713976493508544
3819 0.0397315075587531
3826 0.025046859337870774
3887 0.030410987198681818
3918 0.024268791651630685
3933 0.014031599346125459
3952 0.03953453089022836
4033 0.02073834431704539
4078 0.02179905150436833
4081 0.012551030001815762
4105 0.07431719360296318
4106 0.026354138185287927
4143 0.019790503485768694
4156 0.024522172310667348
4178 0.023003184478868444
4187 0.029512326099868626
4198 0.023003184478868444
4259 0.15812482911172757
4297 0.020906596608131333
4356 0.012033951428037794
4410 0.019495431419078637
4429 0.02402665000896715
4431 0.029794434459093664
4446 0.05619569247011116
4473 0.1753280153650954
4544 0.07428478450282511
4570 0.023331458611647333
4613 0.037142392251412554
4624 0.006677921723795521
4690 0.0344469214110619
4712 0.022583478454271163
4820 0.016984943507946076
4827 0.011166950468461823
4861 0.031036345392167743
4893 0.05902465219973725
4907 0.0397315075587531
4926 0.01827783760168135
4941 0.04387889454081902
4972 0.014150232229459084
5015 0.11304896544997271
5035 0.023672281251205515
5038 0.05004472345976682
5062 0.04386385597154553
5066 0.030207517497188443
5196 0.026046621267597842
5394 0.03953453089022836
5571 0.028662435040406792
5705 0.03237992164502848
5769 0.02546168328905092
5807 0.020095391539385006
5833 0.053672522751432375
5839 0.03269283469412296
5885 0.10452990758588426
5904 0.037682988483324235
6008 0.03433080076745012
6013 0.015478487578842175
6055 0.032299969621358414
6162 0.010221743477828586
6178 0.029292139434410686
6209 0.017039818184958876
6226 0.04386385597154553
6251 0.013684886291155258
6277 0.04688724991385252
6279 0.05120872008570399
6280 0.03545217602775401
6281 0.03773198369929897
6360 0.02332983006504914
6385 0.03887370218234425
6410 0.012321110273495578
6452 0.02059789669725539
6476 0.03301712886393748
6491 0.03335366340200707
6507 0.045581724759471316
6533 0.2855455487047194
6534 0.029512326099868626
6560 0.12261086155333674
6608 0.05622559094798812
6638 0.03311538998906123
6666 0.043300016296288275
6679 0.0464291477572308
6867 0.017491413762984222
6923 0.020491772656951183
6925 0.04024828026900951
6932 0.014854035029547286
6937 0.031502120995102946
7030 0.04187406107631121
7042 0.013099948312608339
7205 0.01605090482606665
7208 0.020095391539385006
7259 0.01815224247086834
7282 0.0136096359975474
7312 0.015250416147113467
7344 0.029738087699471057
7378 0.03615058137604523
7507 0.025919037060878145
7536 0.018534462704287033
7537 0.015826874621365675
7542 0.040886973911314343
7552 0.09856888218796463
7861 0.01834130482244606
7878 0.026672640145172476
8005 0.02996971388782394
8112 0.11360281725059258
8113 0.026836261375716187
8125 0.04505456967056554
8156 0.06266096039317445
8258 0.029738087699471057
8339 0.026199054156807185
8515 0.015855987625511544
8546 0.10006099020602122
8592 0.03237992164502848
8612 0.16508564431968742
8633 0.038561631601659256
8708 0.06686209606057743
8737 0.04505456967056554
8774 0.0457927830067313
8890 0.010722392026794795
8894 0.096109857129065
8898 0.03301712886393748
9099 0.015116321787501035
9230 0.020251836023566547
9235 0.041024170016849375
9273 0.02598883837795669
9277 0.11662110654703274
9333 0.06475984329005696
9338 0.036277992916655476
9381 0.16038808942776953
9430 0.03825848537377519
9438 0.024522172310667348
9445 0.005468997571323731
9556 0.037682988483324235
9563 0.13122088772839902
9578 0.031236368032294088
9579 0.10299742738114742
9599 0.09623285365666172
9608 0.22454332519887735
9609 0.04024828026900951
9641 0.03178522753107329
9656 0.07856272907998038
9664 0.1368488629115526
9671 0.018214818916259087
9673 0.03178522753107329
9675 0.013242625066409415
9814 0.023672281251205515
9823 0.04024828026900951
9849 0.034638748420961395
9898 0.04161175644685304
9949 0.1833933790976503
10103 0.02770268090492168
10106 0.027522531204634312
10312 0.017150591123426047
10437 0.0337033986928556
10456 0.037682988483324235
10568 0.037142392251412554
10686 0.029738087699471057
10694 0.03569319358808992
10873 0.029738087699471057
10914 0.020411074306431135
10951 0.009972165960481066
10960 0.014031599346125459
10963 0.05483351280504405
10988 0.010561235106581445
10993 0.0464291477572308
10998 0.037142392251412554
11036 0.04269513276138977
11056 0.027522531204634312
11067 0.011081889980483678
11068 0.03525812647980823
11101 0.020991928425564493
11106 0.03180863789279606
11139 0.13672974530327622
11142 0.021431283635334756
11161 0.028462042183017885
11242 0.03825848537377519
11276 0.0169304044579681
11315 0.029077258991586943
11319 0.005590114637036849
11332 0.025381015976454393
11349 0.0464291477572308
11554 0.04024828026900951
11634 0.011310546274762932
11730 0.030451837078252202
11736 0.03696333082048674
11770 0.03668260964489212
11868 0.11304896544997271
11893 0.021820844787293854
11908 0.021431283635334756
11945 0.020573207988906727
11977 0.011427111423160066
12004 0.016250178076840534
12021 0.013242625066409415
12024 0.017206497932724697
12098 0.03630448494173668
12104 0.1033407642331857
12105 0.08774752934948969
12157 0.020822073635260716
12164 0.05622559094798812
12177 0.010941901126288076
12204 0.007115855460231628
12265 0.045579668627155324
12277 0.03301712886393748
