254
86 0.03280634888344818
101 0.047748147894808364
111 0.019664161732801798
198 0.44632089198263225
220 0.026830555467944953
344 0.022088247780013753
422 0.11083407497873254
430 0.03999133691803584
445 0.03503304006353839
482 0.03639884290074201
663 0.10454831018277709
674 0.033888184398105696
706 0.12058012363694649
769 0.018754138181701487
889 0.07488484369730664
931 0.1397637709685305
932 0.06316462391514062
965 0.0346448033140399
1023 0.04223451538834804
1029 0.058992485198405394
1095 0.02808560460761038
1122 0.020441869482873257
1143 0.022856333103764673
1308 0.020280770855098204
1336 0.03384992783135949
1362 0.04408205811563758
1363 0.055051656279316845
1411 0.09549629578961673
1536 0.013597522544981722
1580 0.12411348125581585
1651 0.03744242184865332
1663 0.02808560460761038
1710 0.026342715907479514
1734 0.10600945246949516
1736 0.02129446720998378
1770 0.034620864331247794
1973 0.032173209568981224
2049 0.022541737437443282
2080 0.012570645167394591
2177 0.0255849740197593
2213 0.052274155091388545
2356 0.018248464519159912
2373 0.00866070492629678
2382 0.030759347112961438
2480 0.0206891463812686
2625 0.05695891048914289
2630 0.0073813435594490915
2704 0.0585494659214687
2763 0.02233804615789509
2848 0.03999133691803584
3045 0.04358383093532967
3104 0.03744242184865332
3112 0.04088373896574651
3132 0.05617120921522076
3175 0.027708518744683136
3221 0.029778388478077455
3342 0.04024509828564639
3389 0.030763867673975598
3442 0.01217824832983517
3472 0.018481049500622893
3539 0.05579011149782903
3597 0.020441869482873257
3721 0.015706999766923774
3795 0.06434641913796245
3798 0.03862553408083222
3819 0.05921679489497422
3826 0.02488696122727761
3887 0.04532526707764683
3918 0.03215181425714325
3933 0.01394202219819724
3952 0.03928214408566894
4078 0.021659887264203447
4105 0.049228503815394425
4106 0.052371788921567256
4143 0.019664161732801798
4156 0.02436562378028186
4178 0.022856333103764673
4187 0.02932392063477931
4259 0.15711536676470175
4297 0.02077312976298803
4356 0.023914254363036482
4410 0.02905646009091044
4429 0.023873264872392035
4431 0.044406342038919404
4446 0.05583694150144743
4447 0.04076227341792415
4473 0.14932176736366568
4502 0.021475293495078752
4570 0.023182511548102955
4624 0.013270580297275868
4690 0.03422701369428673
4712 0.04487861293002208
4772 0.014802114012973135
4803 0.025022233785118586
4820 0.016876512333449646
4827 0.02219132224017705
4861 0.03524366931561334
4907 0.03947786326331615
4926 0.018161152644944337
4941 0.032699080124250754
4972 0.014059897734126811
5015 0.11232726554595995
5035 0.023521158390073994
5038 0.049725240022006026
5062 0.04358383093532967
5196 0.02588034071833443
5237 0.03591979756475381
5394 0.03928214408566894
5421 0.04476694316750858
5571 0.028479455244571444
5807 0.019967103393736373
5833 0.026664939796771828
5839 0.03248412499415587
5842 0.013193883455064023
5885 0.1038625929937434
6008 0.040933961232053846
6013 0.015379673556480719
6055 0.032093767955712345
6066 0.014674012787319226
6162 0.010156488291658338
6178 0.02910513963185612
6209 0.03386207338560328
6226 0.04358383093532967
6230 0.021205419420905303
6251 0.013597522544981722
6258 0.014179362650962167
6277 0.046587923656176825
6280 0.017612925403611472
6281 0.03749110428120252
6294 0.027346828507581657
6326 0.04254025198741836
6360 0.023180893398078658
6410 0.02448490563364686
6452 0.010233200289766192
6476 0.03280634888344818
6491 0.03314073499899259
6507 0.045290732920203185
6533 0.2837226377716453
6560 0.07309687134084558
6608 0.05586664910868238
6620 0.023873264872392035
6638 0.032903982713626885
6666 0.014341196929720156
6679 0.04613274600471219
6925 0.03999133691803584
6937 0.031301012761976964
7042 0.0130163187862155
7205 0.01594843651575366
7208 0.019967103393736373
7259 0.018036359308234363
7282 0.013522752646125444
7344 0.029548240981698757
7425 0.01791329926843087
7507 0.012876785501947907
7537 0.010483891007054977
7542 0.03046946487497501
7552 0.07345471690094059
7558 0.02375433449028783
7878 0.02650236311737379
7901 0.02808560460761038
7956 0.021475293495078752
8005 0.029778388478077455
8112 0.056438790789834485
8125 0.04476694316750858
8156 0.07782616927799012
8258 0.029548240981698757
8337 0.02889163097686204
8376 0.025299136959568206
8483 0.019157727872891852
8515 0.03150952731703606
8546 0.03314073499899259
8571 0.025299136959568206
8592 0.032173209568981224
8612 0.32806348883448183
8633 0.019157727872891852
8708 0.049826438410528
8737 0.04476694316750858
8774 0.06825066567055706
8776 0.018880824698442232
8894 0.047748147894808364
8898 0.03280634888344818
9099 0.01501981981652198
9230 0.04024509828564639
9235 0.04076227341792415
9273 0.025822926712262814
9277 0.03862553408083222
9333 0.032173209568981224
9338 0.0432556748584515
9381 0.15936417852080917
9430 0.03801424479083818
9438 0.02436562378028186
9445 0.005434083717786372
9563 0.11408528164834283
9578 0.031036956355054192
9579 0.1279248700987965
9599 0.06374567140832367
9608 0.191237014224971
9609 0.03999133691803584
9656 0.10928566302893268
9664 0.10878018035985378
9671 0.018098536268194597
9673 0.03158231195757031
9814 0.023521158390073994
9821 0.015565233855598022
9823 0.03999133691803584
9849 0.01720880804425783
9892 0.03591979756475381
9898 0.031009581540407196
9949 0.15619080289382925
10103 0.027525828139658422
10106 0.027346828507581657
10392 0.009589440440094799
10437 0.03348823759425801
10521 0.062056740627907926
10568 0.03690527676065195
10624 0.027895055748914516
10694 0.03546532972145566
10873 0.029548240981698757
10914 0.04056154171019641
10951 0.014862756100236517
10960 0.01394202219819724
10963 0.036322305289888675
10988 0.010493812619941804
10993 0.04613274600471219
10998 0.03690527676065195
11036 0.04242256880564669
11067 0.011011143654735704
11068 0.03503304006353839
11139 0.10868549462672707
11142 0.02129446720998378
11161 0.028280341686868
11242 0.03801424479083818
11276 0.016822321458503414
11315 0.02889163097686204
11319 0.01110885515435643
11332 0.025218984623747682
11349 0.04613274600471219
11736 0.036727358450470295
11770 0.05467264408081652
11868 0.11232726554595995
11893 0.016261156064786383
11908 0.02129446720998378
11945 0.020441869482873257
11977 0.011354161218048395
12021 0.013158084697541254
12024 0.017096652363974767
12104 0.10268104108286019
12105 0.06974988221084634
12157 0.0206891463812686
12164 0.05586664910868238
12177 0.02174409696715178
12193 0.026999325912316238
12204 0.014140856268548897
12265 0.03962760367488175
