104
201 0.05566767598743088
203 0.06421405314337052
435 0.03125252003669939
493 0.04320864465004129
547 0.04412825597077175
571 0.052477092787701754
589 0.15695535930984827
593 0.057430703663784964
677 0.05675485143953052
711 0.07254859214252021
769 0.026344541366076266
883 0.10226125169660141
1376 0.20452250339320283
1586 0.1462708311083384
1587 0.059826046587343175
1861 0.07147530977739518
1895 0.04017663374466666
1929 0.04399478454585871
2069 0.3804006626599529
2099 0.06247667183350047
2175 0.11689264961349653
2284 0.20452250339320283
2356 0.051268410601927966
2371 0.08570842141965203
2531 0.14686237542234315
2575 0.08432515661801848
2596 0.058840081618725906
2694 0.07491419788997798
2780 0.09842407730938031
3109 0.08570842141965203
3269 0.04480656391062109
3545 0.09126299127776713
3589 0.0710770235027569
3661 0.04399478454585871
3803 0.05653358455055518
4051 0.22904030840118003
4105 0.06915286336218297
4195 0.13481952700595026
4339 0.05566767598743088
4357 0.2515422622320075
4410 0.05442205927390939
4624 0.009320805579179706
4733 0.10091539090066456
4772 0.04158601169960761
4805 0.08793907963337504
5243 0.0921682678090963
5337 0.05422123985827688
5515 0.07445744450423832
5659 0.0931077136815594
5842 0.037067745272375746
6003 0.08642998965511693
6010 0.04787636993702333
6232 0.07733283300304092
6451 0.0921682678090963
6517 0.17420942922896654
6616 0.059826046587343175
6666 0.040291081583550666
7090 0.09842407730938031
7264 0.09842407730938031
7483 0.0274153456494783
7542 0.028534291828427486
7660 0.04564571172330033
7823 0.07784609574586993
7833 0.037783386049518204
7875 0.10091539090066456
7878 0.07445744450423832
8166 0.12261404812964584
8224 0.03820175490782544
8364 0.050847192525018084
8473 0.0471103906976149
8837 0.0488277861685089
8890 0.029931866697202738
9125 0.09615957495569528
9338 0.010127106389226018
9445 0.0305337290155247
9673 0.08872937969651347
9796 0.09842407730938031
9849 0.0483475327941393
10239 0.18252598255553426
10318 0.031040018689527386
10364 0.051921849816880326
10578 0.053237223945065804
10643 0.07188007253473097
10750 0.05343093979513843
10840 0.17420942922896654
10909 0.06007876308392262
10951 0.013918794494064359
10997 0.13690870300106744
11036 0.019864115818556197
11067 0.030935415606890324
11162 0.11036178360067772
11268 0.09842407730938031
11319 0.031209932582158338
11505 0.08366132098154627
11679 0.19684815461876062
11710 0.07837016481016555
11736 0.03439473480788661
11893 0.005076126481863575
12051 0.04219764839457698
12064 0.04666186755202541
12109 0.08058427775168922
12166 0.10851706119688542
12177 0.03054463268154998
12274 0.1390894044024008
