29
445 0.19874892360266058
702 0.24133872701173142
1580 0.35205938107903023
1733 0.48267745402346285
2625 0.16156922334981128
2704 0.11072065406729881
3342 0.1141589475256579
3721 0.08910871825686598
4624 0.018821614859020754
5571 0.16156922334981128
5885 0.1964105743478052
6178 0.16511884674139485
6360 0.0657547504107587
6937 0.17757644163432984
7425 0.101625463885402
7552 0.06945370185365131
8558 0.17165602501574362
8708 0.09422487060867885
9563 0.09246098982719801
9579 0.14514829536936297
9599 0.1808204990739476
9606 0.21912980741095064
9664 0.07714126334958643
10437 0.37996994626430314
10638 0.15317217556164012
11036 0.04011184808821536
12157 0.11737335858028022
12177 0.06167914430342479
12265 0.0321163905397844
