491
76 0.03765204590541743
91 0.043445007322799656
132 0.11191718991399147
152 0.02454536920516374
159 0.015939598584114575
169 0.019413554218615958
188 0.017531449325543468
214 0.03295948714530081
215 0.019285554811698562
230 0.012017676430176158
236 0.011383300484078792
248 0.14650038184285716
252 0.03662509546071429
262 0.014379501115494383
276 0.07650689486431302
280 0.09772124273456172
326 0.015793527108250143
330 0.026173872338958983
343 0.011786304880707813
344 0.00515859881483564
352 0.01530775693129552
362 0.09772124273456172
374 0.049192028352490286
390 0.011139828051053496
434 0.030536351391225913
435 0.015587743646939019
450 0.011786304880707813
464 0.031732266428566684
552 0.03962838661408751
554 0.05100459657620867
571 0.03926080850843847
576 0.025896935148589505
578 0.025857123505868503
599 0.043445007322799656
628 0.010679784190649397
641 0.016560891803980876
679 0.017627695459652166
710 0.03914212201227508
717 0.025502298288104335
740 0.02298527173654355
769 0.013139803024791433
808 0.0334540170312145
818 0.11731513369814668
887 0.01093847792586318
937 0.014613783685554882
938 0.007009871786031105
954 0.043445007322799656
956 0.03629027140198228
958 0.01229898189832626
975 0.1188580489486414
979 0.008205131532621366
980 0.043445007322799656
1021 0.034839236701750494
1029 0.013777397250317952
1166 0.03914212201227508
1205 0.008949600704421455
1247 0.2623346608070133
1248 0.23417811921850148
1249 0.029151131720689914
1325 0.03662509546071429
1347 0.013422572032553787
1353 0.018456625135675364
1362 0.015442713361578082
1398 0.043445007322799656
1413 0.01156324790375876
1465 0.029839292208060423
1468 0.015511307996519173
1524 0.013437392566911665
1553 0.01259364235653059
1575 0.01197851067692101
1595 0.015866133214283342
1623 0.024848246410165333
1664 0.013133787345066419
1665 0.025502298288104335
1684 0.016013943799641987
1698 0.012550681968472477
1702 0.015866133214283342
1759 0.021551070932699687
1816 0.019544248546912345
1817 0.034839236701750494
1862 0.051714247011737005
1900 0.034839236701750494
1914 0.02039207550175698
1958 0.05201068161172649
1971 0.008949600704421455
2004 0.043445007322799656
2049 0.031587054216500286
2099 0.04674200720346418
2105 0.01409855945027456
2133 0.02212766879338089
2161 0.019544248546912345
2172 0.01903721164378313
2183 0.05903326116092853
2186 0.04140505551008651
2195 0.020702527755043255
2220 0.029805183598628916
2252 0.06259133134351637
2253 0.01967775372030951
2266 0.00968676342872435
2278 0.011139828051053496
2284 0.025502298288104335
2305 0.03662509546071429
2356 0.025571020855611738
2373 0.012135983609037896
2381 0.035649566965712615
2455 0.016013943799641987
2456 0.01455437891357858
2464 0.04102179700080674
2508 0.030536351391225913
2556 0.08689001464559931
2596 0.014673762425568112
2630 0.005171626629268788
2634 0.08941555079588676
2650 0.11986135600939184
2651 0.032322210150189705
2658 0.017531449325543468
2666 0.016013943799641987
2670 0.01632056174070074
2675 0.029347524851136224
2677 0.03425662526234305
2708 0.032322210150189705
2738 0.0334540170312145
2739 0.021199412977579754
2782 0.024848246410165333
2810 0.02663410516912913
2814 0.02623346608070133
2889 0.022541672260057637
2900 0.014437248055627742
2917 0.0334540170312145
2924 0.030536351391225913
2933 0.0858036358437436
2936 0.016643114877543972
2937 0.020545361099640752
2995 0.03914212201227508
3014 0.04425533758676178
3045 0.061072702782451825
3065 0.03914212201227508
3091 0.021930580770176747
3120 0.018568479536615792
3144 0.02516666242503004
3197 0.04851316903535274
3239 0.01688700759995301
3269 0.01117403062407113
3279 0.02298527173654355
3285 0.026649620298255166
3286 0.020545361099640752
3332 0.011038336668386845
3361 0.015587743646939019
3390 0.018568479536615792
3397 0.02212766879338089
3407 0.014209415097886634
3440 0.02663410516912913
3442 0.0341300213724908
3453 0.01967775372030951
3454 0.02346302673962934
3456 0.018682386426018965
3559 0.01903721164378313
3570 0.043445007322799656
3580 0.11496084857462854
3581 0.037833337992158926
3596 0.019814193307043756
3749 0.017251352884819333
3759 0.010163438916756728
3765 0.01117403062407113
3791 0.016560891803980876
3805 0.014265594226091211
3830 0.03233071974891635
3868 0.02623346608070133
3876 0.03295948714530081
3887 0.01058548742107203
3889 0.02039207550175698
3918 0.016895011469018662
3962 0.01689652766705517
3963 0.043445007322799656
3971 0.021739557966115583
3975 0.019160141429104757
4007 0.034839236701750494
4016 0.02623346608070133
4044 0.03662509546071429
4048 0.04762049305867484
4059 0.010840200127099136
4081 0.008737550631797791
4091 0.03914212201227508
4105 0.00862280149949271
4133 0.13033502196839897
4156 0.017071405465139366
4161 0.022759510446199945
4192 0.043445007322799656
4198 0.016013943799641987
4317 0.016479743572650404
4356 0.008377580157792934
4381 0.011636713273589993
4410 0.006785989639427902
4429 0.01672644164944742
4440 0.017436672655591
4447 0.028559469828200953
4547 0.014613783685554882
4552 0.010807783597566794
4554 0.017925724752420644
4596 0.015241363236387761
4600 0.019160141429104757
4624 0.006973373400637766
4638 0.021739557966115583
4643 0.028559469828200953
4814 0.029805183598628916
4820 0.011824272896920328
4823 0.0334540170312145
4825 0.043445007322799656
4861 0.024692943402213455
4925 0.34756005858239725
4926 0.02544867336965395
4941 0.0076367051680670045
4999 0.03914212201227508
5005 0.0245517252917566
5013 0.013521898172331724
5074 0.030536351391225913
5121 0.021930580770176747
5183 0.020702527755043255
5224 0.01636781686117107
5247 0.030092678606820245
5253 0.019544248546912345
5370 0.019285554811698562
5380 0.014495537228481799
5389 0.01998198058317032
5433 0.012902989339396606
5469 0.021554238195343918
5525 0.018456625135675364
5539 0.02425658451767637
5614 0.043445007322799656
5622 0.012994281444958388
5681 0.018028334548079963
5723 0.07325019092142858
5752 0.013180994806778446
5802 0.023152467786146005
5807 0.027979297478497867
5813 0.043445007322799656
5871 0.043445007322799656
5875 0.11726549128147407
5882 0.014673762425568112
5938 0.01967775372030951
5998 0.027979297478497867
6008 0.009559920098744453
6010 0.023879180957183173
6023 0.03807442328756626
6063 0.018132668958641057
6066 0.010281124930431334
6074 0.013521898172331724
6096 0.028559469828200953
6100 0.029805183598628916
6106 0.0334540170312145
6136 0.022541672260057637
6150 0.013040435942322372
6155 0.031022615993038346
6209 0.023724949127867188
6214 0.0100194011022697
6251 0.009526898337591893
6258 0.01986911160039494
6293 0.03662509546071429
6360 0.024362013085194773
6361 0.02024248389463916
6409 0.02123352158701126
6410 0.008577489245030635
6436 0.010251493603053998
6452 0.021509210631490687
6495 0.043445007322799656
6507 0.015866133214283342
6540 0.028559469828200953
6550 0.06464442030037941
6558 0.021739557966115583
6560 0.017071405465139366
6584 0.008737550631797791
6615 0.06464442030037941
6628 0.017251352884819333
6638 0.011526838700859299
6657 0.010401085210171818
6664 0.018238786949533053
6670 0.043445007322799656
6729 0.0427485815513279
6732 0.013086936169479492
6794 0.40425351421199357
6923 0.028531188452182422
6939 0.02663410516912913
6951 0.03914212201227508
7018 0.032322210150189705
7026 0.021029326959972006
7042 0.018239373444058408
7101 0.03626533791728211
7121 0.032484951578232335
7176 0.022224519535778475
7181 0.09772124273456172
7220 0.010251493603053998
7229 0.035450914686156736
7259 0.025273804245059844
7376 0.017160727168748724
7408 0.021199412977579754
7443 0.021199412977579754
7452 0.019814193307043756
7463 0.02516666242503004
7471 0.016560891803980876
7483 0.01367388548105783
7484 0.01966451020513024
7488 0.017627695459652166
7493 0.029805183598628916
7536 0.012902989339396606
7537 0.007345379533381822
7542 0.014231979553846204
7552 0.008577489245030635
7554 0.011711058489117408
7558 0.016643114877543972
7560 0.04048496778927832
7561 0.02187695585172636
7577 0.034839236701750494
7593 0.01967775372030951
7638 0.043445007322799656
7658 0.02454536920516374
7660 0.011383300484078792
7768 0.023716439529140543
7819 0.029805183598628916
7833 0.04711281963515399
7837 0.018028334548079963
7911 0.01415373982515078
7912 0.06273056213449822
7952 0.01524300273959452
7969 0.0334540170312145
7971 0.04019282483754945
7984 0.017343321252846954
7986 0.02830747965030156
7988 0.018028334548079963
7990 0.06895581520963065
8092 0.01004794253783034
8100 0.013472036448044178
8166 0.010192651917957216
8169 0.060965452945551044
8171 0.00971381249678866
8252 0.03722841182002921
8312 0.013324810149127583
8324 0.021260356185874876
8326 0.00993455580019747
8380 0.059678584416120846
8457 0.022331219858604548
8495 0.019413554218615958
8510 0.049696492820330666
8556 0.010134362745103157
8558 0.021199412977579754
8585 0.043445007322799656
8608 0.03662509546071429
8662 0.02039207550175698
8668 0.027522439617128625
8682 0.017725457343078368
8708 0.011636713273589993
8719 0.01672644164944742
8727 0.014857256118580174
8735 0.032322210150189705
8766 0.02039207550175698
8833 0.021930580770176747
8836 0.0528830863789565
8853 0.028559469828200953
8868 0.029227567371109764
8885 0.03914212201227508
8890 0.007464522291361797
8905 0.016242475789116168
8946 0.029805183598628916
8956 0.018456625135675364
9000 0.025016033686291895
9027 0.019106516510654373
9077 0.019285554811698562
9088 0.025857123505868503
9139 0.017925724752420644
9151 0.015442713361578082
9185 0.043445007322799656
9202 0.018238786949533053
9230 0.01409855945027456
9267 0.021296385025607302
9273 0.00904622135219797
9323 0.0334540170312145
9338 0.007576608450862305
9388 0.037833337992158926
9418 0.06967847340350099
9567 0.015866133214283342
9568 0.07004264751273452
9578 0.010872786822920298
9582 0.025896935148589505
9604 0.027062395756724526
9614 0.013324810149127583
9618 0.013422572032553787
9627 0.02425658451767637
9631 0.019544248546912345
9632 0.017436672655591
9636 0.15328113143283806
9637 0.015793527108250143
9638 0.10137916600233103
9657 0.032322210150189705
9675 0.009219012861807143
9818 0.022541672260057637
9821 0.010905545480993
9825 0.024848246410165333
9865 0.013086936169479492
9866 0.021554238195343918
9898 0.007242131298782184
9936 0.027522439617128625
9941 0.043445007322799656
9987 0.013422572032553787
10094 0.027062395756724526
10105 0.01415373982515078
10141 0.02704379634466345
10172 0.014209415097886634
10225 0.043445007322799656
10298 0.013276500556689356
10318 0.027093071014134586
10334 0.012423556338922838
10396 0.027062395756724526
10420 0.011347928586102623
10450 0.025502298288104335
10460 0.022625514193111373
10461 0.025502298288104335
10463 0.043445007322799656
10476 0.015793527108250143
10494 0.07990231550738738
10495 0.030536351391225913
10496 0.043445007322799656
10576 0.015241363236387761
10619 0.00866844693528775
10642 0.0334540170312145
10658 0.027522439617128625
10679 0.02454536920516374
10760 0.03617127256963815
10794 0.03468664250569391
10845 0.01156324790375876
10854 0.034839236701750494
10876 0.020702527755043255
10892 0.03914212201227508
10903 0.02516666242503004
10951 0.020826730151020663
10979 0.025988562889916775
10981 0.012096757133994092
10985 0.01455437891357858
10988 0.007352330961261795
11003 0.02516666242503004
11036 0.009907576886252956
11103 0.0100766158049698
11106 0.011071983099260345
11136 0.01967775372030951
11142 0.014919646104030211
11202 0.020702527755043255
11217 0.022678767760227033
11225 0.022331219858604548
11244 0.05202996375854087
11256 0.07325019092142858
11300 0.011139828051053496
11332 0.01177953321486527
11336 0.03662509546071429
11339 0.02212766879338089
11359 0.0334540170312145
11373 0.043445007322799656
11497 0.02654237046135439
11521 0.043445007322799656
11530 0.043445007322799656
11594 0.03914212201227508
11612 0.043445007322799656
11699 0.034839236701750494
11736 0.025732467735091906
11764 0.015442713361578082
11795 0.021554238195343918
11804 0.03662509546071429
11828 0.024273357003591456
11861 0.01498266950117398
11864 0.025502298288104335
11893 0.02531807298285453
11917 0.017160727168748724
11929 0.008312349246206429
11930 0.09583373261523286
11939 0.027062395756724526
11950 0.05961036719725783
11957 0.0713485634257005
11977 0.015910242365863417
12006 0.0065699015123957165
12021 0.009219012861807143
12024 0.01197851067692101
12028 0.03662509546071429
12051 0.010523409390761584
12064 0.03491013982076998
12098 0.012636902122529922
12137 0.014734326333258545
12177 0.007617336193542368
12186 0.009319954131371481
12200 0.018028334548079963
12204 0.02476894221563239
12265 0.01586541751365104
12303 0.016643114877543972
12304 0.07965900334013613
12332 0.043445007322799656
