291
70 0.039446378244470476
193 0.03170680931648533
201 0.024970561576783113
203 0.028804165786863456
206 0.05039815850582282
210 0.01859995028027546
234 0.038445783423607036
236 0.02047506088740107
283 0.060173500348190224
320 0.04313380332548164
345 0.05492551610044077
373 0.023967240388500188
418 0.06266508502842592
471 0.04176484569400415
479 0.027414530672234125
496 0.019209651179259532
571 0.047078756336863675
593 0.051522787570953174
597 0.05243393142020508
635 0.04093736810384272
704 0.04587080091120487
711 0.13017098740121705
880 0.07040465395641106
931 0.02935567727697375
952 0.011498602925046638
965 0.02183015652118132
979 0.029517022405677554
1029 0.02478130555937801
1174 0.031882652914606825
1272 0.0465090224839612
1281 0.06266508502842592
1314 0.05039815850582282
1362 0.05555339539481222
1444 0.03910278689769853
1447 0.05641650595981302
1536 0.017135963669157223
1586 0.09841792558133804
1587 0.026835860375095433
1634 0.04265858957783768
1726 0.03339899088409565
1801 0.06587729636179311
1861 0.03206131012940215
1998 0.05492551610044077
2069 0.12797576873351305
2074 0.038445783423607036
2086 0.02405481603516875
2105 0.02535897770358965
2174 0.031029884627990906
2201 0.04265858957783768
2246 0.04016700489760199
2255 0.06266508502842592
2259 0.04469436249221994
2278 0.020037128769420962
2281 0.047185947172455625
2287 0.14647292002071877
2371 0.038445783423607036
2373 0.010914453311282385
2392 0.031029884627990906
2456 0.05235771380200789
2537 0.044149579437209915
2575 0.037825299483986746
2630 0.009302167703407718
2665 0.03491902064985253
2670 0.02935567727697375
2715 0.037825299483986746
2780 0.13244873831162976
2781 0.040321018894027505
2832 0.028024837636174034
3048 0.04176484569400415
3059 0.03910278689769853
3109 0.038445783423607036
3175 0.03491902064985253
3189 0.03153369208578333
3197 0.043630144492316475
3239 0.030374539378859568
3269 0.02009864869204984
3350 0.0601714611120032
3373 0.05039815850582282
3407 0.025558372961383656
3453 0.0353942343974965
3544 0.11415319979102091
3589 0.031882652914606825
3661 0.019734513019866617
3765 0.02009864869204984
3803 0.02535897770358965
3814 0.06938192362468022
3904 0.10079631701164564
4025 0.09062368266315743
4036 0.05813772743380797
4101 0.017135963669157223
4105 0.031019542349606032
4130 0.05492551610044077
4198 0.028804165786863456
4271 0.04313380332548164
4339 0.024970561576783113
4356 0.030137386614682654
4431 0.03730804447853506
4600 0.03446320888399911
4602 0.0781442228843962
4661 0.19162629530234854
4679 0.05039815850582282
4733 0.045267095093015026
4772 0.01865402223926753
4805 0.039446378244470476
4861 0.011103755021590833
4905 0.027296372556809053
4941 0.0686804339013968
5005 0.014720337361516487
5018 0.0656119503875587
5051 0.04937573408326341
5202 0.06266508502842592
5224 0.014720337361516487
5261 0.038445783423607036
5284 0.05492551610044077
5297 0.021132064361492557
5319 0.1833953992969478
5337 0.072965223604251
5396 0.07040465395641106
5453 0.04265858957783768
5454 0.05039815850582282
5560 0.05136971342030162
5622 0.023372720780380954
5641 0.036147272793882905
5659 0.04176484569400415
5700 0.05300505406674591
5760 0.045267095093015026
5779 0.07040465395641106
5797 0.05813772743380797
5802 0.06246626647666337
5803 0.044149579437209915
5842 0.016627286830608125
5917 0.0781442228843962
6001 0.028804165786863456
6003 0.03876945355597605
6013 0.03876375662338803
6034 0.023539378168431838
6055 0.10111357415958384
6079 0.033074478528520725
6214 0.018021824857491438
6232 0.034688789035229824
6258 0.017869214221554297
6280 0.022196282361396022
6345 0.06266508502842592
6377 0.06587729636179311
6413 0.1562884457687924
6497 0.0781442228843962
6507 0.028538299947755228
6583 0.0775389071119521
6584 0.04714850884671713
6666 0.0903658106640205
6692 0.05492551610044077
6719 0.035639647302984044
6747 0.02060340526265774
6772 0.023127307874893404
6867 0.06570728270319985
6906 0.04265858957783768
6932 0.05579985084082638
6934 0.05032616157855134
7000 0.053610369839190014
7008 0.22633547546507513
7042 0.03280703011727307
7083 0.034025276766019005
7090 0.044149579437209915
7205 0.02009864869204984
7206 0.06272643593942676
7208 0.02516308078927567
7254 0.05815303358796766
7264 0.044149579437209915
7272 0.012671868780375897
7394 0.06141242899124378
7425 0.02257482158555852
7482 0.023967240388500188
7483 0.04919023936574327
7507 0.016227671460515045
7537 0.01981812217784483
7542 0.01279947974319111
7565 0.05039815850582282
7726 0.04134344331658693
7823 0.17459510324926264
7850 0.10486786284041016
7878 0.03339899088409565
7880 0.04469436249221994
7911 0.02545823024787243
8081 0.05492551610044077
8156 0.01961572639200373
8166 0.05500034956895408
8167 0.04867693703182786
8222 0.02545823024787243
8320 0.03813123198321973
8364 0.13684957341195886
8512 0.03813123198321973
8617 0.10985103220088153
8651 0.0372374880993862
8657 0.045267095093015026
8666 0.05492551610044077
8722 0.039446378244470476
8754 0.022729905157894716
8969 0.026835860375095433
8974 0.039446378244470476
8978 0.04265858957783768
9053 0.037527526165029884
9076 0.03876945355597605
9104 0.05039815850582282
9125 0.04313380332548164
9145 0.0465090224839612
9147 0.045267095093015026
9148 0.0667979817681913
9171 0.047185947172455625
9301 0.11283301191962604
9338 0.05451196498533172
9385 0.030237649058809064
9433 0.019556803628823914
9444 0.02661253617653651
9445 0.006848178471857886
9516 0.06266508502842592
9575 0.027194757876027077
9625 0.02288717307761618
9651 0.060173500348190224
9656 0.019674961744248983
9671 0.022808262235326473
9673 0.03980087905738729
9683 0.047906573825587134
9715 0.04134344331658693
9765 0.04867693703182786
9813 0.03515409960021927
9814 0.029641996495718432
9815 0.04587080091120487
9821 0.01961572639200373
9923 0.020864606359582396
9934 0.07040465395641106
9949 0.03280597519377935
10142 0.038445783423607036
10145 0.045267095093015026
10226 0.06523020305025502
10318 0.034808651712276796
10411 0.0495044146219893
10426 0.093585922414628
10482 0.060173500348190224
10571 0.027179451721867386
10578 0.04776069254255964
10597 0.01892838094893957
10641 0.03876945355597605
10643 0.06448574493310628
10653 0.022808262235326473
10671 0.14080930791282212
10723 0.02893951093140441
10812 0.04867693703182786
10816 0.02478130555937801
10889 0.05813772743380797
10909 0.2155937608579574
10914 0.025558372961383656
10951 0.006243481676280125
10980 0.026073018784303174
10988 0.03967375480601008
10997 0.03070621449562189
11036 0.008910343721329487
11049 0.09784530457538254
11065 0.06587729636179311
11080 0.015347356126359018
11106 0.01991509654152621
11150 0.0990088292439786
11157 0.042202777811984254
11161 0.035639647302984044
11162 0.0990088292439786
11245 0.18052050104457068
11257 0.03136321796971338
11276 0.12719965202051559
11300 0.040074257538841924
11310 0.06341361863297067
11319 0.013999678081154278
11320 0.04867693703182786
11363 0.06587729636179311
11497 0.011935392816263839
11629 0.014199170339102932
11634 0.014162858639748142
11679 0.08829915887441983
11893 0.025046689897219115
11917 0.03086687680287855
11929 0.014951362934806365
11991 0.11974340515752467
12006 0.023634469401677537
12028 0.06587729636179311
12166 0.04867693703182786
12175 0.05530933093902271
12180 0.02288717307761618
12200 0.03242743596961685
12204 0.017820687442658974
12205 0.026723639956013966
12229 0.036679079859389556
12232 0.06448574493310628
12275 0.021132064361492557
