219
6 0.04923250928068948
105 0.036089139837936886
193 0.041920276141307354
319 0.04018149208746138
387 0.05768438214475591
435 0.03706908368114541
483 0.1033162110215409
547 0.026170593785119614
571 0.06224386838585293
590 0.049615975042946174
593 0.10217913103391188
635 0.05412420273140442
677 0.033658891104659895
711 0.02151274385171461
744 0.027761306368934587
791 0.06435685854477667
937 0.034752917587554076
958 0.029248106686144824
965 0.028862134327091702
979 0.0195125551386184
1091 0.1033162110215409
1148 0.07686517946118727
1376 0.0606468037142059
1426 0.08709783527455954
1546 0.1033162110215409
1575 0.02848599673663954
1587 0.07096057292833083
1603 0.18616711041633732
1622 0.026410641379762748
1632 0.027585559033800805
1634 0.05639986783444276
1759 0.05125042276272112
1801 0.17419567054911908
1986 0.054661083780596795
1998 0.07261824358142413
2014 0.07686517946118727
2069 0.2819993391722138
2076 0.0693240641897871
2080 0.020944881465239366
2281 0.06238558776805187
2287 0.22593094726342067
2289 0.054661083780596795
2356 0.015202558070281145
2371 0.05083002333976739
2405 0.052152931954679606
2537 0.058371138611167564
2596 0.03489555253094287
2644 0.027939171192765247
2656 0.024308860522592495
2819 0.04923250928068948
2832 0.07410451936662701
3170 0.05169866221114679
3176 0.06149061061707753
3189 0.04169139400928931
3195 0.044985573400926335
3223 0.09308355520816866
3233 0.06663252364781501
3255 0.09308355520816866
3299 0.1033162110215409
3308 0.04586281769475697
3407 0.03379129200826478
3528 0.07686517946118727
3544 0.03773111959869599
3545 0.05412420273140442
3567 0.1033162110215409
3591 0.018440211795676835
3661 0.026091437553664783
3697 0.05169866221114679
3721 0.026170593785119614
3803 0.03352766711354395
3814 0.061154253828781785
3821 0.09308355520816866
3874 0.05000966775524615
3887 0.05034651940718642
3891 0.07209486124817982
4025 0.02396311634048001
4105 0.04101162523459503
4106 0.04363025510933707
4127 0.05412420273140442
4178 0.03808262672389141
4195 0.03997786676536292
4230 0.044985573400926335
4244 0.03997786676536292
4263 0.12298122123415506
4271 0.05702815847474452
4339 0.03301413353370811
4356 0.03984530756325499
4357 0.1491790287162979
4381 0.027673171171050785
4410 0.01613770559106775
4431 0.024662896717570607
4645 0.05984863085631843
4679 0.06663252364781501
4733 0.05984863085631843
4772 0.049325793435141214
4805 0.052152931954679606
4861 0.014680520895822292
4869 0.04415754693974662
5001 0.0197675286926495
5051 0.03264037681606121
5237 0.05984863085631843
5297 0.027939171192765247
5319 0.04849422535604147
5337 0.06431262743745746
5371 0.0536061635504968
5380 0.034471716670248655
5560 0.13583407591625632
5641 0.04779111143444148
5684 0.0606468037142059
5803 0.058371138611167564
5944 0.1033162110215409
5998 0.033268667456362984
6003 0.05125795480370527
6013 0.02562521138136056
6014 0.08574606525886694
6079 0.021864250976910037
6150 0.0310113523889963
6162 0.01692247617677091
6222 0.04556457317140556
6230 0.0353319173580333
6258 0.02362528462320748
6281 0.06246670116880454
6452 0.01705029170938161
6657 0.02473473433765993
6719 0.047119968509196614
6747 0.08172065780325743
6772 0.061154253828781785
6867 0.02895768548136393
6924 0.1033162110215409
6932 0.024591406980781782
6952 0.020614361648990175
6982 0.060941074537364325
7083 0.044985573400926335
7201 0.04146600639777453
7249 0.06663252364781501
7394 0.04059736752639513
7483 0.016258876737534365
7507 0.02145496451456283
7537 0.008733993025545192
7823 0.092334424042141
7854 0.03826156954266921
7880 0.05909140837641484
7939 0.05984863085631843
7952 0.024166172128742367
7986 0.06731778220931979
8166 0.2423906085687639
8364 0.030155309594999756
8483 0.03192010705081393
8716 0.04337350773712454
8752 0.07458951435814895
8753 0.03145873819591705
8890 0.017751318454137018
8942 0.014829745283182033
8991 0.07261824358142413
9042 0.04527223487009615
9095 0.05909140837641484
9099 0.025025632455387185
9104 0.06663252364781501
9125 0.05702815847474452
9171 0.06238558776805187
9230 0.03352766711354395
9273 0.02151274385171461
9301 0.1491790287162979
9444 0.03518502458589882
9445 0.027162386136656624
9546 0.03005171196425811
9578 0.025856484024564634
9664 0.022655837797750027
9671 0.06031061918999951
9755 0.0828508993947964
9765 0.06435685854477667
9815 0.0606468037142059
9865 0.031121934192926463
9921 0.03862609674967032
10018 0.058371138611167564
10038 0.1033162110215409
10105 0.033658891104659895
10184 0.04415754693974662
10239 0.10824840546280884
10312 0.028393440936298062
10318 0.009204258159943943
10392 0.01597767582022894
10426 0.04124400820236856
10515 0.04885875256304258
10578 0.031572735687460114
10597 0.05005126491077437
10641 0.05125795480370527
10643 0.04262901712674412
10644 0.12298122123415506
10653 0.09046592878499927
10749 0.017136121031364998
10790 0.05909140837641484
10816 0.03276391395368556
10849 0.07458951435814895
10909 0.10689048564415413
10951 0.02476393698341398
10981 0.028767197653944962
10988 0.03496903436797403
11036 0.011780563146033422
11049 0.08624229884898908
11067 0.01834648067573782
11087 0.09627696559559062
11101 0.10425875276266225
11153 0.046478015117528984
11189 0.03997786676536292
11245 0.07955672000315936
11319 0.03701857006130625
11634 0.018725029667991677
11679 0.1751134158335027
11751 0.07261824358142413
11892 0.03881179230248234
11908 0.035480286464165414
11960 0.035480286464165414
11977 0.018918007602829395
11991 0.11873655971338935
12029 0.03203773796639627
12030 0.03251786489471541
12274 0.08248801640473712
12310 0.09308355520816866
