170
8 0.045616251354762764
26 0.03442556946464044
105 0.035895118459167645
203 0.03787788801919231
335 0.06542335890609581
435 0.018434896978464243
456 0.02094351537049819
490 0.060320756140686056
493 0.025487445868915777
496 0.025260964738217827
547 0.05205979240747278
677 0.033477935158098236
744 0.05522411369010445
791 0.06401086508291565
887 0.02587285475458677
952 0.015120826521930005
979 0.03881530462000548
1057 0.03917158777984291
1125 0.20552153085522692
1148 0.07645193913001352
1356 0.08577864552264075
1376 0.060320756140686056
1586 0.12942097305769812
1587 0.03528953838510844
1603 0.18516624423868203
1651 0.062050192194523596
1742 0.0595756524317373
1969 0.10276076542761346
1971 0.021168550204737145
1986 0.05436721645963106
2014 0.07645193913001352
2068 0.12410038438904719
2069 0.3365799150808116
2099 0.036853060407781996
2129 0.03456607996779172
2152 0.05877372287384833
2287 0.09630698738928901
2288 0.10276076542761346
2455 0.03787788801919231
2464 0.032343043299913304
2537 0.11611465080372128
2566 0.10663593532167702
2630 0.024464965881158582
2798 0.09308784409544285
2832 0.036853060407781996
2976 0.0497408072411625
3062 0.08240547881106854
3112 0.033876599525392966
3120 0.08784029685308636
3225 0.10276076542761346
3254 0.07912900949039325
3442 0.020181991766274783
3453 0.09308784409544285
3544 0.07505654131265875
3583 0.14837701678237625
3633 0.05672156535599389
3803 0.03334741664956786
3814 0.03041273905839395
3882 0.04216107919306387
3918 0.013320627750272766
4014 0.04686664351173832
4025 0.02383428653481364
4051 0.06755190436376338
4101 0.04506807228955088
4105 0.0203955698668563
4154 0.1582580189807865
4230 0.044743723276064185
4263 0.24464010637419834
4339 0.032836643913954175
4410 0.03210189305989643
4446 0.030844630062694497
4502 0.035589206654146124
4616 0.05142072137443591
4645 0.23810749758555141
4795 0.09506835651600982
4827 0.01838791058467706
4855 0.07645193913001352
4861 0.03650398977117542
4867 0.086629582438286
4972 0.046600583699651546
4995 0.08118076473333284
5110 0.05233872250133633
5310 0.03620753951200886
5337 0.0319834358847914
5380 0.03428639083463886
5515 0.04392014842654318
5560 0.06755190436376338
5807 0.06617961883754737
5833 0.04418957315135859
5842 0.021865118861383506
6034 0.061909234719925
6055 0.026593157861795988
6057 0.03792384244315913
6063 0.042889322761320375
6150 0.030844630062694497
6214 0.0236989562171205
6222 0.04531961024490059
6230 0.03514196693662812
6252 0.04146725395538892
6258 0.04699654211709047
6263 0.05609665251346859
6471 0.07222783550279606
6558 0.05142072137443591
6657 0.04920351236374055
6757 0.17212278316647275
6772 0.03041273905839395
6867 0.028802004019065564
6923 0.03374250511827071
7019 0.10276076542761346
7042 0.04314171159197647
7205 0.02643000912186629
7262 0.014750018040040176
7484 0.046512597072985835
7537 0.026061112762565446
7571 0.06895136618212079
7823 0.09183801841039224
7986 0.033477935158098236
8006 0.1098427331686733
8052 0.045616251354762764
8166 0.09643499010546555
8716 0.04314032435256603
8778 0.07049839944895853
8788 0.10276076542761346
8890 0.017655884334706357
8942 0.029500036080080352
9125 0.22688626142397555
9273 0.021397087667001904
9338 0.005973667491648632
9445 0.02701635651022156
9546 0.02989014882875904
9671 0.08997956850283886
9898 0.017129861437486252
9923 0.027437254357604777
10004 0.024388436659519248
10239 0.16149966532392954
10313 0.09258312211934101
10325 0.032343043299913304
10392 0.047675331319457934
10428 0.03485120029594963
10515 0.04859607956557585
10578 0.031402995268677444
10638 0.044743723276064185
10750 0.031517262269706185
10760 0.028518717376271097
10816 0.03258776955712423
10845 0.027350627348056905
10909 0.07087721609298059
10925 0.032836643913954175
10951 0.03284106910561836
10988 0.03478103486749352
11067 0.018247846862567023
11101 0.06913215993558344
11162 0.13019801978521822
11319 0.036819551906935886
11634 0.018624360710793098
11679 0.11611465080372128
11710 0.0462281413711317
11736 0.020288392489322977
11873 0.1582580189807865
11892 0.03860313347911196
11893 0.020959752379342656
11929 0.019661255082665127
11977 0.018816301163297976
11991 0.03936607056384559
12006 0.015539831842622715
12024 0.028332851153583857
12166 0.06401086508291565
12213 0.10276076542761346
12265 0.009381644451213223
12274 0.08204454674193393
