201
110 0.047456121158925696
162 0.07490581803408887
210 0.028143843367830684
236 0.06196219859500377
304 0.10653026075111686
335 0.03763951422213012
373 0.0725303293061389
374 0.019126051198113767
435 0.02121201291423624
456 0.02409854088295113
479 0.12444392252921457
482 0.069407746609459
659 0.10653026075111686
731 0.07365375018783286
744 0.03177166148908235
769 0.017880822123163997
791 0.07365375018783286
846 0.046705100438659615
937 0.039773269985065175
938 0.01907825715130119
958 0.06694648533317003
1356 0.09870072714360938
1474 0.08536459953750744
1524 0.07314314402879335
1543 0.03303151334113436
1551 0.05678342159284134
1586 0.19855670869438286
1632 0.1262821038695453
1759 0.029326989543468424
1814 0.02898040950772486
1894 0.05678342159284134
1895 0.02726907375282538
2002 0.07890289444161552
2080 0.023970546450479552
2287 0.03693836862083313
2356 0.01739869595321304
2373 0.033029622102160074
2455 0.08716796744410513
2456 0.03961159234667573
2596 0.07987301950085834
2627 0.04935036357180469
2630 0.014075239281882798
2797 0.07490581803408887
2807 0.08310856205176773
2942 0.058172849417504655
3394 0.10653026075111686
3453 0.05355550815981397
3544 0.04318169842451315
3591 0.021104056097836738
3599 0.04184465881013941
3643 0.04622234804567697
3721 0.02995115704063364
3791 0.04507257224316677
3803 0.11511306520238206
3810 0.13698854188503182
3829 0.07490581803408887
3877 0.07248810290995972
3918 0.030654614256277614
3933 0.05317115967640828
4085 0.0996798530299625
4096 0.07248810290995972
4101 0.025928664872455553
4105 0.04693610079995191
4107 0.08536459953750744
4170 0.04420596258209037
4195 0.3660240575266536
4263 0.07037344854451592
4356 0.022800649346327834
4381 0.0316707944176548
4382 0.038074607389485766
4446 0.035491204099976525
4453 0.044633711613585376
4616 0.059166970508600265
4624 0.02530522954110241
4827 0.08463179311360264
4861 0.008400623050423224
4872 0.056124841270781205
4877 0.0777282275794292
4945 0.06526635750948853
4990 0.06601737822975463
5069 0.04552313719208108
5108 0.055499625691662065
5188 0.069407746609459
5251 0.09104935998078864
5371 0.06135002652327029
5515 0.05053647745942642
5525 0.050232051488483725
5796 0.060223263461137135
5802 0.01575309604775953
5842 0.05031795775162671
6008 0.013009268896557393
6013 0.029326989543468424
6034 0.035617760379231915
6074 0.03680156476178801
6119 0.03792832782392115
6122 0.0448517170161452
6162 0.019367070753092224
6230 0.08087182232287347
6253 0.08796900368028793
6258 0.05407631295562675
6263 0.0645473049809388
6295 0.049933013871686985
6436 0.02790074299700116
6452 0.03902670063731367
6525 0.15251630866122673
6584 0.02378035475030196
6698 0.04399608181747571
6998 0.05392684583913079
7083 0.10296823866947948
7150 0.03228523246780114
7176 0.020162285022703424
7179 0.06762766128143952
7201 0.1423683634767771
7208 0.038074607389485766
7220 0.02790074299700116
7256 0.09757427721620483
7262 0.016972027211003955
7272 0.038347961662112705
7464 0.07365375018783286
7482 0.03626516465306945
7484 0.013379866062438869
7488 0.04797601400274402
7507 0.024554315303394882
7537 0.029987076202525
7554 0.031873134372377994
7861 0.034751150718155516
7952 0.01382858987537562
8005 0.11356684318568268
8036 0.04851241411146257
8092 0.027346752897853148
8119 0.06255733888830464
8166 0.08322179361339957
8312 0.03626516465306945
8361 0.05591681193176494
8364 0.0345114986960024
8390 0.058172849417504655
8397 0.060223263461137135
8402 0.20724876589474797
8453 0.10711101631962794
8515 0.030042236421752872
8603 0.04598604791010986
8680 0.07037344854451592
8774 0.04338164376732937
8942 0.016972027211003955
8961 0.038222164522012415
8980 0.07625815433061336
9151 0.04202930747080489
9273 0.04924088270736844
9445 0.03108622217199778
9578 0.029591671472838563
9586 0.0996798530299625
9650 0.05678342159284134
9658 0.028473515959986293
9671 0.0345114986960024
9758 0.06601737822975463
9821 0.0593616566500413
9898 0.05913114281932474
9919 0.05319215685941276
9923 0.031570525967386326
10100 0.06601737822975463
10103 0.05248808897422345
10110 0.03792832782392115
10216 0.04507257224316677
10228 0.059166970508600265
10318 0.02106778194293498
10325 0.037215345058066965
10392 0.018285786007198337
10424 0.11824111010079143
10460 0.03078910650097576
10845 0.03147084907483858
10862 0.08926742322717075
10909 0.12233171887364662
10913 0.11824111010079143
10914 0.038672729470926724
10951 0.028341296786178267
11036 0.013482364966994785
11049 0.04935036357180469
11101 0.07954653997013035
11153 0.05319215685941276
11217 0.02057438311812657
11300 0.030318458121130314
11310 0.04797601400274402
11319 0.010591553772428238
11332 0.032059497042917245
11588 0.06135002652327029
11629 0.042969924107876915
11634 0.02143001831679607
11710 0.05319215685941276
11736 0.09337890935769458
11768 0.07954653997013035
11781 0.17593800736057585
11893 0.013781270804548967
11929 0.15836180589864648
11957 0.02774059787113319
12006 0.053642466369491985
12098 0.06878587102545329
12177 0.020731548756414052
12223 0.12270005304654058
12252 0.10653026075111686
12265 0.021589875277131715
12286 0.04202930747080489
