366
44 0.04744356367209698
111 0.018761858340265853
203 0.021807554763722002
214 0.02244187409104707
344 0.014049809037186034
347 0.021807554763722002
352 0.02084587980110403
373 0.018145531836435868
387 0.033032262500003566
390 0.015170055129531972
435 0.010613580810464752
456 0.01205787551184412
462 0.031301007323686944
478 0.02483731366877235
509 0.09488712734419397
513 0.05252557370836797
547 0.029972546867943612
587 0.0147620261991119
590 0.028411986934339023
597 0.03969758539040402
635 0.03099356889600826
641 0.0225523805672068
642 0.018761858340265853
644 0.028411986934339023
678 0.07047792114627038
679 0.02400513820356809
682 0.02483731366877235
700 0.04744356367209698
711 0.06159506053318948
736 0.024692803738754668
744 0.031794351442317896
808 0.045557191757536246
913 0.0223327935447292
952 0.017411121353051617
979 0.011173628275452232
1007 0.059162776406361424
1051 0.09488712734419397
1203 0.038156307311205485
1242 0.02661507220426948
1274 0.029107196981447526
1373 0.022892841009716676
1424 0.03969758539040402
1429 0.059162776406361424
1448 0.04158395730496476
1487 0.026262786854183984
1586 0.02483731366877235
1587 0.020317356145352794
1622 0.015123733780497636
1634 0.06459340188814654
1644 0.053303170039229214
1759 0.04402190042582259
1801 0.04987552004546993
1814 0.014500553034463102
1850 0.03747965627275292
1858 0.06260201464737389
1861 0.024273529794863306
1878 0.053303170039229214
1914 0.0555392611357186
1929 0.014940945577128936
1998 0.16633582921985904
2025 0.06324009981124137
2061 0.040588263684578435
2069 0.12918680377629307
2080 0.02398766518310166
2110 0.0225523805672068
2129 0.01990083717135625
2132 0.053303170039229214
2174 0.04698528076418025
2189 0.059162776406361424
2252 0.028411986934339023
2255 0.04744356367209698
2281 0.07144870187566507
2282 0.04158395730496476
2284 0.03472865731744621
2356 0.034822242706103235
2537 0.03342552526938121
2627 0.024692803738754668
2630 0.014085291212002811
2656 0.013920174438953369
2665 0.02643709457694104
2780 0.06685105053876242
2832 0.02121752756241973
2984 0.022664350747819573
3097 0.05323014440853896
3101 0.035724350937832536
3109 0.029107196981447526
3120 0.02528628421831061
3175 0.02643709457694104
3176 0.03521185311635457
3195 0.02576044353848847
3197 0.033032262500003566
3239 0.011498240147426952
3269 0.015216631693898265
3351 0.03229670094407327
3442 0.011619441148910411
3453 0.02679687759940044
3544 0.021606268467529395
3548 0.022777823928711423
3589 0.02413826890848971
3591 0.010559563853209006
3595 0.021606268467529395
3599 0.02093727123226822
3609 0.017949686203818354
3664 0.04744356367209698
3697 0.029604612506244292
3709 0.023617881562363115
3715 0.03162004990562069
3775 0.04158395730496476
3790 0.029604612506244292
3803 0.019199212333212156
3814 0.017509621238508945
3830 0.02201375096279544
3874 0.028637430295843647
3918 0.015338253231227679
3928 0.06260201464737389
4025 0.013722188222290268
4033 0.019660433529033593
4101 0.07784154602694134
4105 0.0117424051357727
4106 0.02498433694057975
4161 0.03099356889600826
4170 0.022118766289007354
4195 0.0915713640388667
4230 0.02576044353848847
4271 0.03265648396653266
4297 0.039639881241112056
4339 0.01890514355096992
4356 0.011408466294394301
4374 0.059162776406361424
4410 0.009241061573550827
4429 0.022777823928711423
4431 0.014122908976313454
4547 0.01990083717135625
4552 0.014717881842676594
4595 0.059162776406361424
4600 0.052184001483157695
4661 0.03626993539664475
4679 0.07631261462241097
4733 0.10281477990441373
4791 0.021807554763722002
4827 0.01058652918722893
4861 0.0042033112069284305
4869 0.02528628421831061
4870 0.04744356367209698
4879 0.03427159330147124
4928 0.04744356367209698
4941 0.06239732132845747
5001 0.01131963579177058
5056 0.03889186886713579
5112 0.020577488209808818
5224 0.022289453930176797
5237 0.03427159330147124
5297 0.015999027857419114
5337 0.036827846855462164
5342 0.03747965627275292
5349 0.053303170039229214
5401 0.018691116295248084
5425 0.046234493760850134
5453 0.03229670094407327
5560 0.03889186886713579
5598 0.025924596755463075
5622 0.01769542267486176
5641 0.027367000899963845
5659 0.03162004990562069
5666 0.18977425468838793
5769 0.02413826890848971
5793 0.036853175263140484
5796 0.030133136161995526
5802 0.015764346230969544
5833 0.025441400956554717
5842 0.012588473167862732
5845 0.032946374355193944
5998 0.03810179863541497
6003 0.02935224674922235
6008 0.013018559556505818
6013 0.014673966808607532
6034 0.01782159852538252
6055 0.030621123654918415
6068 0.014586815263036238
6074 0.018413923427731082
6079 0.012520298402830504
6214 0.04093282222752547
6222 0.026092000741578848
6230 0.04046478874889324
6251 0.012973591004490224
6263 0.03229670094407327
6281 0.035770799543959696
6285 0.03747965627275292
6295 0.02498433694057975
6360 0.011058611194446979
6410 0.01168069956948543
6436 0.013960334253423806
6437 0.02131304976573912
6501 0.04744356367209698
6507 0.04321253693505879
6525 0.038156307311205485
6599 0.059162776406361424
6666 0.23261340356041568
6692 0.2079197865248238
6719 0.026982679035753254
6747 0.015598781506440325
6772 0.03501924247701789
6812 0.04987552004546993
6923 0.019426677851178388
6932 0.04224591373424901
6982 0.01744858396939167
7000 0.1217647910537353
7008 0.20562955980882747
7025 0.013880204506111564
7042 0.04967622469690106
7090 0.03342552526938121
7091 0.26651585019614604
7099 0.07495931254550584
7117 0.03521185311635457
7205 0.03043326338779653
7206 0.023745006139112068
7230 0.065422664291166
7259 0.01720874873352728
7264 0.03342552526938121
7272 0.019187674062949352
7282 0.012902251973133627
7312 0.014457749778220574
7397 0.03427159330147124
7399 0.033837979023271805
7474 0.03969758539040402
7482 0.018145531836435868
7483 0.037241795049599
7488 0.04801027640713618
7510 0.040588263684578435
7537 0.02500707640146208
7542 0.009690450940748633
7660 0.031003224665244696
7733 0.033837979023271805
7756 0.03041032902951253
7823 0.3436822295002335
7864 0.053303170039229214
7878 0.02528628421831061
7952 0.006919232829552445
7964 0.036853175263140484
8040 0.03195160710871107
8052 0.026262786854183984
8112 0.03589937240763671
8166 0.013880204506111564
8222 0.019274356161743812
8224 0.025947182008980448
8364 0.034536145323053054
8376 0.02413826890848971
8385 0.02023239437444662
8397 0.030133136161995526
8402 0.025924596755463075
8418 0.03747965627275292
8455 0.02040318048705176
8498 0.033032262500003566
8562 0.036853175263140484
8582 0.025599417240376014
8619 0.045557191757536246
8657 0.06854318660294248
8714 0.02679687759940044
8719 0.022777823928711423
8746 0.03521185311635457
8752 0.04271278163027271
8762 0.04987552004546993
8833 0.029864744570700312
8845 0.04744356367209698
8867 0.04532870149563915
8882 0.09390302197106082
8890 0.01016507742818076
8896 0.025441400956554717
8969 0.04063471229070559
8991 0.08316791460992952
9053 0.028411986934339023
9099 0.014330625201471617
9125 0.06531296793306532
9145 0.03521185311635457
9171 0.035724350937832536
9230 0.019199212333212156
9267 0.014500553034463102
9273 0.012319012106637895
9338 0.09285943250733604
9378 0.059162776406361424
9444 0.0604448340249484
9546 0.01720874873352728
9578 0.014806402285513841
9582 0.017633034014957905
9656 0.014895859470005038
9663 0.028192399911861416
9669 0.029604612506244292
9671 0.06907229064610611
9675 0.025108634121197723
9769 0.045557191757536246
9798 0.05119883448075203
9814 0.02244187409104707
9815 0.03472865731744621
10004 0.04212369241267208
10105 0.019274356161743812
10110 0.03795541460328026
10142 0.029107196981447526
10144 0.023617881562363115
10172 0.019350173934952152
10226 0.024692803738754668
10239 0.03099356889600826
10325 0.018620961327910152
10334 0.0338364351231584
10392 0.018298844928574576
10426 0.11808940781181557
10469 0.10660634007845843
10553 0.03162004990562069
10597 0.028661250402943234
10641 0.02935224674922235
10643 0.02441099014138913
10653 0.017268072661526527
10656 0.03747965627275292
10750 0.036291063672871736
10760 0.032838340440682456
10832 0.04744356367209698
10845 0.01574666210039717
10874 0.03472865731744621
10909 0.16322544389641408
10934 0.0225523805672068
10960 0.026604566115125034
10981 0.04941956153279092
10988 0.08009837530830347
11011 0.01360558464882518
11036 0.020237990237693158
11071 0.02014827800831613
11080 0.011619441148910411
11087 0.02756591890224899
11145 0.019050899317707485
11153 0.02661507220426948
11162 0.11243896881825874
11194 0.023127679028658747
11217 0.010294538228530993
11276 0.11235292483516399
11319 0.03709691231501319
11332 0.016041196277958684
11439 0.04401591367833771
11592 0.03969758539040402
11605 0.03041032902951253
11634 0.021445322713565248
11643 0.05638479982372283
11655 0.03626993539664475
11679 0.10027657580814363
11710 0.05323014440853896
11736 0.01168069956948543
11751 0.08316791460992952
11828 0.033055103026340696
11893 0.027582225590068774
11917 0.02336922760564117
11929 0.01131963579177058
11960 0.020317356145352794
11991 0.06799305224345872
12006 0.01789359183676324
12007 0.02387407162392774
12024 0.016312160879484516
12030 0.018620961327910152
12046 0.038156307311205485
12048 0.03265648396653266
12052 0.02084587980110403
12102 0.059162776406361424
12138 0.017327815843377985
12166 0.14741270105256193
12177 0.020746354336284183
12180 0.017327815843377985
12204 0.0337299837294886
12265 0.005401323459215496
12274 0.023617881562363115
