333
6 0.03321271064980245
105 0.024346070849323772
116 0.026833943819665747
203 0.02569089572408092
206 0.0449509228782906
344 0.024827555140528097
373 0.02137676467255149
387 0.038914423034250384
390 0.017871435320648815
435 0.012503575059885249
471 0.037250733230619594
479 0.024451457960507662
493 0.017287006967223056
547 0.035309854062613125
571 0.020995147521706493
587 0.01739074737477839
588 0.06969808104902495
593 0.02297699875590577
635 0.07302538549155208
678 0.05535209984602599
700 0.05589199065574683
711 0.07256348978240701
744 0.01872803659945869
791 0.0434157379424151
929 0.03986361607339332
931 0.026182797634655183
953 0.06969808104902495
979 0.03949005589959478
1051 0.11178398131149365
1059 0.03321271064980245
1064 0.027676049923012994
1148 0.05185396807492967
1258 0.04676666127003238
1308 0.022795921238848597
1362 0.049548961034575775
1426 0.11751402654313747
1447 0.05031878313905418
1512 0.04676666127003238
1586 0.029260173478606627
1622 0.01781686538097729
1634 0.038047877681651535
1759 0.05186102090166916
1782 0.0659211417535085
1858 0.0737497554333126
1998 0.09797789091821552
2014 0.05185396807492967
2025 0.037250733230619594
2068 0.04208590026246869
2069 0.15219151072660614
2074 0.034290408556700666
2105 0.022618077422305982
2253 0.031568683219927306
2259 0.03986361607339332
2281 0.04208590026246869
2287 0.19596230676311283
2356 0.010255787683832547
2371 0.034290408556700666
2415 0.04898894545910776
2419 0.025453765733937626
2456 0.023349340779244446
2537 0.03937771536159795
2590 0.04581746823088945
2630 0.03318700805216884
2656 0.03279796876329206
2665 0.03114483248501247
2698 0.03847172841656637
2773 0.06969808104902495
2780 0.03937771536159795
2781 0.035962961036961755
2967 0.0449509228782906
2977 0.0449509228782906
2991 0.04781594549411251
3008 0.03518285506582962
3048 0.037250733230619594
3109 0.034290408556700666
3120 0.029789093648535943
3137 0.0627950358523859
3152 0.022530332457581993
3186 0.044153778427258664
3223 0.0627950358523859
3239 0.02709153702361899
3254 0.1073394129333429
3255 0.0627950358523859
3442 0.0273771043258225
3472 0.020773004726373927
3536 0.06969808104902495
3544 0.025453765733937626
3591 0.012439939130445875
3605 0.026438170320918664
3664 0.05589199065574683
3721 0.017654927031306562
3759 0.03261006191545401
3803 0.022618077422305982
3805 0.022886048451896877
3810 0.04037444543167728
3814 0.04125523088494217
3830 0.025933809939200074
3874 0.033736989016304814
3904 0.0449509228782906
3933 0.03134212621513731
4101 0.045851519430922125
4105 0.02766682547966333
4161 0.03651269274577604
4170 0.02605752568011518
4195 0.08090832707942916
4198 0.02569089572408092
4271 0.07694345683313274
4339 0.022271642872346228
4410 0.02177329387344712
4412 0.1393961620980499
4414 0.033736989016304814
4431 0.04991346151766756
4552 0.052016226275203005
4555 0.08296428063258227
4600 0.03073828668767888
4645 0.16149778172670912
4661 0.042728638689215226
4733 0.12112333629503184
4772 0.016637820505889186
4796 0.0627950358523859
4861 0.024759041323766547
4867 0.05875701327156874
4905 0.024346070849323772
4930 0.09563189098822503
4941 0.061257176434185254
4995 0.027530660639110156
5018 0.058520346957213254
5146 0.02169294961212372
5188 0.04091290029747345
5202 0.05589199065574683
5224 0.01312930410748039
5284 0.04898894545910776
5297 0.018848025871079727
5323 0.07165118698515233
5324 0.06969808104902495
5337 0.06507884883637115
5425 0.01361690445048941
5453 0.038047877681651535
5454 0.0449509228782906
5483 0.06969808104902495
5641 0.03224033019838677
5659 0.037250733230619594
5666 0.05589199065574683
5700 0.023638027342195837
5760 0.04037444543167728
5769 0.08530994275242519
5776 0.05185396807492967
5797 0.05185396807492967
5802 0.027857330606264396
5803 0.03937771536159795
5820 0.0449509228782906
5844 0.04208590026246869
5998 0.022443353834212868
6003 0.03457909511965206
6013 0.017287006967223056
6034 0.020995147521706493
6055 0.03607392499049854
6066 0.04948149784062532
6068 0.01718433606744894
6079 0.014749827946624699
6162 0.011416060504511345
6214 0.03214790711853341
6222 0.03073828668767888
6233 0.04037444543167728
6258 0.04781351308357453
6281 0.021070310060155098
6285 0.044153778427258664
6410 0.01376071906618244
6451 0.0368748777166563
6471 0.04898894545910776
6507 0.025453765733937626
6583 0.03457909511965206
6584 0.014017502807173135
6630 0.024665638023288243
6655 0.05875701327156874
6657 0.016686282835448586
6666 0.11283819466801745
6692 0.09797789091821552
6719 0.06357514182351802
6747 0.018376506373440047
6867 0.019535125124279597
6900 0.04148214031629113
6932 0.016589592861653936
6934 0.022443353834212868
6998 0.03178757091175901
7000 0.09563189098822503
7008 0.16149778172670912
7083 0.06069537606796106
7090 0.03937771536159795
7099 0.13246133528177598
7102 0.02177358964034587
7205 0.017926305922661978
7206 0.02797335525679416
7230 0.02569089572408092
7254 0.025933809939200074
7259 0.020273165609123164
7262 0.020008569390298596
7264 0.03937771536159795
7282 0.015199797209681277
7313 0.05875701327156874
7376 0.027530660639110156
7394 0.027387363360061596
7482 0.02137676467255149
7483 0.043873560496039
7507 0.014473719475912425
7537 0.011784066561425636
7571 0.04676666127003238
7583 0.04208590026246869
7823 0.24915865988009975
7861 0.02048431816342253
7878 0.029789093648535943
7880 0.03986361607339332
7911 0.045413204704995803
7939 0.04037444543167728
7968 0.029609647549136968
7986 0.045413204704995803
8064 0.04208590026246869
8092 0.016119742095431065
8112 0.042292088364662264
8166 0.03270379375028734
8167 0.0434157379424151
8277 0.03457909511965206
8320 0.03400985510083438
8364 0.06102916061563248
8498 0.038914423034250384
8512 0.06801971020166876
8603 0.027106809904195315
8657 0.04037444543167728
8669 0.0434157379424151
8682 0.02843664758414173
8716 0.029260173478606627
8719 0.026833943819665747
8727 0.02383524149103981
8752 0.05031878313905418
8754 0.04054633121824633
8882 0.0737497554333126
8890 0.011975205247175949
8969 0.07180599802793103
9053 0.033471400235038216
9095 0.03986361607339332
9096 0.06969808104902495
9104 0.0449509228782906
9125 0.07694345683313274
9147 0.04037444543167728
9171 0.08417180052493738
9230 0.022618077422305982
9273 0.02902539591296281
9301 0.25159391569527084
9330 0.029789093648535943
9338 0.05267176699573926
9385 0.026969442359809723
9433 0.01744302565268471
9444 0.0237361462548081
9445 0.006107999805383525
9485 0.05994366504003446
9526 0.06969808104902495
9575 0.012127719545921942
9584 0.06298544256511948
9656 0.0175484127638686
9663 0.03321271064980245
9671 0.06102916061563248
9675 0.04436971324645396
9683 0.042728638689215226
9685 0.05366970646667145
9712 0.06969808104902495
9798 0.030157987268421806
9804 0.024138584405528615
9814 0.026438170320918664
9815 0.04091290029747345
9898 0.02323685437453269
9923 0.01860947580549238
9964 0.0449509228782906
10004 0.016541597640702402
10142 0.034290408556700666
10145 0.04037444543167728
10181 0.06402275567522263
10226 0.08726979061075651
10239 0.07302538549155208
10318 0.02483711413281189
10411 0.044153778427258664
10426 0.11129437280180506
10508 0.02997183252001723
10509 0.06694280047007643
10593 0.1393961620980499
10598 0.0627950358523859
10638 0.03034768803398053
10641 0.06915819023930413
10643 0.028757933158433505
10653 0.02034305353854416
10657 0.03400985510083438
10750 0.02137676467255149
10812 0.0434157379424151
10849 0.05031878313905418
10909 0.12018220016222159
10934 0.07970506511519743
10951 0.005568661071020346
10959 0.01872803659945869
10980 0.02325494207178274
10981 0.03881324051304863
10988 0.02359043723619552
11036 0.04768366765507122
11049 0.05817986040717101
11080 0.01368855216291125
11145 0.044886707668425736
11150 0.044153778427258664
11177 0.0368748777166563
11245 0.05366970646667145
11276 0.07563426809809583
11300 0.017871435320648815
11310 0.02827980986919056
11319 0.031216341449963613
11320 0.0434157379424151
11422 0.0627950358523859
11424 0.029789093648535943
11629 0.01266446691251595
11634 0.012632079927640535
11679 0.1575108614463918
11751 0.09797789091821552
11828 0.019470665423048344
11893 0.016246940318392463
11917 0.027530660639110156
11929 0.013335359507831306
11977 0.025524529290242022
11991 0.05340052821372346
12006 0.010539980456045643
12021 0.014789904415484653
12138 0.020413435379690516
12166 0.0868314758848302
12175 0.024665638023288243
12176 0.038914423034250384
12180 0.020413435379690516
12232 0.05751586631686701
12265 0.012726308773836473
