229
86 0.04337564350937478
137 0.03877127358092328
170 0.0425385242891392
189 0.036393885614272835
198 0.03688206810632063
354 0.048795132127382235
422 0.036635434059185644
456 0.016709306006467663
493 0.02033457730534104
628 0.02015388450135964
706 0.03188553822782361
819 0.04214137830601784
931 0.0307986294898522
937 0.02757775843302111
952 0.012063806527033408
956 0.045655725203318155
965 0.022903198453156425
1004 0.05193776010239089
1029 0.02599940859810333
1055 0.036157217271298885
1059 0.039067863714572264
1308 0.02681467205727027
1362 0.08742610971933598
1571 0.04749215889988145
1580 0.041024849616653626
1663 0.03713400651602522
1698 0.023684466866601615
1733 0.05624553989719339
1734 0.03504068858193467
1736 0.028154953228835003
1743 0.05624553989719339
1971 0.03377768983161997
2023 0.2970319826820256
2099 0.08820712082975676
2126 0.03877127358092328
2129 0.02757775843302111
2161 0.03688206810632063
2219 0.08675128701874955
2259 0.046891274137379875
2373 0.011450943558442405
2382 0.02033457730534104
2440 0.06313127525029306
2541 0.026399949649944236
2625 0.03765474489155907
2630 0.009759407485190138
2701 0.0238471734340325
2704 0.05160831867222772
2713 0.05389474600447225
2731 0.04067513157092564
2822 0.026298523176226007
2848 0.052875435172098834
2969 0.06574533155991746
3104 0.04950533044700427
3132 0.07426801303205044
3170 0.041024849616653626
3175 0.036635434059185644
3239 0.03186757285236311
3270 0.02064206699340744
3308 0.036393885614272835
3342 0.026605475702885757
3434 0.04138532989054767
3442 0.016101741769565896
3537 0.057625331003460865
3539 0.2212924086379238
3548 0.031564567888632294
3605 0.031099022475193347
3668 0.03713400651602522
3686 0.039372158343424855
3762 0.055011274693836466
3785 0.05389474600447225
3795 0.0850770485782784
3826 0.03290484906019703
3887 0.05992780951369825
3918 0.06376535400291532
4033 0.02724461699191957
4097 0.03462226251206283
4099 0.036635434059185644
4105 0.03254428037058672
4259 0.13848905004825132
4410 0.025611763117871954
4446 0.024608684514341603
4473 0.06580969812039406
4531 0.06574533155991746
4550 0.052875435172098834
4647 0.06313127525029306
4655 0.05122422205253607
4861 0.005824775112995048
4893 0.1550850943236931
4907 0.07829480184636113
4926 0.02401217171850201
4931 0.02443513045801245
5001 0.03137256776961551
5015 0.04950533044700427
5217 0.046891274137379875
5266 0.06099543572855543
5571 0.03765474489155907
5705 0.0425385242891392
5752 0.02487393398655193
5845 0.022827862601659078
6008 0.009020291144132513
6010 0.022531272468010087
6055 0.02121674439702624
6119 0.026298523176226007
6162 0.026857253576814767
6178 0.03848200741408666
6258 0.018747559556942482
6277 0.0615972589797044
6280 0.06986196265044078
6360 0.015324566775719107
6452 0.013530053262125611
6477 0.06099543572855543
6534 0.03877127358092328
6560 0.09664665349367267
6561 0.06099543572855543
6638 0.021752366124244204
6666 0.0379230646928302
6828 0.026502261955606236
6861 0.06574533155991746
6877 0.04138532989054767
7025 0.019234614281525165
7034 0.04950533044700427
7042 0.017209815255001298
7220 0.019345654776738937
7312 0.040069905344756816
7484 0.009277253649867628
7537 0.020792264350815493
7542 0.026857253576814767
7552 0.03237326231879417
7680 0.057625331003460865
7692 0.10387552020478177
7763 0.046891274137379875
7878 0.03504068858193467
8045 0.0338277421916221
8112 0.12436966993275965
8113 0.03525564295291818
8156 0.10289959990047934
8190 0.06313127525029306
8239 0.036157217271298885
8337 0.03819971219927652
8546 0.04381775954593429
8560 0.031252157786968264
8612 0.08675128701874955
8614 0.06099543572855543
8633 0.025329815811457893
8708 0.04391942217272666
8723 0.054931310666391064
8753 0.024963702123396714
8841 0.05193776010239089
8880 0.03326532933409108
8890 0.014086344577041726
8912 0.048795132127382235
9020 0.050261378862474435
9127 0.055011274693836466
9199 0.08763551909186858
9232 0.03326532933409108
9334 0.06313127525029306
9338 0.01906381738367559
9563 0.10774313672431989
9579 0.2029664531497326
9608 0.12642413491805354
9641 0.041757255875694003
9656 0.12385240196044464
9664 0.1078696003539827
9675 0.017397254206324226
9817 0.04950533044700427
9818 0.0425385242891392
9823 0.052875435172098834
9824 0.059189609143551744
9846 0.057625331003460865
9919 0.03688206810632063
9922 0.030362006857630065
9925 0.08135026314185129
9949 0.0688370474653652
9991 0.06313127525029306
9995 0.03877127358092328
10012 0.044277217827755476
10016 0.04000553878428021
10106 0.036157217271298885
10107 0.05624553989719339
10141 0.02551725476278082
10213 0.05389474600447225
10312 0.06759381740403025
10334 0.0234445673321757
10413 0.059189609143551744
10465 0.04214137830601784
10487 0.055011274693836466
10501 0.03188553822782361
10638 0.0356977589894777
10765 0.06574533155991746
10768 0.059189609143551744
10914 0.02681467205727027
10963 0.09604868687400804
10988 0.027749255296521228
11011 0.03770811484507517
11036 0.03739329497476314
11056 0.10847165181389665
11067 0.014558628376939008
11103 0.019015641840004986
11106 0.04178801080622407
11139 0.21555141443738166
11142 0.028154953228835003
11161 0.07478296494931162
11164 0.05106960858709514
11204 0.04067513157092564
11276 0.02224200630117347
11319 0.022031729712648176
11332 0.011114613725068572
11473 0.10575087034419767
11611 0.03877127358092328
11730 0.24003323270568125
11770 0.09638220243240385
11893 0.01672226033360006
11908 0.028154953228835003
11911 0.04138532989054767
11929 0.03137256776961551
11993 0.03877127358092328
12004 0.021348371450758352
12077 0.06574533155991746
12083 0.031723953810356205
12091 0.046891274137379875
12098 0.35770760151048747
12104 0.04525400707248181
12105 0.06916601805523495
12113 0.059608118577424415
12157 0.027354614837981763
12192 0.05624553989719339
12204 0.009348323743690785
12265 0.014969862050954458
12277 0.04337564350937478
