241
86 0.040350028835610216
137 0.03606683106950259
170 0.03957130183717275
189 0.03385527487698074
198 0.03430940479961604
344 0.009055782037983582
354 0.04539148768943909
422 0.034079974407151915
456 0.015543768913498329
493 0.018916163870931882
628 0.01874807507129342
706 0.0296614017185374
819 0.03920185828373175
931 0.02865030896300642
937 0.025654105806024365
952 0.011222310537659553
956 0.04247106623481971
965 0.021305614009226852
1004 0.04831490551455535
1023 0.02597308100075822
1029 0.024185851822937095
1055 0.033635115043238774
1059 0.03634273292309718
1308 0.02494424758204314
1362 0.08132780894416008
1571 0.04417940175715034
1580 0.03816321168009358
1663 0.03454376955536153
1698 0.0220323860052216
1733 0.052322201427068386
1734 0.0325964684396006
1736 0.026191039088635407
1743 0.052322201427068386
1971 0.03142156861399863
2023 0.2763128819916605
2081 0.04539148768943909
2099 0.08205434158498649
2126 0.03606683106950259
2129 0.025654105806024365
2161 0.03430940479961604
2219 0.08070005767122043
2259 0.04362043097234626
2373 0.010652197071802155
2382 0.018916163870931882
2440 0.05872763077803358
2541 0.024558453626254046
2625 0.03502818446586443
2630 0.00907865201724977
2701 0.02218374317612237
2704 0.04800844386623754
2713 0.05013538427155175
2731 0.03783788778659543
2822 0.024464102031485423
2848 0.04918717421283923
2969 0.06115934680429741
3104 0.046052146998610086
3132 0.06908753911072306
3170 0.03816321168009358
3175 0.034079974407151915
3239 0.029644689495750037
3270 0.019202204993928718
3308 0.03385527487698074
3332 0.01937750434155016
3342 0.02474964346210898
3434 0.038498547095766424
3442 0.014978584572817059
3537 0.05360574690145375
3539 0.20585642879769625
3548 0.029362820270657647
3605 0.028929748405049756
3668 0.03454376955536153
3686 0.03662580185430669
3762 0.051174030875189916
3785 0.05013538427155175
3795 0.0791426036743455
3819 0.024277814741017523
3826 0.030609611777249916
3887 0.07433015847277084
3918 0.05931748014699628
4033 0.02534420223648128
4097 0.03220722916569218
4099 0.034079974407151915
4105 0.03027419411319037
4259 0.16103614582846087
4410 0.0357378691147347
4446 0.02289213598745825
4473 0.06121922355449983
4502 0.07924033681939023
4531 0.06115934680429741
4550 0.04918717421283923
4647 0.05872763077803358
4655 0.04765113943392707
4690 0.04209736945820519
4861 0.005418475087741303
4893 0.28853464855602073
4907 0.07283344422305256
4926 0.02233723220815787
4931 0.022730687980908104
5001 0.02918421288383943
5015 0.046052146998610086
5217 0.04362043097234626
5266 0.0567407741156829
5571 0.03502818446586443
5705 0.03957130183717275
5752 0.023138883308913068
5845 0.021235533117409854
6008 0.008391091827667797
6010 0.02095963126381527
6055 0.01973679648194158
6119 0.024464102031485423
6162 0.024983858880054503
6178 0.03579774230842171
6258 0.017439846594009708
6277 0.05730061792601284
6280 0.0649888273553418
6311 0.04362043097234626
6360 0.014255620464970324
6452 0.012586281034795874
6477 0.0567407741156829
6534 0.03606683106950259
6560 0.08990518502606376
6561 0.0567407741156829
6638 0.020235056574234002
6666 0.03527778794935201
6828 0.024653629262848514
6861 0.06115934680429741
6877 0.038498547095766424
7025 0.017892927415212603
7034 0.046052146998610086
7042 0.016009365754879067
7220 0.03599244483445951
7235 0.03662580185430669
7312 0.03727487837158349
7484 0.008630130229803355
7537 0.03223654253228194
7542 0.024983858880054503
7552 0.03011510521529891
7680 0.05360574690145375
7692 0.0966298110291107
7763 0.04362043097234626
7878 0.0325964684396006
8045 0.03146812963317843
8112 0.1388332998534784
8113 0.06559285786553311
8156 0.0957219648455411
8190 0.05872763077803358
8239 0.033635115043238774
8337 0.035535138249180906
8546 0.040761305611711686
8560 0.029072201951463022
8612 0.08070005767122043
8614 0.0567407741156829
8633 0.02356296565772273
8708 0.04085587688698716
8723 0.05109964464014683
8753 0.02322238977976054
8841 0.04831490551455535
8880 0.03094494719292276
8890 0.013103768933114048
8912 0.04539148768943909
9020 0.04675545818657541
9127 0.051174030875189916
9199 0.08152261122342337
9232 0.03094494719292276
9334 0.05872763077803358
9338 0.02660106636741417
9563 0.10022764671435455
9575 0.013270656438464716
9579 0.1888087777990706
9608 0.11760557485119524
9641 0.038844529841178
9656 0.11521322996357232
9664 0.10034528902904317
9675 0.01618373013264702
9817 0.046052146998610086
9818 0.03957130183717275
9823 0.04918717421283923
9824 0.055060910743482745
9846 0.05360574690145375
9919 0.03430940479961604
9922 0.028244142405578047
9925 0.07567577557319086
9949 0.06403540386865816
9991 0.05872763077803358
9995 0.03606683106950259
10012 0.04118871494608243
10016 0.03721500162138106
10106 0.033635115043238774
10107 0.052322201427068386
10141 0.02373733003549068
10213 0.05013538427155175
10312 0.06287889379144582
10334 0.02180922036781398
10413 0.055060910743482745
10465 0.03920185828373175
10487 0.051174030875189916
10501 0.0296614017185374
10638 0.033207705708868024
10765 0.06115934680429741
10768 0.055060910743482745
10873 0.03634273292309718
10914 0.02494424758204314
10963 0.08934892883263149
10988 0.02581364011670153
11011 0.0350778316639023
11036 0.034784971666508416
11056 0.10090534512971631
11067 0.013543109157319096
11106 0.03887313949934842
11139 0.2005158905878855
11142 0.026191039088635407
11161 0.06956657119023447
11164 0.047507310840639076
11204 0.03783788778659543
11217 0.013270656438464716
11276 0.020690542502734385
11319 0.020494933499063568
11332 0.010339327512368941
11473 0.09837434842567847
11611 0.03606683106950259
11629 0.013857987788711425
11730 0.2232900097282864
11770 0.08965918042337705
11893 0.02666711936137989
11908 0.026191039088635407
11911 0.038498547095766424
11929 0.02918421288383943
11993 0.03606683106950259
12004 0.019859242052403015
12077 0.06115934680429741
12083 0.029511088423409323
12091 0.04362043097234626
12098 0.37712363399408033
12104 0.04209736945820519
12105 0.06434142751956823
12113 0.05545022756643864
12157 0.025446527318056265
12192 0.052322201427068386
12204 0.008696242916627104
12265 0.013925657732099573
12277 0.040350028835610216
