138
26 0.06022736114927458
117 0.0729450282270313
210 0.04279124665851017
214 0.06819469753336332
290 0.14416797195267414
344 0.02134675726735871
435 0.03225175982091
493 0.044590158739319194
938 0.05801499083873997
952 0.026453810175811412
975 0.12296138986819657
1308 0.058799869091078455
1413 0.0956995707880793
1524 0.02780258435751344
1564 0.0737605966289669
1575 0.04956818101638797
1622 0.045956877155263726
1632 0.04800133891284723
1684 0.06626717514860152
1706 0.07827891950134996
1730 0.21711300017970545
1782 0.0850185975119755
1895 0.04146120506199359
1995 0.07980540299968797
2150 0.07980540299968797
2186 0.08566896761514213
2192 0.09327951705644219
2253 0.08142835822515798
2261 0.08257024607844571
2278 0.046097635024856885
2362 0.06721286158056479
2373 0.050219818520822496
2622 0.07683807943197919
2630 0.021400667564013064
2679 0.061738870443208596
2701 0.052292665489942956
2731 0.08919342390332757
2763 0.06476451014703499
2798 0.16285671645031596
2804 0.10553086038602633
3025 0.08996029419223786
3361 0.06450351964182
3595 0.06565552132545036
3619 0.08702129284010772
3715 0.09608465543276068
3814 0.05320693447612872
3971 0.08996029419223786
4230 0.07827891950134996
4482 0.1138903913641714
4624 0.01923764115815921
4699 0.05193587854715427
4820 0.048929930869533754
4861 0.025545418821276953
4926 0.05265447776593644
5001 0.034397267174562075
5005 0.033865767243535135
5247 0.06226313857718524
5882 0.2428855244929307
6008 0.019779915163817965
6013 0.044590158739319194
6014 0.07460290969435696
6034 0.05415494784744116
6063 0.07503465509980996
6079 0.03804575139957225
6150 0.05396252562240878
6317 0.17977944381549554
6443 0.12333659631743703
6638 0.1430973622718593
6698 0.0668937488193785
6794 0.21585010248963513
6952 0.0358708322268443
6982 0.0530214589633071
6994 0.06753598844394343
7102 0.056162863833436605
7256 0.07417830090429298
7262 0.025805082596186864
7269 0.08919342390332757
7452 0.08199295780814911
7484 0.020343388834734764
7542 0.02944662144459151
7636 0.12333659631743703
7826 0.22642134337509445
8052 0.07980540299968797
8068 0.09418095154477035
8092 0.041579312152473805
8156 0.09025630432100795
8171 0.040196651252126854
8312 0.05513929229562059
8324 0.05278638783992188
8326 0.04111010738341412
8380 0.061738870443208596
8409 0.12636223602126342
8414 0.08142835822515798
8447 0.10948203384694552
8828 0.058341138205768035
9000 0.051759326326906475
9027 0.039532263005677776
9273 0.07486819515284218
9338 0.010450901321319974
9445 0.03150998682631212
9473 0.06721286158056479
9549 0.06819469753336332
9628 0.07637521561335964
9987 0.055543839978122525
10110 0.057668045193620766
10247 0.13843580530620764
10318 0.016016232074015518
10428 0.060972000154298295
10429 0.08142835822515798
10673 0.11818171794126713
10749 0.08945514777535253
10818 0.0699193885232049
10845 0.0956995707880793
10951 0.043091464287554226
10981 0.050057495752320706
11011 0.041343638509287926
11067 0.06384903316224401
11103 0.04169796477417563
11106 0.045816886362336565
11319 0.03220781071364988
11385 0.09511517256840778
11424 0.15367615886395838
11494 0.07460290969435696
11606 0.12636223602126342
11770 0.05283731303548241
11802 0.14416797195267414
11861 0.06199966706827726
11875 0.045956877155263726
11893 0.005238425954815095
11977 0.032919024529702114
12016 0.07980540299968797
12086 0.10553086038602633
12113 0.06535507056793818
12227 0.079286430865509
12274 0.14353652310763898
12303 0.1377414860957809
12304 0.05493938275031963
12305 0.11021438155717837
