253
86 0.037147518608083616
137 0.033204270652380415
170 0.036430597790432465
189 0.031168241752643308
198 0.031586328188722736
335 0.022350927641955825
344 0.008337040678143472
354 0.0417888458137588
422 0.03137510727961152
456 0.01431008754185438
493 0.017414821492490618
527 0.05919144357935335
628 0.017260073602772392
706 0.027307228868912105
819 0.036090476316616465
931 0.05275276950441021
932 0.03576150839882285
937 0.02361798492599823
952 0.010331615653158838
956 0.03910021303059763
965 0.01961462521102142
1004 0.0444802371508046
1023 0.023911643625231564
1029 0.02226626365758634
1055 0.0309655556144499
1059 0.03345827466516973
1308 0.02296446689031415
1362 0.07487296498389645
1571 0.04067296099227
1580 0.03513426525185953
1663 0.0318020918294528
1698 0.020283714602631037
1733 0.04816948109371848
1734 0.03000934454969297
1736 0.02411230276622466
1743 0.04816948109371848
1971 0.028927694439553127
2023 0.29677948835672474
2081 0.0417888458137588
2099 0.07554183401753294
2126 0.033204270652380415
2129 0.02361798492599823
2161 0.031586328188722736
2219 0.07429503721616723
2259 0.040158354727315874
2373 0.009806751081984947
2382 0.017414821492490618
2440 0.05406652287718679
2541 0.02260929271658683
2625 0.03224805958762349
2630 0.008358095507715426
2701 0.040846117646621556
2704 0.044198098820001155
2713 0.0461562277374944
2731 0.03483476173882334
2822 0.022522429640561552
2848 0.045283275429482434
2969 0.05630523791511731
3104 0.04239706976524639
3132 0.0636041836589056
3170 0.03513426525185953
3175 0.03137510727961152
3239 0.027291843065608095
3270 0.01767816003885182
3308 0.031168241752643308
3332 0.01783954618814759
3342 0.022785308154246932
3434 0.03544298569031093
3442 0.013789760879933237
3537 0.04935115384018185
3539 0.1895179691323364
3548 0.027032345301013564
3595 0.02564196262595737
3605 0.026633645581321943
3668 0.0318020918294528
3686 0.03371887691733455
3762 0.04711243880225133
3785 0.0461562277374944
3795 0.07286119558086493
3819 0.022350927641955825
3826 0.02818018117692407
3887 0.08553838202502802
3918 0.054609556947838325
4033 0.023332677853152878
4097 0.02965099850663514
4099 0.03137510727961152
4105 0.02787138501799455
4259 0.1482549925331757
4410 0.03290141782454532
4446 0.021075227753552247
4473 0.05636036235384814
4502 0.07295117181951813
4531 0.05630523791511731
4550 0.045283275429482434
4624 0.0075133189963397795
4647 0.05406652287718679
4655 0.043869153006800395
4690 0.038756175904388256
4861 0.004988420329743825
4893 0.33204270652380413
4907 0.06705278292586747
4926 0.020564365703087867
4931 0.020926593588952425
5001 0.026867913665725225
5015 0.04239706976524639
5217 0.040158354727315874
5266 0.05223735950441789
5571 0.03224805958762349
5705 0.036430597790432465
5752 0.02130239117771189
5845 0.019550106515298815
6008 0.007725105750986109
6010 0.019296102502509502
6055 0.018170321948564137
6119 0.022522429640561552
6162 0.023000934309853366
6178 0.03295653898903507
6258 0.01605567689957518
6277 0.05275276950441021
6280 0.07977437251526012
6311 0.040158354727315874
6360 0.01312417715114265
6452 0.01158733023095196
6477 0.05223735950441789
6534 0.033204270652380415
6560 0.08276956993823661
6561 0.05223735950441789
6638 0.01862903602100027
6666 0.03247785248530079
6828 0.02269691443169968
6861 0.05630523791511731
6877 0.03544298569031093
6937 0.03544298569031093
7025 0.016472797499542297
7034 0.04239706976524639
7042 0.014738730787675108
7220 0.03313578832088801
7235 0.03371887691733455
7312 0.034316437382578405
7484 0.007945172099081022
7537 0.03561358238796745
7542 0.03450140146478005
7552 0.04158738408567462
7680 0.04935115384018185
7692 0.0889604743016092
7763 0.040158354727315874
7878 0.03000934454969297
8045 0.028970559993217036
8112 0.12781434706627134
8113 0.09058030359944447
8156 0.08812468225955578
8190 0.05406652287718679
8239 0.0309655556144499
8337 0.03271477734824544
8546 0.03752615307586914
8560 0.02676479284239909
8612 0.07429503721616723
8614 0.05223735950441789
8633 0.021692814862610564
8708 0.03761321839674904
8723 0.04704395647075892
8753 0.021379269888067712
8754 0.020423058823310778
8841 0.0444802371508046
8880 0.02848890161537548
8890 0.012063746032550279
8912 0.0417888458137588
9020 0.04304456039155192
9127 0.04711243880225133
9199 0.07505230615173827
9232 0.02848890161537548
9334 0.05406652287718679
9338 0.024489786907073992
9387 0.0461562277374944
9563 0.09227275614931069
9575 0.012217387972577824
9579 0.1738233599593022
9599 0.036090476316616465
9608 0.14436190526646586
9641 0.0715230167976457
9656 0.10606896023311092
9664 0.09238106140212221
9675 0.014899256174016481
9817 0.04239706976524639
9818 0.036430597790432465
9823 0.045283275429482434
9824 0.05069082390881577
9846 0.04935115384018185
9919 0.0947589845661682
9922 0.026002454914099613
9925 0.06966952347764668
9949 0.058953027430994016
9991 0.05406652287718679
9995 0.033204270652380415
10012 0.03791963968938535
10016 0.034261312943847565
10106 0.0309655556144499
10107 0.04816948109371848
10141 0.021853340248951938
10213 0.0461562277374944
10312 0.057888307507528505
10334 0.020078261226078104
10413 0.05069082390881577
10465 0.036090476316616465
10487 0.04711243880225133
10501 0.027307228868912105
10638 0.030572069000933684
10705 0.09422487760450265
10765 0.05630523791511731
10768 0.05069082390881577
10873 0.03345827466516973
10914 0.02296446689031415
10963 0.08225746281235147
10988 0.03564728592205882
11011 0.03229376637560286
11036 0.04003018769601522
11056 0.0928966668433497
11067 0.012468216602334192
11106 0.03578784735916378
11139 0.21536818329686747
11142 0.02411230276622466
11161 0.0640451958118341
11164 0.0437367398338803
11204 0.03483476173882334
11217 0.012217387972577824
11276 0.019048370839164153
11315 0.03271477734824544
11319 0.018868286975200283
11332 0.01903742684921368
11473 0.09056655085896487
11611 0.033204270652380415
11629 0.012758103875193128
11730 0.2055678776630854
11763 0.05919144357935335
11770 0.08254309028457367
11893 0.02659648050805878
11908 0.02411230276622466
11911 0.03544298569031093
11929 0.026867913665725225
11993 0.033204270652380415
12004 0.018283049231256416
12077 0.05630523791511731
12083 0.0271688456734363
12091 0.040158354727315874
12098 0.367615058819594
12104 0.038756175904388256
12105 0.05923476252746717
12113 0.0510492413459907
12157 0.023426881574477754
12192 0.04816948109371848
12204 0.008006037539203044
12265 0.012820402975187838
12277 0.037147518608083616
