263
86 0.036325020874237515
137 0.03246908191329591
170 0.03562397368071955
189 0.030478133525496803
198 0.03088696294632697
335 0.021856047014024292
354 0.0408635826395348
422 0.03068041876194986
456 0.013993242298475102
485 0.02712013935562163
493 0.01702923312078735
527 0.05788086268374266
628 0.016877911564600404
706 0.026702608837645483
819 0.03529138296943973
931 0.05158474980895629
932 0.03496969885893748
937 0.02309504988733275
952 0.010102859311413772
956 0.038234479926056754
965 0.01918033012508276
1004 0.04349538282867734
1023 0.04676441314897692
1029 0.021773257608035588
1055 0.030279935140337586
1059 0.03271746192392477
1113 0.029168125615651415
1264 0.0528694148546405
1308 0.022456001649996407
1362 0.07321517339153441
1571 0.03977240506017948
1580 0.03435634374773748
1663 0.031097949279926
1698 0.019834604946864832
1733 0.04710294177899008
1734 0.02934489591863533
1736 0.023578422842984913
1743 0.04710294177899008
1971 0.02828719504649953
2023 0.29020837766691704
2081 0.0408635826395348
2099 0.0738692327343754
2129 0.02309504988733275
2161 0.03088696294632697
2219 0.07265004174847503
2227 0.020830726605603478
2249 0.03926919289374411
2259 0.03926919289374411
2274 0.03088696294632697
2373 0.009589615971927552
2382 0.01702923312078735
2440 0.0528694148546405
2541 0.02210869152651948
2625 0.031534042691593656
2630 0.016346071294278376
2701 0.05991259167801652
2704 0.04321949143296976
2713 0.04513426465249005
2731 0.034063471659086596
2822 0.022023751719823154
2848 0.04428064072284626
2951 0.03708004612078578
2969 0.05505856162759883
3104 0.041458339666702426
3132 0.062195898559852
3170 0.03435634374773748
3175 0.03068041876194986
3239 0.026687563697428137
3270 0.017286740985430572
3288 0.05788086268374266
3308 0.030478133525496803
3332 0.017444553820894257
3342 0.022280809737553902
3434 0.034658228686254226
3442 0.013484436392618584
3537 0.04825845064715063
3539 0.18532177767796182
3548 0.026433811574300775
3595 0.02507421390568008
3605 0.02604393962099084
3668 0.031097949279926
3686 0.03297229407973128
3762 0.0460693038741923
3785 0.04513426465249005
3795 0.0712479473614391
3819 0.043712094028048584
3826 0.02755623276728928
3887 0.10037333191665179
3918 0.06230049629488104
4030 0.02832911149717972
4033 0.02281605990993976
4097 0.02899448415542692
4099 0.03068041876194986
4105 0.02725427378485113
4259 0.11597793662170768
4410 0.03217293466833463
4446 0.020608592895637
4473 0.05511246553457856
4502 0.07133593140101238
4531 0.05505856162759883
4550 0.04428064072284626
4624 0.007346963662801901
4647 0.0528694148546405
4655 0.04289782893763393
4690 0.03789806026037419
4787 0.02656728963860729
4861 0.004877969764795638
4893 0.32469081913295905
4907 0.06556814104207287
4926 0.0201090420415744
4931 0.0204632496981902
5001 0.026273020684140645
5015 0.041458339666702426
5217 0.03926919289374411
5266 0.05108075170329446
5571 0.031534042691593656
5705 0.03562397368071955
5752 0.020830726605603478
5845 0.019117239963028377
6008 0.007554061164106896
6010 0.018868859952399508
6014 0.028491271988991537
6055 0.01776800574586908
6119 0.022023751719823154
6162 0.02249166163014117
6178 0.03222683537356953
6258 0.01570018187971692
6277 0.05158474980895629
6279 0.02816958787848928
6280 0.07800805694234006
6311 0.03926919289374411
6360 0.01283358961340438
6452 0.01133077062176691
6477 0.05108075170329446
6534 0.03246908191329591
6560 0.08093693652807928
6561 0.05108075170329446
6638 0.018216563250674344
6666 0.03175874765487653
6828 0.022194373174978715
6861 0.05505856162759883
6877 0.034658228686254226
6937 0.034658228686254226
7025 0.016108066849389775
7034 0.041458339666702426
7042 0.014412394786594474
7220 0.03240211587588105
7312 0.033556623725073426
7484 0.0077692549371446845
7488 0.027858117705806033
7537 0.034825048135726164
7542 0.03373749244521176
7552 0.040666581554341844
7680 0.04825845064715063
7692 0.08699076565735468
7763 0.03926919289374411
7878 0.02934489591863533
8045 0.02832911149717972
8052 0.030478133525496803
8112 0.10415363302801738
8113 0.05904981978757863
8156 0.0861734792136915
8160 0.049568458556996015
8190 0.0528694148546405
8239 0.030279935140337586
8337 0.0639808533435905
8380 0.023578422842984913
8546 0.03669527184822914
8560 0.026172183099283087
8612 0.07265004174847503
8614 0.05108075170329446
8633 0.021212505767042672
8708 0.03678040942179769
8723 0.04600233783677744
8754 0.019970863892672174
8841 0.04349538282867734
8880 0.027858117705806033
8890 0.011796637914827759
8912 0.0408635826395348
9020 0.04209149394988793
9127 0.0460693038741923
9199 0.07339054369645828
9232 0.027858117705806033
9334 0.0528694148546405
9338 0.03193006527983841
9387 0.04513426465249005
9563 0.09022970897759391
9575 0.011946878008588542
9579 0.16997466898307834
9599 0.03529138296943973
9608 0.14116553187775893
9641 0.10490909657681242
9656 0.10372044591258343
9664 0.12044748826860875
9675 0.014569365917592884
9817 0.041458339666702426
9818 0.03562397368071955
9823 0.04428064072284626
9824 0.049568458556996015
9846 0.04825845064715063
9919 0.09266088883898091
9922 0.025426724393121335
9925 0.06812694331817319
9949 0.05764772540054271
9991 0.105738829709281
9995 0.03246908191329591
10012 0.03708004612078578
10016 0.03350271981809368
10107 0.04710294177899008
10141 0.021369476898041084
10213 0.04513426465249005
10312 0.056606579857198525
10321 0.02309504988733275
10334 0.019633700593852575
10465 0.03529138296943973
10487 0.0460693038741923
10501 0.026702608837645483
10638 0.029895160867780945
10705 0.0921386077483846
10765 0.05505856162759883
10768 0.049568458556996015
10914 0.022456001649996407
10963 0.060327126124723206
10988 0.03485800542669144
11011 0.03157873746770944
11036 0.03914386365879563
11056 0.09083980542101275
11063 0.05788086268374266
11067 0.012192152943581745
11106 0.034995454638059205
11139 0.21059963214347555
11142 0.023578422842984913
11161 0.06262714609027073
11164 0.042768347576547815
11217 0.011946878008588542
11276 0.018626613412673135
11315 0.03199042667179525
11319 0.024600689141269935
11332 0.018615911737883156
11473 0.08856128144569252
11629 0.012475621708989004
11730 0.2010163189085621
11763 0.05788086268374266
11770 0.08071547144897957
11893 0.024007013016134775
11908 0.023578422842984913
11911 0.034658228686254226
11929 0.026273020684140645
11993 0.03246908191329591
12004 0.017878237089719924
12021 0.014569365917592884
12077 0.05505856162759883
12083 0.02656728963860729
12091 0.03926919289374411
12098 0.37944641396077133
12104 0.03789806026037419
12105 0.057923222490088966
12113 0.04991894013355647
12157 0.022908177829837978
12192 0.04710294177899008
12204 0.007828772731759127
12265 0.012536541420252345
12277 0.036325020874237515
