159
26 0.05109994408039229
116 0.05872598466934872
214 0.05785983586259292
344 0.018111670208431116
479 0.05351192336773269
571 0.04594780103053105
587 0.038059584926584
593 0.10057014993808501
628 0.037496369867332124
659 0.13742669872014185
677 0.049693313461755595
711 0.09528295394416961
736 0.06366320234732704
769 0.02306670740747946
952 0.02244475259918569
1029 0.048371987100581465
1143 0.05622442823065453
1586 0.06403577911152313
1736 0.052382385132484645
1858 0.08070053056775911
1872 0.07055784083357995
2069 0.16653527311899663
2099 0.054703214945021054
2126 0.07213408483708164
2129 0.05130851227448167
2167 0.04514345846367905
2183 0.06908794395873748
2284 0.08953772773002498
2287 0.19060567466471937
2356 0.08977901039674276
2381 0.0625822266018703
2392 0.06056893069500494
2450 0.04594780103053105
2455 0.05622442823065453
2537 0.17235596259573474
2575 0.07383327300214126
2656 0.03588911536304431
2677 0.04009129361646469
3109 0.07504442957545072
3239 0.05928972642300031
3269 0.039231652785260085
3392 0.09837492489229085
3407 0.049888787507082845
3442 0.029957344692492525
3604 0.06441483579548121
3697 0.15265374125508613
3765 0.039231652785260085
3803 0.04949957698648222
3887 0.037165297021078986
3933 0.03429606240484916
4048 0.023884854240462463
4101 0.0668972513634839
4105 0.060548743035584614
4171 0.08835932129053964
4195 0.17706756813760052
4356 0.02941340747923161
4382 0.04911719507405495
4431 0.03641180731861556
4446 0.04578454026746012
4580 0.08953772773002498
4600 0.13454124857038335
4655 0.04765141866617984
4700 0.07443043939723243
4931 0.045461642362212396
4995 0.18075224038941484
5001 0.02918438390122969
5112 0.05305305989391321
5146 0.04747493826907775
5351 0.059323151064439875
5425 0.029800543944545992
5510 0.11012246679292581
5659 0.08152308894006675
5702 0.09837492489229085
5740 0.1223194103873493
5761 0.08516406778980895
6084 0.060891828600252676
6156 0.06908794395873748
6162 0.02498400528367215
6230 0.10432667190479823
6281 0.04611229396195797
6436 0.07198531149519949
6638 0.040470350300422786
6666 0.035277994674654256
6828 0.049307547462688665
6982 0.13495827492942258
7090 0.17235596259573474
7229 0.1244669916056179
7232 0.1174559498354593
7264 0.17235596259573474
7269 0.07567621902779749
7459 0.06293662806831343
7484 0.017260361603492643
7502 0.10721212205455674
7537 0.012894692574441839
7542 0.02498400528367215
7593 0.06908794395873748
7823 0.06816034822670576
7833 0.033082311009230675
7854 0.05648861582844572
7878 0.06519331890512642
7911 0.09938662692351119
7939 0.08835932129053964
7941 0.10027135612260149
8036 0.0625822266018703
8098 0.03210558012598623
8166 0.1073581935988886
8364 0.04452069581202416
8384 0.08326763655949831
8438 0.06293662806831343
8560 0.05814474462495454
8669 0.09501517846013324
8750 0.11348221322508341
8776 0.09289010344518336
8942 0.02189433925864334
8975 0.09351146434040088
9027 0.03354117448305017
9148 0.06519331890512642
9202 0.12807155822304625
9445 0.0802040069865077
9546 0.08873549268505285
9580 0.05398065562594494
9671 0.04452069581202416
9743 0.11348221322508341
9923 0.04072676749278424
10167 0.04611229396195797
10239 0.0799078901273407
10428 0.051731733532739056
10460 0.03971871685226863
10578 0.046613355338521525
10641 0.15135243805559498
10643 0.06293662806831343
10749 0.02529942627290864
10881 0.0471262074700164
10909 0.15781097460037402
10934 0.05814474462495454
10951 0.03656098114573902
11049 0.06366320234732704
11067 0.027086377037931045
11071 0.05194646640229281
11106 0.03887336729315238
11194 0.05962798414481671
11217 0.05308293681423115
11300 0.039111568680058176
11310 0.061890257056179086
11319 0.02732673813053475
11359 0.1174559498354593
11629 0.027716137991048006
11634 0.027645259197007818
11679 0.08617798129786737
11736 0.030115281687651336
11893 0.031111821566913493
11909 0.11012246679292581
11949 0.18420966744352837
11991 0.058433427122925805
12004 0.03971871685226863
12006 0.04613341481495892
12177 0.05348843201662351
12263 0.08152308894006675
12274 0.060891828600252676
