49
111 0.10678037565716834
1458 0.15147579501840994
1465 0.11563326415833647
1520 0.24309355635922006
1521 0.16997083051846404
1746 0.16430398574775618
1958 0.06718395378291747
2069 0.18381195491141844
2250 0.259282101033412
2287 0.10518973254482084
2460 0.1447960165840939
2670 0.12649092437019022
3363 0.15688740008232446
3452 0.17470703559877226
3544 0.12296892033136032
3686 0.1617026726773746
3784 0.18381195491141844
3891 0.07832109006588024
4589 0.15804679526509977
4790 0.12296892033136032
4926 0.09861873229813102
4941 0.0591875396937121
4995 0.13300254469957126
6008 0.037046614859453535
6119 0.10800884848553895
6584 0.0677195352529568
6934 0.21685082030342975
7580 0.1017921397653821
7817 0.11968724599831261
7911 0.10969718213275341
8118 0.17149834204861036
8166 0.0789971560642277
8252 0.05770703605386343
8329 0.12963665707573932
8364 0.09827871270703527
8515 0.08555155336422067
9202 0.1413579420421556
9445 0.029508173733630846
9613 0.14053548488819861
9614 0.10327264340523076
9671 0.09827871270703527
10094 0.20974446280260337
10334 0.09628756351912267
10626 0.3367162983015473
10641 0.16705402404287897
10825 0.15575528733401553
10909 0.11612172086027608
11319 0.030161665231946723
12064 0.09018921296909115
