147
26 0.05389711600239299
137 0.07608264956365095
330 0.04846294857586061
413 0.1130808317548515
435 0.05772382542348332
493 0.07980694861199812
593 0.05303764157807481
711 0.10049867009052417
952 0.047346722437901965
2069 0.1756512868128339
2080 0.03261528371228601
2126 0.07608264956365095
2161 0.07237537495535316
2266 0.03587158306828258
2281 0.09714658199377293
2287 0.10051964188020196
2318 0.07981867747539792
2356 0.023673361218950983
2428 0.07095296689460753
2456 0.05389711600239299
2630 0.019151333218260284
2650 0.055483142284890444
2656 0.037853658135165884
2900 0.05346336232070573
2936 0.06163202830725155
3109 0.07915230435082754
3269 0.04137916350370562
3389 0.07981867747539792
3528 0.11969414292857405
3545 0.08428198701987097
3591 0.02871502235182354
3605 0.12205407819857826
3609 0.048811262256274635
3933 0.03617340267440218
4195 0.2490134821585403
4271 0.08880401502056165
4297 0.05389711600239299
4320 0.03587158306828258
4339 0.05140947364654277
4382 0.05180583282936113
4410 0.02512956911174401
4429 0.06194060023038564
4600 0.07095296689460753
4624 0.00860782671968524
4655 0.05025982094010098
4661 0.09863021049845207
4733 0.09319604307191968
4941 0.056559800560830605
4995 0.06354882667212712
5001 0.061563829584952906
5297 0.04350676305571313
5312 0.04435827755505199
5337 0.05007368014081173
5401 0.05082746121521641
5641 0.07442012316692627
5672 0.08782564340641695
5700 0.054563489126963356
5807 0.05180583282936113
6003 0.07981867747539792
6008 0.017700931300302036
6034 0.04846294857586061
6214 0.03710339181699625
6230 0.05501871713352898
6258 0.036789196541801183
6410 0.03176376921294714
6451 0.08511801599278351
6666 0.0744181703338195
6719 0.07337502215001752
6828 0.05200660496240659
6932 0.03829363832369257
7008 0.09319604307191968
7090 0.09089529819359353
7225 0.1037598931674955
7229 0.06564010984515897
7264 0.09089529819359353
7272 0.02608888478995544
7344 0.07666466199497732
7823 0.07189139364533839
7878 0.06876195140414768
7911 0.10482697499542772
7968 0.06834773725879241
8036 0.06600792990189028
8045 0.06638173103400608
8082 0.09575292723647646
8166 0.03774496638132943
8360 0.09863021049845207
8364 0.0469577247073476
8418 0.10191985034341186
8438 0.06638173103400608
8556 0.037529112559627174
8657 0.09319604307191968
8661 0.16088358103808714
8723 0.05389711600239299
8753 0.09797483678226557
8886 0.2898986625540172
8896 0.06918376623170495
9125 0.08880401502056165
9148 0.13752390280829535
9171 0.09714658199377293
9202 0.06754104876607293
9664 0.03527957791212572
9671 0.0469577247073476
9675 0.03413943037973318
9813 0.07237537495535316
9814 0.06102703909928913
9904 0.11615048654202809
9922 0.11916151905491396
9923 0.042956119648736586
10102 0.09714658199377293
10167 0.048636445724756554
10239 0.08428198701987097
10301 0.1130808317548515
10318 0.014332833143310629
10321 0.05411710106017621
10351 0.1130808317548515
10426 0.0642250008043542
10428 0.054563489126963356
10641 0.23945603242619373
10723 0.11916151905491396
10745 0.10795114908580805
10749 0.02668429754990992
10760 0.044649272112902094
10909 0.22193256913956178
10925 0.05140947364654277
10934 0.06132754354976258
10951 0.012854100445935825
11036 0.0183446447255408
11067 0.028569064635397462
11096 0.09714658199377293
11106 0.04100126573732601
11219 0.05958075952745698
11310 0.06527808247161584
11319 0.014411291455342236
11537 0.1449493312770086
11634 0.029158539577132027
11813 0.08050494524691365
11893 0.02343918494592853
11929 0.030781914792476453
11977 0.05891808805521095
12021 0.03413943037973318
12072 0.06388442771431936
12129 0.06132754354976258
12166 0.10021623678094951
12196 0.08428198701987097
12204 0.0183446447255408
12265 0.029376047347574468
12275 0.04350676305571313
