306
76 0.021304574953842404
200 0.034361281440212874
206 0.1426870207616351
214 0.027974092009150343
215 0.032736910157103956
330 0.022214857586161967
337 0.02347582888857006
344 0.017513272248240144
373 0.022618644730295807
387 0.041175150822815844
390 0.018909673775716774
456 0.015030300840061012
462 0.03901711841442087
478 0.03096003903290538
509 0.11827805556886993
587 0.01840106033302217
590 0.035415916399827475
635 0.1545355694397665
646 0.03628250489170648
677 0.02402573913828596
678 0.05856777209606097
682 0.03096003903290538
700 0.059139027784434965
711 0.06142324419695502
931 0.02770388348354348
938 0.011899141358013473
1308 0.0241202469924453
1424 0.04948356370537198
1448 0.05183495117360713
1450 0.026932498579795343
1502 0.05678764031619981
1524 0.011404875760739909
1575 0.020333323654676657
1586 0.09288011709871614
1587 0.025325852372530502
1634 0.040258263643050546
1742 0.04275499900333226
1759 0.03658258628293133
1816 0.03317603849178697
1850 0.04671888581103794
1858 0.03901711841442087
1872 0.03411332752711161
1894 0.035415916399827475
1998 0.10366990234721427
2061 0.05059380594497745
2068 0.0445308745627793
2069 0.2415495818583033
2080 0.014950470495342434
2105 0.023932071365053827
2126 0.03487541048371632
2161 0.03317603849178697
2174 0.029283886048030484
2201 0.040258263643050546
2281 0.0445308745627793
2282 0.05183495117360713
2287 0.023038523187309333
2356 0.010851596188819528
2371 0.03628250489170648
2537 0.0416653580510407
2627 0.030779905499397887
2630 0.0175575012470743
2645 0.0638200223704665
2665 0.03295418703222271
2715 0.035696934523001884
2780 0.0416653580510407
2806 0.027571333872888487
2832 0.026447927915013093
2835 0.045937968970769454
3097 0.03317603849178697
3109 0.03628250489170648
3120 0.03151968674375286
3145 0.06217049347553404
3195 0.032110732589382275
3197 0.041175150822815844
3239 0.028665415956125314
3269 0.018967732077432877
3350 0.028392857912174052
3351 0.040258263643050546
3392 0.04756234025387837
3442 0.014483786624763203
3453 0.03340266131439617
3544 0.10772999431918137
3545 0.07726778471988326
3664 0.059139027784434965
3697 0.07380507980617418
3721 0.01868058746855989
3814 0.021825973783839586
3918 0.009559667463805635
3933 0.04974441376967734
4023 0.05324204558159729
4033 0.024506989668050025
4048 0.023095713984899614
4101 0.016171752277742226
4105 0.014637062855988021
4106 0.03114330548009872
4161 0.03863389235994163
4171 0.0427199930106553
4195 0.08560868466134217
4271 0.081413475850448
4297 0.024705817361149893
4339 0.02356551074992477
4356 0.014220803686354987
4381 0.01975312821855721
4410 0.011519105118937648
4429 0.056785715824348104
4431 0.017604392286375885
4485 0.03295418703222271
4552 0.018346033810567052
4591 0.06217049347553404
4624 0.007891457301853682
4645 0.0427199930106553
4661 0.09042190557128646
4679 0.04756234025387837
4733 0.1281599790319659
4827 0.02639249648577636
4870 0.059139027784434965
4934 0.03941480920021011
4941 0.07777908390739698
5001 0.02822015058674517
5224 0.013892049134284032
5284 0.05183495117360713
5312 0.020333323654676657
5313 0.030088670520484116
5319 0.06923042143573184
5320 0.05678764031619981
5337 0.02295319838828865
5371 0.038264115643733214
5401 0.04659744590631947
5425 0.028815953097662276
5453 0.12077479092915165
5515 0.03151968674375286
5527 0.034361281440212874
5641 0.03411332752711161
5659 0.03941480920021011
5672 0.040258263643050546
5760 0.0427199930106553
5795 0.04948356370537198
5796 0.0375613516099443
5802 0.029475698206406054
5824 0.059139027784434965
5845 0.02053404505882569
6003 0.03658796265885832
6008 0.024341709256286016
6013 0.03658258628293133
6034 0.022214857586161967
6150 0.06640777266013394
6156 0.03340266131439617
6162 0.012079274891520966
6214 0.05102330271266426
6222 0.03252402301548118
6230 0.025219946404653346
6410 0.014560146053862062
6451 0.03901711841442087
6501 0.059139027784434965
6583 0.03658796265885832
6638 0.019566617949542134
6666 0.10233729711270585
6719 0.03363426525508664
6772 0.021825973783839586
6828 0.02383922886927089
6900 0.04389203926968615
6932 0.017553362864110834
6934 0.04749439447066639
6982 0.021749890022949265
7000 0.1011876118899549
7008 0.2135999650532765
7042 0.015480517298828454
7083 0.06422146517876455
7090 0.1666614322041628
7091 0.1328862087905256
7099 0.04671888581103794
7117 0.04389203926968615
7176 0.012575251380828732
7179 0.04217948709454415
7229 0.030088670520484116
7232 0.05678764031619981
7259 0.021450932238590993
7264 0.12499607415312211
7272 0.011958844379504521
7282 0.01608282723436498
7344 0.03514219828048135
7385 0.04389203926968615
7399 0.04217948709454415
7483 0.05802798582444472
7484 0.01669009033326597
7537 0.012468660207187064
7624 0.04756234025387837
7660 0.019322964201815673
7823 0.16477093516111357
7833 0.015994646342331904
7850 0.04948356370537198
7854 0.027311134107038088
7878 0.03151968674375286
7911 0.02402573913828596
7938 0.059139027784434965
7952 0.008624914970174083
8052 0.032736910157103956
8082 0.04389203926968615
8112 0.02237452056650245
8166 0.0865092898178879
8265 0.03863389235994163
8361 0.03487541048371632
8364 0.06457464089154846
8402 0.032315351739129555
8418 0.04671888581103794
8473 0.039885998426392566
8498 0.041175150822815844
8510 0.04217948709454415
8582 0.03191001118523325
8657 0.0427199930106553
8723 0.024705817361149893
8727 0.025219946404653346
8752 0.05324204558159729
8753 0.0449105370206386
8754 0.021450932238590993
8847 0.059139027784434965
8863 0.03042862113383422
8882 0.07803423682884174
8942 0.0105854821703152
8969 0.025325852372530502
8988 0.02621375038654461
9053 0.035415916399827475
9125 0.081413475850448
9138 0.0664431043952628
9148 0.0945590602312586
9171 0.0890617491255586
9230 0.023932071365053827
9273 0.015355811049238754
9338 0.06859289316401772
9437 0.059139027784434965
9444 0.05023018848995589
9546 0.021450932238590993
9575 0.012832277662208616
9578 0.03691275141987333
9626 0.10304180928305798
9628 0.031329815749113796
9656 0.01856788527013131
9671 0.08609952118873128
9675 0.01564912177746082
9683 0.04521095278564323
9815 0.043289729334149624
9898 0.012293398037497363
9964 0.04756234025387837
10004 0.017502579367726617
10110 0.0473119248441551
10167 0.022294386681431428
10226 0.030779905499397887
10239 0.1545355694397665
10280 0.032736910157103956
10318 0.013140011346460407
10321 0.0496133119571089
10392 0.011404875760739909
10426 0.08832000249261743
10469 0.0664431043952628
10498 0.07374718100609062
10553 0.03941480920021011
10597 0.01786331330031589
10641 0.10976388797657495
10653 0.02152488029718282
10723 0.1638668046422285
10750 0.022618644730295807
10760 0.020466712209251895
10831 0.0445308745627793
10845 0.039256843937935014
10881 0.022784593909656283
10909 0.3051940025553135
10959 0.01981603918216184
10981 0.04106809011765138
10988 0.04992184056392667
11036 0.008408973907328737
11049 0.030779905499397887
11071 0.025115094244977945
11080 0.014483786624763203
11087 0.034361281440212874
11153 0.03317603849178697
11194 0.0576579138160213
11217 0.02566455532441723
11276 0.04001411499242051
11279 0.15972613674479189
11319 0.013211940120067921
11332 0.00999778135274975
11439 0.054866416864706204
11497 0.011263808659303478
11629 0.013400207289581112
11655 0.04521095278564323
11710 0.03317603849178697
11751 0.05183495117360713
11768 0.0496133119571089
11893 0.01074425248175827
11917 0.058260100789334836
11929 0.014110075293372585
11960 0.025325852372530502
11991 0.1130056483830097
12004 0.019203217968841304
12006 0.022304598198217673
12046 0.04756234025387837
12048 0.040706737925224
12051 0.01786331330031589
12052 0.025984664079387727
12137 0.025011275128301726
12166 0.09187593794153891
12177 0.05172120854997374
12204 0.016817947814657473
12227 0.03252402301548118
12265 0.047129746457176894
12275 0.019942999213196283
