398
29 0.019964507895864934
31 0.045437631348588435
104 0.0338945066443523
106 0.020229980941139206
230 0.01567355668482622
242 0.042154903729625375
276 0.06652063235922737
287 0.042154903729625375
326 0.061794160582388805
335 0.018036922462261615
336 0.027000414279177116
344 0.03363944411732619
345 0.039825771417539804
365 0.039825771417539804
435 0.010164834486031228
479 0.019877916669457905
576 0.016887502479076832
590 0.027210717076943964
628 0.013928666149933995
678 0.022499362410125463
711 0.011798159483736562
769 0.008568521907420865
866 0.03887217611066231
937 0.01905942203604292
938 0.009142334912249925
958 0.03208087537870956
966 0.047766763660674005
975 0.09688480435819746
1190 0.051049491279637066
1276 0.03326031617961368
1308 0.01853204105543447
1347 0.01750583358028646
1413 0.03016177420539925
1437 0.04090686861135848
1458 0.05097955320101307
1485 0.04363101597221122
1536 0.012425062531212987
1543 0.015828760207402155
1553 0.03284947277293558
1564 0.023247235514827994
1680 0.047766763660674005
1698 0.01636870707985905
1706 0.02467128196709155
1726 0.024217170287377868
1729 0.020788561199249524
1736 0.019458330425828955
1747 0.04090686861135848
1759 0.014053545785032755
1799 0.051049491279637066
1814 0.013887464012702147
1838 0.026595519787460203
1851 0.03529500868030984
1895 0.01306738886147
2000 0.13938266686442002
2080 0.01148672868501415
2086 0.034883663292511656
2113 0.02885909544587662
2150 0.025152386012031257
2174 0.022499362410125463
2181 0.018105826729165428
2186 0.027000414279177116
2192 0.02939904231833352
2202 0.022499362410125463
2238 0.07603831208232517
2243 0.018981945822872312
2246 0.0291245684911509
2266 0.012633559954350277
2278 0.029057318597625923
2298 0.022036596317516418
2356 0.050024917112462465
2358 0.026209913458511563
2373 0.007913926961153386
2455 0.02088552286705484
2464 0.017833659841018985
2578 0.015776694417079858
2622 0.024217170287377868
2623 0.042154903729625375
2630 0.006744879810798246
2650 0.019540526080982626
2675 0.019137646823250646
2701 0.01648115614435546
2705 0.015828760207402155
2738 0.04363101597221122
2757 0.014266056738409277
2814 0.03421391148649117
2822 0.018175322456236258
2832 0.020320442245293294
2902 0.03201228106134678
3012 0.045437631348588435
3139 0.051049491279637066
3144 0.03282257700799259
3157 0.051049491279637066
3262 0.03326031617961368
3269 0.014573266587923584
3280 0.028111222341174094
3315 0.03421391148649117
3361 0.06098900691618737
3407 0.01853204105543447
3442 0.01112816665817453
3453 0.02566389519282475
3523 0.02451706392348862
3548 0.02181476867439753
3559 0.04965698944442206
3580 0.07496646240806436
3591 0.040452405546944764
3597 0.018679248792518633
3619 0.02742662860544616
3670 0.018036922462261615
3697 0.028352917975840646
3709 0.022619308344588498
3721 0.0430579438944489
3759 0.013255244214643943
3813 0.03473642842219953
3814 0.11738515349969139
3890 0.02311769351133509
3897 0.023648782393310246
3903 0.01725280665966571
3918 0.007344872959677213
3971 0.028352917975840646
3977 0.07545715803609376
4001 0.02602378566375508
4059 0.042413645970777285
4066 0.05666135121068569
4081 0.011395588482491238
4143 0.01796859967289551
4169 0.0525680350700189
4198 0.02088552286705484
4214 0.042154903729625375
4226 0.02041192573270645
4289 0.04045996188227841
4317 0.02149302292652512
4320 0.012633559954350277
4339 0.018105826729165428
4356 0.010926111902558376
4381 0.015176701268200891
4392 0.051049491279637066
4410 0.01770069179249114
4411 0.03282257700799259
4446 0.017007448413539867
4451 0.06431744109426432
4482 0.03589500182918881
4508 0.09553352732134801
4583 0.030283141898140176
4624 0.01515788900824335
4638 0.028352917975840646
4655 0.01770093223744851
4690 0.03127575512387337
4699 0.01636870707985905
4700 0.08294536874569515
4702 0.047766763660674005
4753 0.045437631348588435
4791 0.02088552286705484
4827 0.010138926615946564
4861 0.0603839036156122
4958 0.04363101597221122
5001 0.010841037188132984
5106 0.051049491279637066
5120 0.030283141898140176
5181 0.016769307642813057
5208 0.06056628379628035
5224 0.010673523574667367
5247 0.01962356478320247
5252 0.021285416615874853
5297 0.015322582737366178
5345 0.03529500868030984
5354 0.043412186367450124
5355 0.045437631348588435
5380 0.05671561197731997
5385 0.03163564559480371
5386 0.051049491279637066
5389 0.01303033523847447
5399 0.033723082272222725
5401 0.03580169725810728
5490 0.03240729611011396
5627 0.018105826729165428
5752 0.051572299470725655
5875 0.05097955320101307
5882 0.30620234917201034
5887 0.045437631348588435
5998 0.01824541988539891
5999 0.028352917975840646
6008 0.012468129795360475
6034 0.03413618881733075
6041 0.022036596317516418
6057 0.041821723436737394
6058 0.028111222341174094
6067 0.045437631348588435
6079 0.011990935317043148
6084 0.045238616689176996
6088 0.0552969124971301
6089 0.06564515401598518
6119 0.036350644912472516
6125 0.01890520399243999
6155 0.020229980941139206
6162 0.018561469812449136
6231 0.10209898255927413
6251 0.024850125062425975
6252 0.02286466659071434
6263 0.030931183867528113
6360 0.02118209762460054
6398 0.01776702405339387
6403 0.025319323936479482
6409 0.013846470494780326
6410 0.0223736700978068
6446 0.02997758856065062
6452 0.009350832335387218
6510 0.14899002210340934
6511 0.038019156041162586
6584 0.022791176964982476
6638 0.06013360763187685
6657 0.02713036909797147
6666 0.02620922569309881
6684 0.051049491279637066
6698 0.021083001010638924
6774 0.051049491279637066
6778 0.02196665823889243
6794 0.4251862103384967
6817 0.09020041144781528
6818 0.027876533372884003
6835 0.03887217611066231
6887 0.051049491279637066
6906 0.030931183867528113
6932 0.04045974007154999
6947 0.04090686861135848
6948 0.09382726537162012
6982 0.016710851053172292
6994 0.021285416615874853
7025 0.026586688122782715
7102 0.05310279671234553
7176 0.019323606009915163
7212 0.03473642842219953
7229 0.04623538702267018
7254 0.021083001010638924
7255 0.03473642842219953
7259 0.01648115614435546
7262 0.07319723185669039
7269 0.028111222341174094
7282 0.012356739741846876
7312 0.02769294098956065
7324 0.051049491279637066
7326 0.051049491279637066
7376 0.044762335147723376
7389 0.02602378566375508
7394 0.022264673441835373
7401 0.042154903729625375
7471 0.021598857145895333
7482 0.01737833169334528
7483 0.008916799367764332
7507 0.011766471762296652
7536 0.016828189375021868
7537 0.019159813988490752
7542 0.009280734906224568
7557 0.03127575512387337
7561 0.07133028369204639
7580 0.017129198113743388
7583 0.03421391148649117
7768 0.030931183867528113
7797 0.10209898255927413
7805 0.051049491279637066
7811 0.038019156041162586
7815 0.051049491279637066
7816 0.051049491279637066
7826 0.16651027671099422
7835 0.1409560407438222
7854 0.020983659856411572
7857 0.04363101597221122
7899 0.11661652833198692
7952 0.013253369949068936
7986 0.01845942888716395
8100 0.01757034549526228
8171 0.07601302548563892
8200 0.025319323936479482
8201 0.019877916669457905
8225 0.019964507895864934
8252 0.009710722806317547
8324 0.02772793890357898
8326 0.025913465781451688
8329 0.02181476867439753
8380 0.03891666085165791
8412 0.03827529364650129
8423 0.03887217611066231
8473 0.015322582737366178
8483 0.01750583358028646
8541 0.051049491279637066
8556 0.013217322822165306
8753 0.01725280665966571
8763 0.025489776600506536
8868 0.01905942203604292
8869 0.026595519787460203
8884 0.039825771417539804
8890 0.038941176004717276
8936 0.02602378566375508
8942 0.008133025761854488
8944 0.044529346883670745
8949 0.022741058044792015
8972 0.04157712239849905
8988 0.020140519229861594
8993 0.047766763660674005
9000 0.01631306285743753
9027 0.012459441362032067
9048 0.03473642842219953
9049 0.0873737054734527
9050 0.037247505525852334
9267 0.027774928025404294
9273 0.023596318967473124
9291 0.03463065181699975
9338 0.04940738865923312
9388 0.02467128196709155
9433 0.11344305470775595
9439 0.051049491279637066
9445 0.004965524401227075
9470 0.03975583333891581
9473 0.021183576248016697
9549 0.02149302292652512
9631 0.025489776600506536
9632 0.022741058044792015
9636 0.024988820802688123
9637 0.061794160582388805
9638 0.044073192635032836
9792 0.033723082272222725
9821 0.028446211922646798
9987 0.01750583358028646
10004 0.01344756210499429
10064 0.08227988581633848
10106 0.024988820802688123
10110 0.05452596736870877
10116 0.019877916669457905
10172 0.01853204105543447
10183 0.04649447102965599
10191 0.023927989457980903
10218 0.014440175330727488
10254 0.03127575512387337
10276 0.022264673441835373
10298 0.017315325908499875
10307 0.04090686861135848
10318 0.01514357812034942
10377 0.047766763660674005
10406 0.047766763660674005
10480 0.03529500868030984
10490 0.019707464005430848
10517 0.051049491279637066
10554 0.037247505525852334
10619 0.0339163885462464
10624 0.05097955320101307
10673 0.037247505525852334
10687 0.07449501105170467
10688 0.04363101597221122
10702 0.02939904231833352
10760 0.015724961317784822
10801 0.026209913458511563
10845 0.015080887102699624
10875 0.03060068073373675
10951 0.004527066684897934
10979 0.01694725332217615
10985 0.018981945822872312
10993 0.042154903729625375
10994 0.04363101597221122
11030 0.19106705464269602
11036 0.006460773379870552
11142 0.019458330425828955
11204 0.028111222341174094
11217 0.03943712459416666
11319 0.01522647447207287
11375 0.03529500868030984
11451 0.039825771417539804
11497 0.017308393614721293
11498 0.03127575512387337
11510 0.02885909544587662
11636 0.047766763660674005
11749 0.051049491279637066
11770 0.01665281351078674
11848 0.045437631348588435
11861 0.019540526080982626
11875 0.014484296434430806
11893 0.014859021580320953
11917 0.044762335147723376
11929 0.03252311156439895
11930 0.013887464012702147
11977 0.010375137283798071
12006 0.008568521907420865
12008 0.038019156041162586
12016 0.025152386012031257
12029 0.01757034549526228
12052 0.019964507895864934
12078 0.08657662954249937
12089 0.08595383245120942
12105 0.015933907172199342
12118 0.03421391148649117
12129 0.021598857145895333
12177 0.019869190406404485
12186 0.012155164122345238
12204 0.025843093519482208
12208 0.10209898255927413
12265 0.010345906805422255
12299 0.051049491279637066
12303 0.10853046591862531
12304 0.05194597772549962
12305 0.17368214211099764
