273
26 0.02358170307077388
73 0.03522347493430515
100 0.06341994421983341
103 0.022238631435590954
150 0.028251733691144372
198 0.03166652927695212
354 0.04189495219276205
422 0.031454772055210134
456 0.014346422394916672
477 0.04829178859271232
500 0.04723206235705344
548 0.039301682126285306
581 0.04189495219276205
627 0.03618211392191251
658 0.05644820297667263
705 0.03885458200795845
706 0.05475312972645996
769 0.010644869670460607
777 0.08769558425106797
819 0.10854634176573753
840 0.05934173702785325
862 0.03188284076479768
931 0.052886714466169917
942 0.0226667001451785
952 0.010357848737726326
1023 0.07191707358902043
1095 0.06376568152959536
1113 0.02990430963921243
1226 0.05081953336869477
1296 0.06341994421983341
1308 0.04604555228875035
1536 0.015435937810643584
1605 0.036523099000772045
1684 0.025946560132696583
1698 0.020335217137992086
1734 0.030085541506666123
1736 0.02417352649916422
1759 0.017459039599346006
1817 0.05644820297667263
1937 0.15370605319348365
1971 0.029001144970433376
2014 0.05236999578469247
2023 0.04250472049035106
2126 0.03328857987073188
2318 0.06984642189920254
2362 0.0263168386275711
2382 0.017459039599346006
2474 0.05420380360021422
2480 0.04697272989842182
2630 0.016758635224282156
2701 0.040949830337303164
2704 0.022155161275897988
2713 0.04627342336944608
2715 0.0340727245795161
2717 0.05236999578469247
2804 0.04132004734955154
2848 0.045398254541531693
2951 0.03801592173743426
3091 0.03553297924719028
3102 0.03279784369039306
3112 0.023205655664632594
3132 0.03188284076479768
3152 0.022754544341260414
3170 0.03522347493430515
3175 0.031454772055210134
3215 0.07039168546299418
3239 0.013680569996857381
3282 0.06341994421983341
3287 0.043153855165073286
3378 0.03553297924719028
3441 0.03522347493430515
3442 0.02764954913515276
3539 0.03166652927695212
3540 0.04132004734955154
3548 0.05420196667271064
3591 0.025127471783138556
3633 0.03885458200795845
3661 0.017776690099213954
3673 0.03463165150591481
3819 0.02240767905380436
3868 0.04250472049035106
3887 0.03430222927482598
3897 0.05875884059393028
3918 0.01824940549761354
3933 0.015827014582550505
4030 0.0580882387287069
4048 0.011022429686051745
4057 0.08630771033014657
4099 0.031454772055210134
4120 0.03434830610639076
4131 0.04026032111389266
4157 0.04947646173351185
4169 0.01632661642808905
4170 0.0263168386275711
4171 0.04077623401956212
4259 0.029726285584421194
4284 0.07039168546299418
4297 0.04716340614154776
4431 0.016803392722053865
4473 0.028251733691144372
4502 0.024378800899851706
4522 0.04077623401956212
4544 0.0837899043855241
4550 0.09079650908306339
4580 0.04132004734955154
4624 0.011298594183366603
4628 0.06341994421983341
4676 0.019035593071525195
4772 0.016803392722053865
4787 0.027237830297920887
4827 0.01259581916125388
4861 0.01500325939822039
4893 0.5326172779317101
4907 0.04481535810760872
5001 0.013468067095720165
5224 0.013259961123344101
5539 0.039301682126285306
5705 0.036523099000772045
5818 0.04947646173351185
5842 0.01497772581876762
5971 0.03045810619237169
6008 0.0154894412525285
6013 0.017459039599346006
6031 0.04627342336944608
6055 0.018216458352423623
6066 0.016657971926014023
6162 0.02305933615861911
6180 0.01947161598992418
6209 0.03844030095853936
6226 0.14842938520053553
6239 0.06341994421983341
6258 0.032192887983935096
6277 0.07933007169925488
6279 0.028880569475994263
6280 0.03998846411826511
6281 0.021279992447983596
6326 0.04829178859271232
6360 0.02631500170006753
6534 0.03328857987073188
6560 0.19361937183927821
6649 0.03687605088237321
6666 0.01628015862485563
6828 0.022754544341260414
6952 0.01404503365801504
7002 0.02856123800402951
7030 0.04723206235705344
7185 0.031247381274395355
7254 0.10476756688972183
7259 0.020474915168651582
7312 0.017201785256003445
7356 0.03210390672993236
7537 0.005950668184705102
7552 0.041692978931658506
7640 0.05644820297667263
7692 0.044593177262199676
7700 0.04189495219276205
7861 0.02068816901959325
7866 0.044593177262199676
7875 0.04077623401956212
7985 0.04627342336944608
8092 0.01628015862485563
8112 0.06406944072773957
8156 0.12368781644290383
8160 0.10163906673738954
8337 0.03279784369039306
8394 0.043153855165073286
8483 0.021747895255252125
8515 0.017884842716736144
8516 0.07039168546299418
8592 0.036523099000772045
8612 0.03724184015757139
8624 0.06341994421983341
8633 0.04349579051050425
8708 0.037708722408143
8723 0.02358170307077388
8869 0.03304021919001958
8898 0.03724184015757139
8957 0.02670127127514667
9020 0.043153855165073286
9022 0.04250472049035106
9053 0.033804492776401344
9127 0.04723206235705344
9144 0.043153855165073286
9165 0.03801592173743426
9199 0.0752428720380778
9230 0.022843162504986726
9338 0.028643963965040185
9438 0.027659910262754026
9445 0.006168783912517798
9513 0.04250472049035106
9556 0.04250472049035106
9563 0.03700281864494066
9579 0.14522059682176727
9606 0.04384779212553398
9608 0.14472845568765005
9641 0.07170462143831008
9656 0.035446093581261134
9664 0.04630781343193075
9675 0.014937086989672705
9720 0.03354322882705875
9784 0.039769584933553835
9792 0.04189495219276205
9795 0.03188284076479768
9814 0.05340254255029334
9850 0.04627342336944608
9898 0.03520214587682084
9906 0.06129938955175624
9919 0.06333305855390424
9925 0.06984642189920254
9949 0.029551357757611262
9951 0.05934173702785325
10003 0.05644820297667263
10016 0.06869661221278152
10066 0.05934173702785325
10105 0.022932568396051647
10106 0.06208836098854697
10267 0.04829178859271232
10280 0.031247381274395355
10334 0.02012924209319454
10364 0.02097972846327971
10418 0.028251733691144372
10487 0.04723206235705344
10638 0.06129938955175624
10713 0.04947646173351185
10749 0.011675229180095942
10848 0.023298357671249832
10873 0.03354322882705875
10951 0.011248155836186201
10960 0.015827014582550505
10963 0.06184974252543359
10988 0.023825198812815973
10998 0.04189495219276205
11008 0.05934173702785325
11011 0.03237576372555992
11036 0.03210546292215964
11056 0.031044180494273484
11067 0.0124998747467634
11071 0.047944715726013616
11080 0.01382477456757638
11106 0.01793935827847612
11123 0.04384779212553398
11139 0.030845003757621114
11249 0.02856123800402951
11318 0.039769584933553835
11319 0.0315269926456893
11332 0.009542882462889351
11367 0.05236999578469247
11467 0.05934173702785325
11473 0.045398254541531693
11611 0.03328857987073188
11629 0.012790498074620823
11730 0.10304491831917229
11736 0.013897659643886168
11770 0.06206450705877974
11893 0.020510778335200663
11908 0.02417352649916422
11960 0.02417352649916422
11984 0.03687605088237321
11994 0.043153855165073286
12004 0.05498841558547264
12012 0.04384779212553398
12024 0.019408157757230756
12037 0.06341994421983341
12043 0.04829178859271232
12052 0.024802362284014112
12094 0.05236999578469247
12098 0.30712372752977374
12105 0.039590110644960375
12113 0.05117886086633416
12176 0.039301682126285306
12277 0.03724184015757139
12293 0.04026032111389266
12295 0.05934173702785325
