239
6 0.044698528211243836
8 0.16655664970384124
415 0.07907671382261194
429 0.04248595341633562
435 0.016827635914715984
457 0.041102968284429275
476 0.05843002721738263
547 0.023760459129553213
644 0.045046679370766396
677 0.061118269841709545
687 0.10867395360588468
711 0.01953156566680002
854 0.04033687028934612
952 0.027605010620657844
958 0.02655455391035484
965 0.026204126994644836
1057 0.03575638193859044
1140 0.0722300842555276
1143 0.03457547441409409
1150 0.16902237888196184
1154 0.064351940772067
1335 0.03827077854846872
1374 0.0300888036442117
1376 0.05506164333989105
1450 0.03425633871734496
1524 0.014506239958821984
1530 0.045046679370766396
1531 0.09380148687315686
1595 0.03425633871734496
1732 0.09380148687315686
1782 0.04435919195899974
1814 0.02299035842694925
1861 0.038485232180098146
1929 0.023688592651559835
2007 0.07907671382261194
2069 0.2560291076304204
2080 0.019015999564791
2099 0.03363999720799377
2105 0.030439995771650595
2154 0.03142414898138439
2287 0.1465173109567971
2318 0.046537443902798264
2356 0.041407515930986766
2596 0.03168190819522346
2630 0.03349795274107209
2656 0.02207017890673468
2675 0.03168190819522346
2806 0.07013778905364758
3109 0.1845956881277173
3112 0.030923041420188258
3120 0.08018187114422644
3189 0.07570379728831902
3239 0.018230246918183916
3269 0.024125687886672388
3429 0.04136838420572239
3442 0.01842240886257234
3544 0.03425633871734496
3582 0.05120582152608408
3589 0.03827077854846872
3591 0.016741993028855612
3597 0.061846082840376515
3619 0.04540411564741386
3633 0.05177625084851157
3672 0.064351940772067
3697 0.04693756513919755
3721 0.023760459129553213
3725 0.03080063813993727
3744 0.05664029714445306
3805 0.03080063813993727
3876 0.035581175966144206
3887 0.02285497277042855
3891 0.021818470738611827
3918 0.01215925829143017
3933 0.04218104711775499
4031 0.08451118944098092
4051 0.06166233818974248
4079 0.0437052541668377
4101 0.020569388392910934
4154 0.1444601685110552
4171 0.05433697680294234
4195 0.036296175668174196
4286 0.055827741334974215
4329 0.06978641639043598
4381 0.05024931860497159
4382 0.03020484823088231
4410 0.029303064140588825
4431 0.04478322152609502
4446 0.0844662498345623
4502 0.032486333542800706
4581 0.05843002721738263
4616 0.0938751302783951
4623 0.0946999994245542
4624 0.005018703212864312
4655 0.029303462191359424
4679 0.06049611895826003
4699 0.05419599178186869
4768 0.10131736327579667
4820 0.02552961657214476
4861 0.013328544228296088
4869 0.04009093557211322
4907 0.029859685825086885
4934 0.05013300382961281
4941 0.016488299662471888
4965 0.0787582021527753
4995 0.22230886678779985
5001 0.0717882920732243
5066 0.04540411564741386
5146 0.0291949347479222
5297 0.025366162521568293
5320 0.0722300842555276
5337 0.0291949347479222
5351 0.03648104847553914
5401 0.05926883781690963
5453 0.05120582152608408
5568 0.07522089200880497
5667 0.03827077854846872
5700 0.031812670852253325
5752 0.02845889522256621
5842 0.05987637357472275
6008 0.03096102779962724
6010 0.05155719418929568
6162 0.03072806118733354
6180 0.05189438268638194
6199 0.049139729785206684
6203 0.06049611895826003
6214 0.021632743988012303
6222 0.08273676841144478
6230 0.032078086773546434
6232 0.04163916242596031
6258 0.021449555723606125
6294 0.04136838420572239
6299 0.05664029714445306
6360 0.017533223350886005
6628 0.03724714647062231
6657 0.04491366524855019
6666 0.02169436738867582
6757 0.26186020378783265
6828 0.060643812640442926
7042 0.019690183684116815
7083 0.04084270639743687
7090 0.1059911031980273
7102 0.029303462191359424
7220 0.02213385154920844
7229 0.03827077854846872
7230 0.06915094882818817
7232 0.0722300842555276
7264 0.05299555159901365
7272 0.030421702057725448
7282 0.04091256335839996
7284 0.08451118944098092
7312 0.04584498931295333
7483 0.029523088347677178
7537 0.023788954048027635
7542 0.01536403059366677
7552 0.018519532954483962
7660 0.024577519414300062
7739 0.07116235193228841
7878 0.08018187114422644
7911 0.061118269841709545
7939 0.05433697680294234
7941 0.06166233818974248
7986 0.030559134920854773
8004 0.07907671382261194
8006 0.10026600765922562
8036 0.038485232180098146
8045 0.038703173015086335
8119 0.04962716772152207
8166 0.08802722927227342
8212 0.05942330126178877
8216 0.06166233818974248
8224 0.04113877678582187
8280 0.0722300842555276
8312 0.0287694048479252
8380 0.03221279208865262
8412 0.06336381639044691
8510 0.0536494893911757
8577 0.04278053815443773
8658 0.06978641639043598
8727 0.032078086773546434
8890 0.048349626312073984
8893 0.044698528211243836
8974 0.0473499997122771
8976 0.04614892203192932
9027 0.020626301709993678
9099 0.06816282297945536
9117 0.039612203752397414
9202 0.0787582021527753
9273 0.01953156566680002
9445 0.008220304704844418
9578 0.023475276753137132
9656 0.023617109463271037
9671 0.10951283827246043
9675 0.039809274631492496
9815 0.05506164333989105
9876 0.05433697680294234
9898 0.01563638092885972
9922 0.034737937809728406
9923 0.050090231300841365
10055 0.08451118944098092
10082 0.064351940772067
10105 0.030559134920854773
10167 0.02835697027484565
10312 0.02577859709464784
10318 0.016713216491981493
10364 0.05591369807689271
10578 0.02866510030569616
10641 0.09307488780559653
10643 0.038703173015086335
10646 0.03194472183206343
10750 0.0287694048479252
10760 0.026032290461031563
10816 0.02974657911137594
10845 0.074898123855507
10862 0.035408230779067885
10909 0.2587909199502748
10925 0.029973755160698907
10934 0.07151276387718088
10951 0.029977794538530243
11036 0.03208695891114286
11067 0.04997068173304505
11101 0.03155240896526092
11103 0.04351255084998842
11217 0.04896539941987568
11319 0.06721882034455715
11629 0.03408833669364023
11679 0.1059911031980273
11736 0.037039065908967925
11768 0.12620963586104367
11857 0.04614892203192932
11873 0.1444601685110552
11892 0.03523748877536693
11893 0.021865554059267368
11960 0.03221279208865262
12006 0.014184979320961182
12021 0.019904637315746248
12138 0.05494586255415602
12186 0.040245156301468875
12263 0.10026600765922562
12274 0.03744571404369672
