169
76 0.02121021941237299
214 0.055700395869102
215 0.032591922102162635
335 0.023371857110159856
344 0.01743570795561923
390 0.01882592497941441
435 0.05268549768465512
455 0.02995541121795374
682 0.030822920538253733
736 0.030643584795696198
866 0.15110919518342023
938 0.011846441413128912
952 0.03241060710734637
1524 0.011354364862018507
1632 0.03920676645547775
1759 0.07284113233088439
1876 0.16031985747291466
1896 0.05681968901689607
1920 0.03525906333067302
1930 0.11307226862090308
1936 0.03739499665204639
1958 0.07324688089612338
2091 0.02719017619765024
2099 0.026330793047757033
2146 0.08198558151773531
2172 0.032172230718516555
2202 0.029154191044474816
2227 0.022275426357500634
2356 0.02160707140489758
2382 0.07284113233088439
2455 0.054126024785114676
2456 0.049192796207135195
2463 0.06614883543633229
2630 0.01747974106924363
2670 0.027581186131798198
2681 0.03280823668269232
2704 0.02310847376693936
2705 0.04102113568125861
2781 0.05682554263595091
2798 0.03325472472323358
2806 0.02744922356830617
2849 0.6708699408483749
2900 0.024398450995726163
2937 0.034720951253842516
2938 0.07470150909894062
3085 0.033721063073331316
3116 0.06189514742483769
3239 0.014269230043162613
3270 0.018485650216280153
3330 0.027987335645136675
3453 0.03325472472323358
3591 0.0131043397811292
3638 0.04199267893937886
3759 0.017175861036888115
3814 0.043458618052405265
3880 0.31248856128458263
4051 0.048264518444404
4078 0.02564636220479227
4081 0.029532318083222854
4101 0.016100129424623515
4169 0.06811653189666707
4297 0.024596398103567597
4320 0.01637029591181649
4339 0.02346114178074186
4447 0.048264518444404
4451 0.011905880016722286
4473 0.029467375061836706
4485 0.06561647336538463
4589 0.06892380776637318
4624 0.007856506934230182
4752 0.06614883543633229
4861 0.02608138888457943
4876 0.03553883685651412
4941 0.02581153639446698
5001 0.014047583373333583
5051 0.023195535556811572
5135 0.05036973172780674
5212 0.05887710775079595
5261 0.03612181380059854
5297 0.09927336967977983
5342 0.04651197317480375
5354 0.028126289802003514
5389 0.01688442881141709
5390 0.0861960080845408
5425 0.0143441652579845
5473 0.020112131898916922
5527 0.03420909922944835
5622 0.02195988721935871
5695 0.045734514926479286
5700 0.07470150909894062
5752 0.022275426357500634
6008 0.040389837653539644
6010 0.020177495882769833
6034 0.02211647050635636
6079 0.015537596695526392
6186 0.026937371543912004
6209 0.020047172648208506
6549 0.05653613431045154
6563 0.03420909922944835
6584 0.029532318083222854
6619 0.045734514926479286
6657 0.0175774750717695
6828 0.023733647633642073
6847 0.10321076013051922
6854 0.05462341973930135
6932 0.01747562101470803
7185 0.032591922102162635
7205 0.01888372614750982
7282 0.016011598220158157
7338 0.043697646415547506
7481 0.17733460951889307
7483 0.011554197293878068
7484 0.04154042954950512
7817 0.26097652664950755
7951 0.04553455337523474
7952 0.008586716201885976
7986 0.02391933186987026
8117 0.17733460951889307
8118 0.07478999330409278
8252 0.01258294625041962
8258 0.03498655747777281
8288 0.05300624261201564
8324 0.028743414620519794
8326 0.03357811293696525
8360 0.0450107186134206
8364 0.021429549048382724
8385 0.025108250127961772
8395 0.03673910274737305
8438 0.06058771245733699
8495 0.03280823668269232
8708 0.01966564385837566
8727 0.025108250127961772
8873 0.041293630042971215
8956 0.031191059555406606
8996 0.031005375319178418
9027 0.01614467677593575
9099 0.03556839743130633
9338 0.021340344698414775
9433 0.03674926903851186
9445 0.006434219974350299
9453 0.02930961441268411
9567 0.05362643520826083
9568 0.019728276196471536
9575 0.012775444962672161
9580 0.02598299703769724
9626 0.02564636220479227
9658 0.017680327713937075
9865 0.02211647050635636
9888 0.033029105587352836
10318 0.0065409078647032624
10392 0.011354364862018507
10426 0.02930961441268411
10483 0.040079964368228665
10750 0.022518469323114236
10825 0.03396224347605131
10870 0.06614883543633229
10888 0.047351692053765
11003 0.04253079101620936
11036 0.02511519455240683
11529 0.05887710775079595
11553 0.05887710775079595
11634 0.02661348512695663
11872 0.06614883543633229
11893 0.010696667408467822
11909 0.05300624261201564
11967 0.07342056312186863
12004 0.038236338197330515
12204 0.016743463034937886
12265 0.006703002023690026
