263
21 0.058797275135041835
50 0.0386953331481994
57 0.04340364337893284
69 0.039264627868929446
72 0.054990820078201996
106 0.029866785074976778
152 0.047261731041707694
169 0.03738050018212046
210 0.019911080892304596
230 0.023139851205406486
326 0.03041019363575136
344 0.009932802709178385
429 0.03788921226080319
435 0.015006980372365624
457 0.0366558583402063
496 0.020563760267079942
629 0.054990820078201996
635 0.043823087457284915
679 0.03394185659769769
682 0.03511850386648479
683 0.05128356002789815
769 0.01265024435582873
849 0.06708241464748989
952 0.01230915188154488
1033 0.040491645754558096
1064 0.03321721475578352
1358 0.05738942279143934
1373 0.03236913364448783
1465 0.028727549197255356
1543 0.02336898786476083
1595 0.03054999557666512
1622 0.021384071978519447
1632 0.02233537502798021
1759 0.020748127876351954
1814 0.02050293097708141
1900 0.13416482929497978
1929 0.042251240372991286
1958 0.2670553808699343
1971 0.017232318564353123
2011 0.058797275135041835
2099 0.030000338751405505
2101 0.054990820078201996
2108 0.28706949866085224
2154 0.028024232837693182
2177 0.034515707418992764
2194 0.02725280843238881
2195 0.03986239890970977
2227 0.025379802854587092
2242 0.06441519546837148
2243 0.028024232837693182
2249 0.047844916443475376
2275 0.06441519546837148
2330 0.04517769726435696
2380 0.07052105823191267
2381 0.03432134655632729
2464 0.026328946484018012
2616 0.054990820078201996
2650 0.02884889977952799
2670 0.03142499071785454
2675 0.028254103954615584
2677 0.06596060527803439
2721 0.07052105823191267
2757 0.06318561323115615
2768 0.05844104676144965
2781 0.02158164556252873
2984 0.03204606182388364
3016 0.08365269367238598
3044 0.062235918719464614
3269 0.021515424176041926
3316 0.05051213562259379
3324 0.062235918719464614
3330 0.03188774255984324
3591 0.014930603564972531
3624 0.03955977693102732
3643 0.03270118082101416
3680 0.01902114967890423
3686 0.04017288207229129
3729 0.046174351773251236
3759 0.01956954538054084
3814 0.024757576820329866
3861 0.07052105823191267
3878 0.058949701256604044
3887 0.020382193286986202
3892 0.0386953331481994
4025 0.019402368813621867
4081 0.01682401940959419
4097 0.035326386144266024
4105 0.016603071719504803
4169 0.019402368813621867
4170 0.06254927483715854
4193 0.12883039093674295
4195 0.03236913364448783
4206 0.05299403435018309
4217 0.07536755415993794
4226 0.060270803081715695
4244 0.06473826728897566
4380 0.05395077920701656
4431 0.019968964442167534
4451 0.0271302450319235
4485 0.18690250091060231
4589 0.039264627868929446
4624 0.004475707757874568
4745 0.07052105823191267
4827 0.04490619289417658
4861 0.03565941216698041
4883 0.03491417530649031
5005 0.03151597972581545
5181 0.024757576820329866
5224 0.015757989862907724
5297 0.022621686433714167
5314 0.07536755415993794
5337 0.026036207043879243
5347 0.05051213562259379
5371 0.04340364337893284
5380 0.027910934077676978
5421 0.06039336648218102
5515 0.035753321874187484
5527 0.03897659152925965
5578 0.08365269367238598
5606 0.05738942279143934
5659 0.04470889483773504
5670 0.05738942279143934
5700 0.02837071882775825
5842 0.01779936226253645
6008 0.02761121876252066
6010 0.022989497906131223
6041 0.03253400425409519
6057 0.015436005957994438
6063 0.06982835061298062
6074 0.026036207043879243
6100 0.05738942279143934
6101 0.06708241464748989
6198 0.028971495004868102
6258 0.01912883445847674
6410 0.01651582367017298
6450 0.05613005595592342
6481 0.046174351773251236
6493 0.04425778735096603
6570 0.03173149288799703
6587 0.0429984205154501
6604 0.05395077920701656
6618 0.04670568056575395
6638 0.022194750703792697
6657 0.020027129664914933
6666 0.03869431775714073
6686 0.05299403435018309
6698 0.031126151910492696
6747 0.022055761583231342
6791 0.020810221157224362
6828 0.05408249326363594
6904 0.05395077920701656
7016 0.03986239890970977
7035 0.07104450167853764
7121 0.03127463741857927
7131 0.16730538734477196
7220 0.039478186650490264
7262 0.04802917672444993
7426 0.047261731041707694
7443 0.08163828753308648
7483 0.02632885627016405
7488 0.03394185659769769
7542 0.013701728913563417
7560 0.0779531830585193
7655 0.047261731041707694
7727 0.07536755415993794
7753 0.03986239890970977
7817 0.446020607399672
7839 0.039264627868929446
7952 0.009783389142572945
7966 0.043823087457284915
7975 0.062235918719464614
8118 0.04260648606877534
8171 0.09351898310745782
8176 0.03897659152925965
8222 0.02725280843238881
8252 0.043009640763798346
8320 0.04081914376654324
8324 0.04912378677260259
8326 0.03825766891695348
8364 0.024416041308566117
8369 0.03511850386648479
8377 0.06441519546837148
8384 0.045665639694568515
8385 0.08582225471838258
8411 0.047844916443475376
8425 0.05395077920701656
8426 0.06708241464748989
8438 0.06903141483798553
8556 0.019513559659041713
8682 0.03413009560123437
8828 0.027146559468912968
8838 0.04260648606877534
8882 0.04425778735096603
8923 0.03955977693102732
8956 0.03553794794483686
8986 0.043836740148303986
8996 0.035326386144266024
9042 0.0733117166804126
9053 0.04017288207229129
9076 0.12450706280469473
9169 0.03763215010194815
9175 0.03738050018212046
9182 0.06982835061298062
9212 0.05738942279143934
9256 0.05613005595592342
9338 0.009725762059092105
9445 0.00733091397898521
9485 0.035972647838517974
9570 0.07536755415993794
9582 0.024932075243335475
9613 0.06982835061298062
9614 0.05131343417049927
9626 0.08766157014217447
9656 0.06318561323115615
9675 0.017751067531431193
9866 0.041502354268231574
9889 0.06441519546837148
10132 0.036892557751908917
10172 0.027360010314084773
10254 0.046174351773251236
10389 0.07052105823191267
10560 0.03287072876571845
10576 0.029347010589500098
10619 0.016690961304370894
10628 0.028024232837693182
10649 0.082311736556333
10951 0.020050774356832425
11011 0.019237498204014512
11036 0.01907688697445296
11087 0.03897659152925965
11103 0.019402368813621867
11154 0.03253400425409519
11155 0.054990820078201996
11156 0.03815192458742483
11249 0.03394185659769769
11266 0.04470889483773504
11332 0.011340655052780878
11413 0.062235918719464614
11419 0.05210822696973296
11438 0.07536755415993794
11488 0.08365269367238598
11516 0.06708241464748989
11517 0.062235918719464614
11634 0.015161213863100929
11712 0.08365269367238598
11770 0.0245855892532704
11784 0.05613005595592342
11893 0.0073124340429045155
11991 0.03204606182388364
11995 0.03738050018212046
12004 0.02178253986601699
12011 0.05299403435018309
12021 0.035502135062862386
12024 0.023064438149651707
12064 0.13443787502618126
12066 0.04845802158473934
12078 0.025563697707726086
12089 0.025379802854587092
12098 0.024332160755999113
12138 0.02450051466147483
12204 0.00953844348722648
12265 0.007637154376525218
12286 0.0892041214799344
