110
36 0.1311408028268398
319 0.05512984499595137
344 0.03366286359684374
479 0.04972938874224289
547 0.07181320074850439
587 0.035369311642492296
628 0.06969181581239389
952 0.020858226671430214
1113 0.060220117584401926
1143 0.05225015795224672
1416 0.07354877417030282
1450 0.05176788284696153
1575 0.03908338150379851
1605 0.07354877417030282
1622 0.03623595067950024
1664 0.17141123307958187
1918 0.06376880588634065
1929 0.035797996374155094
2046 0.23473146768222813
2049 0.1030619685386443
2129 0.04768172758713436
2194 0.09236140088060835
2246 0.21858633566039895
2266 0.03160588831392112
2356 0.020858226671430214
2382 0.07031664868830162
2720 0.19022812318435256
2768 0.04951505237714964
2828 0.031871816827413524
2851 0.05950935702620507
3278 0.23181178620416232
3326 0.12771257869490016
3350 0.1091497796042227
3507 0.11950004613362127
3560 0.08320867928414687
3609 0.043006836369521566
4101 0.031084281870984307
4287 0.12771257869490016
4336 0.0931835922634676
4337 0.12771257869490016
4574 0.07824382256074272
4732 0.1417519958389979
4886 0.08320867928414687
5013 0.044119132935531095
5525 0.060220117584401926
5527 0.06604700216722079
5802 0.037770836276991224
5927 0.21279492767427288
5977 0.3962820130033248
6008 0.015596012494480678
6360 0.026496055513915855
6384 0.0591631161591798
6410 0.027986558058019886
6452 0.023393355752642227
6463 0.08008641931131853
6657 0.03393657127224366
6732 0.04269994265757077
6817 0.03760967006912023
7018 0.1054606289895235
7079 0.0843663999496854
7205 0.036458530913790956
7220 0.03344848506449692
7231 0.1828701887363107
7396 0.05249567123086976
7484 0.06416119458934237
7952 0.04973473809919007
8012 0.0855943272626069
8180 0.1417519958389979
8192 0.09724809642824461
8224 0.031084281870984307
8339 0.05950935702620507
8356 0.1054606289895235
8473 0.03833312545536711
8532 0.05083647288768132
8623 0.09963374440670465
8741 0.07914417511936986
8754 0.041231575443897314
8766 0.06653508837496752
8873 0.03986250053893211
8912 0.0843663999496854
8942 0.020346719753754145
8969 0.04867969285271432
8985 0.06251554448945243
9027 0.03117028878361679
9338 0.02472089282021416
9370 0.1275376117726813
9445 0.024844906774070728
9548 0.08107464444807853
9675 0.030079715791433346
9923 0.03784796219985732
10509 0.1361483046715515
10554 0.0931835922634676
10624 0.1275376117726813
10645 0.07576056187532985
10689 0.10915347873627404
10960 0.031871816827413524
11125 0.05430301192817354
11207 0.0897999790194276
11319 0.012697562505950466
11332 0.019217079776881904
11597 0.09511406159217628
11629 0.025756999820746165
11674 0.1417519958389979
11885 0.1417519958389979
11886 0.0697398519139713
11893 0.01652151810886502
11908 0.04867969285271432
12004 0.07382233290760634
12177 0.024853778948372006
12265 0.01294138691627513
