184
50 0.04233269071932467
106 0.0326742599816166
111 0.029021811682671653
132 0.058937830395771995
230 0.025314994979316958
344 0.010866485202577584
390 0.023465824930580175
504 0.05526027148272133
513 0.04062463539171313
514 0.05372008115506746
552 0.04173820180642655
554 0.05372008115506746
682 0.07683927966256501
769 0.01383936610102811
887 0.0460833698399944
938 0.02953230936114192
1374 0.058711396012945095
1465 0.03142793604164081
1468 0.0653485199632332
1481 0.042032068194104634
1485 0.14094043521702057
1552 0.04173820180642655
1632 0.12217449059533567
1742 0.026528255680637595
1759 0.06809534966638295
1761 0.07047021760851029
1901 0.03776018057606286
1936 0.046611491635926386
1958 0.12781937036180274
2091 0.033891557263898926
2194 0.029814569787597313
2227 0.027765501866745475
2228 0.04794245343721723
2284 0.05372008115506746
2356 0.01346621096717137
2360 0.049958205406489424
2373 0.012782103342391448
2382 0.022698449888794315
2456 0.03065850801234441
2460 0.039354073254025596
2464 0.028803864905487947
2622 0.07822826134054736
2677 0.048107263860481274
2704 0.028803864905487947
2757 0.0460833698399944
2771 0.17101918578608152
2781 0.023610318156806642
2885 0.044656139330257506
2895 0.02276637993205955
3041 0.06607033708683714
3049 0.04394912909928893
3111 0.053013070924098876
3176 0.054467513377795665
3239 0.053358215511827276
3314 0.05526027148272133
3453 0.0414507945465269
3490 0.042032068194104634
3591 0.01633407885514586
3599 0.03238685272171695
3616 0.04116956856961711
3623 0.04062463539171313
3814 0.05416957329097007
3890 0.07467664256950682
3918 0.0237260024430774
3962 0.0711843950108951
4014 0.12521460541927965
4081 0.05521642681777042
4134 0.03633962972817575
4195 0.03541182907449273
4205 0.03559219750544755
4234 0.09151603878196114
4320 0.02040497337307604
4380 0.05902214723129937
4381 0.024512503711365406
4382 0.029468915197885998
4447 0.060159951843724545
4485 0.08178852716335892
4494 0.051096010018914596
4624 0.014689271561912057
4676 0.02474812276923182
4683 0.04394912909928893
4712 0.03311757375505059
4861 0.03901139345967741
4991 0.04704026788265847
5001 0.03501959478716974
5005 0.03447847877003054
5012 0.05700639526202718
5069 0.03523391471202997
5129 0.042032068194104634
5252 0.03437893680412692
5253 0.12350870570885134
5438 0.05372008115506746
5473 0.05013806935242569
5500 0.04579394394268268
5502 0.052342333958890375
5606 0.06278402297987741
5696 0.08245209695715121
5700 0.031037563651943836
5769 0.03733832128475341
5943 0.04619632965791137
6008 0.010068890218025267
6034 0.055134738457949736
6041 0.0711843950108951
6084 0.03653335925554338
6214 0.02110566797778248
6258 0.020926943046348657
6360 0.017106031062410057
6410 0.018068309496822824
6450 0.12281255156740066
6481 0.15154420911401056
6493 0.04841801507883556
6570 0.06942850029720107
6666 0.021165789940802374
6686 0.057975468450514135
6791 0.02276637993205955
7262 0.026271957344222226
7376 0.036148728470294995
7396 0.06778311452779785
7443 0.044656139330257506
7483 0.04320564931731066
7484 0.031067173010059693
7496 0.04089426358167946
7537 0.007736447519165428
7559 0.04704026788265847
7620 0.057975468450514135
7817 0.2927679007985112
7844 0.08591099817741776
8012 0.05526027148272133
8171 0.04092390338764124
8321 0.03776018057606286
8324 0.035827611983460496
8385 0.03129651278543951
8438 0.03776018057606286
8473 0.02474812276923182
8474 0.09151603878196114
8534 0.05372008115506746
8569 0.24063980737489818
8586 0.031037563651943836
8625 0.032529766755390134
8718 0.06278402297987741
8833 0.04619632965791137
8846 0.09151603878196114
9076 0.5448428586358285
9249 0.08245209695715121
9338 0.037239939629969646
9567 0.0334216922043448
9578 0.022903307925838064
9580 0.03238685272171695
9614 0.02806844600829146
9656 0.0230416849199972
9675 0.019419666161496523
9813 0.04116956856961711
9888 0.04116956856961711
9898 0.015255404697689785
10144 0.03653335925554338
10218 0.023322910896906992
10321 0.06156728595216855
10472 0.06607033708683714
10490 0.031830321756869506
10695 0.04942439643505942
10808 0.04295549908870888
10914 0.029931848635798057
10951 0.0219355452059275
10973 0.18303207756392229
11011 0.021045821173450864
11036 0.04174022500770789
11080 0.03594710361476758
11125 0.03505838853401756
11202 0.04360946054947227
11319 0.008197631474979546
11332 0.012406675530231451
11363 0.07715003088091929
11536 0.07047021760851029
11624 0.0647737054434339
11828 0.025565670462475525
11893 0.02399940640579358
12004 0.023830096505380916
12006 0.01383936610102811
12051 0.022167351354501517
12064 0.14707502226819244
12089 0.027765501866745475
12133 0.05526027148272133
12175 0.03238685272171695
12286 0.06505953351078027
