518
76 0.03188024366303379
84 0.016740657090063425
117 0.044776469349088494
193 0.022388234674544247
326 0.06017619127485043
336 0.02629345683881697
344 0.013103462233360487
390 0.014148252402698238
432 0.02919267914934017
455 0.02251239815316691
456 0.044982793991243226
464 0.0201509445515441
485 0.043590313653779765
496 0.01356396899872834
571 0.016621196957011045
576 0.03289066700665112
627 0.028361993881028093
636 0.03196317667480995
674 0.010051782939965226
677 0.017976101836636293
678 0.021910256943271034
714 0.05838535829868034
744 0.029652793305299255
785 0.02629345683881697
788 0.02629345683881697
818 0.02979945677098132
826 0.021459607551129384
850 0.03785437787096581
879 0.04971285187427163
908 0.04424792843432615
928 0.030456855548515523
931 0.020728096143227022
932 0.028103471771492472
942 0.017767696276897636
952 0.01623836811492083
957 0.055177775314217095
965 0.03082862499974917
972 0.04651607659259146
975 0.03773921978218074
985 0.03878300499438067
1023 0.03758231862802539
1024 0.04248861604259921
1095 0.02499193210857005
1144 0.033826917320973565
1150 0.04971285187427163
1205 0.0113665317892897
1308 0.01804681278546296
1346 0.055177775314217095
1349 0.055177775314217095
1356 0.023029581424927243
1362 0.019613175842643715
1368 0.04971285187427163
1413 0.04405806333479587
1419 0.04651607659259146
1494 0.11634901498314203
1524 0.034132595368530506
1536 0.012099734545036295
1575 0.015213429838305887
1614 0.055177775314217095
1622 0.028210102200768434
1632 0.02946507161333627
1684 0.020338672895272615
1709 0.02692453099107486
1742 0.01599468411118391
1759 0.027371157768943576
1779 0.036272246372637616
1814 0.04057153699677268
1840 0.0398357955964182
1867 0.04971285187427163
1901 0.02276674982200986
1929 0.013934574881582507
1955 0.03878300499438067
1967 0.055177775314217095
1971 0.0227330635785794
1974 0.02785315811448972
2066 0.03155876916270826
2096 0.019357449059478678
2107 0.022265996288824728
2110 0.021033329794919
2150 0.04898763175723858
2167 0.016330233386944407
2177 0.02276674982200986
2274 0.024822372499424157
2278 0.014148252402698238
2307 0.03702369260265373
2337 0.020828533398871498
2362 0.04125784456563461
2373 0.0154134299442296
2392 0.021910256943271034
2406 0.03702369260265373
2454 0.026498253234864474
2456 0.018484937603174663
2460 0.023727755709394695
2469 0.032389454431020336
2480 0.11046123071991633
2535 0.055177775314217095
2566 0.05725856220626957
2597 0.04971285187427163
2630 0.013136554450944268
2647 0.03495515556044261
2656 0.012982559375707211
2690 0.12746584812779763
2701 0.03209925323772627
2748 0.021137758049355682
2763 0.01987747605280119
2809 0.027146636324800306
2818 0.04105115315264598
2895 0.013726535952918603
2955 0.04971285187427163
3008 0.02785315811448972
3009 0.034370872156472713
3015 0.04971285187427163
3049 0.026498253234864474
3053 0.04248861604259921
3082 0.024025308680551662
3089 0.019441773049866832
3120 0.07074926130305918
3148 0.028629281103134785
3177 0.055177775314217095
3189 0.022265996288824728
3197 0.06161464586538428
3239 0.021447516492664683
3241 0.055177775314217095
3269 0.014191691729917424
3315 0.0333180815544352
3330 0.021033329794919
3361 0.039594746075922185
3362 0.020628922282817305
3442 0.021673591130601834
3449 0.02499193210857005
3472 0.03289066700665112
3496 0.0398357955964182
3548 0.02124358806714313
3591 0.029544923874423465
3596 0.02516521859934792
3605 0.020930266654838714
3619 0.026708511507088604
3635 0.055177775314217095
3648 0.029490232120497135
3670 0.01756465798498177
3683 0.021033329794919
3709 0.022027062308484543
3759 0.012908179409473149
3805 0.03623632732214851
3814 0.03266046677388881
3818 0.034370872156472713
3819 0.01756465798498177
3880 0.02609384572276278
3887 0.013444206423343392
3889 0.025899163783452864
3897 0.023029581424927243
3903 0.033602145697758504
3962 0.04291921510225877
4016 0.0333180815544352
4048 0.017280255320877482
4069 0.0884958568686523
4081 0.03329164628578079
4083 0.04424792843432615
4097 0.02330147795318431
4105 0.02190295424203614
4169 0.02559581765900748
4178 0.10169336447636307
4187 0.02609384572276278
4212 0.04248861604259921
4226 0.01987747605280119
4230 0.048050617361103325
4244 0.02135085799324353
4264 0.04971285187427163
4289 0.019700295159402446
4317 0.020930266654838714
4381 0.02955865310991225
4410 0.025855846368734964
4429 0.02124358806714313
4431 0.013171638412060276
4455 0.033826917320973565
4482 0.03495515556044261
4484 0.055177775314217095
4519 0.036272246372637616
4552 0.013726535952918603
4624 0.0029522013720596238
4690 0.030456855548515523
4700 0.02692453099107486
4738 0.0333180815544352
4782 0.04745551141878939
4800 0.05725856220626957
4805 0.02785315811448972
4827 0.03949382800010109
4861 0.05488266873448581
4869 0.04716617420203945
4905 0.03854803480638412
4907 0.01756465798498177
4982 0.04105115315264598
5005 0.010394056495831104
5035 0.020930266654838714
5062 0.03878300499438067
5082 0.04971285187427163
5090 0.04971285187427163
5125 0.1491385556228149
5224 0.041576225983324416
5271 0.028905948716527245
5291 0.03196317667480995
5311 0.03878300499438067
5337 0.03434724978320305
5370 0.02449381587861929
5400 0.034370872156472713
5488 0.04424792843432615
5538 0.055177775314217095
5665 0.03495515556044261
5702 0.0355862297127005
5725 0.055177775314217095
5833 0.023727755709394695
5841 0.055177775314217095
5842 0.011740556921035468
5845 0.03072721991785204
5882 0.074546247408023
5938 0.02499193210857005
6007 0.04248861604259921
6008 0.012141674170084982
6010 0.015163998842871833
6013 0.013685578884471788
6023 0.048356810203072684
6034 0.016621196957011045
6057 0.030545022441290152
6079 0.011676974173646971
6119 0.017699434223243833
6146 0.02516521859934792
6150 0.01656213886853907
6162 0.036150942006472765
6180 0.015263172703281548
6199 0.028905948716527245
6203 0.0355862297127005
6222 0.024334533331035847
6223 0.08497723208519842
6230 0.01886960989109037
6250 0.03878300499438067
6258 0.037852452208162524
6266 0.036272246372637616
6287 0.03785437787096581
6398 0.017301826382064386
6410 0.021787855658803684
6436 0.026040028326458377
6452 0.01821199511054399
6484 0.023029581424927243
6510 0.036272246372637616
6511 0.14809477041061492
6540 0.036272246372637616
6554 0.022265996288824728
6563 0.025709173434847077
6570 0.020930266654838714
6587 0.028361993881028093
6638 0.029279558463117326
6657 0.013210004511834976
6666 0.01276149205369357
6680 0.055177775314217095
6682 0.04651607659259146
6697 0.055177775314217095
6772 0.016330233386944407
6794 0.49686416605617206
6828 0.01783655451323883
6829 0.04651607659259146
6835 0.03785437787096581
6838 0.04971285187427163
6857 0.04971285187427163
6899 0.02919267914934017
6901 0.04248861604259921
6923 0.03623632732214851
6948 0.060913711097031045
6982 0.01627330737829982
7103 0.04971285187427163
7108 0.0398357955964182
7150 0.015066056987769048
7176 0.009408826015381665
7181 0.024822372499424157
7212 0.033826917320973565
7230 0.020338672895272615
7244 0.0398357955964182
7262 0.007920077063529589
7272 0.00894762917291024
7277 0.04632871532637861
7312 0.013483925489440855
7323 0.04651607659259146
7394 0.02168171288485483
7396 0.02043424034350739
7412 0.04651607659259146
7425 0.015940121831516895
7460 0.0355862297127005
7470 0.035952203673272586
7483 0.026049986888258287
7484 0.006243778011710574
7536 0.01638757340656111
7537 0.02798722291464948
7542 0.009037735501618191
7546 0.055177775314217095
7547 0.024334533331035847
7558 0.06341327414806704
7561 0.06946262809766603
7580 0.016680700771121024
7658 0.03117409687479255
7726 0.02919267914934017
7739 0.020930266654838714
7745 0.027375180383216513
7753 0.02629345683881697
7768 0.03012130627275503
7790 0.0333180815544352
7820 0.04248861604259921
7826 0.13898614597913586
7827 0.04105115315264598
7833 0.011967223561191665
7835 0.05490614381167441
7844 0.025899163783452864
7861 0.016216789444909355
7899 0.03785437787096581
7902 0.055177775314217095
7952 0.019359531327272934
7955 0.03702369260265373
7971 0.025523653864895617
8039 0.03012130627275503
8051 0.05429327264960061
8064 0.0333180815544352
8098 0.046455600374741064
8118 0.028103471771492472
8131 0.04971285187427163
8166 0.07767169008024347
8168 0.06874174431294543
8177 0.08497723208519842
8178 0.06716470402363275
8181 0.04424792843432615
8196 0.04105115315264598
8224 0.012099734545036295
8252 0.01891292987889722
8291 0.023583087101019726
8312 0.01692331123459877
8324 0.016201159521160368
8326 0.025234968138775012
8369 0.023164357663189306
8395 0.027610547651011973
8421 0.0639263533496199
8440 0.028361993881028093
8444 0.019613175842643715
8447 0.033602145697758504
8473 0.04476416513818226
8514 0.022027062308484543
8515 0.014019352235470716
8598 0.04971285187427163
8601 0.03012130627275503
8615 0.0355862297127005
8633 0.06818989885288572
8646 0.04105115315264598
8679 0.04651607659259146
8710 0.03785437787096581
8714 0.02499193210857005
8716 0.023164357663189306
8721 0.032389454431020336
8786 0.020338672895272615
8800 0.02919267914934017
8821 0.04971285187427163
8828 0.03581203887578266
8842 0.04248861604259921
8942 0.007920077063529589
8948 0.04105115315264598
8949 0.022145624211066497
8969 0.01894884892938633
8988 0.019613175842643715
9000 0.03177186910659611
9027 0.01213321322780627
9034 0.027375180383216513
9040 0.03012130627275503
9088 0.032840103823161985
9109 0.027375180383216513
9112 0.024822372499424157
9139 0.04553349964401972
9140 0.032840103823161985
9188 0.04105115315264598
9230 0.01790601943789133
9267 0.02704769133118178
9273 0.011489245829918455
9287 0.02344102527658177
9338 0.025660663875705897
9342 0.09942570374854326
9390 0.03702369260265373
9444 0.018791159314012696
9445 0.019342044188773184
9563 0.014502658941563664
9567 0.0201509445515441
9602 0.025899163783452864
9627 0.03080732293269214
9631 0.024822372499424157
9632 0.044291248422132994
9636 0.024334533331035847
9637 0.020058730424950145
9638 0.021459607551129384
9658 0.013287301385335881
9664 0.012099734545036295
9675 0.03512610435496815
9692 0.032840103823161985
9733 0.055177775314217095
9771 0.03878300499438067
9811 0.04971285187427163
9818 0.028629281103134785
9849 0.01531323139808663
9890 0.04248861604259921
9987 0.01704747471322143
10005 0.02979945677098132
10064 0.05341702301417721
10105 0.017976101836636293
10116 0.019357449059478678
10140 0.116650638299201
10141 0.017173624891601524
10191 0.02330147795318431
10216 0.021033329794919
10218 0.0140620852286791
10237 0.02387512855993153
10276 0.02168171288485483
10296 0.04424792843432615
10298 0.016861955143269977
10305 0.055177775314217095
10318 0.00983138045156433
10328 0.032389454431020336
10340 0.02919267914934017
10360 0.033826917320973565
10364 0.08222666751662781
10389 0.04651607659259146
10392 0.017066297684265253
10396 0.034370872156472713
10404 0.055177775314217095
10418 0.022145624211066497
10420 0.014412552612855714
10457 0.033826917320973565
10465 0.028361993881028093
10476 0.020058730424950145
10490 0.01919145939286408
10493 0.02919267914934017
10508 0.023727755709394695
10515 0.02609384572276278
10516 0.04651607659259146
10579 0.05384906198214972
10592 0.04105115315264598
10619 0.011009449572989473
10631 0.06874174431294543
10638 0.024025308680551662
10641 0.027375180383216513
10643 0.02276674982200986
10683 0.034370872156472713
10694 0.03155876916270826
10709 0.028103471771492472
10752 0.033826917320973565
10818 0.04291921510225877
10845 0.02937204222319725
10848 0.03652566453889843
10951 0.004408533560079796
10990 0.0333180815544352
10997 0.02168171288485483
11011 0.012689159271617888
11020 0.0398357955964182
11036 0.01887482883623902
11080 0.010836795565300917
11103 0.02559581765900748
11106 0.0140620852286791
11114 0.03702369260265373
11123 0.034370872156472713
11142 0.01894884892938633
11153 0.049644744998848314
11161 0.02516521859934792
11170 0.04971285187427163
11173 0.04105115315264598
11190 0.03495515556044261
11217 0.019202267095647145
11228 0.03495515556044261
11233 0.028905948716527245
11257 0.022145624211066497
11300 0.028296504805396475
11310 0.044776469349088494
11319 0.0049425988455734406
11510 0.028103471771492472
11522 0.055177775314217095
11555 0.04971285187427163
11607 0.05068479898549333
11624 0.019527008668624578
11629 0.01002605953070092
11634 0.030001259324843293
11643 0.02629345683881697
11703 0.04971285187427163
11715 0.04971285187427163
11723 0.04971285187427163
11733 0.04651607659259146
11745 0.032389454431020336
11770 0.03243357888981871
11821 0.02979945677098132
11861 0.019028892438673815
11875 0.04231515330115265
11893 0.02572438176027216
11930 0.02704769133118178
11947 0.055177775314217095
11960 0.03789769785877266
11974 0.022897070441082617
11977 0.010103482915028049
11995 0.024656382832809555
12021 0.0234174029033121
12024 0.030426859676611774
12029 0.017110297499363433
12030 0.03473343486211627
12052 0.019441773049866832
12064 0.014779326554956125
12083 0.02135085799324353
12086 0.032389454431020336
12089 0.0669626283602537
12105 0.0155167063799107
12106 0.03012130627275503
12109 0.025523653864895617
12113 0.020058730424950145
12116 0.04424792843432615
12137 0.03742696332318173
12196 0.028905948716527245
12204 0.012583219224159345
12220 0.055177775314217095
12265 0.020150035568645606
12303 0.06341327414806704
12304 0.05058586542980993
