53
74 0.25342262167505364
210 0.07833428562037813
496 0.08090206046086615
711 0.06852740970352857
740 0.17411923411031133
769 0.049768661977565166
958 0.09316789172731274
1575 0.09074024134905931
1586 0.13816341399631377
1759 0.08162740053868392
1861 0.13502723325575017
2069 0.17965801466128078
2099 0.11802750022320316
2202 0.1306833517611114
2356 0.04842673406074176
2382 0.08162740053868392
2537 0.18593736615100007
2656 0.15486850547191897
3109 0.16191564677448328
3239 0.06396167213990452
3544 0.12018996317415816
3545 0.17240903536143654
3589 0.1342748126803705
3721 0.16672935957024118
4995 0.1299968390910077
6250 0.23132056813191035
6583 0.16327879389120797
6666 0.07611570048527634
6932 0.07833428562037813
7083 0.1432985415734281
7090 0.18593736615100007
7264 0.18593736615100007
7483 0.051791566672857725
7878 0.14066091854673535
7939 0.19064381908490466
8166 0.07721191055949575
8364 0.19211545208712116
9148 0.14066091854673535
9445 0.028841322708411863
9575 0.057265796379488594
9584 0.09913684418433427
9673 0.16762267538584671
9923 0.17574391429008487
10239 0.17240903536143654
10306 0.15682687236299164
10318 0.029319550043973262
10578 0.1005728422570956
10750 0.1009387996115241
10909 0.22699500518192542
11067 0.05844148968398334
11177 0.17411923411031133
12006 0.049768661977565166
12274 0.1313800353586294
