91
150 0.08161860910167032
198 0.18296775007986865
207 0.2220266269197465
422 0.0908721132948053
462 0.10759081999277417
702 0.13951386697392562
788 0.09690561689322971
931 0.07639425109049172
932 0.10357650139168538
956 0.05662321656309383
1095 0.09210879395513
1580 0.10175980926673828
1630 0.13951386697392562
1733 0.13951386697392562
1995 0.09027296609712668
2356 0.05984717373459502
2415 0.1429363604410247
2525 0.08854626354424529
2625 0.09340045591775384
2704 0.06400575155955092
3270 0.05120147470979843
3435 0.13645234224313932
3442 0.03993945588207986
3597 0.06704060569682121
3887 0.0990983517367457
3918 0.0527221129128256
3959 0.18321876077116062
4410 0.03176426183414395
4473 0.08161860910167032
4502 0.0704297953097351
4719 0.12467049542705583
4778 0.10982712388018603
4861 0.014448023821138103
4893 0.1923398838260069
4905 0.07103518407324066
5001 0.03890893619690375
5404 0.14681646351667763
5525 0.08639286302147377
5571 0.09340045591775384
5753 0.13368285624788973
5807 0.0654835755921767
5839 0.10653406318654171
5842 0.043270305539414564
6008 0.06712295949414712
6074 0.0632941010615495
6082 0.09690561689322971
6114 0.07103518407324066
6178 0.09545243361645468
6209 0.05552657284655476
6507 0.07426713515530686
6534 0.09616994191300345
6585 0.09690561689322971
6923 0.06677523755480054
6952 0.040575779330408186
7220 0.04798579784243696
7537 0.03438268714910278
7552 0.04015001919184724
7878 0.17383287543973697
7990 0.10759081999277417
8112 0.12339676083333947
8571 0.08297036955437469
8612 0.3227724599783225
9017 0.07134267487486637
9273 0.0423440881741554
9338 0.02364335809863959
9445 0.017821474897531085
9548 0.11631114207807139
9579 0.25172337928179683
9664 0.044594069449250116
9919 0.09148387503993433
9949 0.08537319315020019
10226 0.08487646977938601
10392 0.03144927111173323
10873 0.19381123378645942
10951 0.04874349540871483
10963 0.05956082805878288
11036 0.09275194424947078
11106 0.0518263936249941
11139 0.17822101340435326
11217 0.03538537268148681
11319 0.018216151384057022
11730 0.09923146664378973
11736 0.04015001919184724
11821 0.10982712388018603
11893 0.017776550114903138
12021 0.04315290089648155
12072 0.0807511533531922
12098 0.11830311837208475
12204 0.023187986062367695
12264 0.12882866387438116
12265 0.018565946265359717
