156
8 0.10751407740512092
68 0.07538255554267843
69 0.11368276439820361
104 0.03622058568545109
210 0.02882424768610386
344 0.028758415181489718
435 0.021724833604626015
493 0.030035997551597707
495 0.04230104874764106
496 0.02976909804655852
552 0.05523057889009484
952 0.017819326060628273
958 0.03428249030768663
1069 0.08307971556392568
1521 0.06112985033320836
1573 0.1484811441894772
1577 0.0634404296818849
1632 0.06466754722666432
1698 0.03498408538982965
1725 0.07207479393845011
1759 0.060071995103195414
1958 0.2657891080320674
1984 0.1210997019732132
2249 0.06926262464338043
2279 0.12016164722089827
2289 0.06406972235928193
2464 0.038115061601844996
2470 0.08742837033788683
2630 0.014415521647121794
2650 0.04176306837455949
2757 0.030490187445944717
2771 0.22630320002965756
2781 0.03124263823409291
2900 0.0804854939422395
2951 0.06540142862555152
3025 0.06059738858288534
3085 0.05561944113152716
3089 0.04266922522269739
3117 0.0796073817875291
3239 0.02353563405317332
3347 0.05025263143873667
3397 0.06167921842734114
3399 0.0812565949713814
3441 0.06059738858288534
3442 0.02378371918456894
3588 0.07543440000988585
3591 0.021614266828985866
3616 0.05447812810194665
3721 0.06135050978939283
3725 0.039764274785697294
3760 0.07207479393845011
3784 0.06610779778456655
3814 0.03584027056274665
3890 0.04940838392859931
3933 0.02722831164598511
3962 0.047097804579922777
4076 0.09325056529938236
4081 0.12177633779926668
4134 0.04808685328244816
4170 0.09054936797475698
4195 0.0937182597569492
4201 0.1210997019732132
4297 0.04056924045941223
4364 0.21325723570777416
4380 0.07810176811256751
4429 0.04662370255275383
4624 0.006479251914116505
4861 0.017207432286932636
4882 0.06112985033320836
5005 0.04562406283218043
5224 0.022812031416090214
5433 0.035966115782985746
5438 0.07108574523592472
5452 0.1210997019732132
5502 0.06926262464338043
5505 0.19422352263442255
5666 0.19422352263442255
5700 0.08214166081161073
6008 0.013323780408688398
6041 0.047097804579922777
6079 0.025627674989158265
6162 0.019835288203014795
6294 0.05340745829755056
6360 0.0452715237935038
6396 0.06761341145952814
6410 0.023909108439867426
6490 0.09711176131721128
6507 0.08845131452923853
6657 0.028992245525270965
6686 0.07671673779327268
6791 0.030125886800563637
6828 0.03914622188882718
7025 0.02841125334403044
7035 0.17141245153843315
7208 0.038995097421560536
7259 0.07044883521517716
7272 0.01963753014752426
7443 0.1181835498158475
7483 0.01905746550194437
7655 0.06841837713324307
7817 0.2582724369476779
7835 0.060251773601127274
7986 0.039452489025882956
8092 0.028007886792014772
8324 0.04740931962697884
8438 0.09993322864663297
8521 0.1210997019732132
8556 0.028248776643118777
8569 0.1592147635750582
8592 0.06283322206366049
8682 0.04940838392859931
8753 0.036873630791440876
8950 0.038258661110735705
8956 0.10289291870776784
9042 0.05306480073380634
9076 0.30040411805224565
9099 0.02933321501121151
9120 0.09009573844056848
9256 0.0812565949713814
9287 0.05144645935388392
9445 0.010612587103568999
9584 0.036478853786145536
9614 0.03714190967720643
9652 0.057706744588628914
9675 0.025697307443338247
9710 0.09009573844056848
9789 0.056017243513438786
10105 0.039452489025882956
10140 0.04266922522269739
10318 0.010788557855856059
10392 0.018727862364706006
10490 0.04211985712856461
10726 0.07108574523592472
10808 0.05684138219910181
10848 0.040081781703279994
10881 0.03741441360059834
10915 0.1210997019732132
10951 0.03870196630613446
10960 0.02722831164598511
11067 0.021504402069351353
11154 0.047097804579922777
11332 0.016417283016029474
11351 0.06610779778456655
11424 0.05175824511369826
11497 0.018496217117943747
11736 0.023909108439867426
11893 0.007057223100410715
11957 0.02841125334403044
12021 0.025697307443338247
12064 0.032436466149240166
12078 0.03700725030879503
12089 0.07348207037698704
12201 0.0647227674652717
12204 0.027616628057794777
12227 0.05340745829755056
12265 0.011055915575686035
