266
41 0.02443346858339881
50 0.025957268775751392
90 0.07195120263933594
104 0.016783894009829887
106 0.020034978499593233
109 0.05055741096240032
210 0.01335657910885122
334 0.11223035321357669
344 0.006663036822326786
352 0.019772064423214865
435 0.010066852804859402
495 0.019601458818216594
504 0.03388411402923623
508 0.03388411402923623
600 0.036888466407616304
628 0.04138321152954457
642 0.01779539531755915
734 0.08999929063602459
735 0.05055741096240032
742 0.03293971069409756
762 0.10111482192480065
769 0.008485927529440539
938 0.018108418780615344
952 0.01651423765068032
1057 0.021390659723944865
1095 0.025416513732765943
1224 0.029991234227786833
1335 0.02289485560107021
1463 0.04321044441228401
1468 0.040069956999186467
1485 0.04321044441228401
1524 0.026034349059642473
1698 0.016210924536474033
1726 0.02398373421311198
1744 0.03293971069409756
1761 0.04321044441228401
1762 0.08642088882456803
1895 0.012941428647269531
1896 0.021713582328655705
1958 0.055982431659640806
1971 0.0115596349278388
2053 0.028326348384848203
2091 0.02078139249311172
2100 0.0209793818347319
2113 0.02858091455736624
2127 0.06340741147044317
2181 0.01793129960387211
2202 0.04456496953239695
2227 0.017025059886394977
2318 0.027840250410586503
2356 0.024771356476020478
2358 0.025957268775751392
2360 0.030633029539472886
2373 0.007837642406850958
2455 0.020684201473629413
2464 0.03532351241688854
2586 0.03293971069409756
2620 0.028326348384848203
2665 0.025075263895084857
2771 0.06990958044996987
2781 0.014477212855205207
2806 0.0209793818347319
2937 0.026537147479119932
3014 0.02858091455736624
3085 0.02577293511884025
3089 0.07908825769285946
3111 0.03250619101272092
3117 0.036888466407616304
3332 0.014257523470749855
3488 0.04051255586937297
3591 0.010015618375370364
3597 0.01849919429165756
3604 0.023697340878569548
3619 0.027162255665254185
3643 0.021936323344330988
3683 0.021390659723944865
3715 0.029991234227786833
3721 0.014214298778826835
3741 0.025416513732765943
3753 0.028843828633744614
3817 0.04321044441228401
3819 0.01786305952445905
3878 0.03954412884642973
3880 0.026537147479119932
3890 0.02289485560107021
3899 0.04730632647263697
3918 0.007274073675973024
4081 0.03385722965847749
4097 0.023697340878569548
4102 0.3155350373889941
4134 0.022282484766198474
4170 0.0209793818347319
4187 0.026537147479119932
4195 0.021713582328655705
4213 0.03619079518386091
4356 0.01082079205555493
4364 0.06587942138819512
4368 0.056115176606788345
4384 0.036888466407616304
4410 0.01753006987610716
4446 0.033687017727761046
4451 0.018199276371352335
4485 0.025075263895084857
4624 0.009007066727239573
4653 0.30334446577440194
4772 0.04018622415371696
4790 0.020493283860470207
4827 0.020082389335953965
4861 0.04385468727819742
4941 0.019727701091911697
4965 0.02355789108659033
5005 0.03171191549150121
5052 0.03619079518386091
5181 0.016607663598614566
5242 0.03944187967362426
5243 0.029688626204334215
5340 0.019946379134759485
5471 0.05048814703646724
5472 0.021713582328655705
5502 0.03209491312350796
5581 0.15061071507158394
5633 0.03619079518386091
5700 0.01903140027643512
5833 0.12065430279973094
5842 0.011940014278107442
5856 0.22446070642715338
6000 0.056115176606788345
6008 0.0061739730034100085
6041 0.04364835881064301
6084 0.0448025490165371
6122 0.276715993712612
6209 0.01532201042579481
6214 0.012941428647269531
6230 0.019190180929003632
6250 0.03944187967362426
6251 0.012305293880071021
6281 0.016964084984688876
6360 0.020977917464180196
6436 0.01324120789632923
6452 0.027782091145494806
6481 0.061948558754307936
6587 0.028843828633744614
6630 0.01985874808837792
6698 0.020879776070182838
6744 0.056115176606788345
6747 0.014795255264431501
6791 0.027919465212617598
6858 0.05055741096240032
6952 0.01119648633192816
7042 0.023558648624588303
7205 0.014432790797352452
7216 0.03944187967362426
7259 0.04896686901900848
7312 0.02742600098985105
7358 0.03849747633848559
7376 0.044330858486005195
7394 0.04410011606096121
7396 0.08312556997244688
7405 0.026948425368332894
7408 0.027381945049709533
7444 0.07699495267697118
7459 0.02315352838619201
7483 0.008830847845983427
7488 0.02276858274046018
7537 0.02846269077804687
7542 0.018382550616101855
7756 0.028843828633744614
7817 0.23935654961711383
7833 0.024341063401161052
7843 0.07530535753579197
7952 0.006562808505587213
7986 0.018281493291820848
7990 0.029688626204334215
8012 0.1016523420877087
8036 0.023023148912978214
8119 0.029688626204334215
8222 0.018281493291820848
8224 0.012305293880071021
8247 0.026740149738023484
8312 0.017210817096072147
8324 0.021968529239354044
8327 0.01766175620844427
8376 0.02289485560107021
8380 0.019270766139313552
8411 0.03209491312350796
8438 0.02315352838619201
8455 0.01935216948756955
8510 0.03209491312350796
8515 0.014257523470749855
8562 0.03495479022498493
8569 0.11066539922284892
8582 0.024280737090629542
8659 0.025416513732765943
8680 0.033398016054974534
8682 0.02289485560107021
8708 0.030060817604115
8727 0.019190180929003632
8811 0.023420825168847074
8819 0.025075263895084857
8828 0.018210220280899227
8838 0.02858091455736624
8896 0.048261721119892374
8923 0.026537147479119932
8931 0.05937725240866843
8942 0.00805462925296343
8947 0.056115176606788345
8956 0.04767851787241775
8988 0.019946379134759485
9076 0.5011245073905571
9151 0.019946379134759485
9338 0.052193212830081326
9343 0.044999645318012295
9375 0.056115176606788345
9445 0.004917660323420343
9580 0.01985874808837792
9625 0.032870446768164495
9626 0.019601458818216594
9675 0.01190761762420216
9687 0.05055741096240032
9814 0.021285845670200924
9866 0.027840250410586503
9923 0.014982823137561385
10004 0.013317937294622752
10103 0.04981987026391516
10140 0.019772064423214865
10218 0.014300982443989889
10318 0.009998403291658456
10619 0.02239297266385632
10620 0.03250619101272092
10808 0.02633915813749975
10829 0.056115176606788345
10839 0.08999929063602459
10848 0.01857309491555816
10903 0.06501238202544184
10925 0.01793129960387211
10951 0.013450287070766866
10960 0.025234108619971614
10980 0.01872297144624151
11011 0.07742839316702596
11080 0.022041798297795324
11125 0.021496862083628315
11219 0.02078139249311172
11319 0.005026567409367783
11455 0.05055741096240032
11497 0.008570776585069538
11634 0.030510943144274612
11736 0.022158004037215306
11893 0.02289123093832682
12021 0.02381523524840432
12052 0.019772064423214865
12064 0.030060817604115
12078 0.017148418641600018
12083 0.04342716465731141
12089 0.017025059886394977
12105 0.01578031578667178
12137 0.01903140027643512
12148 0.056115176606788345
12177 0.019677665725681154
12186 0.024075994194831914
12204 0.025593984716658188
12223 0.02911565673097836
12224 0.036888466407616304
12229 0.07901747441249925
12265 0.005123089858772692
12275 0.015174884078960605
12322 0.05055741096240032
