101
149 0.11005772688088367
289 0.06729602030766911
344 0.019475870264353302
435 0.029425129175455603
556 0.12630292040691646
557 0.16402309166189427
674 0.02988022813784178
952 0.0241353273721691
992 0.08354121383370189
1184 0.04129733375678127
1207 0.12630292040691646
1413 0.043656101994304086
1575 0.09044778564014673
1816 0.07378772080884684
1895 0.07565486791999756
2049 0.05962717707223509
2630 0.01952505571816265
2733 0.19524293355062938
2895 0.0408039079499775
3278 0.0536464910166891
3285 0.05030673697966478
3286 0.0775673398288181
3486 0.12630292040691646
3513 0.08354121383370189
3805 0.05385859074604393
3830 0.12206200287802807
3850 0.11528751108379592
3890 0.06692102254536769
4101 0.03596802982837396
4169 0.038043443416635736
4382 0.05281678100377087
4547 0.055173151731175665
4592 0.07816070975355395
4891 0.11528751108379592
4907 0.05221322335440674
4941 0.028831759250719742
5005 0.030897680663021176
5080 0.1382750691061742
5110 0.08354121383370189
5146 0.051050826781636326
5249 0.26052431889299643
5250 0.07281104365172135
5720 0.2765501382123484
5845 0.04567032270148839
5909 0.1382750691061742
6066 0.03881555098660425
6232 0.07281104365172135
6384 0.06845841688043952
6390 0.16402309166189427
6554 0.06618856105429621
6647 0.1382750691061742
6703 0.1382750691061742
6772 0.09708747235399168
6791 0.081607815899955
6828 0.05302147103969115
6905 0.08510425025025753
7262 0.04708691203162229
7386 0.1382750691061742
7766 0.33723881730065447
7790 0.09904231755776313
7802 0.09266904510108775
7952 0.05754871709382648
8063 0.1477778981358615
8166 0.03848152832372785
8224 0.03596802982837396
8261 0.13153270460982872
8302 0.08953948852807586
8515 0.04167434231743134
8532 0.17647064655853462
8629 0.13153270460982872
8692 0.11528751108379592
8942 0.023543456015811145
8949 0.06583073944530168
8962 0.07281104365172135
8969 0.05632791041561441
9027 0.036067549553869024
9247 0.06729602030766911
9287 0.06968148707870946
9338 0.009534956327573913
9546 0.04770959617443428
9616 0.0644517028757972
9702 0.17020850050051506
9861 0.10782395552705452
9900 0.1477778981358615
9966 0.08003665949838859
10081 0.05680623028561531
10141 0.051050826781636326
10144 0.06547829881673221
10318 0.014612526581462195
10420 0.04284318142292339
10428 0.05562825069356183
10460 0.04271039432471947
10672 0.09762146677531469
10876 0.07816070975355395
10898 0.039154403059849865
10981 0.04567032270148839
11319 0.02938503188571216
11648 0.13153270460982872
11768 0.11034630346235133
11893 0.00955863253679311
12030 0.05162481939221479
