81
706 0.06181096505963482
728 0.11474063371691873
931 0.05970396352352344
938 0.02564354928875185
1308 0.05198095593604253
1596 0.1401834573053984
2129 0.05346021919865417
2232 0.1117082388810575
2313 0.12744907621907636
2625 0.29197890331242937
2701 0.09245676164348351
3132 0.21595578185505399
3270 0.04001519662524565
3344 0.08873556316612621
3378 0.08022656420501975
3448 0.09329263973567258
3887 0.0774477698632529
3918 0.02060180616537387
4156 0.06245070392670182
4169 0.036862328148923484
4259 0.13423235594318467
4421 0.09743302153220475
4473 0.12757385251082973
4893 0.15031829285771894
5224 0.059876832450076634
5684 0.09329263973567258
6008 0.05245822385878835
6014 0.06595134685616702
6055 0.04112922407749819
6178 0.07459839626044393
6268 0.12744907621907636
6279 0.13041343058936436
6280 0.04514309174198788
6534 0.07515914642885947
6560 0.06245070392670182
6626 0.10664082110489721
6892 0.08494189387469189
6937 0.08022656420501975
6952 0.03171095749353767
6972 0.2548981524381527
7296 0.10664082110489721
7520 0.09596740154303862
7542 0.02603175067287488
7552 0.09413464679924717
8112 0.04821878349843265
8113 0.06834400282496124
8373 0.10250043930836503
8546 0.08494189387469189
8753 0.04839280142249389
9230 0.05157542323155832
9563 0.041772588010893744
9599 0.08169218419418589
9608 0.16338436838837178
9641 0.24284265789810314
9656 0.0800303932504913
9664 0.034851348861444316
9673 0.08094755263270105
9906 0.06920105653667304
9919 0.28598748520513356
9949 0.13344244984321016
10035 0.10903347707369143
10456 0.09596740154303862
10705 0.21328164220979443
10951 0.012698075358418137
10988 0.026896335218005725
11011 0.07309818490439603
11056 0.2102751859580976
11071 0.054124926982988666
11139 0.06964202627508473
11315 0.07405115946818852
11319 0.014236364939090092
11332 0.021545974720667074
11554 0.10250043930836503
11730 0.2326554071929611
11893 0.01852374115389179
12098 0.09245676164348351
12099 0.14318991355709526
12104 0.0877260979563702
12105 0.04469338936437339
12157 0.10605529879340962
12265 0.029019476276918314
