134
149 0.07991048351171716
525 0.05469803940267503
556 0.09170575955636696
641 0.045397512663361714
678 0.04729023776729529
763 0.06501264404101734
952 0.017524127879826417
992 0.06065742933099248
1184 0.0599701629640391
1207 0.09170575955636696
1232 0.05153113946802233
1413 0.09509319293076252
1530 0.05719278870801151
1575 0.06567213850319567
1698 0.06880906539834945
1816 0.05357563357131915
1895 0.08239699174477759
1929 0.030075838957178296
1952 0.06649331544732484
2002 0.039735863423372535
2049 0.04329397567367625
2098 0.07301068933994248
2356 0.017524127879826417
2450 0.035874538491685544
2517 0.11909354239139122
2630 0.014176711506319528
2656 0.028021046092468367
2733 0.14176157971318978
2809 0.058592233295391205
3270 0.02998508148201955
3278 0.038951531685643304
3285 0.03652661007884263
3286 0.11263986284483514
3407 0.038951531685643304
3486 0.09170575955636696
3750 0.06300833174211774
3830 0.08862652305138649
3850 0.08370771425744183
3890 0.048589875697566474
3962 0.04631757382459283
4101 0.02611559166272825
4169 0.02762250360816834
4382 0.0383490975795985
4451 0.019312211268725635
4547 0.04006000629538155
4592 0.056750764212906445
4891 0.08370771425744183
4907 0.03791086770737805
4941 0.020934103288468175
5005 0.044868246349389476
5080 0.10039847217496674
5110 0.06065742933099248
5249 0.3783219021383623
5250 0.10573297973887939
5354 0.04562290650491823
5720 0.20079694434993348
5802 0.015866664397520314
5839 0.062389464041115866
5909 0.10039847217496674
5919 0.10039847217496674
6057 0.021975725457350288
6066 0.028183113853244717
6287 0.08170340195854223
6366 0.09550299030209163
6384 0.14911843125608354
6554 0.0480580515943067
6647 0.10039847217496674
6702 0.08860319613031693
6703 0.10039847217496674
6772 0.14098613661419382
6778 0.023085287310244857
6791 0.059253631814135864
7262 0.0341887663334449
7484 0.026952650304786586
7766 0.30607706647646343
7767 0.08370771425744183
7790 0.14382487642558406
7791 0.08370771425744183
7802 0.13456989182798193
7952 0.02785656787444499
8000 0.11909354239139122
8051 0.058592233295391205
8063 0.10729826634674143
8109 0.10039847217496674
8166 0.02794058737872273
8188 0.10729826634674143
8261 0.09550299030209163
8302 0.06501264404101734
8483 0.03679459965291667
8515 0.03025881906704355
8532 0.21355239490787706
8629 0.09550299030209163
8663 0.11909354239139122
8837 0.03337978918634907
8942 0.0341887663334449
8949 0.04779824523090033
8962 0.052866489869439696
8969 0.12269535317737693
9027 0.0261878507362949
9160 0.04562290650491823
9247 0.09772430657268538
9287 0.05059418799646606
9338 0.0346156054642213
9534 0.04072742463204312
9546 0.03464088352991435
9702 0.06179231553419898
9795 0.05394160436997295
9861 0.07828859149197463
9900 0.10729826634674143
9921 0.044524655377767765
9966 0.05811284986924264
10141 0.07413375448338579
10142 0.058592233295391205
10318 0.010609832653696982
10420 0.031107487313375433
10428 0.04039044359552059
10490 0.041422091951717734
10499 0.05431561912351798
10627 0.20079694434993348
10672 0.07088078985659489
10763 0.08370771425744183
10844 0.04631757382459283
10876 0.056750764212906445
10906 0.11909354239139122
11084 0.044524655377767765
11106 0.030351052280673353
11319 0.021335822322915407
11624 0.042146328325323154
11648 0.09550299030209163
11768 0.0801200125907631
11893 0.020820935595535425
12029 0.03693019388631846
12030 0.037483640592558036
12216 0.06501264404101734
