44
289 0.15094828944184455
576 0.10965345150547541
638 0.16440271513564547
1413 0.1958455757000513
1492 0.18571802888423763
1524 0.11379388840738065
2356 0.05413672852111693
2578 0.10244078414338392
2644 0.09949215908107832
2656 0.1731290453468992
2904 0.1633187585455228
3278 0.12033172268589055
3407 0.12033172268589055
4048 0.057610252733606766
4592 0.17531832320721835
4624 0.019684554887261833
4827 0.0658337903651959
4941 0.0646710566330362
5249 0.2921844420747853
5250 0.1633187585455228
6066 0.08706519343021091
6384 0.15355560222959286
6452 0.06071655896391999
6638 0.09761445833214397
6817 0.19522891666428793
7230 0.13561328394808853
7245 0.2585955679480721
7766 0.18911082101211293
7952 0.04302820268405373
8352 0.11756423992670899
8532 0.2638882370054152
8667 0.252403709982805
8942 0.1056182638107947
9115 0.14927925935232042
9247 0.15094828944184455
9445 0.03224200202509593
9795 0.16664007543179638
10318 0.03277661712848472
10392 0.056896944203690326
10980 0.12275473367092359
11084 0.1375485956968706
11110 0.19663363695581051
11189 0.14236228599979361
12030 0.2315940272358402
