1
2
3
4
5
6
7
8
9
10
12
13
14
15
16
17
18
20
21
22
23
24
25
26
27
28
30
31
32
33
34
35
36
37
38
39
40
41
42
43
44
45
46
47
48
49
50
51
52
53
54
55
56
57
58
59
60
61
62
63
64
65
66
67
68
69
70
71
72
73
74
75
76
77
78
79
80
81
82
83
84
85
86
87
88
89
90
91
92
93
94
95
96
97
98
99
100
101
102
103
104
105
106
107
108
109
110
111
112
114
116
117
118
119
120
121
122
123
124
125
126
127
128
129
130
131
132
133
134
135
136
137
138
139
140
141
142
143
144
145
146
147
148
149
150
151
152
153
154
155
156
157
158
159
160
161
162
163
164
165
166
167
168
170
171
172
173
174
175
176
177
178
179
180
181
182
183
184
185
186
187
188
189
190
191
192
193
194
195
196
197
198
199
200
201
202
203
204
205
206
207
208
209
210
211
212
213
214
215
216
217
218
219
220
221
222
223
224
225
226
227
228
229
230
231
232
233
234
235
236
237
238
239
242
243
244
246
247
249
251
252
253
256
257
259
261
263
264
265
266
267
268
269
270
271
272
273
274
276
277
280
281
282
283
284
285
286
287
288
289
290
291
292
293
294
298
299
302
303
305
307
309
310
311
312
313
314
315
318
319
320
322
323
326
327
328
329
330
331
332
333
334
335
336
340
342
343
344
345
346
348
349
351
352
354
355
356
358
359
360
361
362
363
364
365
366
367
368
370
371
373
374
375
376
378
379
380
382
385
387
390
391
392
393
394
395
398
399
403
404
407
408
409
410
412
414
415
416
417
418
420
421
424
427
428
430
432
433
434
436
437
439
440
441
448
449
455
456
457
458
459
461
462
463
465
469
470
471
473
474
475
478
483
484
485
486
488
490
492
497
505
507
508
510
511
512
518
519
520
521
522
523
525
526
527
528
529
530
531
532
535
536
537
538
539
540
541
542
544
545
546
547
548
549
551
552
553
554
555
556
557
558
559
560
561
562
563
564
565
566
567
568
569
570
571
572
573
574
575
576
577
578
579
580
581
582
583
584
585
586
587
588
589
590
591
592
593
594
595
596
598
599
600
601
602
603
604
605
606
607
608
609
610
611
612
613
614
615
616
617
618
619
620
621
622
623
626
627
628
629
630
631
632
633
634
635
636
637
639
640
641
643
644
645
647
649
650
655
656
664
666
672
679
686
687
688
689
690
691
692
693
694
700
702
704
705
706
709
711
712
714
716
717
718
721
725
728
729
730
731
732
733
735
736
737
738
739
740
741
742
743
744
746
747
748
750
752
754
755
756
757
758
759
760
761
762
763
764
765
766
767
768
769
770
771
772
773
774
775
776
777
778
779
780
782
783
784
785
786
787
788
789
790
791
792
795
796
797
800
802
803
804
805
806
807
808
813
816
817
818
819
820
821
822
824
825
826
827
828
829
830
832
833
834
835
837
838
843
844
847
850
851
852
854
855
856
857
858
859
860
862
863
864
865
866
867
868
869
870
871
872
873
874
875
876
878
879
881
882
883
884
889
891
892
893
899
901
902
904
905
906
909
917
919
920
921
922
924
929
940
943
944
945
947
949
951
952
953
958
961
962
963
964
965
967
972
974
975
977
979
980
982
983
988
990
993
995
998
999
1003
1005
1006
1009
1011
1012
1013
1014
1015
1016
1019
1020
1022
1023
1025
1027
1028
1030
1031
1033
1034
1035
1036
1037
1038
1039
1040
1041
1042
1043
1045
1046
1047
1048
1051
1052
1053
1054
1055
1056
1058
1062
1063
1066
1068
1069
1071
1072
1075
1076
1077
1078
1079
1080
1081
1082
1083
1084
1085
1086
1088
1089
1090
1091
1092
1093
1094
1095

11
19
29
113
115
169
278
301
316
317
321
324
325
338
341
357
369
372
377
381
383
384
386
388
389
396
400
402
405
419
422
423
425
426
429
431
435
444
451
460
464
467
468
476
477
479
482
489
494
524
543
550
625
745
810
811

240
241
245
248
250
254
255
258
260
275
279
295
297
300
306
339
347
350
353
406
413
438
442
454
472
481
487
491
493
495
496
498
499
500
501
502
503
504
506
509
514
515
516
517
652
715
749
753
809

262
296
304
308
337
397
401
443
445
450
466
480
513
533
534
597
624
638
642
648
651
653
654
657
658
659
660
661
662
663
665
667
668
669
670
671
673
674
675
676
677
678
681
682
684
685
695
696
697
698
699
701
703
707
710
713
734
793
1067

411
446
447
452
453

646
751
781
794
798
799
801
812
815
823
831
839
840
841
842
845
846
848
849
853
861
877
880
885
886
887
888
890
894
895
896
897
898
903
907
910
911
912
915
923
931
932
934
935
937
939
941
942
948
954
955
956
957
959
960
968
969
970
971
973
976
978
981
985
987
991
996
997
1001
1002
1004
1010
1018
1021
1024
1026
1029
1032
1044
1050
1057
1059
1060

680
683
708
719
720
722
723
724
726
727
814
836
900
908
913
914
916
918
925
926
927
928
930
933
936
938
946
950
966
984
986
989
992
994
1000
1008
1017
1049
1061
1064
1065
1070
1073
1074

1007
1087

